 175   23
 174   24
 171   24
 170   25
 166   25
 165   26
 162   26
 161   27
 160   27
 159   28
 157   28
 156   29
 155   29
 154   30
 153   30
 152   31
 151   31
 150   32
 149   32
 148   33
 146   33
 145   34
 144   34
 142   36
 141   36
 140   37
 139   37
 138   38
 137   38
 135   40
 134   40
 124   50
 123   50
 122   51
 121   51
 120   52
 119   52
 118   53
 117   53
 116   54
 115   54
 111   58
 110   58
 108   60
 107   60
 105   62
 104   62
  83   83
  83   84
  79   88
  79   89
  74   94
  74   95
  70   99
  70  100
  68  102
  68  103
  66  105
  66  106
  64  108
  64  109
  61  112
  61  113
  60  114
  60  115
  59  116
  59  117
  57  119
  57  120
  56  121
  56  122
  55  123
  55  124
  50  129
  50  130
  49  131
  49  133
  48  134
  48  135
  47  136
  47  139
  46  140
  46  223
  47  224
  47  227
  48  228
  48  229
  49  230
  49  231
  50  232
  50  234
  51  235
  51  236
  54  239
  54  240
  56  242
  56  243
  57  244
  57  245
  60  248
  60  249
  61  250
  61  251
  63  253
  63  254
  68  259
  69  259
  71  261
  71  262
  72  263
  72  264
  73  265
  73  266
  74  267
  74  268
  75  269
  75  270
  81  276
  82  276
  87  281
  87  282
  95  290
  96  290
  98  292
  98  293
 100  295
 100  297
 101  298
 101  300
 102  301
 102  304
 103  305
 103  306
 104  307
 104  309
 105  310
 105  311
 107  313
 108  313
 109  314
 110  314
 113  317
 113  318
 117  322
 118  321
 118  320
 119  319
 135  319
 141  325
 142  325
 144  323
 158  323
 163  328
 163  329
 168  334
 168  335
 170  337
 170  338
 174  342
 174  343
 179  348
 179  349
 183  353
 183  354
 185  356
 183  354
 183  353
 182  352
 182  351
 180  349
 180  348
 178  346
 178  345
 175  342
 175  341
 172  338
 172  337
 167  332
 167  331
 165  329
 165  328
 163  326
 163  325
 159  321
 159  320
 156  317
 156  316
 154  314
 154  313
 153  312
 153  293
 154  292
 154  291
 156  289
 156  288
 157  287
 168  287
 167  286
 166  286
 161  281
 161  280
 160  279
 160  262
 165  257
 166  257
 167  256
 168  256
 168  255
 165  252
 165  251
 163  249
 163  247
 162  246
 162  230
 163  229
 163  226
 159  222
 159  220
 158  219
 158  211
 157  210
 157  209
 156  208
 156  207
 153  204
 152  204
 151  203
 151  189
 154  186
 155  186
 156  185
 157  185
 161  181
 161  180
 163  178
 163  177
 165  175
 165  171
 166  170
 166  167
 167  166
 167  165
 168  164
 168  163
 169  162
 169  158
 170  157
 170  156
 171  155
 171  140
 172  139
 172  134
 173  133
 173  128
 174  127
 174  119
 175  118
 175  114
 176  113
 176  105
 177  104
 177   99
 178   98
 178   93
 179   92
 179   90
 180   89
 180   85
 181   84
 181   83
 182   82
 182   78
 183   77
 183   76
 184   75
 184   72
 185   71
 185   69
 186   68
 186   65
 187   64
 187   61
 188   60
 188   57
 189   56
 189   41
 190   40
 190   39
 191   38
 191   35
 192   34
 192   33
 188   29
 187   29
 186   28
 185   28
 184   27
 183   27
 181   25
 180   25
 179   24
 178   24
 177   23
