 167  139
 166  140
 165  140
 164  141
 161  141
 160  142
 158  142
 157  143
 156  143
 155  144
 154  144
 153  145
 152  145
 151  146
 150  146
 148  148
 147  148
 146  149
 145  149
 144  150
 143  150
 142  151
 141  151
 139  153
 138  153
 137  154
 136  154
 135  155
 134  155
 133  156
 132  156
 131  157
 130  157
 129  158
 128  158
 126  160
 125  160
 124  161
 123  161
 122  162
 121  162
 119  164
 118  164
 116  166
 115  166
 113  168
 112  168
 108  172
 107  172
 102  177
  87  177
  86  176
  86  169
  86  229
  90  233
  90  234
  92  236
  92  237
  93  238
  93  239
  94  240
  94  241
  95  242
  95  244
  96  245
  96  246
  97  247
  97  248
  99  250
  99  251
 100  252
 100  254
 101  255
 101  260
 102  261
 102  264
 103  265
 103  267
 104  268
 104  269
 105  270
 105  272
 106  273
 106  274
 107  275
 107  276
 111  280
 112  280
 117  285
 118  285
 120  287
 121  287
 122  288
 123  288
 124  289
 132  289
 133  288
 135  288
 136  287
 137  287
 138  286
 139  286
 140  285
 141  285
 142  284
 143  284
 144  283
 145  283
 154  274
 154  273
 155  272
 155  271
 157  269
 157  267
 159  265
 159  263
 161  261
 161  256
 162  255
 162  253
 161  252
 161  249
 160  248
 160  247
 159  246
 159  245
 157  243
 157  242
 155  240
 155  239
 148  232
 147  232
 146  231
 146  217
 147  216
 150  216
 151  215
 153  215
 154  214
 156  214
 157  213
 158  213
 160  211
 161  211
 165  207
 166  207
 172  201
 172  200
 174  198
 174  197
 175  196
 175  195
 177  193
 177  192
 179  190
 179  189
 180  188
 180  187
 181  186
 181  184
 182  183
 182  182
 183  181
 183  179
 184  178
 184  176
 185  175
 185  171
 186  170
 186  169
 187  168
 187  164
 188  163
 188  158
 187  157
 187  156
 186  155
 186  154
 185  153
 185  152
 182  149
 182  148
 181  148
 178  145
 177  145
 175  143
 174  143
 172  141
 171  141
 170  140
 168  140
