 180   97
 179   98
 176   98
 175   99
 171   99
 170  100
 168  100
 167  101
 165  101
 164  102
 163  102
 162  103
 160  103
 159  104
 158  104
 157  105
 156  105
 155  106
 153  106
 152  107
 151  107
 150  108
 149  108
 148  109
 147  109
 146  110
 145  110
 144  111
 143  111
 142  112
 141  112
 140  113
 139  113
 138  114
 137  114
 136  115
 135  115
 134  116
 133  116
 131  118
 130  118
 129  119
 128  119
 126  121
 125  121
 123  123
 122  123
 120  125
 119  125
 116  128
 115  128
 113  130
 112  130
 107  135
 106  135
 105  136
  89  136
  88  137
  87  137
  86  138
  84  138
  83  139
  82  139
  81  140
  80  140
  78  142
  77  142
  73  146
  72  146
  72  147
  69  150
  69  151
  67  153
  67  154
  65  156
  65  157
  62  160
  62  161
  60  163
  60  164
  59  165
  59  167
  58  168
  58  265
  59  266
  59  267
  60  268
  60  269
  61  270
  61  271
  63  273
  63  274
  64  275
  64  276
  65  277
  65  278
  67  280
  67  281
  69  283
  69  284
  71  286
  71  287
  86  302
  87  302
  96  311
  96  312
  98  314
  98  315
  99  316
  99  317
 102  320
 102  321
 103  322
 104  322
 112  330
 114  330
 117  327
 134  327
 135  328
 136  327
 136  326
 138  324
 138  323
 139  322
 139  321
 141  319
 147  319
 148  318
 150  318
 151  317
 152  317
 155  314
 155  301
 158  298
 159  298
 160  297
 161  297
 162  296
 162  294
 160  292
 160  273
 161  272
 160  271
 160  270
 158  268
 158  267
 156  265
 156  264
 152  260
 152  259
 151  258
 151  257
 150  256
 150  255
 149  254
 149  251
 147  249
 147  248
 145  246
 145  245
 144  244
 144  230
 145  229
 147  229
 148  228
 155  228
 156  227
 158  227
 159  226
 160  226
 161  225
 162  225
 164  223
 165  223
 173  215
 173  214
 177  210
 177  209
 179  207
 179  206
 181  204
 181  203
 182  202
 182  201
 183  200
 183  199
 184  198
 184  197
 186  195
 186  194
 188  192
 188  191
 190  189
 190  187
 191  186
 191  185
 192  184
 192  183
 193  182
 193  181
 194  180
 194  178
 195  177
 195  176
 197  174
 197  172
 199  170
 199  168
 200  167
 200  166
 201  165
 201  164
 203  162
 203  161
 204  160
 204  159
 205  158
 205  157
 207  155
 207  154
 208  153
 208  152
 209  151
 209  149
 210  148
 210  147
 211  146
 211  144
 212  143
 212  141
 213  140
 213  139
 214  138
 214  134
 215  133
 215  130
 216  129
 216  125
 215  124
 215  122
 214  121
 214  118
 213  117
 213  116
 212  115
 212  114
 211  113
 211  112
 207  108
 206  108
 204  106
 203  106
 201  104
 200  104
 198  102
 197  102
 195  100
 194  100
 193   99
 191   99
 190   98
 189   98
 188   97
