 164  147
 163  148
 160  148
 159  149
 156  149
 155  150
 154  150
 153  151
 152  151
 151  152
 150  152
 149  153
 148  153
 146  155
 145  155
 144  156
 143  156
 141  158
 140  158
 139  159
 138  159
 137  160
 136  160
 134  162
 133  162
 132  163
 131  163
 129  165
 128  165
 126  167
 125  167
 122  170
 121  170
 117  174
 116  174
 115  175
 114  175
 113  176
 112  176
 111  177
 108  177
 107  178
 105  178
 104  179
 103  179
 102  180
 101  180
  99  182
  98  182
  97  183
  95  183
  94  184
  93  184
  91  186
  91  239
  93  241
  98  241
 100  243
 100  245
 101  246
 101  248
 102  249
 102  250
 103  251
 103  253
 104  254
 104  262
 105  263
 105  264
 106  265
 106  266
 107  267
 107  268
 111  272
 112  272
 117  277
 118  277
 120  279
 121  279
 122  280
 123  280
 124  281
 126  281
 127  282
 129  282
 130  281
 132  281
 133  280
 136  280
 137  279
 138  279
 139  278
 140  278
 142  276
 143  276
 145  274
 146  274
 154  266
 154  265
 156  263
 156  262
 157  261
 157  260
 158  259
 158  258
 159  257
 159  255
 160  254
 160  252
 161  251
 161  250
 160  249
 160  247
 158  245
 158  244
 155  241
 155  240
 152  237
 152  236
 149  233
 149  219
 150  218
 151  218
 152  217
 154  217
 155  216
 156  216
 157  215
 158  215
 159  214
 160  214
 161  213
 162  213
 165  210
 166  210
 172  204
 172  203
 174  201
 174  200
 175  199
 175  198
 176  197
 176  196
 177  195
 177  194
 178  193
 178  191
 179  190
 179  189
 180  188
 180  185
 181  184
 181  181
 182  180
 182  176
 183  175
 183  165
 182  164
 182  163
 181  162
 181  161
 180  160
 180  159
 179  158
 179  157
 177  155
 176  155
 173  152
 172  152
 169  149
 168  149
 167  148
 165  148
