 189   78
 188   79
 183   79
 182   80
 180   80
 179   81
 177   81
 176   82
 173   82
 172   83
 171   83
 170   84
 168   84
 167   85
 166   85
 165   86
 164   86
 163   87
 162   87
 161   88
 160   88
 159   89
 158   89
 157   90
 156   90
 155   91
 154   91
 153   92
 152   92
 151   93
 150   93
 149   94
 148   94
 147   95
 146   95
 145   96
 144   96
 143   97
 142   97
 140   99
 139   99
 138  100
 137  100
 135  102
 134  102
 132  104
 131  104
 129  106
 128  106
 126  108
 125  108
 123  110
 122  110
 120  112
 119  112
 117  114
 116  114
 114  116
 113  116
 111  118
 110  118
 106  122
 105  122
 103  124
 102  124
 100  126
  99  126
  96  129
  95  129
  93  131
  82  131
  82  135
  81  136
  79  136
  79  137
  77  139
  77  140
  73  144
  73  145
  65  153
  65  154
  62  157
  62  158
  61  159
  61  261
  62  262
  62  263
  63  264
  63  266
  64  267
  64  268
  65  269
  65  279
  66  280
  66  281
  67  282
  67  283
  68  284
  68  285
  70  287
  70  288
  74  292
  75  292
  79  296
  79  297
  80  298
  81  298
  83  300
  84  300
  86  302
  87  302
  88  303
  90  303
  91  304
  92  304
  93  305
  93  306
  94  307
  94  309
  95  310
  95  311
  96  312
  96  313
  97  314
  97  315
  99  317
  99  318
 103  322
 104  322
 109  327
 109  328
 111  330
 114  330
 115  329
 116  329
 117  328
 135  328
 136  327
 150  327
 153  330
 153  331
 163  341
 161  339
 161  337
 159  335
 159  334
 157  332
 157  331
 156  330
 156  329
 154  327
 154  309
 159  304
 160  304
 160  303
 162  301
 162  283
 163  282
 163  281
 166  278
 165  277
 165  274
 164  273
 164  257
 165  256
 165  255
 163  253
 163  252
 162  251
 162  250
 161  249
 161  248
 158  245
 158  244
 156  242
 156  241
 155  240
 155  239
 154  238
 154  237
 152  235
 152  234
 148  230
 148  229
 144  225
 143  225
 141  223
 141  209
 142  208
 150  208
 151  207
 154  207
 155  206
 156  206
 157  205
 159  205
 166  198
 166  197
 168  195
 168  194
 169  193
 169  192
 170  191
 170  190
 174  186
 174  185
 175  184
 175  182
 176  181
 176  177
 177  176
 177  175
 178  174
 178  173
 180  171
 180  169
 181  168
 181  166
 182  165
 182  158
 183  157
 183  156
 184  155
 184  154
 185  153
 185  150
 186  149
 186  147
 187  146
 187  143
 193  137
 193  136
 194  135
 194  134
 195  133
 195  131
 196  130
 196  129
 197  128
 197  127
 198  126
 198  125
 200  123
 200  122
 201  121
 201  120
 202  119
 202  117
 203  116
 203  115
 204  114
 204  113
 205  112
 205  111
 207  109
 207  108
 208  107
 208  106
 209  105
 209  103
 210  102
 210  101
 211  100
 211   97
 212   96
 212   94
 213   93
 212   92
 212   91
 211   90
 211   89
 209   87
 208   87
 207   86
 206   86
 205   85
 204   85
 201   82
 200   82
 199   81
 198   81
 197   80
 196   80
 195   79
 191   79
 190   78
