 180    0
 180    8
 179    9
 178    9
 177   10
 176   10
 175   11
 174   11
 172   13
 171   13
 170   14
 169   14
 168   15
 167   15
 166   16
 165   16
 164   17
 163   17
 160   20
 159   20
 157   22
 156   22
 154   24
 153   24
 150   27
 149   27
 146   30
 145   30
 140   35
 139   35
 129   45
 128   45
 124   49
 124   50
 114   60
 114   61
 107   68
 107   69
 103   73
 103   74
  99   78
  99   79
  96   82
  96   83
  91   88
  91   89
  89   91
  89   92
  85   96
  85   97
  82  100
  82  101
  77  106
  77  107
  72  112
  71  112
  70  113
  69  113
  68  114
  67  114
  66  115
  65  115
  64  116
  63  116
  58  121
  58  122
  55  125
  55  126
  54  127
  54  128
  51  131
  51  132
  49  134
  49  135
  47  137
  47  138
  46  139
  46  140
  43  143
  43  144
  41  146
  41  147
  38  150
  38  151
  36  153
  36  154
  32  158
  32  159
  29  162
  29  163
  28  164
  28  165
  27  166
  27  168
  26  169
  26  313
  27  314
  27  316
  28  317
  28  319
  30  321
  30  322
  31  323
  31  324
  32  325
  32  326
  33  327
  33  328
  34  329
  34  330
  35  331
  35  332
  36  333
  36  334
  37  335
  37  337
  38  338
  38  339
  39  340
  39  341
  40  342
  40  343
  41  344
  41  345
  42  346
  42  347
  43  348
  43  349
  44  350
  44  351
  45  352
  45  353
  46  354
  46  355
  48  357
  48  358
  49  359
  49  360
  50  361
  50  362
  52  364
  52  365
  53  366
  53  367
  55  369
  55  370
  57  372
  57  373
  59  375
  59  376
  64  381
  64  382
  67  385
  67  386
  68  387
  68  388
  69  389
  69  393
  70  394
  70  395
  72  397
  72  398
  73  399
  74  399
  80  405
  80  406
  81  406
  84  409
  84  411
  85  412
  85  413
  86  414
  86  415
  87  416
  87  417
  91  421
  91  428
 143  428
 143  421
 144  420
 144  419
 146  417
 146  416
 148  414
 149  414
 150  413
 153  413
 154  412
 166  412
 167  411
 168  411
 171  408
 171  407
 172  406
 172  404
 173  403
 173  391
 174  390
 174  389
 175  388
 175  387
 179  383
 186  383
 187  382
 187  370
 188  369
 188  368
 189  367
 189  350
 190  349
 190  348
 191  347
 191  346
 195  342
 196  342
 198  340
 199  340
 200  339
 200  338
 199  337
 199  336
 197  334
 197  333
 196  332
 196  331
 195  330
 195  329
 193  327
 193  307
 195  305
 193  303
 193  302
 192  301
 191  301
 187  297
 186  297
 183  294
 182  294
 179  291
 178  291
 176  289
 175  289
 173  287
 172  287
 168  283
 167  283
 157  273
 156  273
 153  270
 152  270
 150  268
 149  268
 147  266
 146  266
 144  264
 144  249
 145  248
 154  248
 155  247
 160  247
 161  246
 165  246
 166  245
 168  245
 169  244
 172  244
 173  243
 174  243
 175  242
 177  242
 178  241
 179  241
 181  239
 183  239
 185  237
 186  237
 188  235
 189  235
 197  227
 197  226
 199  224
 199  223
 200  222
 200  221
 201  220
 201  218
 202  217
 202  216
 203  215
 203  214
 204  213
 204  211
 205  210
 205  209
 206  208
 206  207
 207  206
 207  205
 208  204
 208  203
 209  202
 209  201
 210  200
 210  199
 211  198
 211  197
 212  196
 212  194
 213  193
 213  191
 214  190
 214  187
 215  186
 215  182
 216  181
 216  179
 217  178
 217  177
 219  175
 219  174
 220  173
 220  172
 221  171
 221  170
 222  169
 222  168
 223  167
 223  163
 224  162
 224  153
 225  152
 225  145
 226  144
 226  140
 227  139
 227  137
 228  136
 228  134
 229  133
 229  131
 230  130
 230  122
 231  121
 231  113
 232  112
 232  109
 233  108
 233  106
 234  105
 234  103
 235  102
 235  101
 236  100
 236   98
 237   97
 237   95
 238   94
 238   91
 239   90
 239   80
 240   79
 240   76
 241   75
 241   73
 242   72
 242   70
 243   69
 243   66
 244   65
 244   63
 245   62
 245   57
 246   56
 246   52
 247   51
 247   47
 248   46
 248   32
 247   31
 247   25
 246   24
 246   21
 245   20
 245   16
 244   15
 244   14
 243   13
 243   10
 242    9
 242    0
