 163  124
 162  125
 160  125
 159  126
 156  126
 155  127
 154  127
 153  128
 152  128
 151  129
 149  129
 148  130
 147  130
 146  131
 145  131
 143  133
 142  133
 141  134
 140  134
 138  136
 137  136
 136  137
 135  137
 134  138
 133  138
 131  140
 130  140
 129  141
 128  141
 126  143
 125  143
 123  145
 122  145
 119  148
 118  148
 116  150
 115  150
 110  155
 109  155
  97  167
  96  167
  95  168
  82  168
  82  237
  84  239
  84  240
  85  241
  85  245
  86  246
  86  247
  87  248
  87  249
  88  249
  90  251
  90  253
  91  254
  91  256
  92  257
  92  260
  93  261
  93  270
  94  271
  94  274
  95  275
  95  276
  96  277
  96  278
  97  279
  97  280
  99  282
  99  283
 100  284
 100  285
 104  289
 104  290
 109  295
 110  295
 115  300
 116  300
 117  301
 118  301
 120  303
 121  303
 122  304
 124  304
 125  305
 130  305
 131  304
 134  304
 135  303
 136  303
 137  302
 139  302
 140  301
 141  301
 142  300
 143  300
 145  298
 146  298
 156  288
 156  287
 158  285
 158  284
 159  283
 159  282
 160  281
 160  280
 161  279
 161  278
 162  277
 162  274
 163  273
 163  271
 164  270
 164  266
 165  265
 165  261
 166  260
 166  248
 165  247
 165  246
 164  245
 164  244
 163  243
 163  242
 160  239
 160  238
 154  232
 153  232
 152  231
 152  217
 153  216
 159  216
 160  215
 162  215
 163  214
 165  214
 166  213
 167  213
 170  210
 171  210
 177  204
 178  204
 179  203
 179  202
 182  199
 182  198
 183  197
 183  196
 185  194
 185  193
 186  192
 186  191
 188  189
 188  186
 189  185
 189  184
 190  183
 190  179
 191  178
 191  176
 192  175
 192  168
 193  167
 193  155
 192  154
 192  149
 191  148
 191  147
 190  146
 190  143
 189  142
 189  141
 188  140
 188  139
 182  133
 181  133
 178  130
 177  130
 174  127
 173  127
 172  126
 170  126
 169  125
 168  125
 167  124
