 165  134
 164  135
 162  135
 161  136
 159  136
 158  137
 157  137
 156  138
 155  138
 154  139
 153  139
 152  140
 151  140
 150  141
 149  141
 147  143
 146  143
 145  144
 144  144
 142  146
 141  146
 138  149
 137  149
 135  151
 134  151
 133  152
 132  152
 131  153
 130  153
 129  154
 128  154
 119  163
 118  163
 115  166
 114  166
 111  169
 110  169
 103  176
 102  176
 100  178
  99  178
  98  179
  97  179
  95  181
  94  181
  92  183
  91  183
  91  184
  90  185
  90  246
  91  247
  96  247
  97  248
  97  249
  98  250
  98  258
 100  258
 101  259
 101  261
 102  262
 102  264
 103  265
 103  267
 104  268
 104  269
 105  270
 105  271
 106  272
 106  273
 107  274
 107  275
 109  277
 109  278
 117  286
 117  287
 118  287
 120  289
 121  289
 123  291
 124  291
 125  292
 126  292
 127  293
 129  293
 130  294
 134  294
 135  293
 137  293
 138  292
 140  292
 141  291
 142  291
 143  290
 144  290
 145  289
 146  289
 149  286
 150  286
 152  284
 153  284
 156  281
 156  280
 160  276
 160  275
 162  273
 162  272
 163  271
 163  270
 164  269
 164  268
 165  267
 165  264
 166  263
 166  262
 167  261
 167  259
 166  258
 166  257
 165  256
 165  253
 163  251
 163  250
 161  248
 161  247
 157  243
 157  242
 154  239
 153  239
 147  233
 146  233
 143  230
 143  216
 144  215
 148  215
 149  214
 152  214
 153  213
 156  213
 158  211
 159  211
 160  210
 161  210
 163  208
 164  208
 167  205
 168  205
 174  199
 174  198
 176  196
 176  195
 178  193
 178  192
 179  191
 179  190
 180  189
 180  187
 181  186
 181  185
 182  184
 182  181
 183  180
 183  174
 184  173
 184  166
 185  165
 185  158
 184  157
 184  154
 183  153
 183  150
 182  149
 182  148
 180  146
 180  145
 175  140
 174  140
 172  138
 171  138
 169  136
 168  136
 167  135
 166  135
