 172  123
 171  124
 169  124
 168  125
 164  125
 163  126
 162  126
 161  127
 158  127
 157  128
 156  128
 155  129
 154  129
 153  130
 151  130
 150  131
 149  131
 148  132
 147  132
 146  133
 145  133
 143  135
 142  135
 141  136
 140  136
 138  138
 137  138
 136  139
 135  139
 133  141
 132  141
 128  145
 127  145
 124  148
 123  148
 120  151
 119  151
 116  154
 115  154
 111  158
 110  158
 107  161
 106  161
 101  166
 100  166
  92  174
  91  174
  83  182
  83  183
  79  187
  79  188
  77  190
  77  191
  76  192
  76  193
  75  194
  75  259
  76  260
  76  261
  77  262
  77  263
  78  264
  78  266
  79  267
  79  268
  80  269
  80  270
  81  271
  81  272
  82  273
  82  274
  83  275
  83  276
  84  277
  84  279
  85  280
  85  282
  86  283
  86  285
  87  286
  87  287
  88  288
  88  289
  89  290
  90  290
  91  291
  93  291
  95  293
  95  295
  98  298
 106  298
 107  299
 108  299
 112  303
 125  303
 126  302
 126  300
 128  298
 136  298
 137  297
 137  284
 138  283
 139  283
 143  279
 143  265
 144  264
 144  261
 143  260
 143  259
 142  258
 142  257
 141  256
 141  251
 140  250
 140  249
 139  248
 139  247
 134  242
 134  227
 135  226
 150  226
 151  225
 154  225
 155  224
 156  224
 158  222
 159  222
 163  218
 163  217
 164  216
 164  215
 165  214
 165  213
 166  212
 166  211
 167  210
 167  208
 168  207
 168  206
 169  205
 169  203
 171  201
 171  199
 172  198
 172  197
 173  196
 173  195
 174  194
 174  193
 175  192
 175  191
 176  190
 176  189
 177  188
 177  187
 178  186
 178  185
 179  184
 179  183
 180  182
 180  180
 182  178
 182  176
 183  175
 183  174
 184  173
 184  172
 185  171
 185  169
 186  168
 186  167
 187  166
 187  165
 188  164
 188  163
 189  162
 189  161
 190  160
 190  159
 191  158
 191  156
 193  154
 193  153
 194  152
 194  150
 195  149
 195  148
 196  147
 196  146
 197  145
 197  143
 198  142
 198  139
 197  138
 197  136
 195  134
 195  133
 194  133
 193  132
 192  132
 191  131
 190  131
 189  130
 188  130
 186  128
 186  127
 185  127
 184  126
 183  126
 182  125
 181  125
 180  124
 178  124
 177  123
