 177   98
 176   99
 173   99
 172  100
 170  100
 169  101
 166  101
 165  102
 163  102
 162  103
 161  103
 160  104
 158  104
 157  105
 156  105
 155  106
 154  106
 153  107
 152  107
 151  108
 150  108
 149  109
 148  109
 147  110
 146  110
 145  111
 144  111
 143  112
 142  112
 141  113
 140  113
 139  114
 138  114
 137  115
 136  115
 135  116
 134  116
 132  118
 131  118
 130  119
 129  119
 128  120
 127  120
 125  122
 124  122
 121  125
 120  125
 118  127
 117  127
 115  129
 114  129
 111  132
 110  132
 108  134
 107  134
 105  136
 104  136
 103  137
 102  137
 100  139
  99  139
  97  141
  96  141
  93  144
  92  144
  89  147
  88  147
  86  149
  85  149
  84  150
  83  150
  79  154
  78  154
  73  159
  72  159
  67  164
  66  164
  57  173
  57  175
  56  176
  56  270
  57  271
  57  272
  58  273
  58  274
  61  277
  61  278
  64  281
  64  282
  68  286
  68  287
  86  305
  87  305
  93  311
  93  312
  96  315
  96  316
 109  329
 110  329
 111  330
 113  328
 114  328
 115  327
 133  327
 134  326
 134  325
 136  323
 136  322
 137  321
 137  320
 138  319
 150  319
 151  318
 152  318
 153  317
 153  302
 154  301
 154  300
 155  299
 156  299
 158  297
 159  297
 161  295
 160  294
 160  293
 159  292
 159  274
 160  273
 160  272
 158  270
 158  269
 154  265
 154  264
 152  262
 152  261
 149  258
 149  257
 147  255
 147  253
 146  252
 146  251
 144  249
 144  248
 143  247
 143  233
 145  231
 149  231
 150  230
 154  230
 155  229
 157  229
 158  228
 159  228
 160  227
 161  227
 162  226
 163  226
 167  222
 168  222
 171  219
 171  218
 182  207
 182  206
 184  204
 184  203
 185  202
 185  201
 187  199
 187  198
 188  197
 188  196
 189  195
 189  194
 190  193
 190  192
 192  190
 192  189
 193  188
 193  187
 194  186
 194  185
 195  184
 195  182
 197  180
 197  178
 198  177
 198  176
 199  175
 199  174
 201  172
 201  171
 203  169
 203  168
 204  167
 204  166
 205  165
 205  164
 207  162
 207  161
 208  160
 208  159
 209  158
 209  157
 210  156
 210  155
 212  153
 212  151
 213  150
 213  148
 214  147
 214  145
 215  144
 215  141
 216  140
 216  139
 217  138
 217  132
 218  131
 218  129
 217  128
 217  123
 216  122
 216  121
 215  120
 215  119
 214  118
 214  117
 212  115
 212  114
 208  110
 207  110
 205  108
 204  108
 203  107
 202  107
 198  103
 197  103
 196  102
 195  102
 194  101
 193  101
 192  100
 191  100
 190   99
 188   99
 187   98
