 162  150
 161  151
 158  151
 157  152
 155  152
 154  153
 153  153
 152  154
 150  154
 149  155
 148  155
 147  156
 146  156
 145  157
 144  157
 143  158
 142  158
 140  160
 139  160
 137  162
 136  162
 135  163
 134  163
 132  165
 131  165
 129  167
 128  167
 126  169
 125  169
 123  171
 122  171
 121  172
 120  172
 119  173
 118  173
 116  175
 116  176
 114  178
  99  178
  98  179
  98  235
  99  236
 100  236
 104  240
 104  241
 107  244
 107  245
 108  246
 108  247
 109  248
 109  250
 110  251
 110  253
 111  254
 111  255
 112  256
 112  257
 114  259
 114  260
 115  261
 115  262
 117  264
 117  265
 126  274
 127  274
 129  276
 130  276
 131  277
 132  277
 133  278
 137  278
 138  277
 141  277
 142  276
 143  276
 144  275
 145  275
 147  273
 148  273
 154  267
 154  266
 156  264
 156  263
 158  261
 158  260
 160  258
 160  256
 161  255
 161  254
 162  253
 162  251
 163  250
 163  244
 162  243
 162  242
 161  241
 160  241
 156  237
 156  236
 155  235
 155  234
 154  233
 154  215
 155  214
 156  214
 158  212
 159  212
 163  208
 164  208
 170  202
 170  201
 171  200
 171  198
 172  197
 172  196
 173  195
 173  193
 174  192
 174  188
 175  187
 175  184
 176  183
 176  179
 177  178
 177  166
 176  165
 176  163
 175  162
 175  161
 174  160
 174  159
 172  157
 171  157
 167  153
 166  153
 164  151
 163  151
