 179  115
 178  116
 174  116
 173  117
 170  117
 169  118
 167  118
 166  119
 164  119
 163  120
 161  120
 160  121
 158  121
 157  122
 156  122
 155  123
 153  123
 152  124
 151  124
 150  125
 149  125
 148  126
 146  126
 144  128
 143  128
 142  129
 141  129
 140  130
 139  130
 138  131
 137  131
 136  132
 135  132
 134  133
 133  133
 132  134
 131  134
 129  136
 128  136
 127  137
 126  137
 124  139
 123  139
 122  140
 121  140
 119  142
 118  142
 117  143
 116  143
 115  144
 114  144
 112  146
 110  146
 109  147
  94  147
  93  146
  92  146
  91  145
  89  145
  87  147
  87  148
  68  167
  67  167
  63  171
  63  172
  62  173
  62  268
  63  269
  63  271
  64  272
  64  273
  78  287
  78  290
  79  291
  79  292
  80  293
  80  294
  81  295
  82  295
  91  304
  92  304
  94  306
  95  306
  96  307
  99  307
 102  310
 102  311
 103  312
 104  311
 112  311
 113  310
 114  310
 116  308
 116  307
 120  303
 121  303
 122  302
 123  302
 124  301
 126  301
 127  300
 128  300
 131  297
 131  296
 132  295
 132  294
 136  290
 137  290
 138  289
 139  289
 143  285
 143  280
 144  279
 144  278
 145  277
 145  276
 146  275
 147  275
 150  272
 150  262
 152  260
 152  257
 149  254
 149  253
 147  251
 147  250
 143  246
 143  245
 140  242
 139  242
 137  240
 137  226
 138  225
 143  225
 144  224
 147  224
 148  223
 150  223
 156  217
 156  215
 157  214
 157  212
 158  211
 158  209
 159  208
 159  207
 160  206
 160  203
 161  202
 161  201
 163  199
 163  198
 165  196
 165  195
 166  194
 166  193
 167  192
 167  191
 168  190
 168  189
 169  188
 169  187
 171  185
 171  184
 172  183
 172  182
 174  180
 174  179
 176  177
 176  176
 184  168
 184  167
 188  163
 188  162
 195  155
 195  154
 198  151
 198  150
 200  148
 200  147
 203  144
 203  143
 204  142
 204  141
 206  139
 206  138
 207  137
 207  136
 208  135
 208  134
 209  133
 209  132
 210  131
 210  129
 211  128
 211  125
 210  125
 208  123
 206  123
 202  119
 201  119
 200  118
 199  118
 198  117
 197  117
 196  116
 193  116
 192  115
