 181   95
 180   96
 176   96
 175   97
 173   97
 172   98
 170   98
 169   99
 168   99
 167  100
 165  100
 164  101
 163  101
 161  103
 160  103
 159  104
 158  104
 156  106
 155  106
 153  108
 152  108
 149  111
 148  111
 147  112
 146  112
 144  114
 143  114
 140  117
 139  117
 135  121
 134  121
 131  124
 130  124
 126  128
 125  128
 122  131
 121  131
 116  136
 115  136
  95  156
  94  156
  90  160
  90  161
  89  162
  88  162
  87  163
  86  163
  85  164
  84  164
  82  166
  82  167
  79  170
  79  171
  77  173
  77  174
  73  178
  73  179
  71  181
  71  182
  66  187
  66  188
  65  189
  65  262
  66  263
  66  265
  67  266
  67  267
  68  268
  68  269
  69  270
  69  271
  70  272
  70  273
  71  274
  71  275
  72  276
  72  277
  73  278
  73  279
  75  281
  75  282
  76  283
  76  284
  78  286
  78  287
  80  289
  80  290
  84  294
  84  295
  92  303
  93  303
  95  305
  96  305
  98  307
  98  314
  99  315
  99  319
 100  320
 100  321
 102  323
 102  324
 108  330
 109  330
 110  331
 111  331
 112  332
 117  332
 118  331
 134  331
 134  330
 140  324
 157  324
 157  309
 165  301
 165  300
 166  299
 166  298
 167  297
 167  296
 168  295
 168  288
 169  287
 169  286
 170  285
 170  283
 171  282
 171  281
 173  279
 172  278
 172  277
 171  276
 171  275
 170  274
 170  273
 169  272
 169  271
 168  270
 168  264
 167  263
 167  262
 166  261
 166  260
 164  258
 164  257
 163  256
 163  255
 152  244
 151  244
 148  241
 148  240
 145  237
 145  223
 146  222
 149  222
 150  221
 155  221
 156  220
 159  220
 160  219
 161  219
 162  218
 164  218
 166  216
 167  216
 175  208
 175  207
 177  205
 177  204
 179  202
 179  201
 181  199
 181  198
 182  197
 182  196
 183  195
 183  192
 184  191
 184  190
 185  189
 185  186
 186  185
 186  184
 187  183
 187  181
 188  180
 188  177
 189  176
 189  173
 190  172
 190  166
 191  165
 191  163
 192  162
 192  159
 193  158
 193  156
 194  155
 194  151
 195  150
 195  149
 196  148
 196  146
 197  145
 197  144
 198  143
 198  139
 199  138
 199  136
 200  135
 200  133
 201  132
 201  130
 202  129
 202  128
 203  127
 203  125
 205  123
 205  122
 206  121
 206  120
 207  119
 207  118
 208  117
 208  116
 209  115
 209  109
 208  108
 208  107
 206  105
 205  105
 204  104
 203  104
 202  103
 201  103
 197   99
 196   99
 195   98
 194   98
 193   97
 192   97
 191   96
 189   96
 188   95
