 155  147
 154  148
 150  148
 149  149
 148  149
 147  150
 146  150
 144  152
 143  152
 142  153
 140  153
 139  154
 138  154
 132  160
 131  160
 129  162
 128  162
 120  170
 119  170
 118  171
 118  172
 113  177
 112  177
 111  178
 110  178
 108  180
 104  180
 103  181
  97  181
  96  182
  96  261
 109  261
 110  262
 111  262
 113  264
 113  265
 115  267
 115  268
 118  271
 119  271
 126  278
 127  278
 130  281
 131  281
 132  282
 134  282
 135  283
 137  283
 138  282
 141  282
 142  281
 143  281
 144  280
 145  280
 146  279
 147  279
 149  277
 150  277
 153  274
 154  274
 162  266
 162  265
 163  264
 163  263
 164  262
 164  261
 165  260
 165  258
 166  257
 166  255
 167  254
 167  249
 165  247
 165  245
 164  244
 164  243
 160  239
 159  239
 153  233
 153  219
 156  216
 157  216
 158  215
 159  215
 170  204
 170  203
 171  202
 171  201
 173  199
 173  198
 174  197
 174  196
 175  195
 175  193
 176  192
 176  190
 177  189
 177  186
 178  185
 178  169
 177  168
 177  166
 176  165
 176  163
 175  162
 175  161
 174  160
 174  159
 173  158
 173  157
 172  156
 172  155
 170  153
 170  152
 169  151
 169  150
 168  149
 167  149
 166  148
 163  148
 162  147
