 207   51
 206   52
 202   52
 201   53
 199   53
 198   54
 195   54
 194   55
 192   55
 191   56
 189   56
 188   57
 186   57
 185   58
 183   58
 182   59
 181   59
 180   60
 179   60
 178   61
 176   61
 175   62
 174   62
 173   63
 172   63
 171   64
 170   64
 169   65
 168   65
 167   66
 166   66
 165   67
 164   67
 163   68
 162   68
 160   70
 159   70
 158   71
 157   71
 155   73
 154   73
 152   75
 151   75
 149   77
 148   77
 146   79
 145   79
 143   81
 142   81
 138   85
 137   85
 131   91
 130   91
 126   95
 125   95
 107  113
 106  113
 106  114
  84  136
  84  137
  72  149
  72  150
  67  155
  67  156
  62  161
  62  162
  59  165
  59  166
  56  169
  56  170
  52  174
  52  175
  50  177
  50  178
  47  181
  47  182
  44  185
  44  186
  42  188
  42  189
  40  191
  40  192
  37  195
  37  196
  36  197
  36  312
  37  313
  37  314
  38  314
  39  315
  40  315
  41  316
  42  316
  44  318
  45  318
  48  321
  49  321
  51  323
  52  323
  67  338
  67  339
  68  340
  69  340
  73  344
  74  344
  80  350
  81  350
  87  356
  87  357
  96  366
  96  367
  99  370
 100  370
 106  376
 107  376
 108  377
 110  375
 111  375
 113  373
 114  373
 115  372
 117  372
 118  371
 120  371
 121  370
 122  370
 123  369
 124  369
 128  365
 128  364
 131  361
 131  360
 133  358
 134  358
 137  355
 138  355
 139  354
 141  354
 142  353
 143  353
 147  349
 147  348
 148  347
 148  346
 149  345
 149  344
 150  343
 150  342
 151  341
 151  340
 158  333
 159  333
 161  331
 161  330
 163  328
 163  327
 164  326
 164  314
 165  313
 165  312
 171  306
 171  304
 168  301
 168  300
 166  298
 166  297
 165  296
 165  294
 164  293
 164  286
 163  285
 163  284
 162  283
 162  282
 154  274
 153  274
 148  269
 147  269
 145  267
 145  253
 147  251
 155  251
 156  250
 160  250
 161  249
 163  249
 164  248
 165  248
 166  247
 167  247
 168  246
 169  246
 177  238
 177  237
 178  236
 178  235
 179  234
 179  233
 180  232
 180  231
 181  230
 181  229
 182  228
 182  227
 184  225
 184  224
 188  220
 188  219
 189  218
 189  217
 190  216
 190  214
 191  213
 191  212
 192  211
 192  208
 193  207
 193  205
 194  204
 194  203
 195  202
 195  201
 196  200
 196  199
 198  197
 198  196
 199  195
 199  192
 200  191
 200  190
 201  189
 201  186
 202  185
 202  182
 203  181
 203  176
 204  175
 204  174
 205  173
 205  172
 207  170
 207  169
 208  168
 208  167
 209  166
 209  164
 210  163
 210  161
 211  160
 211  159
 212  158
 212  157
 213  156
 213  154
 214  153
 214  149
 215  148
 215  146
 216  145
 216  143
 218  141
 218  140
 219  139
 219  138
 220  137
 220  136
 221  135
 221  134
 222  133
 222  132
 223  131
 223  130
 224  129
 224  128
 225  127
 225  125
 226  124
 226  123
 227  122
 227  119
 228  118
 228  116
 229  115
 229  114
 230  113
 230  112
 231  111
 231  109
 232  108
 232  106
 233  105
 233  103
 234  102
 234   99
 235   98
 235   95
 236   94
 236   88
 237   87
 237   83
 238   82
 238   76
 239   75
 239   74
 238   73
 238   71
 237   70
 237   69
 236   68
 236   66
 235   65
 235   64
 233   62
 233   61
 232   60
 231   60
 230   59
 229   59
 228   58
 227   58
 226   57
 225   57
 223   55
 222   55
 221   54
 220   54
 219   53
 218   53
 217   52
 214   52
 213   51
