 165  130
 164  131
 161  131
 160  132
 158  132
 157  133
 155  133
 154  134
 153  134
 152  135
 151  135
 150  136
 148  136
 147  137
 146  137
 145  138
 144  138
 143  139
 142  139
 141  140
 140  140
 139  141
 138  141
 137  142
 136  142
 135  143
 134  143
 133  144
 132  144
 131  145
 130  145
 129  146
 128  146
 127  147
 126  147
 124  149
 123  149
 122  150
 121  150
 119  152
 118  152
 117  153
 116  153
 114  155
 113  155
 110  158
 109  158
 108  159
 107  159
 105  161
 104  161
 101  164
 100  164
  98  166
  97  166
  96  167
  95  167
  94  168
  86  168
  85  169
  84  169
  80  173
  80  174
  79  175
  79  228
  81  230
  83  230
  84  231
  84  232
  85  233
  85  234
  86  235
  86  236
  87  237
  87  238
  88  239
  88  241
  89  242
  89  243
  91  245
  91  247
  92  248
  92  249
  93  250
  93  253
  94  254
  94  266
  95  267
  95  268
  96  269
  96  271
  97  272
  97  273
  98  274
  98  275
 102  279
 102  280
 106  284
 106  285
 110  289
 111  289
 114  292
 115  292
 118  295
 119  295
 120  296
 121  296
 122  297
 123  297
 124  298
 126  298
 127  299
 132  299
 133  298
 135  298
 136  297
 137  297
 138  296
 139  296
 140  295
 141  295
 143  293
 144  293
 146  291
 147  291
 153  285
 153  284
 155  282
 155  281
 158  278
 158  277
 160  275
 160  273
 161  272
 161  271
 162  270
 162  269
 163  268
 163  267
 164  266
 164  262
 165  261
 165  254
 166  253
 166  248
 167  247
 167  243
 166  242
 166  241
 165  240
 165  239
 164  238
 164  237
 159  232
 159  218
 161  216
 162  216
 163  215
 164  215
 165  214
 166  214
 168  212
 169  212
 174  207
 175  207
 180  202
 180  201
 182  199
 182  198
 184  196
 184  195
 186  193
 186  192
 187  191
 187  190
 188  189
 188  188
 189  187
 189  185
 190  184
 190  182
 191  181
 191  179
 192  178
 192  174
 193  173
 193  169
 194  168
 194  166
 195  165
 195  154
 194  153
 194  151
 193  150
 193  148
 192  147
 192  146
 191  145
 191  144
 190  143
 190  142
 186  138
 185  138
 184  137
 183  137
 179  133
 178  133
 177  132
 176  132
 175  131
 174  131
 173  130
