 175  127
 174  128
 168  128
 167  129
 164  129
 163  130
 160  130
 159  131
 157  131
 156  132
 154  132
 153  133
 152  133
 151  134
 148  134
 147  135
 146  135
 145  136
 144  136
 143  137
 142  137
 141  138
 140  138
 139  139
 138  139
 137  140
 136  140
 135  141
 134  141
 133  142
 132  142
 131  143
 130  143
 129  144
 128  144
 127  145
 126  145
 124  147
 123  147
 122  148
 121  148
 119  150
 118  150
 117  151
 116  151
 114  153
 113  153
 112  154
 111  154
 109  156
 108  156
 106  158
  91  158
  90  157
  90  146
  90  147
  80  157
  79  157
  77  159
  74  159
  72  161
  72  163
  67  168
  67  169
  71  169
  72  170
  72  184
  70  186
  68  186
  66  188
  66  242
  67  243
  67  244
  69  246
  69  247
  70  248
  70  249
  72  251
  72  252
  73  253
  73  254
  74  255
  74  256
  77  259
  77  260
  79  262
  79  263
  82  266
  82  267
  84  269
  84  270
  86  272
  86  273
  88  275
  88  276
  90  278
  90  279
  91  280
  91  281
 105  295
 106  295
 110  299
 110  298
 112  296
 123  296
 124  295
 124  291
 125  290
 125  289
 126  288
 135  288
 136  287
 136  273
 138  271
 138  270
 140  268
 140  259
 141  258
 141  256
 142  255
 142  254
 140  252
 140  249
 139  248
 139  245
 138  244
 138  242
 137  241
 137  227
 138  226
 141  226
 142  225
 147  225
 148  224
 149  224
 150  223
 151  223
 157  217
 157  216
 160  213
 160  212
 163  209
 163  208
 164  207
 164  206
 166  204
 166  203
 168  201
 168  200
 169  199
 169  198
 170  197
 170  196
 172  194
 172  192
 174  190
 174  189
 175  188
 175  187
 177  185
 177  184
 180  181
 180  180
 182  178
 182  177
 185  174
 185  173
 188  170
 188  169
 194  163
 194  162
 197  159
 197  158
 200  155
 200  154
 202  152
 202  151
 203  150
 203  148
 204  147
 204  146
 205  145
 205  144
 206  143
 206  142
 207  141
 207  140
 206  139
 206  138
 203  135
 202  135
 200  133
 199  133
 198  132
 197  132
 196  131
 195  131
 194  130
 193  130
 192  129
 190  129
 189  128
 185  128
 184  127
