 158  148
 157  149
 156  149
 155  150
 154  150
 153  151
 152  151
 150  153
 149  153
 143  159
 142  159
 140  161
 139  161
 137  163
 136  163
 133  166
 132  166
 129  169
 128  169
 123  174
 122  174
 118  178
 117  178
 114  181
 113  181
 112  182
 107  182
 106  183
 104  183
 103  184
 102  184
  98  188
  98  189
  97  190
  97  191
  96  192
  96  193
  95  194
  95  241
 102  241
 108  247
 108  248
 110  250
 110  251
 113  254
 113  255
 114  256
 114  258
 115  259
 115  271
 121  271
 124  274
 125  274
 127  276
 128  276
 129  277
 131  277
 132  278
 134  278
 135  279
 138  279
 139  280
 146  280
 146  279
 149  276
 149  275
 151  273
 152  273
 157  268
 158  268
 163  263
 163  262
 164  261
 164  260
 165  259
 165  258
 166  257
 166  254
 167  253
 167  251
 168  250
 167  249
 167  246
 166  245
 166  243
 165  242
 165  241
 164  240
 164  239
 156  231
 156  217
 159  214
 160  214
 163  211
 164  211
 172  203
 172  202
 173  201
 173  200
 174  199
 174  198
 176  196
 176  194
 177  193
 177  191
 178  190
 178  188
 179  187
 179  178
 180  177
 180  175
 179  174
 179  166
 178  165
 178  164
 177  163
 177  162
 176  161
 176  160
 172  156
 172  155
 171  155
 168  152
 167  152
 164  149
 163  149
 162  148
