 153  146
 152  147
 151  147
 149  149
 148  149
 147  150
 146  150
 143  153
 142  153
 140  155
 139  155
 138  156
 137  156
 135  158
 135  159
 131  163
 130  163
 128  165
 127  165
 127  166
 118  175
 118  176
 116  178
 116  179
 114  181
 114  182
 112  184
 112  185
 109  188
 100  188
  99  189
  99  259
 111  259
 113  261
 114  261
 115  262
 116  262
 123  269
 123  270
 131  278
 132  278
 133  279
 134  279
 135  280
 136  280
 137  281
 138  281
 139  282
 141  282
 142  283
 143  283
 144  282
 147  282
 148  281
 149  281
 150  280
 151  280
 152  279
 153  279
 154  278
 155  278
 158  275
 159  275
 166  268
 166  267
 168  265
 168  264
 169  263
 169  262
 170  261
 170  259
 171  258
 171  256
 172  255
 172  252
 171  251
 171  249
 170  248
 170  245
 168  243
 168  242
 164  238
 163  238
 160  235
 159  235
 155  231
 155  216
 157  214
 158  214
 160  212
 161  212
 168  205
 168  204
 171  201
 171  200
 172  199
 172  198
 173  197
 173  196
 174  195
 174  193
 175  192
 175  188
 176  187
 176  186
 175  185
 175  179
 174  178
 174  174
 173  173
 173  170
 172  169
 172  166
 171  165
 171  164
 170  163
 170  161
 168  159
 168  158
 167  157
 167  156
 166  155
 166  154
 162  150
 161  150
 158  147
 157  147
 156  146
