 172  119
 171  120
 169  120
 168  121
 165  121
 164  122
 162  122
 161  123
 159  123
 158  124
 156  124
 154  126
 152  126
 151  127
 150  127
 149  128
 147  128
 145  130
 144  130
 143  131
 142  131
 141  132
 140  132
 139  133
 138  133
 137  134
 136  134
 134  136
 133  136
 131  138
 130  138
 128  140
 127  140
 125  142
 124  142
 122  144
 121  144
 118  147
 117  147
 115  149
 114  149
 113  150
 112  150
 109  153
 108  153
 103  158
 102  158
  97  163
  96  163
  78  181
  78  182
  75  185
  75  186
  70  191
  70  277
  72  279
  76  279
  77  280
  79  280
  87  288
  87  289
  88  290
  88  291
  91  294
  91  295
  99  303
 112  303
 118  309
 119  308
 126  308
 127  307
 129  307
 130  306
 131  306
 136  301
 137  301
 138  300
 140  300
 141  299
 142  299
 143  298
 143  297
 144  296
 144  295
 145  294
 145  293
 146  292
 146  291
 147  290
 148  290
 150  288
 151  288
 153  286
 153  285
 154  284
 154  272
 155  271
 155  270
 154  269
 154  268
 153  267
 153  266
 152  265
 152  264
 151  263
 151  260
 150  259
 150  258
 149  257
 149  256
 146  253
 146  252
 145  251
 144  251
 140  247
 140  233
 141  232
 149  232
 150  231
 152  231
 153  230
 154  230
 156  228
 157  228
 161  224
 161  223
 175  209
 175  208
 176  207
 176  205
 177  204
 177  203
 179  201
 179  200
 181  198
 181  197
 182  196
 182  195
 183  194
 183  193
 184  192
 184  190
 185  189
 185  187
 186  186
 186  184
 187  183
 187  182
 188  181
 188  180
 189  179
 189  178
 190  177
 190  176
 191  175
 191  174
 192  173
 192  172
 195  169
 195  168
 196  167
 196  166
 197  165
 197  163
 198  162
 198  161
 199  160
 199  158
 200  157
 200  155
 201  154
 201  152
 202  151
 202  148
 203  147
 203  142
 204  141
 204  138
 203  137
 203  135
 202  134
 202  133
 200  131
 200  130
 199  130
 196  127
 195  127
 193  125
 192  125
 190  123
 189  123
 187  121
 185  121
 184  120
 183  120
 182  119
