 173   93
 172   94
 168   94
 167   95
 165   95
 164   96
 161   96
 160   97
 158   97
 157   98
 156   98
 155   99
 153   99
 152  100
 151  100
 150  101
 149  101
 148  102
 147  102
 146  103
 145  103
 144  104
 143  104
 141  106
 140  106
 138  108
 137  108
 135  110
 134  110
 131  113
 130  113
 126  117
 125  117
 121  121
 120  121
 115  126
 115  127
 104  138
 104  139
 101  142
 101  143
  98  146
  98  147
  95  150
  95  151
  86  160
  86  161
  85  162
  85  236
  87  238
  88  238
  91  241
  92  241
  94  243
  95  243
  97  245
  97  246
  98  247
  98  248
  99  249
  99  253
 100  254
 100  255
 101  256
 101  258
 102  259
 102  260
 108  266
 108  267
 112  271
 112  272
 113  273
 113  278
 114  279
 114  282
 120  288
 120  289
 121  289
 123  291
 125  291
 126  292
 137  292
 140  295
 142  295
 143  296
 154  296
 159  301
 159  302
 161  304
 161  305
 166  310
 164  308
 164  307
 163  306
 163  305
 162  304
 162  303
 160  301
 160  300
 158  298
 158  297
 156  295
 156  294
 155  293
 155  292
 154  291
 154  273
 156  271
 156  269
 155  268
 155  266
 154  265
 154  250
 155  249
 156  249
 157  248
 158  248
 159  247
 159  233
 160  232
 161  232
 162  231
 163  231
 162  230
 162  217
 156  211
 155  211
 153  209
 153  194
 154  193
 155  193
 156  192
 158  192
 159  191
 160  191
 166  185
 166  184
 168  182
 168  180
 169  179
 169  177
 170  176
 170  175
 171  174
 171  171
 172  170
 172  168
 173  167
 173  166
 174  165
 174  164
 175  163
 175  159
 176  158
 176  156
 177  155
 177  150
 178  149
 178  147
 179  146
 179  142
 180  141
 180  138
 181  137
 181  134
 182  133
 182  132
 183  131
 183  129
 184  128
 184  125
 185  124
 185  122
 186  121
 186  117
 187  116
 187  114
 188  113
 188  106
 189  105
 188  104
 188  102
 187  101
 187  100
 186   99
 185   99
 182   96
 181   96
 180   95
 179   95
 178   94
 176   94
 175   93
