 157  147
 156  148
 155  148
 154  149
 153  149
 152  150
 151  150
 148  153
 147  153
 142  158
 141  158
 138  161
 137  161
 132  166
 131  166
 127  170
 126  170
 122  174
 121  174
 105  190
 103  190
 102  191
 101  191
 100  192
  99  192
  99  193
  98  194
  98  195
  97  196
  97  249
 109  249
 110  250
 110  251
 111  252
 111  253
 112  254
 112  255
 113  256
 113  257
 114  258
 114  259
 115  260
 115  261
 116  262
 116  264
 117  265
 117  266
 119  268
 119  269
 120  270
 120  271
 122  273
 122  274
 123  275
 124  275
 126  277
 127  277
 128  278
 129  278
 131  280
 132  280
 133  281
 135  281
 136  282
 137  282
 138  283
 142  283
 143  282
 146  282
 147  281
 149  281
 150  280
 151  280
 152  279
 153  279
 155  277
 156  277
 158  275
 159  275
 166  268
 166  267
 168  265
 168  264
 169  263
 169  262
 170  261
 170  259
 171  258
 171  257
 172  256
 172  254
 171  253
 171  251
 170  250
 170  248
 169  247
 169  246
 158  235
 157  235
 154  232
 154  217
 156  215
 157  215
 158  214
 159  214
 162  211
 163  211
 171  203
 171  202
 172  201
 172  200
 174  198
 174  196
 175  195
 175  194
 176  193
 176  189
 177  188
 177  185
 178  184
 178  177
 177  176
 177  171
 176  170
 176  166
 175  165
 175  163
 174  162
 174  161
 173  160
 173  159
 171  157
 171  156
 167  152
 166  152
 164  150
 163  150
 160  147
