 214   32
 213   33
 210   33
 209   34
 206   34
 205   35
 202   35
 201   36
 199   36
 198   37
 197   37
 196   38
 194   38
 193   39
 192   39
 191   40
 189   40
 188   41
 186   41
 185   42
 184   42
 183   43
 182   43
 181   44
 180   44
 179   45
 178   45
 177   46
 176   46
 175   47
 174   47
 172   49
 171   49
 170   50
 169   50
 168   51
 167   51
 165   53
 164   53
 163   54
 162   54
 161   55
 160   55
 159   56
 158   56
 156   58
 155   58
 153   60
 152   60
 150   62
 149   62
 147   64
 146   64
 143   67
 142   67
 140   69
 139   69
 137   71
 136   71
 133   74
 132   74
 130   76
 129   76
 126   79
 125   79
 121   83
 120   83
 116   87
 115   87
 111   91
 110   91
 104   97
 103   97
  94  106
  93  106
  91  108
  91  109
  89  111
  88  111
  79  120
  78  120
  76  122
  75  122
  74  123
  73  123
  72  124
  71  124
  41  154
  40  154
  36  158
  35  158
  32  161
  31  161
  27  165
  26  165
  24  167
  23  167
  19  171
  18  171
  18  172
  17  173
  17  316
  18  317
  18  318
  19  319
  19  320
  21  322
  21  324
  23  326
  23  327
  24  328
  24  329
  25  330
  25  331
  26  332
  26  333
  28  335
  28  336
  32  340
  32  341
  34  343
  34  344
  36  346
  36  347
  39  350
  39  351
  49  361
  49  364
  50  365
  50  366
  51  367
  51  372
  52  373
  52  375
  53  376
  53  379
  54  380
  54  381
  55  382
  55  383
  56  384
  56  385
  59  388
  60  388
  65  393
  65  394
  66  394
  67  395
  68  395
  69  396
  72  396
  73  395
  74  395
  75  394
  76  394
  78  392
  97  392
  98  393
  99  393
 100  394
 101  393
 102  393
 103  392
 104  392
 105  391
 105  390
 107  388
 107  386
 108  385
 108  383
 109  382
 109  381
 110  380
 110  379
 111  378
 112  378
 114  376
 130  376
 131  375
 132  375
 136  371
 136  355
 140  351
 141  351
 142  350
 144  350
 145  349
 146  349
 148  347
 149  347
 150  346
 150  345
 152  343
 152  342
 153  341
 153  323
 161  315
 161  314
 162  313
 162  311
 160  309
 160  308
 158  306
 158  305
 156  303
 156  301
 155  300
 155  298
 154  297
 154  295
 153  294
 153  290
 152  289
 152  288
 151  287
 151  286
 149  284
 149  283
 145  279
 144  279
 138  273
 137  273
 133  269
 132  269
 130  267
 130  253
 131  252
 147  252
 148  253
 151  253
 152  254
 157  254
 158  253
 160  253
 161  252
 164  252
 165  251
 166  251
 167  250
 168  250
 173  245
 173  244
 176  241
 176  240
 177  239
 177  238
 178  237
 178  236
 179  235
 179  233
 181  231
 181  230
 183  228
 183  227
 193  217
 193  216
 194  215
 194  214
 195  213
 195  212
 196  211
 196  208
 197  207
 197  203
 198  202
 198  200
 199  199
 199  198
 202  195
 202  194
 205  191
 205  190
 206  189
 206  188
 207  187
 207  185
 208  184
 208  182
 209  181
 209  179
 210  178
 210  174
 211  173
 211  170
 212  169
 212  167
 216  163
 216  162
 220  158
 220  157
 221  156
 221  155
 222  154
 222  153
 223  152
 223  149
 224  148
 224  146
 225  145
 225  141
 226  140
 226  139
 227  138
 227  137
 229  135
 229  134
 230  133
 231  133
 233  131
 233  130
 235  128
 235  127
 237  125
 237  124
 238  123
 238  122
 240  120
 240  118
 241  117
 241  116
 242  115
 242  114
 243  113
 243  112
 244  111
 244  109
 245  108
 245  106
 246  105
 246  104
 247  103
 247  102
 248  101
 248  100
 249   99
 249   97
 250   96
 250   94
 251   93
 251   92
 252   91
 252   90
 253   89
 253   86
 254   85
 254   84
 255   83
 255   82
 256   81
 256   80
 257   79
 257   77
 258   76
 258   58
 257   57
 257   52
 256   51
 256   48
 255   47
 255   46
 254   45
 254   44
 250   40
 249   40
 248   39
 247   39
 246   38
 245   38
 243   36
 242   36
 241   35
 239   35
 238   34
 236   34
 235   33
 232   33
 231   32
