 172  114
 171  115
 169  115
 168  116
 167  116
 166  117
 164  117
 163  118
 162  118
 161  119
 160  119
 159  120
 158  120
 157  121
 156  121
 155  122
 154  122
 152  124
 151  124
 150  125
 149  125
 146  128
 145  128
 143  130
 142  130
 137  135
 136  135
 131  140
 130  140
 126  144
 125  144
 120  149
 119  149
 111  157
 110  157
 108  159
 107  159
 106  160
 106  161
  98  169
  86  169
  86  172
  82  176
  81  176
  79  178
  78  178
  77  179
  77  180
  76  181
  76  245
  78  247
  80  247
  81  248
  83  248
  84  249
  85  249
  88  252
  88  253
  96  261
  96  262
 100  266
 100  267
 102  269
 102  270
 104  272
 104  273
 105  274
 105  275
 106  276
 106  277
 107  278
 107  279
 108  280
 108  282
 109  283
 109  286
 110  287
 110  292
 111  293
 111  294
 112  295
 112  296
 113  297
 113  298
 116  301
 116  302
 117  303
 118  303
 122  307
 123  307
 126  310
 127  310
 129  312
 130  312
 131  313
 132  313
 133  314
 136  314
 137  315
 139  315
 140  316
 141  315
 146  315
 147  314
 150  314
 151  313
 153  313
 154  312
 155  312
 156  311
 157  311
 158  310
 159  310
 161  308
 162  308
 163  307
 164  307
 166  305
 167  305
 176  296
 176  295
 180  291
 180  290
 182  288
 182  287
 183  286
 183  285
 184  284
 184  280
 185  279
 185  277
 186  276
 186  272
 187  271
 187  270
 186  269
 186  263
 184  261
 184  260
 182  258
 182  257
 169  244
 168  244
 165  241
 164  241
 161  238
 160  238
 157  235
 156  235
 152  231
 152  217
 153  216
 159  216
 160  215
 164  215
 165  214
 167  214
 169  212
 171  212
 173  210
 174  210
 186  198
 186  197
 189  194
 189  193
 190  192
 190  191
 191  190
 191  189
 192  188
 192  187
 193  186
 193  184
 194  183
 194  182
 195  181
 195  178
 196  177
 196  175
 197  174
 197  168
 198  167
 198  163
 199  162
 199  142
 198  141
 198  139
 197  138
 197  134
 196  133
 196  132
 195  131
 195  129
 194  128
 194  127
 192  125
 192  124
 189  121
 188  121
 187  120
 186  120
 185  119
 184  119
 183  118
 182  118
 180  116
 179  116
 178  115
 176  115
 175  114
