 219   43
 218   44
 213   44
 212   45
 207   45
 206   46
 203   46
 202   47
 199   47
 198   48
 196   48
 195   49
 193   49
 192   50
 189   50
 188   51
 187   51
 186   52
 184   52
 183   53
 181   53
 180   54
 179   54
 178   55
 177   55
 176   56
 175   56
 174   57
 173   57
 172   58
 171   58
 170   59
 169   59
 168   60
 167   60
 166   61
 165   61
 164   62
 163   62
 161   64
 160   64
 159   65
 158   65
 156   67
 155   67
 154   68
 153   68
 151   70
 150   70
 149   71
 148   71
 146   73
 145   73
 143   75
 142   75
 140   77
 139   77
 137   79
 136   79
 135   80
 134   80
 131   83
 130   83
 128   85
 127   85
 124   88
 123   88
 121   90
 120   90
 118   92
 117   92
 115   94
 114   94
 112   96
 111   96
 107  100
 106  100
 104  102
 103  102
 100  105
  99  105
  96  108
  95  108
  92  111
  87  111
  86  112
  85  112
  84  113
  83  113
  79  117
  79  118
  76  121
  75  121
  69  127
  68  127
  67  128
  66  128
  64  130
  63  130
  61  132
  60  132
  59  133
  58  133
  56  135
  55  135
  53  137
  52  137
  50  139
  49  139
  47  141
  46  141
  43  144
  42  144
  39  147
  38  147
  36  149
  35  149
  32  152
  31  152
  27  156
  26  156
  23  159
  22  159
  19  162
  19  164
  18  165
  18  294
  19  295
  19  297
  20  297
  23  300
  23  301
  24  302
  24  303
  26  305
  26  306
  28  308
  28  309
  31  312
  31  313
  33  315
  33  316
  35  318
  35  319
  36  320
  36  321
  54  339
  55  339
  57  341
  57  342
  59  344
  59  345
  61  347
  61  348
  67  354
  67  355
  69  357
  69  358
  70  359
  70  360
  72  362
  72  363
  74  365
  74  366
  86  378
  87  378
  88  379
  89  379
  90  380
  91  380
  92  381
  93  381
  94  382
 106  382
 107  383
 112  383
 113  382
 114  382
 116  380
 117  380
 120  377
 122  377
 123  376
 132  376
 133  375
 136  375
 138  373
 139  373
 140  372
 140  371
 141  370
 141  369
 142  368
 142  366
 143  365
 143  362
 144  361
 144  359
 145  358
 145  356
 149  352
 150  352
 152  350
 153  350
 155  348
 156  348
 156  347
 158  345
 158  321
 159  320
 159  319
 160  318
 160  317
 163  314
 163  313
 165  311
 165  309
 163  307
 163  306
 162  305
 162  304
 160  302
 160  300
 159  299
 159  285
 158  284
 158  280
 156  278
 156  277
 155  276
 155  275
 153  273
 153  272
 151  270
 151  269
 147  265
 147  264
 145  262
 145  261
 138  254
 138  253
 137  252
 137  238
 138  237
 165  237
 166  236
 168  236
 169  235
 170  235
 171  234
 172  234
 178  228
 178  227
 180  225
 180  224
 187  217
 187  216
 192  211
 192  210
 195  207
 195  206
 197  204
 197  202
 198  201
 198  200
 199  199
 199  197
 201  195
 201  194
 202  193
 202  192
 203  191
 203  190
 204  189
 204  188
 205  187
 205  186
 206  185
 206  184
 207  183
 207  182
 208  181
 208  180
 209  179
 209  178
 210  177
 210  175
 211  174
 211  172
 212  171
 212  167
 213  166
 213  165
 214  164
 214  163
 215  162
 215  161
 216  160
 216  159
 217  158
 217  157
 219  155
 219  154
 220  153
 220  152
 221  151
 221  149
 222  148
 222  147
 223  146
 223  145
 224  144
 224  143
 225  142
 225  140
 226  139
 226  138
 227  137
 227  136
 228  135
 228  134
 229  133
 229  132
 230  131
 230  129
 231  128
 231  127
 232  126
 232  125
 234  123
 234  122
 236  120
 236  119
 237  118
 237  117
 238  116
 238  113
 239  112
 239  111
 240  110
 240  108
 241  107
 241  106
 242  105
 242  104
 243  103
 243  101
 244  100
 244   99
 245   98
 245   95
 246   94
 246   93
 247   92
 247   90
 248   89
 248   88
 249   87
 249   84
 250   83
 250   82
 251   81
 251   80
 252   79
 252   78
 253   77
 253   75
 254   74
 254   72
 255   71
 255   69
 256   68
 256   61
 255   60
 255   59
 254   58
 254   57
 251   54
 250   54
 249   53
 248   53
 247   52
 246   52
 245   51
 244   51
 242   49
 241   49
 240   48
 238   48
 237   47
 235   47
 234   46
 232   46
 231   45
 226   45
 225   44
 220   44
