 161  146
 160  147
 159  147
 158  148
 157  148
 155  150
 154  150
 152  152
 151  152
 150  153
 149  153
 147  155
 146  155
 142  159
 141  159
 137  163
 136  163
 135  164
 134  164
 133  165
 132  165
 130  167
 129  167
 128  168
 127  168
 124  171
 120  171
 119  172
 118  172
 117  173
 116  173
 114  175
 113  175
 112  176
 104  176
 103  177
 103  178
 100  181
 100  182
  97  185
  96  185
  96  186
  95  187
  95  241
  97  243
 100  243
 102  245
 102  246
 104  248
 104  249
 106  251
 106  252
 107  253
 107  254
 108  255
 108  257
 109  258
 109  260
 110  261
 110  262
 111  263
 111  264
 112  265
 112  266
 113  267
 113  269
 114  270
 114  271
 115  272
 115  273
 118  276
 119  276
 123  280
 124  280
 126  282
 127  282
 128  283
 130  283
 131  284
 132  284
 133  283
 136  283
 137  282
 139  282
 140  281
 141  281
 153  269
 153  268
 155  266
 155  265
 156  264
 156  263
 157  262
 157  260
 158  259
 158  257
 159  256
 159  253
 160  252
 160  250
 159  249
 159  248
 156  245
 156  244
 153  241
 153  240
 152  239
 151  239
 143  231
 143  217
 144  216
 153  216
 154  215
 156  215
 157  214
 158  214
 159  213
 160  213
 167  206
 168  206
 169  205
 170  205
 171  204
 171  203
 173  201
 173  200
 174  199
 174  196
 175  195
 175  194
 176  193
 176  191
 177  190
 177  186
 178  185
 178  183
 179  182
 179  167
 178  166
 178  164
 177  163
 177  161
 176  160
 176  159
 175  158
 175  157
 164  146
