 169  125
 168  126
 165  126
 164  127
 162  127
 161  128
 160  128
 159  129
 157  129
 156  130
 155  130
 153  132
 152  132
 151  133
 150  133
 149  134
 148  134
 147  135
 146  135
 144  137
 143  137
 142  138
 141  138
 138  141
 137  141
 135  143
 134  143
 131  146
 130  146
 129  147
 128  147
 126  149
 125  149
 123  151
 122  151
 117  156
 116  156
 113  159
 112  159
 109  162
 108  162
 105  165
 102  165
 101  166
 100  166
 100  167
  99  168
  99  169
  97  171
  79  171
  79  239
  81  241
  83  241
  85  243
  85  244
  86  245
  86  246
  87  247
  87  248
  88  249
  88  250
  89  251
  89  252
  90  253
  90  254
  91  255
  91  256
  92  257
  92  258
  93  259
  93  260
  95  262
  95  263
  97  265
  97  266
  98  267
  98  268
 100  270
 100  272
 101  273
 101  275
 102  276
 102  277
 103  278
 103  280
 104  281
 104  282
 105  283
 105  284
 106  285
 106  286
 111  291
 111  292
 116  297
 117  297
 119  299
 120  299
 122  301
 123  301
 124  302
 126  302
 127  303
 128  303
 129  304
 137  304
 138  303
 139  303
 140  302
 142  302
 143  301
 144  301
 145  300
 146  300
 148  298
 149  298
 150  297
 151  297
 153  295
 154  295
 157  292
 157  291
 163  285
 163  284
 166  281
 166  280
 168  278
 168  277
 170  275
 170  273
 171  272
 171  270
 172  269
 172  261
 171  260
 171  257
 170  256
 170  254
 168  252
 168  251
 166  249
 166  248
 164  246
 164  245
 161  242
 160  242
 153  235
 153  221
 154  220
 155  220
 156  219
 159  219
 160  218
 162  218
 163  217
 165  217
 166  216
 168  216
 169  215
 170  215
 172  213
 173  213
 175  211
 176  211
 179  208
 179  207
 184  202
 184  201
 186  199
 186  198
 188  196
 188  195
 189  194
 189  193
 190  192
 190  191
 191  190
 191  189
 192  188
 192  185
 193  184
 193  181
 194  180
 194  175
 195  174
 195  158
 194  157
 194  152
 193  151
 193  149
 192  148
 192  146
 191  145
 191  144
 190  143
 190  142
 189  141
 189  140
 185  136
 185  135
 184  134
 183  134
 179  130
 178  130
 175  127
 174  127
 173  126
 172  126
 171  125
