 182  107
 181  108
 176  108
 175  109
 172  109
 171  110
 169  110
 168  111
 165  111
 164  112
 162  112
 161  113
 159  113
 158  114
 156  114
 155  115
 154  115
 153  116
 151  116
 150  117
 149  117
 148  118
 147  118
 146  119
 144  119
 143  120
 142  120
 141  121
 140  121
 139  122
 138  122
 137  123
 136  123
 135  124
 134  124
 133  125
 132  125
 131  126
 130  126
 129  127
 128  127
 127  128
 126  128
 125  129
 124  129
 123  130
 122  130
 120  132
 119  132
 118  133
 117  133
 116  134
 115  134
 113  136
 112  136
 110  138
 109  138
 108  139
 107  139
 105  141
 104  141
 102  143
 101  143
  99  145
  98  145
  96  147
  95  147
  92  150
  91  150
  89  152
  88  152
  85  155
  84  155
  82  157
  81  157
  77  161
  76  161
  73  164
  72  164
  66  170
  65  170
  61  174
  60  174
  57  177
  57  178
  56  179
  56  270
  57  271
  57  272
  59  274
  59  275
  62  278
  63  278
  68  283
  68  284
  69  285
  70  285
  71  286
  72  286
  74  288
  74  289
  76  291
  76  292
  78  294
  78  296
  80  298
  80  306
  81  307
  81  309
  82  310
  82  311
  84  313
  85  313
  91  319
  91  320
  92  320
  95  317
 103  317
 104  316
 105  316
 106  315
 106  314
 108  312
 108  310
 111  307
 120  307
 121  306
 123  306
 124  305
 124  303
 125  302
 125  297
 128  294
 134  294
 135  293
 137  293
 138  292
 138  291
 139  290
 139  282
 140  281
 140  280
 142  278
 144  278
 145  277
 147  277
 147  260
 148  259
 149  259
 150  258
 151  258
 152  257
 152  256
 150  254
 150  253
 148  251
 148  250
 146  248
 146  247
 144  245
 144  244
 141  241
 141  240
 140  239
 140  225
 141  224
 147  224
 148  223
 150  223
 151  222
 152  222
 153  221
 154  221
 157  218
 158  218
 159  217
 159  216
 163  212
 163  211
 169  205
 169  204
 170  203
 170  202
 171  201
 171  200
 172  199
 172  198
 173  197
 173  196
 174  195
 174  194
 176  192
 176  191
 177  190
 177  189
 178  188
 178  187
 180  185
 180  183
 182  181
 182  180
 183  179
 183  178
 185  176
 185  175
 186  174
 186  173
 187  172
 187  171
 188  170
 188  169
 189  168
 189  167
 191  165
 191  164
 195  160
 195  159
 200  154
 200  153
 206  147
 206  146
 209  143
 209  142
 211  140
 211  139
 212  138
 212  137
 214  135
 214  134
 215  133
 215  131
 216  130
 216  129
 217  128
 217  125
 218  124
 218  123
 217  122
 217  120
 213  116
 212  116
 209  113
 208  113
 207  112
 206  112
 204  110
 203  110
 202  109
 200  109
 199  108
 195  108
 194  107
