 174  130
 173  131
 168  131
 167  132
 164  132
 163  133
 161  133
 160  134
 158  134
 157  135
 156  135
 155  136
 153  136
 152  137
 151  137
 150  138
 149  138
 148  139
 147  139
 146  140
 144  140
 143  141
 142  141
 140  143
 139  143
 138  144
 137  144
 136  145
 135  145
 134  146
 133  146
 131  148
 130  148
 128  150
 127  150
 125  152
 124  152
 123  153
 122  153
 121  154
 120  154
 119  155
 118  155
 116  157
 115  157
 113  159
 112  159
 111  160
 110  160
 108  162
 107  162
 106  163
 104  163
 103  164
 101  164
 100  165
  99  165
  98  166
  97  166
  95  168
  90  168
  89  169
  88  169
  87  170
  86  170
  86  171
  84  173
  84  174
  83  175
  83  176
  81  178
  81  179
  78  182
  78  183
  77  184
  77  236
  79  238
  81  238
  82  239
  82  243
  83  244
  83  245
  87  249
  87  250
  89  252
  89  253
  90  254
  90  255
  91  256
  91  259
  92  260
  92  261
  93  262
  93  268
  94  269
  94  273
  95  274
  95  277
  96  278
  96  279
  99  282
  99  283
 101  285
 101  286
 104  289
 105  289
 107  291
 107  292
 108  292
 110  294
 111  294
 112  295
 113  295
 114  296
 115  296
 116  297
 121  297
 122  298
 128  298
 129  297
 131  297
 132  296
 134  296
 135  295
 136  295
 137  294
 139  294
 140  293
 141  293
 142  292
 143  292
 144  291
 145  291
 147  289
 148  289
 150  287
 151  287
 154  284
 155  284
 161  278
 161  277
 162  276
 162  275
 163  274
 163  273
 164  272
 164  270
 165  269
 165  258
 164  257
 164  254
 163  253
 163  252
 162  251
 162  250
 161  249
 161  248
 160  247
 160  246
 157  243
 157  242
 156  241
 156  239
 155  238
 155  237
 154  236
 153  236
 152  235
 151  235
 150  234
 150  219
 151  218
 154  218
 155  217
 158  217
 159  216
 161  216
 163  214
 164  214
 167  211
 168  211
 178  201
 178  200
 182  196
 182  195
 184  193
 184  192
 186  190
 186  188
 187  187
 187  186
 188  185
 188  184
 189  183
 189  182
 190  181
 190  180
 191  179
 191  176
 192  175
 192  174
 193  173
 193  169
 194  168
 194  166
 195  165
 195  161
 196  160
 196  158
 197  157
 197  152
 198  151
 198  149
 197  148
 197  146
 196  145
 196  144
 195  143
 195  142
 191  138
 190  138
 185  133
 184  133
 183  132
 181  132
 180  131
 178  131
 177  130
