 172   99
 171  100
 168  100
 167  101
 164  101
 163  102
 161  102
 160  103
 158  103
 157  104
 156  104
 155  105
 154  105
 153  106
 152  106
 151  107
 150  107
 149  108
 148  108
 147  109
 146  109
 145  110
 144  110
 142  112
 141  112
 140  113
 139  113
 137  115
 136  115
 135  116
 134  116
 132  118
 131  118
 129  120
 128  120
 125  123
 124  123
 123  124
 122  124
 120  126
 119  126
 113  132
 112  132
 106  138
 105  138
 100  143
  99  143
  94  148
  93  148
  87  154
  86  154
  84  156
  83  156
  82  157
  81  157
  80  158
  79  158
  78  159
  77  159
  76  160
  75  160
  74  161
  73  161
  73  162
  72  163
  72  257
  78  257
  80  259
  80  261
  81  262
  81  263
  82  264
  82  268
  83  269
  83  276
  84  277
  84  278
  85  279
  85  280
  88  283
  89  283
  91  285
  91  287
  92  288
  92  292
  93  293
  93  298
  94  299
  94  302
  95  303
  95  304
  97  306
  97  307
  99  309
 100  309
 105  314
 105  315
 106  316
 107  315
 123  315
 129  321
 130  320
 130  319
 131  318
 131  317
 134  314
 146  314
 144  312
 144  311
 143  310
 143  293
 145  291
 151  291
 152  290
 154  290
 155  289
 152  286
 152  270
 154  268
 155  268
 156  267
 159  267
 160  266
 161  266
 161  265
 157  261
 156  261
 154  259
 154  243
 150  239
 150  238
 146  234
 146  232
 145  231
 145  216
 146  215
 148  215
 149  214
 153  214
 154  213
 157  213
 158  212
 160  212
 161  211
 163  211
 164  210
 165  210
 167  208
 168  208
 171  205
 171  204
 174  201
 174  200
 176  198
 176  197
 177  196
 177  195
 178  194
 178  192
 179  191
 179  190
 180  189
 180  188
 181  187
 181  186
 182  185
 182  184
 183  183
 183  182
 184  181
 184  179
 185  178
 185  175
 186  174
 186  172
 187  171
 187  170
 188  169
 188  167
 189  166
 189  164
 190  163
 190  162
 191  161
 191  159
 192  158
 192  156
 193  155
 193  154
 194  153
 194  152
 195  151
 195  150
 196  149
 196  147
 197  146
 197  144
 198  143
 198  141
 199  140
 199  139
 200  138
 200  135
 201  134
 201  133
 202  132
 202  125
 203  124
 202  123
 202  121
 201  120
 201  119
 200  118
 200  116
 199  115
 199  114
 197  112
 197  111
 195  109
 194  109
 193  108
 192  108
 191  107
 189  107
 186  104
 186  103
 185  102
 184  102
 183  101
 182  101
 181  100
 179  100
 178   99
