 167  131
 166  132
 163  132
 162  133
 159  133
 158  134
 157  134
 156  135
 155  135
 154  136
 152  136
 151  137
 150  137
 149  138
 148  138
 147  139
 146  139
 145  140
 144  140
 143  141
 142  141
 141  142
 140  142
 138  144
 137  144
 135  146
 134  146
 132  148
 131  148
 129  150
 128  150
 126  152
 125  152
 123  154
 122  154
 120  156
 119  156
 117  158
 115  158
 113  160
 112  160
 111  161
 110  161
 108  163
 107  163
 105  165
 100  165
  97  168
  97  169
  95  171
  94  171
  93  172
  88  172
  87  173
  86  173
  85  174
  84  174
  81  177
  81  178
  80  179
  80  180
  79  181
  79  246
  81  248
  83  248
  85  250
  85  251
  86  252
  86  253
  87  254
  87  255
  88  255
  89  256
  90  256
  93  259
  93  263
  94  264
  94  267
  95  268
  95  271
  96  272
  96  273
  97  274
  97  275
  99  277
  99  278
 100  279
 100  280
 102  282
 102  283
 107  288
 108  288
 113  293
 114  293
 115  294
 116  294
 117  295
 118  295
 119  296
 120  296
 121  297
 124  297
 125  298
 132  298
 133  297
 135  297
 136  296
 137  296
 138  295
 140  295
 141  294
 142  294
 143  293
 144  293
 146  291
 147  291
 151  287
 152  287
 158  281
 158  280
 160  278
 160  277
 161  276
 161  275
 162  274
 162  273
 163  272
 163  271
 164  270
 164  269
 165  268
 165  266
 166  265
 166  262
 167  261
 167  257
 166  256
 166  254
 165  253
 165  252
 164  251
 164  250
 163  249
 163  248
 160  245
 160  244
 157  241
 157  240
 154  237
 154  236
 152  234
 152  220
 153  219
 156  219
 157  218
 158  218
 159  217
 161  217
 163  215
 164  215
 165  214
 166  214
 169  211
 170  211
 180  201
 180  200
 182  198
 182  197
 185  194
 185  193
 187  191
 187  190
 188  189
 188  188
 189  187
 189  186
 190  185
 190  184
 191  183
 191  181
 192  180
 192  178
 193  177
 193  173
 194  172
 194  169
 195  168
 195  161
 194  160
 194  156
 193  155
 193  152
 192  151
 192  150
 191  149
 191  148
 190  147
 190  146
 188  144
 188  143
 186  141
 185  141
 182  138
 181  138
 179  136
 178  136
 176  134
 175  134
 174  133
 173  133
 172  132
 170  132
 169  131
