 171  132
 170  133
 167  133
 166  134
 163  134
 162  135
 161  135
 160  136
 159  136
 158  137
 157  137
 156  138
 155  138
 154  139
 153  139
 152  140
 151  140
 149  142
 148  142
 146  144
 145  144
 143  146
 142  146
 141  147
 140  147
 136  151
 135  151
 131  155
 130  155
 129  156
 127  156
 126  157
 125  157
 124  158
 124  159
 119  164
 118  164
 115  167
  99  167
  98  166
  97  166
  96  165
  96  164
  95  164
  94  165
  94  166
  92  168
  92  169
  91  170
  91  171
  89  173
  89  174
  86  177
  86  178
  85  179
  85  254
  97  254
  99  256
  99  257
 100  258
 100  259
 103  262
 104  262
 106  264
 107  264
 109  266
 109  267
 110  268
 110  270
 111  271
 111  272
 112  273
 112  274
 113  275
 113  276
 114  277
 114  278
 116  280
 116  281
 118  283
 118  284
 119  285
 120  285
 127  292
 128  292
 129  293
 130  293
 131  294
 132  294
 133  295
 135  295
 136  296
 143  296
 144  295
 146  295
 147  294
 148  294
 149  293
 151  293
 153  291
 154  291
 155  290
 156  290
 157  289
 158  289
 165  282
 165  281
 168  278
 168  277
 169  276
 169  275
 170  274
 170  272
 171  271
 171  270
 172  269
 172  266
 173  265
 173  264
 174  263
 174  253
 173  252
 173  251
 172  250
 172  249
 169  246
 169  245
 162  238
 161  238
 157  234
 156  234
 154  232
 154  218
 155  217
 156  217
 157  216
 161  216
 162  215
 164  215
 165  214
 166  214
 169  211
 170  211
 177  204
 177  203
 178  202
 178  201
 180  199
 180  198
 181  197
 181  196
 182  195
 182  194
 183  193
 183  192
 184  191
 184  189
 185  188
 185  186
 186  185
 186  183
 187  182
 187  178
 188  177
 188  173
 189  172
 189  153
 188  152
 188  150
 187  149
 187  147
 186  146
 186  145
 185  144
 185  143
 184  142
 184  141
 182  139
 181  139
 177  135
 176  135
 175  134
 174  134
 173  133
 172  133
