 166  124
 165  125
 162  125
 161  126
 160  126
 159  127
 158  127
 157  128
 155  128
 154  129
 153  129
 151  131
 150  131
 149  132
 148  132
 146  134
 145  134
 143  136
 142  136
 140  138
 139  138
 135  142
 134  142
 131  145
 130  145
 128  147
 127  147
 120  154
 119  154
 117  156
 116  156
 111  161
 111  162
 100  173
 100  174
  94  180
  94  181
  87  188
  87  189
  86  190
  86  244
  89  247
  89  249
  91  251
  91  252
  92  253
  92  254
  93  255
  93  256
  95  258
  95  261
  96  262
  96  264
  97  265
  97  267
  98  268
  98  273
  99  274
  99  279
 100  280
 100  283
 101  284
 101  285
 102  286
 102  287
 109  294
 109  295
 113  299
 114  299
 116  301
 117  301
 118  302
 119  302
 121  304
 123  304
 124  305
 125  305
 126  306
 128  306
 129  305
 132  305
 133  304
 136  304
 137  303
 138  303
 139  302
 140  302
 142  300
 143  300
 144  299
 145  299
 147  297
 148  297
 158  287
 158  286
 162  282
 162  281
 163  280
 163  279
 165  277
 165  275
 166  274
 166  273
 167  272
 167  268
 168  267
 168  263
 167  262
 167  260
 166  259
 166  258
 165  257
 165  256
 163  254
 163  253
 161  251
 161  250
 147  236
 147  221
 148  220
 153  220
 154  219
 155  219
 156  218
 158  218
 159  217
 160  217
 161  216
 162  216
 163  215
 164  215
 165  214
 166  214
 169  211
 170  211
 179  202
 179  201
 180  200
 180  199
 181  198
 181  197
 182  196
 182  195
 183  194
 183  193
 184  192
 184  189
 185  188
 185  186
 186  185
 186  182
 187  181
 187  170
 188  169
 188  161
 187  160
 187  154
 186  153
 186  151
 185  150
 185  147
 184  146
 184  144
 182  142
 182  141
 181  140
 181  139
 179  137
 179  136
 177  134
 176  134
 174  132
 173  132
 166  125
