 182   83
 181   84
 177   84
 176   85
 173   85
 172   86
 168   86
 167   87
 166   87
 165   88
 163   88
 162   89
 161   89
 160   90
 159   90
 158   91
 156   91
 155   92
 154   92
 153   93
 152   93
 151   94
 150   94
 148   96
 147   96
 146   97
 145   97
 144   98
 143   98
 142   99
 141   99
 139  101
 138  101
 136  103
 135  103
 133  105
 132  105
 130  107
 129  107
 128  108
 127  108
 124  111
 123  111
 121  113
 120  113
 116  117
 115  117
 112  120
 111  120
 108  123
 107  123
 104  126
 103  126
 100  129
  99  129
  95  133
  94  133
  90  137
  89  137
  84  142
  83  142
  78  147
  77  147
  74  150
  73  150
  72  151
  71  151
  70  152
  68  152
  67  153
  65  153
  64  154
  64  155
  63  156
  63  239
  64  240
  64  242
  65  243
  65  244
  66  245
  66  246
  68  248
  68  250
  69  251
  69  252
  70  253
  70  254
  71  255
  71  256
  72  257
  72  259
  73  260
  73  261
  74  262
  74  265
  75  266
  75  269
  76  270
  76  272
  77  273
  77  275
  79  277
  79  278
  80  279
  80  280
  86  286
  86  287
  89  290
  90  290
  94  294
  94  304
  95  305
  95  306
  96  307
  96  309
  97  310
  97  312
  99  314
  99  315
 108  324
 111  321
 125  321
 128  324
 129  324
 131  326
 131  327
 132  328
 133  328
 133  327
 134  326
 134  325
 135  324
 135  322
 137  320
 152  320
 153  321
 153  322
 155  324
 155  326
 157  328
 157  329
 159  331
 159  333
 160  334
 160  335
 161  336
 163  336
 165  338
 165  339
 166  340
 166  341
 167  342
 167  343
 168  343
 169  344
 171  342
 171  341
 170  340
 170  338
 155  323
 155  322
 151  318
 151  317
 150  316
 150  298
 151  297
 151  296
 154  293
 155  293
 156  292
 157  292
 158  291
 159  291
 157  289
 157  288
 156  287
 156  270
 157  269
 157  266
 161  262
 158  259
 157  259
 153  255
 153  254
 151  252
 151  232
 152  231
 151  230
 151  229
 142  220
 142  205
 143  204
 159  204
 160  203
 161  203
 162  202
 164  202
 177  189
 177  188
 178  187
 178  186
 181  183
 181  182
 183  180
 183  179
 186  176
 186  175
 188  173
 188  172
 190  170
 190  169
 191  168
 191  167
 192  166
 192  165
 193  164
 193  163
 194  162
 194  160
 195  159
 195  158
 196  157
 196  155
 197  154
 197  153
 198  152
 198  150
 199  149
 199  148
 200  147
 200  145
 201  144
 201  143
 202  142
 202  141
 203  140
 203  138
 204  137
 204  136
 205  135
 205  131
 206  130
 206  128
 207  127
 207  123
 208  122
 208  119
 209  118
 209  114
 210  113
 210  110
 211  109
 211  104
 210  103
 210  101
 209  100
 209   97
 207   95
 207   94
 204   91
 203   91
 202   90
 201   90
 198   87
 197   87
 196   86
 194   86
 193   85
 191   85
 190   84
 185   84
 184   83
