 165  107
 164  108
 160  108
 159  109
 157  109
 156  110
 154  110
 153  111
 151  111
 150  112
 149  112
 148  113
 146  113
 145  114
 143  114
 142  115
 141  115
 140  116
 139  116
 137  118
 136  118
 135  119
 134  119
 131  122
 130  122
 129  123
 128  123
 125  126
 124  126
 120  130
 119  130
 108  141
 107  141
 104  144
  88  144
  87  143
  87  212
  88  213
  88  214
  89  215
  89  217
  90  218
  90  219
  91  220
  91  221
  92  222
  92  223
  95  226
  95  228
  96  229
  96  231
  97  232
  97  233
  98  234
  98  235
 100  237
 100  238
 105  243
 105  252
 106  253
 106  254
 107  254
 109  256
 109  257
 111  259
 111  260
 113  262
 113  263
 120  270
 121  270
 122  271
 123  271
 124  272
 125  272
 127  274
 128  274
 129  275
 130  275
 131  276
 133  276
 134  277
 136  277
 137  278
 138  278
 146  286
 146  287
 149  290
 148  289
 148  288
 146  286
 146  284
 144  282
 144  281
 142  279
 142  278
 140  276
 140  275
 139  274
 139  273
 138  272
 138  270
 137  269
 137  253
 138  252
 141  252
 141  236
 146  231
 146  219
 148  217
 148  216
 150  214
 150  207
 149  206
 149  190
 150  189
 151  189
 153  187
 154  187
 156  185
 156  184
 158  182
 158  181
 160  179
 160  178
 161  177
 161  176
 162  175
 162  174
 163  173
 163  172
 164  171
 164  169
 165  168
 165  167
 166  166
 166  165
 167  164
 167  163
 168  162
 168  160
 169  159
 169  158
 170  157
 170  156
 172  154
 172  153
 173  152
 173  149
 174  148
 174  147
 175  146
 175  145
 176  144
 176  143
 178  141
 178  139
 180  137
 180  136
 181  135
 181  134
 182  133
 182  132
 183  131
 183  130
 184  129
 184  128
 185  127
 185  125
 186  124
 186  122
 187  121
 187  118
 182  113
 181  113
 179  111
 178  111
 177  110
 176  110
 175  109
 174  109
 173  108
 170  108
 169  107
