 164  131
 163  132
 160  132
 159  133
 158  133
 157  134
 156  134
 154  136
 153  136
 152  137
 151  137
 148  140
 147  140
 145  142
 144  142
 141  145
 140  145
 136  149
 135  149
 129  155
 128  155
 127  156
 126  156
 125  157
 124  157
 123  158
 122  158
 121  159
 120  159
 120  160
 111  169
 109  169
 108  170
 107  170
 105  172
 103  172
 102  173
 100  173
  99  174
  98  174
  97  175
  96  175
  95  176
  94  176
  93  177
  92  177
  91  178
  90  178
  89  179
  88  179
  88  180
  87  181
  87  246
  89  248
  92  248
  94  250
  94  251
  98  255
  98  256
 100  258
 100  259
 101  260
 101  261
 102  262
 102  263
 103  264
 103  265
 104  266
 104  268
 105  269
 105  271
 106  272
 106  274
 107  275
 107  276
 109  278
 109  279
 110  280
 110  281
 113  284
 113  285
 114  286
 115  286
 123  294
 124  294
 126  296
 127  296
 128  297
 130  297
 131  298
 133  298
 134  299
 135  298
 138  298
 139  297
 142  297
 143  296
 144  296
 145  295
 147  295
 148  294
 149  294
 150  293
 151  293
 152  292
 154  292
 156  290
 157  290
 158  289
 159  289
 161  287
 162  287
 164  285
 165  285
 168  282
 169  282
 172  279
 172  278
 175  275
 175  274
 176  273
 176  272
 177  271
 177  270
 178  269
 178  268
 179  267
 179  264
 180  263
 179  262
 179  259
 178  258
 178  257
 177  256
 177  255
 175  253
 175  252
 162  239
 161  239
 158  236
 157  236
 155  234
 155  220
 156  219
 157  219
 158  218
 160  218
 162  216
 163  216
 167  212
 168  212
 169  211
 169  210
 175  204
 175  203
 178  200
 178  199
 180  197
 180  196
 181  195
 181  193
 182  192
 182  191
 183  190
 183  189
 184  188
 184  185
 185  184
 185  182
 186  181
 186  174
 187  173
 187  169
 188  168
 188  166
 187  165
 187  157
 186  156
 186  150
 185  149
 185  148
 184  147
 184  145
 183  144
 183  143
 176  136
 175  136
 173  134
 172  134
 170  132
 168  132
 167  131
