 164  146
 163  147
 161  147
 160  148
 158  148
 157  149
 156  149
 155  150
 153  150
 152  151
 151  151
 150  152
 149  152
 146  155
 145  155
 144  156
 143  156
 141  158
 140  158
 138  160
 137  160
 135  162
 134  162
 132  164
 131  164
 128  167
 127  167
 126  168
 125  168
 124  169
 123  169
 122  170
 111  170
 110  171
 109  171
 107  173
 106  173
 104  175
 103  175
  99  179
  98  179
  98  180
  94  184
  94  238
  96  240
 100  240
 101  241
 101  242
 108  249
 108  250
 109  251
 109  262
 110  263
 110  266
 111  267
 111  268
 113  270
 113  271
 119  277
 120  277
 122  279
 123  279
 125  281
 126  281
 127  282
 128  282
 129  283
 131  283
 132  282
 135  282
 136  281
 139  281
 140  280
 141  280
 142  279
 143  279
 145  277
 146  277
 147  276
 148  276
 150  274
 151  274
 157  268
 157  267
 159  265
 159  264
 160  263
 160  262
 161  261
 161  259
 162  258
 162  255
 163  254
 163  249
 162  248
 162  247
 161  246
 161  245
 159  243
 159  242
 157  240
 157  239
 150  232
 150  218
 151  217
 153  217
 154  216
 155  216
 156  215
 158  215
 159  214
 160  214
 161  213
 162  213
 163  212
 164  212
 167  209
 167  208
 173  202
 173  201
 174  200
 174  199
 175  198
 175  196
 176  195
 176  194
 177  193
 177  191
 178  190
 178  187
 179  186
 179  182
 180  181
 180  178
 181  177
 181  166
 180  165
 180  163
 179  162
 179  160
 178  159
 178  158
 177  157
 177  156
 176  155
 176  154
 174  152
 173  152
 170  149
 169  149
 168  148
 167  148
 166  147
 165  147
