 160    0
 160   12
 157   15
 157   16
 155   18
 154   18
 150   22
 149   22
 147   24
 146   24
 138   32
 137   32
 137   33
 104   66
 104   67
  98   73
  98   74
  94   78
  94   79
  89   84
  89   85
  85   89
  85   90
  81   94
  81   95
  80   96
  80   97
  76  101
  76  102
  74  104
  74  105
  72  107
  72  108
  70  110
  70  111
  68  113
  68  114
  66  116
  66  117
  64  119
  50  119
  49  118
  49  117
  48  116
  48  114
  47  113
  46  113
  45  112
  44  113
  44  119
  43  120
  43  122
  42  123
  42  125
  41  126
  41  129
  39  131
  39  132
  38  133
  38  134
  37  135
  37  136
  35  138
  35  139
  34  140
  34  141
  33  142
  33  143
  32  144
  32  145
  31  146
  31  147
  30  148
  30  150
  28  152
  28  153
  24  157
  24  159
  23  160
  23  336
  24  337
  24  340
  25  341
  25  342
  27  344
  27  345
  28  346
  28  347
  29  348
  29  349
  31  351
  31  352
  32  353
  32  354
  33  355
  33  356
  35  358
  35  359
  36  360
  36  361
  39  364
  39  365
  40  366
  40  367
  42  369
  42  370
  43  371
  43  372
  45  374
  45  375
  47  377
  47  378
  49  380
  49  381
  53  385
  53  386
  59  392
  59  393
  63  397
  64  397
  66  399
  66  400
  73  407
  73  408
  74  409
  74  413
  75  414
  75  415
  76  416
  76  419
  77  420
  77  428
 164  428
 164  421
 165  420
 166  420
 167  419
 167  418
 169  416
 169  415
 170  414
 170  409
 171  408
 171  401
 172  400
 172  398
 174  396
 174  395
 175  394
 176  394
 178  392
 185  392
 186  391
 188  391
 190  389
 190  387
 189  386
 189  384
 187  382
 187  359
 189  357
 189  356
 194  351
 195  351
 196  350
 197  350
 198  349
 198  348
 196  346
 196  345
 194  343
 194  342
 193  341
 193  340
 191  338
 191  337
 190  336
 190  335
 189  334
 189  315
 191  313
 183  305
 182  305
 179  302
 178  302
 176  300
 175  300
 172  297
 171  297
 168  294
 167  294
 165  292
 164  292
 160  288
 159  288
 155  284
 155  283
 153  281
 152  281
 148  277
 147  277
 145  275
 144  275
 141  272
 140  272
 139  271
 139  257
 140  256
 150  256
 151  255
 157  255
 158  254
 161  254
 162  253
 165  253
 166  252
 169  252
 170  251
 172  251
 173  250
 174  250
 175  249
 177  249
 178  248
 179  248
 180  247
 181  247
 182  246
 183  246
 185  244
 186  244
 188  242
 189  242
 193  238
 193  237
 196  234
 196  233
 197  232
 197  230
 198  229
 198  228
 199  227
 199  226
 200  225
 200  223
 201  222
 201  221
 202  220
 202  216
 203  215
 203  214
 204  213
 204  212
 206  210
 206  209
 207  208
 207  207
 208  206
 208  205
 209  204
 209  203
 210  202
 210  200
 211  199
 211  195
 212  194
 212  192
 213  191
 213  187
 214  186
 214  185
 215  184
 215  181
 216  180
 216  179
 217  178
 217  177
 218  176
 218  175
 219  174
 219  171
 218  171
 216  169
 215  169
 213  167
 212  167
 211  166
 211  146
 212  145
 214  145
 215  144
 222  144
 226  140
 226  138
 227  137
 227  135
 228  134
 228  115
 229  114
 229  112
 230  111
 230  110
 231  109
 231  107
 232  106
 232  105
 233  104
 233  103
 234  102
 234  100
 235   99
 235   96
 236   95
 236   92
 237   91
 237   86
 238   85
 238   83
 239   82
 239   80
 240   79
 240   77
 241   76
 241   75
 242   74
 242   73
 243   72
 243   70
 244   69
 244   67
 245   66
 245   64
 246   63
 246   60
 247   59
 247   56
 248   55
 248   52
 249   51
 249   48
 250   47
 250   38
 251   37
 251   22
 250   21
 250   13
 249   12
 249   10
 248    9
 248    0
