 173  125
 172  126
 168  126
 167  127
 164  127
 163  128
 161  128
 160  129
 158  129
 157  130
 155  130
 154  131
 152  131
 151  132
 150  132
 149  133
 147  133
 146  134
 145  134
 144  135
 143  135
 142  136
 141  136
 140  137
 139  137
 138  138
 137  138
 136  139
 135  139
 134  140
 133  140
 132  141
 131  141
 129  143
 128  143
 125  146
 124  146
 122  148
 121  148
 119  150
 118  150
 116  152
 115  152
 112  155
 111  155
 109  157
 108  157
 104  161
 103  161
  97  167
  96  167
  86  177
  86  178
  84  180
  83  180
  79  184
  79  185
  77  187
  77  188
  75  190
  75  191
  74  192
  74  268
  75  269
  75  270
  77  272
  77  273
  78  274
  78  275
  79  276
  79  278
  81  280
  81  282
  82  283
  82  284
  83  285
  83  286
  84  287
  85  287
  93  295
  96  295
  97  296
  99  296
 104  301
 117  301
 119  299
 119  298
 120  297
 130  297
 132  295
 132  294
 133  293
 133  284
 136  281
 137  281
 138  280
 138  278
 139  277
 139  266
 143  262
 143  261
 142  260
 142  257
 141  256
 141  254
 140  253
 140  250
 139  249
 139  248
 138  247
 138  246
 136  244
 136  243
 134  241
 134  227
 135  226
 144  226
 145  225
 148  225
 149  224
 150  224
 151  223
 153  223
 155  221
 156  221
 162  215
 162  214
 164  212
 164  211
 165  210
 165  209
 166  208
 166  207
 167  206
 167  205
 168  204
 168  203
 170  201
 170  199
 171  198
 171  197
 173  195
 173  194
 174  193
 174  191
 176  189
 176  188
 177  187
 177  186
 178  185
 178  184
 179  183
 179  182
 181  180
 181  179
 182  178
 182  177
 183  176
 183  175
 185  173
 185  171
 186  170
 186  169
 187  168
 187  167
 188  166
 188  165
 189  164
 189  162
 190  161
 190  160
 191  159
 191  158
 193  156
 193  155
 194  154
 194  153
 195  152
 195  151
 196  150
 196  149
 197  148
 197  147
 198  146
 198  145
 199  144
 199  142
 200  141
 200  139
 199  138
 199  137
 198  136
 198  135
 195  132
 194  132
 193  131
 192  131
 190  129
 189  129
 187  127
 185  127
 184  126
 183  126
 182  125
