 170  122
 169  123
 166  123
 165  124
 164  124
 163  125
 162  125
 161  126
 160  126
 159  127
 158  127
 157  128
 156  128
 155  129
 154  129
 153  130
 152  130
 150  132
 149  132
 145  136
 144  136
 139  141
 138  141
 134  145
 133  145
 131  147
 130  147
 116  161
 115  161
 114  162
 113  162
 110  165
 104  165
 103  166
  92  166
  90  168
  90  169
  87  172
  87  173
  86  174
  85  174
  83  176
  83  256
  96  256
 101  261
 101  262
 104  265
 104  266
 106  268
 106  269
 110  273
 110  274
 111  275
 111  276
 113  278
 113  279
 115  281
 115  282
 118  285
 118  286
 120  288
 120  289
 123  292
 123  293
 129  299
 130  299
 134  303
 135  303
 136  304
 137  304
 138  305
 139  305
 140  306
 143  306
 144  307
 148  307
 149  306
 151  306
 152  305
 154  305
 155  304
 156  304
 157  303
 158  303
 159  302
 160  302
 162  300
 163  300
 165  298
 166  298
 174  290
 174  289
 175  288
 175  287
 178  284
 178  283
 180  281
 180  280
 181  279
 181  278
 182  277
 182  275
 183  274
 183  265
 182  264
 182  261
 181  260
 181  256
 180  255
 180  254
 179  253
 179  252
 167  240
 167  239
 165  237
 165  236
 162  233
 161  233
 160  232
 159  232
 158  231
 158  217
 160  215
 161  215
 162  214
 164  214
 165  213
 166  213
 167  212
 168  212
 170  210
 171  210
 177  204
 177  203
 181  199
 181  198
 183  196
 183  195
 184  194
 184  192
 185  191
 185  190
 186  189
 186  187
 187  186
 187  184
 188  183
 188  181
 189  180
 189  175
 190  174
 190  171
 191  170
 191  154
 190  153
 190  150
 189  149
 189  145
 188  144
 188  142
 187  141
 187  138
 186  137
 186  136
 185  135
 185  134
 184  133
 184  132
 180  128
 179  128
 177  126
 176  126
 174  124
 173  124
 172  123
 171  123
