 162  123
 161  124
 159  124
 158  125
 157  125
 156  126
 155  126
 153  128
 152  128
 151  129
 150  129
 149  130
 148  130
 145  133
 144  133
 141  136
 140  136
 136  140
 135  140
 131  144
 130  144
 127  147
 126  147
 122  151
 121  151
 117  155
 116  155
 111  160
 110  160
  99  171
  98  171
  97  172
  95  172
  94  173
  93  173
  91  175
  90  175
  85  180
  85  181
  84  182
  84  239
  87  242
  87  243
  88  244
  88  246
  89  247
  89  248
  91  250
  91  251
  92  252
  92  254
  93  255
  93  256
  94  257
  94  258
  95  259
  95  260
  96  261
  96  262
  98  264
  98  265
  99  266
  99  267
 101  269
 101  271
 102  272
 102  275
 103  276
 103  284
 104  285
 104  286
 106  288
 106  289
 118  301
 119  301
 120  302
 121  302
 122  303
 123  303
 124  304
 125  304
 126  305
 129  305
 130  306
 136  306
 137  305
 139  305
 140  304
 142  304
 143  303
 144  303
 145  302
 146  302
 147  301
 148  301
 149  300
 150  300
 151  299
 152  299
 154  297
 155  297
 158  294
 159  294
 167  286
 167  285
 168  284
 168  283
 170  281
 170  279
 171  278
 171  277
 172  276
 172  274
 173  273
 173  270
 174  269
 174  263
 173  262
 173  259
 172  258
 172  257
 171  256
 171  255
 170  254
 170  253
 168  251
 168  250
 161  243
 160  243
 150  233
 150  219
 152  217
 157  217
 158  216
 160  216
 161  215
 162  215
 163  214
 164  214
 166  212
 167  212
 169  210
 170  210
 177  203
 177  202
 178  201
 178  200
 179  199
 179  198
 180  197
 180  196
 181  195
 181  194
 182  193
 182  192
 183  191
 183  189
 184  188
 184  187
 185  186
 185  185
 186  184
 186  182
 187  181
 187  177
 188  176
 188  168
 189  167
 189  165
 190  164
 190  151
 189  150
 189  149
 188  148
 188  145
 187  144
 187  143
 186  142
 186  141
 185  140
 185  139
 182  136
 182  135
 178  131
 177  131
 172  126
 171  126
 169  124
 168  124
 167  123
