 177  121
 176  122
 173  122
 172  123
 169  123
 168  124
 166  124
 165  125
 162  125
 161  126
 160  126
 159  127
 157  127
 156  128
 155  128
 154  129
 153  129
 152  130
 151  130
 150  131
 149  131
 147  133
 146  133
 145  134
 144  134
 143  135
 142  135
 140  137
 139  137
 137  139
 136  139
 134  141
 133  141
 131  143
 130  143
 126  147
 125  147
 123  149
 122  149
 120  151
 106  151
 105  150
 105  141
 104  140
 103  141
 102  141
 101  142
 100  142
  97  145
  96  145
  89  152
  89  153
  84  158
  84  159
  81  162
  81  163
  78  166
  78  167
  77  168
  77  169
  76  170
  76  171
  75  172
  75  268
  76  269
  76  270
  78  272
  78  273
  80  275
  80  276
  82  278
  82  279
  86  283
  86  284
  94  292
  95  292
 103  300
 104  300
 105  301
 106  301
 107  302
 110  302
 113  305
 114  304
 128  304
 129  303
 129  302
 131  300
 139  300
 140  299
 141  299
 142  298
 143  298
 143  297
 144  296
 144  287
 145  286
 145  285
 148  282
 148  264
 146  262
 146  261
 142  257
 142  256
 141  255
 141  252
 140  251
 140  250
 138  248
 138  246
 137  245
 137  230
 138  229
 141  229
 142  228
 145  228
 146  227
 147  227
 148  226
 150  226
 151  225
 152  225
 160  217
 160  216
 164  212
 164  211
 166  209
 166  208
 168  206
 168  205
 170  203
 170  202
 172  200
 172  199
 173  198
 173  197
 175  195
 175  194
 177  192
 177  191
 178  190
 178  189
 179  188
 179  187
 180  186
 180  185
 181  184
 181  183
 182  182
 182  181
 183  180
 183  179
 184  178
 184  177
 185  176
 185  175
 186  174
 186  173
 187  172
 187  170
 188  169
 188  167
 189  166
 189  165
 190  164
 190  162
 191  161
 191  160
 192  159
 192  156
 193  155
 193  154
 194  153
 194  150
 195  149
 195  147
 196  146
 196  143
 197  142
 197  140
 198  139
 198  136
 199  135
 199  134
 198  133
 198  132
 196  130
 195  130
 193  128
 192  128
 190  126
 189  126
 187  124
 186  124
 185  123
 183  123
 182  122
 180  122
 179  121
