 181   90
 180   91
 177   91
 176   92
 174   92
 173   93
 171   93
 170   94
 168   94
 167   95
 166   95
 165   96
 163   96
 162   97
 161   97
 160   98
 159   98
 158   99
 157   99
 155  101
 154  101
 153  102
 152  102
 151  103
 150  103
 149  104
 148  104
 146  106
 145  106
 143  108
 142  108
 140  110
 139  110
 135  114
 134  114
 132  116
 131  116
 128  119
 127  119
 122  124
 121  124
 116  129
 115  129
 103  141
 102  141
  94  149
  94  150
  92  152
  91  152
  82  161
  81  161
  77  165
  77  166
  73  170
  73  171
  71  173
  71  174
  69  176
  69  177
  67  179
  67  180
  65  182
  65  183
  64  184
  64  185
  63  186
  63  187
  62  188
  62  189
  61  190
  61  260
  62  261
  62  263
  63  264
  63  265
  64  266
  64  267
  65  268
  65  269
  72  276
  72  277
  80  285
  81  285
  85  289
  86  289
  88  291
  89  291
  99  301
  99  302
 100  303
 100  305
 101  306
 101  307
 102  308
 102  309
 103  310
 103  311
 104  311
 107  314
 107  316
 108  317
 108  318
 109  319
 109  320
 112  323
 112  324
 113  325
 113  326
 118  331
 119  331
 122  334
 122  335
 123  336
 123  328
 125  326
 140  326
 142  328
 142  329
 143  330
 144  330
 145  331
 145  321
 147  319
 159  319
 158  318
 158  303
 159  302
 167  302
 168  301
 166  299
 165  299
 162  296
 162  279
 163  278
 168  278
 168  277
 166  275
 165  275
 161  271
 160  271
 158  269
 158  254
 159  253
 158  253
 151  246
 151  231
 153  229
 157  229
 158  228
 161  228
 162  227
 163  227
 164  226
 165  226
 166  225
 167  225
 173  219
 173  218
 175  216
 175  215
 176  214
 176  213
 182  207
 182  206
 184  204
 184  203
 185  202
 185  201
 186  200
 186  197
 187  196
 187  195
 188  194
 188  192
 189  191
 189  190
 190  189
 190  188
 191  187
 191  186
 192  185
 192  184
 193  183
 193  181
 194  180
 194  179
 195  178
 195  175
 196  174
 196  173
 197  172
 197  171
 198  170
 198  169
 199  168
 199  167
 200  166
 200  165
 201  164
 201  162
 202  161
 202  159
 203  158
 203  156
 204  155
 204  153
 205  152
 205  151
 206  150
 206  149
 207  148
 207  147
 208  146
 208  144
 209  143
 209  142
 210  141
 210  137
 211  136
 211  133
 212  132
 212  126
 213  125
 213  115
 212  114
 212  111
 211  110
 211  109
 210  108
 210  107
 209  106
 209  105
 203   99
 202   99
 201   98
 200   98
 197   95
 196   95
 195   94
 194   94
 193   93
 192   93
 191   92
 189   92
 188   91
 185   91
 184   90
