 169  103
 168  104
 166  104
 165  105
 164  105
 163  106
 162  106
 161  107
 160  107
 159  108
 158  108
 156  110
 155  110
 153  112
 152  112
 149  115
 148  115
 143  120
 142  120
 122  140
 122  141
 120  143
 120  144
 118  146
 118  147
 114  151
 114  152
 110  156
 110  157
 108  159
 108  160
 106  162
 106  163
 104  165
 104  166
 102  168
 102  169
 100  171
 100  172
  98  174
  98  175
  96  177
  96  178
  95  179
  95  180
  93  182
  93  183
  91  185
  91  187
  90  188
  90  273
  96  273
 100  277
 100  278
 101  279
 101  280
 102  281
 102  282
 103  283
 103  284
 104  285
 104  287
 105  288
 105  289
 106  289
 112  295
 112  296
 113  296
 120  303
 120  304
 121  305
 121  306
 122  307
 122  308
 124  310
 124  311
 126  313
 127  313
 131  317
 131  318
 132  319
 133  319
 134  320
 135  320
 136  321
 137  321
 138  322
 140  322
 142  324
 144  324
 145  323
 146  323
 147  322
 149  322
 150  321
 151  321
 152  320
 152  318
 151  317
 151  302
 152  301
 152  299
 155  296
 156  296
 157  295
 157  275
 160  272
 160  271
 161  270
 161  268
 162  267
 162  259
 163  258
 163  256
 164  255
 164  254
 163  253
 163  248
 162  247
 162  246
 158  242
 157  242
 155  240
 155  225
 156  224
 157  224
 158  223
 159  223
 164  218
 164  217
 166  215
 166  214
 167  213
 167  212
 168  211
 168  210
 169  209
 169  208
 170  207
 170  206
 171  205
 171  203
 172  202
 172  201
 173  200
 173  198
 174  197
 174  193
 175  192
 175  189
 176  188
 176  154
 177  153
 177  147
 178  146
 178  141
 179  140
 179  139
 180  138
 180  136
 181  135
 181  133
 182  132
 182  129
 183  128
 183  125
 184  124
 184  119
 185  118
 185  115
 184  114
 184  113
 183  112
 183  111
 181  109
 180  109
 178  107
 177  107
 173  103
