 159  137
 158  138
 157  138
 156  139
 155  139
 154  140
 153  140
 152  141
 151  141
 150  142
 149  142
 147  144
 146  144
 144  146
 143  146
 142  147
 141  147
 138  150
 137  150
 134  153
 133  153
 132  154
 131  154
  97  188
  96  188
  90  194
  90  237
  91  238
  93  238
  99  244
  99  246
 100  247
 100  248
 101  249
 101  252
 102  253
 102  254
 103  255
 103  257
 104  258
 104  260
 105  261
 105  265
 106  266
 106  267
 107  268
 107  271
 108  272
 108  273
 109  274
 109  275
 110  276
 110  277
 114  281
 115  281
 119  285
 119  286
 120  287
 121  287
 123  289
 124  289
 125  290
 127  290
 128  291
 129  291
 130  292
 133  292
 134  293
 135  292
 140  292
 141  291
 142  291
 143  290
 145  290
 146  289
 147  289
 148  288
 149  288
 150  287
 151  287
 153  285
 154  285
 156  283
 157  283
 166  274
 166  273
 168  271
 168  269
 169  268
 169  267
 170  266
 170  256
 169  255
 169  254
 168  253
 168  251
 164  247
 164  246
 154  236
 153  236
 150  233
 149  233
 147  231
 147  217
 148  216
 156  216
 157  215
 159  215
 160  214
 162  214
 163  213
 164  213
 166  211
 167  211
 173  205
 174  205
 175  204
 175  203
 177  201
 177  200
 179  198
 179  196
 181  194
 181  191
 182  190
 182  188
 183  187
 183  180
 184  179
 184  172
 185  171
 184  170
 184  166
 183  165
 183  161
 182  160
 182  159
 181  158
 181  156
 180  155
 180  154
 179  153
 179  152
 178  151
 178  150
 174  146
 174  145
 172  143
 171  143
 168  140
 167  140
 165  138
 164  138
 163  137
