 183  105
 182  106
 178  106
 177  107
 175  107
 174  108
 172  108
 171  109
 169  109
 168  110
 167  110
 166  111
 165  111
 164  112
 163  112
 162  113
 161  113
 160  114
 159  114
 157  116
 156  116
 155  117
 154  117
 152  119
 151  119
 149  121
 148  121
 146  123
 145  123
 143  125
 142  125
 141  126
 140  126
 137  129
 136  129
 134  131
 133  131
 130  134
 129  134
 127  136
 126  136
 123  139
 122  139
 120  141
 119  141
 117  143
 116  143
 112  147
 111  147
 109  149
 108  149
 107  150
 106  150
 105  151
 104  151
  99  156
  98  156
  97  157
  95  157
  94  158
  93  158
  93  159
  88  164
  87  164
  85  166
  84  166
  82  168
  82  169
  81  170
  81  171
  80  172
  80  173
  77  176
  77  177
  75  179
  75  180
  65  190
  65  257
  66  258
  66  259
  67  260
  67  261
  68  262
  68  263
  69  264
  69  265
  70  266
  70  267
  71  268
  71  269
  72  270
  72  271
  73  272
  73  273
  75  275
  75  276
  76  277
  76  278
  77  279
  77  281
  78  282
  78  283
  80  285
  80  286
  82  288
  82  289
  87  294
  87  295
  92  300
  93  300
  95  302
  95  304
  96  305
  96  307
  97  308
  97  311
  98  312
  98  313
 100  315
 100  316
 107  323
 108  323
 109  324
 111  324
 112  323
 122  323
 123  322
 124  322
 126  320
 127  320
 129  318
 130  318
 132  316
 144  316
 144  300
 145  299
 145  297
 149  293
 150  293
 151  292
 152  292
 155  289
 155  287
 156  286
 156  277
 161  272
 162  272
 163  271
 162  270
 162  268
 160  266
 160  250
 158  248
 158  247
 155  244
 155  243
 154  242
 154  228
 155  227
 156  227
 157  226
 158  226
 159  225
 160  225
 161  224
 162  224
 168  218
 168  217
 171  214
 171  213
 174  210
 174  209
 175  208
 175  207
 177  205
 177  203
 178  202
 178  201
 179  200
 179  198
 180  197
 180  196
 181  195
 181  194
 182  193
 182  192
 183  191
 183  189
 184  188
 184  187
 185  186
 185  184
 186  183
 186  179
 187  178
 187  177
 188  176
 188  175
 189  174
 189  173
 190  172
 190  168
 191  167
 191  166
 192  165
 192  162
 194  160
 194  159
 195  158
 195  157
 196  156
 196  155
 197  154
 197  152
 198  151
 198  150
 199  149
 199  144
 200  143
 200  141
 201  140
 201  137
 202  136
 202  135
 203  134
 203  132
 204  131
 204  130
 205  129
 205  127
 206  126
 206  125
 207  124
 207  122
 208  121
 208  117
 205  114
 204  114
 202  112
 201  112
 197  108
 196  108
 195  107
 194  107
 193  106
 191  106
 190  105
