 172  126
 171  127
 167  127
 166  128
 164  128
 163  129
 161  129
 160  130
 158  130
 157  131
 156  131
 155  132
 154  132
 153  133
 152  133
 151  134
 149  134
 148  135
 147  135
 146  136
 144  136
 143  137
 142  137
 141  138
 140  138
 139  139
 138  139
 137  140
 136  140
 135  141
 133  141
 132  142
 128  142
 127  143
 126  143
 125  144
 124  144
 122  146
 121  146
 118  149
 117  149
 115  151
 114  151
 112  153
 111  153
 109  155
 108  155
 106  157
 105  157
 104  158
 101  158
 100  159
  93  159
  92  160
  91  160
  88  163
  88  164
  80  172
  80  173
  79  174
  79  235
  80  236
  80  237
  81  238
  81  239
  82  240
  82  241
  84  243
  84  244
  85  245
  85  246
  86  247
  86  249
  87  250
  87  264
  88  265
  88  269
  89  270
  89  273
  90  274
  90  276
  91  277
  91  278
  92  279
  92  280
  93  281
  93  282
  95  284
  95  285
 105  295
 106  295
 109  298
 110  298
 112  300
 121  300
 122  301
 123  301
 124  302
 126  302
 127  301
 128  301
 129  300
 131  300
 132  299
 133  299
 134  298
 136  298
 137  297
 138  297
 139  296
 140  296
 141  295
 143  295
 144  294
 145  294
 146  293
 147  293
 154  286
 154  285
 156  283
 156  282
 157  281
 157  280
 158  279
 158  278
 159  277
 159  276
 160  275
 160  273
 161  272
 161  271
 162  270
 162  267
 163  266
 163  264
 164  263
 164  257
 163  256
 163  255
 162  254
 162  253
 161  252
 161  251
 160  250
 160  249
 158  247
 158  246
 157  245
 157  244
 153  240
 153  239
 151  237
 151  223
 152  222
 154  222
 155  221
 156  221
 157  220
 159  220
 160  219
 162  219
 163  218
 164  218
 165  217
 166  217
 168  215
 169  215
 173  211
 174  211
 181  204
 181  203
 183  201
 183  200
 185  198
 185  197
 187  195
 187  194
 188  193
 188  192
 189  191
 189  190
 190  189
 190  187
 191  186
 191  185
 192  184
 192  181
 193  180
 193  178
 194  177
 194  173
 195  172
 195  168
 196  167
 196  144
 195  143
 195  141
 194  140
 194  139
 193  138
 193  137
 189  133
 188  133
 187  132
 186  132
 184  130
 183  130
 182  129
 181  129
 180  128
 179  128
 178  127
 175  127
 174  126
