 160  153
 159  154
 156  154
 155  155
 154  155
 153  156
 151  156
 150  157
 149  157
 148  158
 147  158
 145  160
 144  160
 143  161
 142  161
 141  162
 140  162
 138  164
 137  164
 136  165
 135  165
 132  168
 131  168
 128  171
 127  171
 117  181
 116  181
 115  182
 102  182
 101  183
 101  184
  99  186
  99  187
  98  188
  98  239
 109  239
 114  244
 114  245
 115  246
 115  247
 117  249
 117  250
 119  252
 119  253
 120  254
 120  255
 124  259
 124  260
 125  261
 125  262
 126  263
 126  264
 127  264
 128  265
 129  265
 134  270
 137  270
 141  274
 141  275
 144  275
 145  274
 146  274
 147  273
 148  273
 149  272
 150  272
 152  270
 153  270
 154  269
 155  269
 158  266
 158  265
 164  259
 164  258
 165  257
 165  256
 166  255
 166  254
 167  253
 167  251
 168  250
 168  248
 169  247
 169  241
 168  240
 168  237
 160  229
 160  228
 159  227
 159  226
 158  225
 158  211
 165  204
 165  203
 167  201
 167  200
 168  199
 168  198
 169  197
 169  196
 170  195
 170  194
 172  192
 172  190
 173  189
 173  182
 174  181
 174  173
 175  172
 175  169
 176  168
 176  163
 171  158
 170  158
 167  155
 166  155
 165  154
 164  154
 163  153
