 180  112
 179  113
 176  113
 175  114
 173  114
 172  115
 170  115
 169  116
 167  116
 166  117
 165  117
 164  118
 163  118
 162  119
 160  119
 159  120
 158  120
 157  121
 156  121
 155  122
 154  122
 153  123
 152  123
 151  124
 150  124
 149  125
 148  125
 146  127
 145  127
 144  128
 143  128
 142  129
 141  129
 139  131
 138  131
 137  132
 136  132
 133  135
 132  135
 130  137
 129  137
 126  140
 125  140
 123  142
 122  142
 119  145
 118  145
 116  147
 115  147
 108  154
 107  154
  99  162
  98  162
  86  174
  86  175
  83  178
  83  179
  80  182
  80  183
  77  186
  77  187
  75  189
  75  190
  71  194
  71  195
  70  196
  70  197
  69  198
  69  255
  70  256
  70  257
  75  257
  88  270
  88  271
  91  274
  91  275
  95  279
  95  280
  99  284
  99  285
 104  290
 104  291
 108  295
 108  296
 117  305
 119  305
 122  308
 122  309
 127  314
 127  309
 128  308
 144  308
 144  301
 145  300
 154  300
 154  285
 155  284
 156  284
 157  283
 158  283
 159  282
 158  281
 158  266
 160  264
 159  264
 155  260
 155  259
 154  258
 154  251
 153  250
 153  249
 152  248
 151  248
 149  246
 149  231
 150  230
 153  230
 154  229
 156  229
 157  228
 158  228
 159  227
 160  227
 162  225
 163  225
 164  224
 164  223
 166  221
 166  220
 168  218
 168  217
 170  215
 170  214
 172  212
 172  211
 175  208
 175  207
 177  205
 177  204
 178  203
 178  201
 179  200
 179  199
 180  198
 180  197
 181  196
 181  195
 182  194
 182  193
 183  192
 183  189
 184  188
 184  187
 185  186
 185  183
 186  182
 186  181
 187  180
 187  179
 188  178
 188  177
 189  176
 189  174
 190  173
 190  172
 191  171
 191  170
 192  169
 192  167
 193  166
 193  164
 194  163
 194  161
 196  159
 196  157
 197  156
 197  155
 198  154
 198  151
 199  150
 199  149
 200  148
 200  145
 201  144
 201  141
 202  140
 202  137
 203  136
 203  134
 204  133
 204  131
 205  130
 205  125
 204  124
 204  123
 202  121
 202  120
 201  120
 199  118
 198  118
 196  116
 195  116
 194  115
 193  115
 192  114
 191  114
 190  113
 187  113
 186  112
