 216   25
 215   26
 212   26
 211   27
 207   27
 206   28
 204   28
 203   29
 201   29
 200   30
 197   30
 196   31
 195   31
 194   32
 192   32
 191   33
 189   33
 188   34
 187   34
 186   35
 185   35
 184   36
 183   36
 182   37
 181   37
 180   38
 179   38
 178   39
 177   39
 176   40
 175   40
 173   42
 172   42
 171   43
 170   43
 169   44
 168   44
 166   46
 165   46
 163   48
 162   48
 161   49
 160   49
 158   51
 157   51
 154   54
 153   54
 151   56
 150   56
 148   58
 147   58
 143   62
 142   62
 139   65
 138   65
 134   69
 133   69
 129   73
 128   73
 121   80
 120   80
 103   97
 103   98
  97  104
  97  105
  92  110
  92  111
  90  113
  90  114
  87  117
  87  118
  83  122
  83  123
  81  125
  81  126
  77  130
  77  131
  74  134
  74  135
  70  139
  70  140
  60  150
  60  151
  57  154
  57  155
  53  159
  53  160
  49  164
  49  165
  45  169
  45  170
  42  173
  42  174
  41  175
  41  176
  40  177
  40  178
  39  179
  39  180
  38  181
  38  182
  35  185
  35  186
  34  187
  34  328
  35  329
  36  329
  39  332
  39  333
  40  334
  40  335
  41  336
  41  337
  44  340
  44  341
  45  342
  45  343
  48  346
  48  347
  50  349
  50  350
  51  351
  51  352
  53  354
  53  355
  55  357
  55  358
  59  362
  59  363
  71  375
  71  376
  74  379
  74  380
  75  381
  75  382
  77  384
  77  385
  81  389
  81  390
  87  396
  88  396
  90  398
  90  399
  92  401
  93  401
  94  402
  96  402
  97  401
 100  401
 101  400
 112  400
 113  399
 116  399
 117  398
 118  398
 119  397
 120  397
 121  396
 122  396
 123  395
 124  395
 126  393
 127  393
 128  392
 130  392
 131  391
 136  391
 137  390
 140  390
 141  389
 142  389
 143  388
 144  388
 145  387
 146  387
 147  386
 147  385
 149  383
 149  382
 150  381
 150  380
 151  379
 151  378
 152  377
 152  376
 155  373
 157  373
 158  372
 160  372
 161  371
 162  371
 163  370
 164  370
 165  369
 166  369
 168  367
 168  366
 169  365
 169  364
 170  363
 170  361
 171  360
 171  357
 172  356
 172  350
 176  346
 177  346
 182  341
 182  337
 181  336
 181  319
 182  318
 182  317
 181  316
 181  315
 180  314
 180  313
 176  309
 176  308
 172  304
 172  303
 165  296
 165  295
 161  291
 161  290
 154  283
 154  282
 149  277
 148  277
 146  275
 146  261
 147  260
 153  260
 154  259
 160  259
 161  258
 165  258
 166  257
 168  257
 169  256
 171  256
 172  255
 173  255
 174  254
 175  254
 176  253
 177  253
 178  252
 180  252
 182  250
 183  250
 184  249
 185  249
 188  246
 189  246
 189  245
 191  243
 191  241
 192  240
 192  239
 193  238
 193  235
 194  234
 194  231
 195  230
 195  226
 196  225
 196  223
 198  221
 198  220
 199  219
 199  218
 201  216
 201  215
 202  214
 202  213
 204  211
 204  209
 205  208
 205  207
 206  206
 206  202
 207  201
 207  197
 208  196
 208  191
 209  190
 209  185
 210  184
 210  181
 211  180
 211  174
 212  173
 212  171
 213  170
 213  163
 214  162
 214  160
 215  159
 215  156
 216  155
 216  154
 217  153
 217  149
 218  148
 218  145
 219  144
 219  140
 220  139
 220  135
 221  134
 221  132
 222  131
 222  129
 223  128
 223  127
 224  126
 224  124
 225  123
 225  122
 226  121
 226  119
 227  118
 227  117
 228  116
 228  114
 229  113
 229  111
 230  110
 230  107
 231  106
 231  104
 232  103
 232  100
 233   99
 233   96
 234   95
 234   92
 235   91
 235   88
 236   87
 236   85
 237   84
 237   81
 238   80
 238   78
 239   77
 239   73
 240   72
 240   68
 241   67
 241   44
 240   43
 240   40
 239   39
 239   38
 238   37
 238   36
 235   33
 234   33
 233   32
 232   32
 231   31
 230   31
 229   30
 228   30
 227   29
 226   29
 224   27
 222   27
 221   26
 219   26
 218   25
