 165  143
 164  144
 161  144
 160  145
 158  145
 157  146
 156  146
 155  147
 154  147
 153  148
 152  148
 151  149
 150  149
 149  150
 148  150
 147  151
 146  151
 145  152
 144  152
 143  153
 142  153
 141  154
 140  154
 139  155
 138  155
 136  157
 135  157
 134  158
 133  158
 131  160
 130  160
 129  161
 128  161
 126  163
 125  163
 123  165
 122  165
 120  167
 119  167
 118  168
 116  168
 115  169
 114  169
 113  170
 112  170
 108  174
 107  174
 102  179
 101  179
  99  181
  93  181
  92  182
  91  182
  89  184
  89  185
  88  186
  88  246
 100  246
 105  251
 105  252
 108  255
 108  256
 110  258
 110  259
 111  260
 111  261
 112  262
 112  263
 113  264
 113  266
 114  267
 114  268
 115  269
 115  270
 116  271
 116  272
 118  274
 118  275
 123  280
 124  280
 126  282
 127  282
 128  283
 129  283
 130  284
 131  284
 132  285
 134  285
 135  286
 136  286
 137  285
 140  285
 141  284
 143  284
 144  283
 146  283
 147  282
 149  282
 150  281
 152  281
 153  280
 154  280
 155  279
 156  279
 158  277
 159  277
 162  274
 162  273
 166  269
 166  268
 167  267
 167  266
 168  265
 168  264
 169  263
 169  253
 168  252
 168  251
 167  250
 167  249
 166  248
 166  247
 163  244
 163  243
 162  242
 162  241
 161  240
 161  238
 160  237
 160  236
 156  232
 155  232
 153  230
 153  216
 154  215
 155  215
 156  214
 157  214
 158  213
 159  213
 161  211
 162  211
 165  208
 166  208
 174  200
 174  199
 176  197
 176  196
 177  195
 177  194
 179  192
 179  191
 180  190
 180  188
 181  187
 181  186
 182  185
 182  182
 183  181
 183  177
 184  176
 184  173
 185  172
 185  168
 186  167
 186  164
 187  163
 187  161
 186  160
 186  158
 185  157
 185  155
 184  154
 184  153
 183  152
 183  151
 181  149
 180  149
 178  147
 177  147
 175  145
 174  145
 173  144
 172  144
 171  143
