 187  105
 186  106
 180  106
 179  107
 176  107
 175  108
 172  108
 171  109
 169  109
 168  110
 165  110
 164  111
 163  111
 162  112
 160  112
 159  113
 158  113
 157  114
 156  114
 155  115
 154  115
 153  116
 151  116
 150  117
 149  117
 148  118
 147  118
 146  119
 145  119
 144  120
 143  120
 142  121
 141  121
 140  122
 139  122
 138  123
 137  123
 136  124
 135  124
 134  125
 133  125
 132  126
 131  126
 130  127
 129  127
 128  128
 127  128
 126  129
 125  129
 124  130
 123  130
 122  131
 121  131
 120  132
 119  132
 117  134
 116  134
 113  137
 112  137
 109  140
 108  140
 107  141
 106  141
 102  145
 101  145
  99  147
  85  147
  85  154
  84  155
  84  156
  82  158
  81  158
  80  159
  80  160
  72  168
  71  168
  70  169
  69  169
  63  175
  62  175
  61  176
  61  177
  60  178
  60  267
  61  268
  61  269
  63  271
  63  272
  75  284
  76  284
  77  285
  78  285
  79  286
  80  286
  84  290
  84  291
  85  292
  85  296
  86  297
  86  300
  87  301
  87  310
  88  311
  88  312
  89  313
  89  314
  90  315
  90  316
  91  317
  92  317
  97  322
  98  322
 101  319
 109  319
 110  318
 111  318
 114  315
 114  314
 115  313
 115  312
 119  308
 126  308
 127  307
 129  307
 131  305
 131  304
 132  303
 132  300
 133  299
 133  296
 134  295
 135  295
 136  294
 140  294
 141  293
 143  293
 144  292
 145  292
 145  291
 146  290
 146  280
 148  278
 149  278
 150  277
 152  277
 154  275
 154  260
 157  257
 157  255
 154  252
 154  251
 153  250
 153  249
 152  248
 152  247
 150  245
 150  244
 145  239
 145  224
 146  223
 148  223
 149  222
 153  222
 154  221
 155  221
 156  220
 157  220
 159  218
 160  218
 163  215
 163  214
 165  212
 165  211
 167  209
 167  208
 168  207
 168  206
 170  204
 170  203
 171  202
 171  201
 172  200
 172  199
 173  198
 173  197
 174  196
 174  195
 176  193
 176  192
 177  191
 177  190
 179  188
 179  187
 180  186
 180  185
 181  184
 181  183
 182  182
 182  181
 184  179
 184  178
 186  176
 186  175
 187  174
 187  173
 188  172
 188  171
 189  170
 189  169
 190  168
 190  167
 191  166
 191  165
 193  163
 193  162
 195  160
 195  159
 197  157
 197  156
 199  154
 199  153
 201  151
 201  150
 204  147
 204  146
 206  144
 206  143
 207  142
 207  141
 208  140
 208  139
 209  138
 209  137
 210  136
 210  135
 211  134
 211  131
 212  130
 212  128
 213  127
 213  123
 214  122
 214  120
 213  119
 213  117
 212  116
 212  115
 208  111
 207  111
 205  109
 204  109
 203  108
 202  108
 201  107
 200  107
 199  106
 197  106
 196  105
