 198   43
 197   44
 194   44
 193   45
 189   45
 188   46
 185   46
 184   47
 182   47
 181   48
 178   48
 177   49
 176   49
 175   50
 173   50
 172   51
 170   51
 169   52
 168   52
 167   53
 165   53
 164   54
 162   54
 161   55
 160   55
 159   56
 157   56
 156   57
 155   57
 154   58
 153   58
 152   59
 151   59
 150   60
 149   60
 148   61
 147   61
 146   62
 145   62
 143   64
 142   64
 141   65
 140   65
 138   67
 137   67
 135   69
 134   69
 132   71
 131   71
 129   73
 128   73
 125   76
 124   76
 121   79
 120   79
 118   81
 117   81
 113   85
 112   85
 108   89
 107   89
 103   93
 102   93
  95  100
  94  100
  81  113
  80  113
  74  119
  73  119
  70  122
  70  123
  68  125
  68  126
  61  133
  61  134
  57  138
  57  139
  45  151
  44  151
  39  156
  38  156
  31  163
  31  289
  32  290
  32  291
  33  292
  33  293
  34  294
  34  295
  35  296
  35  297
  36  298
  36  299
  37  300
  37  301
  38  302
  38  303
  39  304
  39  306
  40  307
  40  308
  41  309
  41  310
  42  311
  42  312
  43  313
  43  314
  44  315
  44  316
  45  317
  45  318
  46  319
  46  320
  47  321
  47  322
  48  323
  48  325
  49  326
  49  327
  50  328
  50  329
  51  330
  51  331
  53  333
  53  334
  55  336
  55  337
  57  339
  57  340
  65  348
  66  348
  87  369
  88  369
  94  375
  95  375
 102  382
 103  382
 104  383
 105  383
 106  384
 107  383
 109  383
 110  382
 113  382
 114  381
 116  381
 117  380
 120  380
 121  379
 123  379
 124  378
 125  378
 126  377
 127  377
 128  376
 129  376
 130  375
 131  375
 136  370
 136  369
 140  365
 141  365
 142  364
 143  364
 144  363
 145  363
 147  361
 148  361
 149  360
 149  359
 150  358
 150  357
 151  356
 151  355
 152  354
 152  350
 153  349
 153  348
 154  347
 154  346
 158  342
 159  342
 160  341
 161  341
 166  336
 166  335
 167  334
 167  330
 168  329
 168  323
 169  322
 169  319
 170  318
 170  317
 175  312
 175  311
 176  310
 176  309
 177  308
 177  307
 176  306
 176  304
 175  303
 175  301
 174  300
 174  293
 173  292
 173  289
 172  288
 172  286
 171  285
 171  284
 170  283
 170  282
 163  275
 163  274
 160  271
 159  271
 148  260
 147  260
 143  256
 142  256
 139  253
 139  239
 140  238
 151  238
 152  237
 157  237
 158  236
 161  236
 162  235
 164  235
 165  234
 167  234
 169  232
 170  232
 171  231
 172  231
 183  220
 183  219
 184  218
 184  217
 185  216
 185  215
 187  213
 187  212
 189  210
 189  209
 191  207
 191  206
 193  204
 193  203
 194  202
 194  201
 196  199
 196  197
 197  196
 197  195
 198  194
 198  193
 199  192
 199  191
 200  190
 200  188
 201  187
 201  186
 202  185
 202  183
 203  182
 203  181
 204  180
 204  177
 205  176
 205  174
 206  173
 206  171
 207  170
 207  168
 208  167
 208  165
 209  164
 209  162
 210  161
 210  160
 211  159
 211  157
 212  156
 212  154
 213  153
 213  151
 214  150
 214  149
 215  148
 215  145
 216  144
 216  143
 217  142
 217  139
 218  138
 218  137
 219  136
 219  135
 220  134
 220  132
 221  131
 221  130
 222  129
 222  128
 223  127
 223  126
 224  125
 224  124
 225  123
 225  122
 226  121
 226  120
 227  119
 227  118
 228  117
 228  116
 229  115
 229  113
 230  112
 230  111
 231  110
 231  109
 232  108
 232  107
 233  106
 233  105
 234  104
 234  103
 235  102
 235  101
 236  100
 236   99
 237   98
 237   96
 238   95
 238   94
 239   93
 239   90
 240   89
 240   86
 241   85
 241   82
 242   81
 242   78
 243   77
 243   72
 244   71
 244   68
 243   67
 243   64
 242   63
 242   62
 241   61
 241   60
 239   58
 239   57
 238   56
 237   56
 236   55
 235   55
 233   53
 231   53
 230   52
 229   52
 228   51
 227   51
 225   49
 224   49
 223   48
 222   48
 221   47
 220   47
 219   46
 217   46
 216   45
 214   45
 213   44
 209   44
 208   43
