 184   85
 183   86
 179   86
 178   87
 175   87
 174   88
 173   88
 172   89
 169   89
 168   90
 166   90
 165   91
 164   91
 163   92
 162   92
 161   93
 159   93
 158   94
 157   94
 156   95
 155   95
 154   96
 153   96
 152   97
 150   97
 149   98
 148   98
 147   99
 146   99
 145  100
 144  100
 143  101
 142  101
 141  102
 140  102
 139  103
 138  103
 137  104
 136  104
 134  106
 133  106
 132  107
 131  107
 129  109
 128  109
 127  110
 126  110
 124  112
 123  112
 120  115
 119  115
 113  121
 112  121
 100  133
  99  133
  98  134
  98  135
  94  139
  93  139
  92  140
  92  141
  87  146
  86  146
  85  147
  85  148
  83  150
  82  150
  74  158
  74  159
  70  163
  70  164
  65  169
  65  170
  59  176
  59  177
  57  179
  57  180
  56  181
  56  182
  55  183
  55  184
  54  185
  54  260
  55  261
  55  262
  56  263
  56  264
  58  266
  58  267
  61  270
  61  271
  63  273
  63  274
  64  275
  64  276
  65  277
  65  278
  67  280
  67  281
  69  283
  69  284
  71  286
  71  287
  72  288
  72  289
  73  290
  73  291
  74  292
  74  293
  76  295
  76  296
  78  298
  78  299
  80  301
  80  304
  81  305
  81  307
  82  308
  82  311
  83  312
  83  313
  84  314
  84  317
  85  318
  85  319
  86  320
  86  322
  87  323
  87  324
  89  326
  89  327
  92  330
  92  331
 101  340
 102  340
 104  342
 105  342
 106  343
 107  342
 128  342
 129  343
 130  342
 131  342
 132  341
 133  341
 136  338
 149  338
 150  337
 151  337
 153  335
 154  335
 154  334
 155  333
 155  331
 154  330
 154  312
 155  311
 156  311
 160  307
 160  304
 158  302
 158  300
 156  298
 156  297
 154  295
 154  294
 153  293
 153  278
 154  277
 154  276
 156  274
 156  272
 155  271
 155  270
 153  268
 153  267
 149  263
 149  262
 147  260
 147  259
 143  255
 143  254
 141  252
 141  250
 140  249
 140  248
 138  246
 138  245
 131  238
 131  224
 132  223
 144  223
 145  222
 148  222
 149  221
 151  221
 152  220
 153  220
 159  214
 160  214
 163  211
 164  211
 167  208
 168  208
 177  199
 177  198
 180  195
 180  194
 181  193
 181  192
 184  189
 184  188
 185  187
 185  186
 188  183
 188  182
 189  181
 189  180
 190  179
 190  178
 191  177
 191  176
 192  175
 192  174
 193  173
 193  172
 194  171
 194  170
 195  169
 195  168
 196  167
 196  166
 198  164
 198  163
 200  161
 200  160
 201  159
 201  157
 203  155
 203  153
 204  152
 204  151
 205  150
 205  148
 206  147
 206  145
 207  144
 207  143
 208  142
 208  141
 209  140
 209  139
 210  138
 210  136
 211  135
 211  134
 212  133
 212  131
 213  130
 213  129
 214  128
 214  126
 215  125
 215  123
 216  122
 216  120
 217  119
 217  117
 218  116
 218  114
 219  113
 219  110
 220  109
 220  104
 219  103
 219  102
 218  101
 218  100
 215   97
 214   97
 212   95
 211   95
 209   93
 208   93
 206   91
 205   91
 204   90
 203   90
 202   89
 201   89
 200   88
 199   88
 198   87
 196   87
 195   86
 193   86
 192   85
