 190   87
 189   88
 184   88
 183   89
 180   89
 179   90
 178   90
 177   91
 174   91
 173   92
 172   92
 171   93
 169   93
 168   94
 167   94
 166   95
 165   95
 164   96
 163   96
 162   97
 160   97
 159   98
 158   98
 157   99
 156   99
 155  100
 154  100
 153  101
 152  101
 151  102
 150  102
 148  104
 147  104
 146  105
 145  105
 143  107
 142  107
 141  108
 140  108
 138  110
 137  110
 136  111
 135  111
 133  113
 132  113
 130  115
 129  115
 128  116
 127  116
 125  118
 124  118
 122  120
 121  120
 120  121
 119  121
 117  123
 116  123
 114  125
 113  125
 111  127
 110  127
 108  129
 107  129
 104  132
 103  132
 101  134
 100  134
  98  136
  97  136
  94  139
  93  139
  91  141
  90  141
  86  145
  85  145
  80  150
  79  150
  71  158
  71  159
  58  172
  58  173
  54  177
  54  178
  53  179
  53  180
  52  181
  52  241
  53  242
  53  246
  54  247
  54  248
  56  250
  56  251
  57  252
  57  253
  58  254
  58  256
  59  257
  59  258
  60  259
  60  261
  61  262
  61  263
  62  264
  62  266
  63  267
  63  268
  64  269
  64  271
  65  272
  65  273
  67  275
  67  276
  69  278
  69  279
  70  280
  70  281
  72  283
  72  284
  73  285
  73  287
  74  288
  74  289
  75  290
  75  292
  76  293
  76  294
  77  295
  77  297
  78  298
  78  299
  79  300
  79  301
  80  302
  80  303
  81  304
  81  306
  82  307
  82  308
  83  309
  83  310
  84  311
  84  313
  86  315
  86  316
  87  317
  87  318
  88  319
  88  320
  91  323
  91  324
  93  326
  94  326
 102  334
 103  334
 104  335
 106  335
 107  336
 114  336
 116  338
 117  338
 119  340
 120  340
 121  341
 122  340
 123  340
 126  337
 144  337
 145  336
 146  336
 146  334
 145  333
 145  331
 144  330
 144  328
 143  327
 143  310
 144  309
 144  308
 147  305
 148  305
 151  302
 151  300
 149  298
 149  296
 147  294
 147  276
 149  274
 149  273
 151  271
 151  270
 149  268
 149  267
 145  263
 145  262
 142  259
 142  258
 141  257
 141  255
 140  254
 140  243
 138  241
 138  240
 132  234
 131  234
 130  233
 130  219
 131  218
 148  218
 149  217
 150  217
 151  216
 152  216
 155  213
 155  212
 160  207
 160  206
 168  198
 168  197
 171  194
 171  193
 173  191
 173  190
 175  188
 175  187
 176  186
 176  185
 178  183
 178  182
 180  180
 180  179
 181  178
 181  177
 183  175
 183  174
 184  173
 184  172
 186  170
 186  169
 187  168
 187  167
 188  166
 188  165
 190  163
 190  162
 193  159
 193  158
 194  157
 194  156
 197  153
 197  152
 199  150
 199  149
 201  147
 201  146
 205  142
 205  141
 207  139
 207  138
 208  137
 208  136
 210  134
 210  133
 211  132
 211  131
 212  130
 212  129
 214  127
 214  126
 215  125
 215  124
 216  123
 216  121
 217  120
 217  119
 218  118
 218  117
 219  116
 219  115
 220  114
 220  112
 221  111
 221  109
 222  108
 222  104
 221  103
 221  102
 220  101
 220  100
 219   99
 219   98
 216   95
 215   95
 213   93
 212   93
 211   92
 210   92
 209   91
 208   91
 207   90
 206   90
 205   89
 203   89
 202   88
 199   88
 198   87
