 233   24
 232   25
 229   25
 228   26
 224   26
 223   27
 220   27
 219   28
 217   28
 216   29
 213   29
 212   30
 211   30
 210   31
 208   31
 207   32
 206   32
 205   33
 204   33
 203   34
 202   34
 201   35
 200   35
 199   36
 198   36
 197   37
 196   37
 195   38
 194   38
 193   39
 192   39
 191   40
 190   40
 188   42
 187   42
 185   44
 184   44
 183   45
 182   45
 180   47
 179   47
 177   49
 176   49
 174   51
 173   51
 170   54
 169   54
 166   57
 165   57
 160   62
 159   62
 156   65
 155   65
 150   70
 149   70
 133   86
 132   86
 122   96
 121   96
 103  114
 102  114
  74  142
  73  142
  71  144
  70  144
  68  146
  67  146
  65  148
  64  148
  62  150
  61  150
  52  159
  51  159
  44  166
  43  166
  41  168
  41  169
  33  177
  33  178
  31  180
  31  181
  27  185
  27  186
  24  189
  24  190
  16  198
  16  199
  13  202
  13  204
  12  205
  12  344
  13  345
  13  346
  16  349
  17  349
  19  351
  20  351
  21  352
  22  352
  23  353
  24  353
  25  354
  26  354
  29  357
  30  357
  36  363
  37  363
  40  366
  41  366
  46  371
  46  372
  56  382
  57  382
  61  386
  61  387
  63  389
  64  389
  65  390
  66  390
  67  391
  68  391
  69  392
  70  392
  71  393
  73  393
  74  394
  76  394
  77  395
  80  395
  84  399
  85  399
  87  401
  88  401
  90  403
  91  403
  92  404
  95  404
  96  403
  97  403
 100  400
 100  399
 104  395
 105  395
 106  394
 109  394
 110  393
 111  393
 112  392
 113  392
 114  391
 115  391
 118  388
 118  387
 119  386
 119  385
 120  384
 120  382
 121  381
 121  377
 122  376
 122  374
 126  370
 127  370
 129  368
 130  368
 131  367
 132  367
 133  366
 134  366
 137  363
 137  362
 139  360
 139  348
 140  347
 140  344
 141  343
 141  342
 142  341
 142  340
 145  337
 146  337
 148  335
 149  335
 152  332
 152  330
 151  329
 151  328
 150  327
 150  324
 149  323
 149  311
 148  310
 148  309
 147  308
 147  307
 146  306
 146  305
 142  301
 142  300
 138  296
 137  296
 132  291
 132  277
 133  276
 144  276
 145  275
 152  275
 153  274
 156  274
 157  273
 159  273
 160  272
 161  272
 162  271
 163  271
 164  270
 165  270
 168  267
 169  267
 173  263
 173  262
 175  260
 175  259
 176  258
 176  257
 177  256
 177  255
 178  254
 178  252
 179  251
 179  250
 180  249
 180  248
 181  247
 181  246
 183  244
 183  243
 184  242
 184  241
 185  240
 185  239
 186  238
 186  237
 187  236
 187  235
 189  233
 189  232
 190  231
 190  230
 191  229
 191  228
 192  227
 192  226
 193  225
 193  224
 194  223
 194  222
 195  221
 195  220
 196  219
 196  218
 197  217
 197  216
 198  215
 198  214
 199  213
 199  212
 200  211
 200  210
 202  208
 202  207
 203  206
 203  205
 204  204
 204  203
 206  201
 206  200
 207  199
 207  198
 208  197
 208  195
 209  194
 209  193
 210  192
 210  191
 211  190
 211  189
 212  188
 212  187
 213  186
 213  185
 214  184
 214  183
 215  182
 215  181
 216  180
 216  178
 217  177
 217  176
 218  175
 218  174
 219  173
 219  171
 220  170
 220  169
 221  168
 221  167
 222  166
 222  165
 223  164
 223  163
 224  162
 224  161
 225  160
 225  159
 226  158
 226  156
 228  154
 228  152
 229  151
 229  150
 230  149
 230  148
 231  147
 231  146
 232  145
 232  144
 233  143
 233  142
 234  141
 234  140
 235  139
 235  138
 236  137
 236  136
 237  135
 237  134
 238  133
 238  132
 239  131
 239  129
 240  128
 240  127
 241  126
 241  125
 243  123
 243  122
 244  121
 244  120
 245  119
 245  117
 246  116
 246  115
 247  114
 247  112
 248  111
 248  109
 249  108
 249  106
 250  105
 250  104
 251  103
 251  101
 252  100
 252   98
 253   97
 253   95
 254   94
 254   92
 255   91
 255   90
 256   89
 256   87
 257   86
 257   84
 258   83
 258   79
 259   78
 259   74
 260   73
 260   69
 261   68
 261   62
 262   61
 262   51
 261   50
 261   45
 260   44
 260   43
 259   42
 259   41
 258   40
 258   39
 257   38
 257   37
 252   32
 251   32
 250   31
 249   31
 248   30
 247   30
 246   29
 245   29
 243   27
 242   27
 241   26
 239   26
 238   25
 235   25
 234   24
