 173  113
 172  114
 170  114
 169  115
 168  115
 167  116
 165  116
 164  117
 163  117
 161  119
 160  119
 159  120
 158  120
 157  121
 156  121
 154  123
 153  123
 151  125
 150  125
 147  128
 146  128
 144  130
 143  130
 136  137
 135  137
 133  139
 132  139
 128  143
 127  143
 123  147
 122  147
 116  153
 115  153
 109  159
 108  159
 101  166
  94  166
  93  167
  91  167
  89  169
  87  169
  86  170
  85  170
  77  178
  77  179
  76  180
  76  238
  78  240
  80  240
  92  252
  92  253
  99  260
  99  261
 101  263
 101  264
 103  266
 103  267
 105  269
 105  270
 106  271
 106  272
 107  273
 107  274
 108  275
 108  276
 109  277
 109  284
 110  285
 110  289
 111  290
 111  291
 112  292
 112  293
 113  294
 113  295
 114  295
 116  297
 116  298
 119  301
 119  302
 120  303
 121  303
 127  309
 128  309
 130  311
 131  311
 132  312
 133  312
 134  313
 135  313
 136  314
 139  314
 140  315
 143  315
 144  316
 147  316
 148  315
 150  315
 151  314
 153  314
 154  313
 155  313
 156  312
 157  312
 158  311
 159  311
 160  310
 161  310
 162  309
 163  309
 164  308
 165  308
 167  306
 168  306
 169  305
 170  305
 180  295
 180  294
 182  292
 182  291
 183  290
 183  289
 184  288
 184  287
 185  286
 185  283
 186  282
 186  280
 187  279
 187  274
 188  273
 188  267
 187  266
 187  262
 185  260
 185  259
 183  257
 183  256
 181  254
 181  253
 176  248
 175  248
 169  242
 168  242
 164  238
 163  238
 155  230
 154  230
 153  229
 153  215
 154  214
 157  214
 158  213
 162  213
 163  212
 164  212
 165  211
 166  211
 167  210
 168  210
 169  209
 170  209
 171  208
 172  208
 174  206
 175  206
 187  194
 187  193
 189  191
 189  190
 190  189
 190  188
 191  187
 191  186
 192  185
 192  184
 193  183
 193  181
 194  180
 194  178
 195  177
 195  175
 196  174
 196  166
 197  165
 197  161
 198  160
 198  135
 197  134
 197  133
 196  132
 196  129
 195  128
 195  127
 194  126
 194  125
 193  124
 193  123
 191  121
 190  121
 189  120
 188  120
 185  117
 184  117
 183  116
 182  116
 180  114
 179  114
 178  113
