 176  107
 175  108
 172  108
 171  109
 170  109
 169  110
 167  110
 166  111
 165  111
 164  112
 163  112
 162  113
 161  113
 160  114
 159  114
 158  115
 157  115
 155  117
 154  117
 153  118
 152  118
 150  120
 149  120
 147  122
 146  122
 144  124
 143  124
 141  126
 140  126
 136  130
 135  130
 129  136
 128  136
 107  157
 106  157
 104  159
 104  160
  97  167
  97  168
  90  175
  90  176
  83  183
  83  271
  84  272
  84  274
  85  275
  85  278
  86  279
  86  280
  88  282
  88  283
  92  287
  92  288
  95  291
  95  292
  96  293
  96  294
  97  295
  97  297
  98  298
  98  302
  99  303
  99  304
 107  312
 107  313
 108  314
 109  314
 110  315
 111  315
 112  316
 113  316
 117  320
 121  320
 122  319
 124  319
 125  318
 126  318
 128  316
 128  303
 129  302
 129  300
 133  296
 134  296
 135  295
 136  295
 139  292
 139  276
 140  275
 140  274
 145  269
 145  265
 146  264
 146  260
 149  257
 149  256
 150  255
 150  247
 142  239
 142  225
 143  224
 145  224
 146  223
 148  223
 149  222
 150  222
 151  221
 152  221
 158  215
 158  214
 161  211
 161  210
 162  209
 162  208
 164  206
 164  205
 165  204
 165  203
 166  202
 166  200
 167  199
 167  198
 168  197
 168  196
 169  195
 169  194
 170  193
 170  191
 171  190
 171  188
 172  187
 172  184
 173  183
 173  179
 174  178
 174  172
 175  171
 175  168
 176  167
 176  158
 177  157
 177  155
 178  154
 178  151
 179  150
 179  149
 180  148
 180  146
 181  145
 181  144
 182  143
 182  142
 183  141
 183  140
 184  139
 184  138
 185  137
 185  136
 186  135
 186  134
 187  133
 187  131
 188  130
 188  128
 189  127
 189  123
 190  122
 190  120
 191  119
 191  115
 188  112
 187  112
 184  109
 183  109
 182  108
 181  108
 180  107
