 193   61
 192   62
 187   62
 186   63
 184   63
 183   64
 181   64
 180   65
 178   65
 177   66
 176   66
 175   67
 174   67
 173   68
 171   68
 170   69
 169   69
 168   70
 167   70
 166   71
 165   71
 164   72
 163   72
 161   74
 160   74
 159   75
 158   75
 156   77
 155   77
 153   79
 152   79
 150   81
 149   81
 147   83
 146   83
 143   86
 142   86
 140   88
 139   88
 136   91
 135   91
 130   96
 129   96
 107  118
 107  119
 100  126
 100  127
  93  134
  92  134
  91  135
  89  135
  88  136
  87  136
  86  137
  85  137
  82  140
  81  140
  78  143
  78  144
  75  147
  75  148
  73  150
  73  151
  69  155
  69  156
  67  158
  67  171
  65  173
  65  174
  64  175
  64  176
  61  179
  61  180
  58  183
  58  184
  54  188
  54  189
  52  191
  52  307
  53  308
  53  309
  54  310
  54  311
  56  313
  56  314
  57  314
  59  316
  59  317
  61  319
  62  319
  63  320
  64  320
  67  323
  68  323
  84  339
  85  339
  90  344
  90  345
  92  347
  92  349
  93  350
  93  351
  94  352
  94  353
  95  354
  95  355
 106  366
 107  366
 108  367
 109  366
 110  366
 112  364
 113  364
 114  363
 116  363
 117  362
 118  362
 119  361
 120  361
 121  360
 122  360
 123  359
 124  359
 126  357
 127  357
 133  351
 134  351
 135  350
 136  350
 137  349
 138  349
 139  348
 140  348
 141  347
 142  347
 145  344
 145  343
 146  342
 146  341
 147  340
 147  339
 158  328
 158  327
 159  326
 159  325
 160  324
 160  321
 161  320
 161  316
 162  315
 162  313
 163  312
 163  311
 165  309
 165  308
 168  305
 168  304
 169  303
 168  302
 168  286
 167  285
 167  284
 166  283
 166  282
 165  281
 165  280
 163  278
 163  277
 152  266
 151  266
 144  259
 144  245
 145  244
 151  244
 152  243
 159  243
 160  242
 162  242
 163  241
 165  241
 166  240
 168  240
 169  239
 170  239
 172  237
 173  237
 179  231
 179  230
 180  229
 180  228
 181  227
 181  226
 182  225
 182  223
 183  222
 183  219
 184  218
 184  216
 186  214
 186  213
 188  211
 188  210
 189  209
 189  207
 190  206
 190  204
 191  203
 191  200
 192  199
 192  195
 193  194
 193  193
 194  192
 194  190
 195  189
 195  187
 196  186
 196  183
 197  182
 197  178
 198  177
 198  172
 199  171
 199  166
 200  165
 200  163
 201  162
 201  160
 202  159
 202  157
 203  156
 203  152
 204  151
 204  148
 205  147
 205  144
 206  143
 206  142
 207  141
 207  139
 208  138
 208  137
 209  136
 209  135
 210  134
 210  132
 211  131
 211  130
 212  129
 212  127
 213  126
 213  125
 214  124
 214  122
 215  121
 215  120
 216  119
 216  118
 217  117
 217  116
 218  115
 218  112
 219  111
 219  109
 220  108
 220  106
 221  105
 221  102
 222  101
 222   97
 223   96
 223   89
 222   88
 222   83
 221   82
 221   79
 220   78
 220   76
 218   74
 218   73
 217   72
 217   71
 216   70
 215   70
 213   68
 212   68
 211   67
 210   67
 209   66
 208   66
 206   64
 205   64
 204   63
 203   63
 202   62
 199   62
 198   61
