 213   54
 212   55
 209   55
 208   56
 204   56
 203   57
 202   57
 201   58
 199   58
 198   59
 197   59
 196   60
 195   60
 194   61
 193   61
 192   62
 191   62
 190   63
 189   63
 188   64
 187   64
 185   66
 184   66
 183   67
 182   67
 180   69
 179   69
 177   71
 176   71
 174   73
 173   73
 171   75
 170   75
 167   78
 166   78
 163   81
 162   81
 159   84
 158   84
 154   88
 153   88
 149   92
 148   92
 130  110
 130  111
 119  122
 119  123
 101  141
 101  142
  97  146
  97  147
  93  151
  93  152
  91  154
  91  155
  87  159
  87  160
  85  162
  70  162
  69  161
  69  160
  65  160
  65  162
  64  163
  64  169
  63  170
  63  178
  62  179
  60  179
  60  180
  59  181
  59  183
  58  184
  58  185
  57  186
  57  187
  56  188
  56  189
  54  191
  54  192
  52  194
  52  195
  51  196
  51  197
  48  200
  48  201
  47  202
  47  203
  45  205
  45  206
  44  207
  44  208
  43  209
  43  210
  42  211
  42  214
  41  215
  41  218
  39  220
  39  221
  36  224
  36  225
  34  227
  34  338
  42  346
  42  347
  44  349
  45  349
  48  352
  49  352
  51  354
  52  354
  53  355
  55  355
  56  356
  60  356
  61  357
  75  357
  77  359
  78  359
  79  360
  80  360
  81  361
  82  361
  87  366
  88  366
  91  369
  92  369
  93  370
  94  370
  95  371
  99  371
 100  372
 106  372
 107  373
 109  373
 110  374
 114  374
 115  373
 116  373
 117  372
 118  372
 119  371
 119  370
 121  368
 121  367
 124  364
 126  364
 127  363
 128  363
 129  362
 130  362
 131  361
 132  361
 134  359
 134  358
 136  356
 136  354
 137  353
 137  348
 138  347
 138  344
 141  341
 142  341
 144  339
 145  339
 146  338
 146  337
 148  335
 148  325
 149  324
 149  320
 152  317
 152  316
 153  315
 153  314
 154  313
 154  312
 153  311
 153  298
 151  296
 151  294
 140  283
 139  283
 138  282
 138  268
 140  266
 144  266
 145  265
 149  265
 150  264
 153  264
 154  263
 156  263
 157  262
 159  262
 160  261
 163  261
 164  260
 165  260
 166  259
 167  259
 168  258
 169  258
 172  255
 172  254
 174  252
 174  251
 175  250
 175  249
 176  248
 176  246
 177  245
 177  243
 178  242
 178  241
 179  240
 179  238
 180  237
 180  236
 181  235
 181  233
 182  232
 182  230
 183  229
 183  227
 184  226
 184  224
 185  223
 185  221
 186  220
 186  218
 187  217
 187  216
 188  215
 188  214
 189  213
 189  211
 190  210
 190  209
 191  208
 191  207
 192  206
 192  204
 193  203
 193  201
 194  200
 194  197
 195  196
 195  195
 196  194
 196  191
 197  190
 197  189
 198  188
 198  185
 199  184
 199  182
 200  181
 200  180
 201  179
 201  178
 202  177
 202  176
 203  175
 203  174
 204  173
 204  172
 205  171
 205  170
 206  169
 206  168
 207  167
 207  166
 208  165
 208  164
 209  163
 209  162
 210  161
 210  160
 211  159
 211  156
 212  155
 212  154
 213  153
 213  152
 214  151
 214  149
 215  148
 215  147
 216  146
 216  145
 217  144
 217  143
 218  142
 218  141
 219  140
 219  139
 220  138
 220  137
 221  136
 221  135
 222  134
 222  133
 223  132
 223  131
 224  130
 224  129
 226  127
 226  126
 227  125
 227  124
 228  123
 228  122
 229  121
 229  119
 230  118
 230  117
 231  116
 231  113
 232  112
 232  111
 233  110
 233  107
 234  106
 234  105
 235  104
 235  102
 236  101
 236  100
 237   99
 237   96
 238   95
 238   91
 239   90
 239   86
 240   85
 240   79
 241   78
 241   77
 240   76
 240   72
 239   71
 239   70
 238   69
 238   68
 237   67
 237   66
 236   65
 236   64
 235   63
 234   63
 232   61
 231   61
 230   60
 229   60
 227   58
 226   58
 225   57
 224   57
 223   56
 222   56
 221   55
 219   55
 218   54
