 163  119
 162  120
 161  120
 160  121
 159  121
 158  122
 157  122
 156  123
 155  123
 154  124
 153  124
 152  125
 151  125
 149  127
 148  127
 147  128
 146  128
 143  131
 142  131
 138  135
 137  135
 130  142
 129  142
 123  148
 122  148
 122  149
 119  152
 119  153
 117  155
 114  155
 113  156
 112  156
 107  161
 107  162
 106  163
 106  164
 105  165
 105  166
 104  167
 104  168
 103  169
 103  170
 102  171
 102  172
  96  178
  96  179
  95  180
  95  181
  88  188
  88  189
  86  191
  86  268
  98  268
  99  269
  99  270
 100  271
 100  273
 101  274
 101  276
 102  277
 102  278
 103  279
 103  282
 104  283
 104  285
 105  286
 105  289
 106  290
 106  291
 108  293
 108  294
 111  297
 112  297
 115  300
 116  300
 119  303
 120  303
 123  306
 124  306
 125  307
 126  307
 127  308
 128  308
 129  309
 131  309
 132  310
 134  310
 135  311
 138  311
 139  310
 141  310
 142  309
 144  309
 145  308
 147  308
 148  307
 149  307
 150  306
 151  306
 152  305
 153  305
 155  303
 156  303
 158  301
 159  301
 163  297
 164  297
 167  294
 167  293
 168  292
 168  291
 170  289
 170  287
 171  286
 171  285
 172  284
 172  283
 173  282
 173  280
 174  279
 174  278
 175  277
 175  273
 176  272
 176  265
 175  264
 175  262
 174  261
 174  260
 173  259
 173  258
 171  256
 171  255
 169  253
 169  252
 167  250
 167  249
 159  241
 158  241
 153  236
 152  236
 150  234
 149  234
 147  232
 146  232
 145  231
 145  217
 147  215
 152  215
 153  214
 155  214
 156  213
 157  213
 158  212
 160  212
 162  210
 163  210
 164  209
 165  209
 171  203
 172  203
 177  198
 177  197
 180  194
 180  193
 181  192
 181  191
 182  190
 182  189
 183  188
 183  186
 184  185
 184  184
 185  183
 185  182
 186  181
 186  178
 187  177
 187  174
 188  173
 188  161
 189  160
 188  159
 188  148
 187  147
 187  145
 186  144
 186  140
 185  139
 185  138
 184  137
 184  136
 183  135
 183  134
 181  132
 181  131
 180  130
 180  129
 178  127
 177  127
 172  122
 171  122
 169  120
 168  120
 167  119
