 169  126
 168  127
 165  127
 164  128
 162  128
 161  129
 159  129
 158  130
 157  130
 156  131
 155  131
 154  132
 153  132
 152  133
 151  133
 150  134
 149  134
 147  136
 146  136
 144  138
 143  138
 141  140
 140  140
 138  142
 137  142
 135  144
 134  144
 131  147
 130  147
 127  150
 126  150
 123  153
 122  153
 120  155
 119  155
 113  161
 112  161
 108  165
 107  165
 100  172
  85  172
  84  171
  83  171
  82  172
  82  249
  83  250
  93  250
  95  252
  95  255
  96  256
  96  257
  97  258
  97  259
 101  263
 101  264
 102  265
 102  266
 103  267
 103  268
 104  269
 104  276
 105  277
 105  279
 107  281
 108  281
 113  286
 113  287
 120  294
 120  295
 121  296
 122  296
 124  298
 125  298
 127  300
 128  300
 129  301
 131  301
 132  302
 138  302
 139  301
 142  301
 143  300
 146  300
 147  299
 148  299
 149  298
 150  298
 151  297
 152  297
 154  295
 155  295
 157  293
 158  293
 160  291
 161  291
 168  284
 168  283
 170  281
 170  280
 173  277
 173  276
 175  274
 175  273
 176  272
 176  271
 177  270
 177  268
 178  267
 178  261
 177  260
 177  257
 176  256
 176  255
 175  254
 175  252
 173  250
 173  248
 171  246
 171  245
 161  235
 161  232
 160  231
 160  216
 161  215
 162  215
 163  214
 164  214
 165  213
 166  213
 167  212
 168  212
 171  209
 172  209
 173  208
 173  207
 179  201
 179  200
 182  197
 182  195
 183  194
 183  193
 185  191
 185  189
 186  188
 186  187
 187  186
 187  184
 188  183
 188  182
 189  181
 189  176
 190  175
 190  173
 191  172
 191  164
 192  163
 192  151
 191  150
 191  146
 190  145
 190  143
 189  142
 189  141
 188  140
 188  139
 186  137
 186  136
 184  134
 183  134
 181  132
 180  132
 178  130
 177  130
 175  128
 174  128
 173  127
 171  127
 170  126
