 172  131
 171  132
 164  132
 163  133
 158  133
 157  134
 154  134
 153  135
 151  135
 150  136
 149  136
 148  137
 145  137
 144  138
 143  138
 142  139
 140  139
 139  140
 137  140
 136  141
 135  141
 134  142
 132  142
 131  143
 130  143
 129  144
 128  144
 127  145
 126  145
 125  146
 123  146
 121  148
 119  148
 118  149
 117  149
 115  151
 114  151
 113  152
 112  152
 111  153
 110  153
 109  154
 108  154
 107  155
 106  155
 105  156
 103  156
 101  158
  99  158
  98  159
  97  159
  95  161
  94  161
  93  162
  92  162
  91  163
  90  163
  89  164
  88  164
  86  166
  85  166
  84  167
  79  167
  78  168
  77  168
  76  169
  75  169
  71  173
  69  173
  68  174
  63  174
  62  175
  62  176
  61  177
  61  238
  62  239
  62  240
  63  241
  63  242
  64  243
  64  244
  65  245
  65  246
  66  247
  66  248
  68  250
  68  251
  69  252
  69  253
  70  254
  70  255
  71  256
  71  257
  72  258
  72  259
  73  260
  73  261
  74  262
  74  263
  75  264
  75  265
  77  267
  77  269
  78  270
  78  271
  79  272
  79  273
  80  274
  80  275
  81  276
  81  277
  84  280
  85  280
  88  283
  88  284
  94  290
  95  290
  99  294
 101  292
 113  292
 113  291
 114  290
 114  288
 116  286
 127  286
 127  271
 131  267
 131  265
 132  264
 132  256
 134  254
 134  252
 133  251
 133  250
 132  249
 132  245
 131  244
 131  228
 132  227
 134  227
 135  226
 138  226
 139  225
 141  225
 142  224
 143  224
 151  216
 152  216
 155  213
 155  212
 160  207
 160  206
 164  202
 164  201
 170  195
 170  194
 177  187
 177  186
 199  164
 200  164
 201  163
 201  162
 205  158
 205  157
 210  152
 210  151
 212  149
 212  147
 209  144
 208  144
 206  142
 205  142
 203  140
 202  140
 200  138
 199  138
 198  137
 196  137
 195  136
 194  136
 193  135
 192  135
 191  134
 189  134
 188  133
 184  133
 183  132
 175  132
 174  131
