 168  138
 167  139
 165  139
 164  140
 162  140
 161  141
 159  141
 157  143
 155  143
 154  144
 153  144
 152  145
 151  145
 150  146
 149  146
 148  147
 147  147
 146  148
 145  148
 143  150
 142  150
 141  151
 140  151
 139  152
 138  152
 137  153
 136  153
 133  156
 132  156
 131  157
 130  157
 129  158
 128  158
 126  160
 125  160
 123  162
 122  162
 119  165
 118  165
 116  167
 115  167
 112  170
 111  170
 107  174
  92  174
  92  179
  91  180
  91  181
  90  182
  90  183
  89  184
  89  185
  88  186
  88  187
  87  188
  87  189
  86  190
  86  228
  87  229
  87  230
  88  231
  88  232
  89  233
  89  234
  92  237
  92  238
  93  239
  93  240
  96  243
  96  244
  98  246
  98  247
 100  249
 100  250
 101  251
 101  257
 102  258
 102  260
 103  261
 103  265
 104  266
 104  267
 105  268
 105  269
 106  270
 106  271
 107  272
 107  273
 108  274
 108  275
 109  276
 109  277
 116  284
 117  284
 121  288
 122  288
 123  289
 124  289
 125  290
 126  290
 127  291
 132  291
 133  290
 136  290
 137  289
 139  289
 140  288
 141  288
 143  286
 144  286
 145  285
 146  285
 148  283
 149  283
 155  277
 155  276
 157  274
 157  273
 158  272
 158  271
 159  270
 159  269
 160  268
 160  267
 161  266
 161  265
 162  264
 162  262
 163  261
 163  259
 164  258
 164  257
 163  256
 163  254
 162  253
 162  252
 161  251
 161  250
 160  249
 160  248
 159  247
 159  246
 158  245
 158  244
 155  241
 155  240
 150  235
 150  217
 151  216
 152  216
 153  215
 154  215
 155  214
 157  214
 159  212
 160  212
 162  210
 163  210
 166  207
 167  207
 170  204
 170  203
 174  199
 174  198
 175  197
 175  196
 177  194
 177  193
 178  192
 178  191
 179  190
 179  189
 180  188
 180  187
 181  186
 181  184
 182  183
 182  181
 183  180
 183  178
 184  177
 184  174
 185  173
 185  170
 186  169
 186  165
 187  164
 187  160
 188  159
 188  156
 187  155
 187  154
 186  153
 186  151
 185  150
 185  149
 183  147
 182  147
 179  144
 178  144
 174  140
 173  140
 172  139
 170  139
 169  138
