 159  149
 158  150
 157  150
 156  151
 155  151
 153  153
 152  153
 151  154
 150  154
 145  159
 144  159
 142  161
 141  161
 139  163
 138  163
 135  166
 134  166
 131  169
 130  169
 126  173
 125  173
 123  175
 122  175
 115  182
 114  182
 111  185
  99  185
  97  187
  97  188
  95  190
  95  191
  94  192
  94  232
  96  234
  97  234
  98  235
  98  236
 101  239
 101  240
 103  242
 103  243
 105  245
 105  246
 107  248
 107  249
 109  251
 109  252
 111  254
 111  256
 112  257
 112  258
 113  259
 113  261
 114  262
 114  263
 115  264
 115  265
 116  266
 116  267
 125  276
 126  276
 127  277
 128  277
 129  278
 130  278
 131  279
 132  279
 133  280
 138  280
 139  279
 141  279
 142  278
 143  278
 144  277
 146  277
 148  275
 149  275
 152  272
 153  272
 159  266
 159  265
 161  263
 161  262
 162  261
 162  260
 163  259
 163  258
 164  257
 164  254
 165  253
 165  248
 164  247
 164  244
 163  243
 163  242
 161  240
 161  239
 155  233
 154  233
 152  231
 152  217
 154  215
 156  215
 157  214
 158  214
 160  212
 162  212
 165  209
 166  209
 172  203
 172  202
 174  200
 174  199
 175  198
 175  197
 176  196
 176  195
 177  194
 177  192
 178  191
 178  189
 179  188
 179  180
 180  179
 180  174
 179  173
 179  167
 178  166
 178  164
 177  163
 177  162
 175  160
 175  159
 170  154
 169  154
 167  152
 166  152
 164  150
 163  150
 162  149
