 217   25
 216   26
 211   26
 210   27
 205   27
 204   28
 202   28
 201   29
 199   29
 198   30
 196   30
 195   31
 194   31
 193   32
 191   32
 190   33
 189   33
 188   34
 187   34
 186   35
 185   35
 184   36
 182   36
 181   37
 180   37
 179   38
 178   38
 177   39
 176   39
 175   40
 174   40
 172   42
 171   42
 170   43
 169   43
 167   45
 166   45
 165   46
 164   46
 162   48
 161   48
 160   49
 159   49
 157   51
 156   51
 155   52
 154   52
 152   54
 151   54
 149   56
 148   56
 146   58
 145   58
 142   61
 141   61
 140   62
 139   62
 136   65
 135   65
 133   67
 132   67
 129   70
 128   70
 124   74
 123   74
 120   77
 119   77
 115   81
 114   81
 109   86
 108   86
  90  104
  89  104
  85  108
  85  109
  74  120
  74  121
  65  130
  60  130
  59  131
  58  131
  57  132
  57  133
  56  134
  56  136
  55  137
  55  138
  53  140
  53  141
  49  145
  49  146
  46  149
  46  150
  26  170
  25  170
  20  175
  20  176
  19  177
  19  322
  20  323
  20  324
  21  325
  21  326
  22  327
  22  328
  24  330
  24  332
  26  334
  26  335
  27  336
  27  337
  28  338
  28  339
  29  340
  29  341
  31  343
  31  344
  35  348
  35  349
  37  351
  37  352
  46  361
  46  362
  52  368
  53  368
  56  371
  56  372
  57  373
  57  374
  58  375
  58  378
  59  379
  59  382
  60  383
  60  385
  61  386
  61  388
  62  389
  62  390
  63  391
  63  392
  64  393
  64  394
  65  395
  66  395
  72  401
  73  401
  74  402
  75  402
  76  401
  77  401
  80  398
  81  398
  82  397
 100  397
 101  398
 102  398
 103  399
 104  399
 105  400
 106  399
 107  399
 108  398
 109  398
 110  397
 110  396
 112  394
 112  393
 113  392
 113  390
 114  389
 114  387
 118  383
 136  383
 137  382
 138  382
 139  381
 140  381
 140  380
 141  379
 141  361
 144  358
 145  358
 146  357
 150  357
 151  356
 153  356
 154  355
 155  355
 156  354
 157  354
 159  352
 159  330
 162  327
 163  327
 164  326
 165  326
 169  322
 169  321
 167  319
 167  318
 165  316
 165  314
 163  312
 163  311
 161  309
 161  307
 160  306
 160  303
 159  302
 159  300
 158  299
 158  298
 157  297
 157  296
 154  293
 154  292
 151  289
 150  289
 146  285
 145  285
 141  281
 140  281
 137  278
 136  278
 134  276
 133  276
 130  273
 129  273
 128  272
 128  258
 129  257
 149  257
 150  258
 151  258
 152  257
 156  257
 157  256
 159  256
 160  255
 162  255
 164  253
 165  253
 174  244
 174  243
 175  242
 175  241
 176  240
 176  239
 177  238
 177  237
 178  236
 178  234
 179  233
 179  232
 182  229
 183  229
 187  225
 187  224
 191  220
 191  219
 192  218
 192  217
 193  216
 193  212
 194  211
 194  209
 195  208
 195  205
 198  202
 198  201
 201  198
 201  197
 203  195
 203  194
 205  192
 205  191
 206  190
 206  188
 207  187
 207  186
 208  185
 208  180
 209  179
 209  173
 210  172
 210  171
 211  170
 211  169
 212  168
 212  167
 213  166
 213  165
 216  162
 216  161
 217  160
 217  159
 218  158
 218  157
 219  156
 219  155
 220  154
 220  152
 221  151
 221  150
 222  149
 222  146
 223  145
 223  141
 224  140
 224  139
 225  138
 225  137
 226  136
 226  135
 227  134
 227  133
 230  130
 230  129
 232  127
 232  126
 234  124
 234  122
 235  121
 235  120
 236  119
 236  118
 237  117
 237  116
 238  115
 238  113
 239  112
 239  108
 240  107
 240  105
 241  104
 241  103
 242  102
 242  101
 243  100
 243   98
 244   97
 244   96
 245   95
 245   93
 246   92
 246   91
 247   90
 247   89
 248   88
 248   86
 249   85
 249   84
 250   83
 250   81
 251   80
 251   78
 252   77
 252   75
 253   74
 253   73
 254   72
 254   68
 255   67
 255   64
 256   63
 256   52
 255   51
 255   49
 254   48
 254   45
 253   44
 253   43
 251   41
 251   40
 246   35
 245   35
 244   34
 243   34
 242   33
 241   33
 240   32
 239   32
 238   31
 237   31
 235   29
 234   29
 233   28
 232   28
 231   27
 229   27
 228   26
 224   26
 223   25
