 166  145
 165  146
 162  146
 161  147
 158  147
 157  148
 156  148
 155  149
 154  149
 153  150
 152  150
 151  151
 150  151
 149  152
 148  152
 147  153
 146  153
 145  154
 144  154
 143  155
 142  155
 140  157
 139  157
 136  160
 135  160
 134  161
 133  161
 131  163
 130  163
 129  164
 126  164
 125  165
 124  165
 123  166
 122  166
 121  167
 120  167
 118  169
 118  170
 116  172
 116  173
 111  178
 110  178
 108  180
 107  180
 106  181
 105  181
 101  185
 100  185
  99  186
  97  186
  96  187
  93  187
  92  188
  91  188
  89  190
  89  191
  88  192
  88  234
  90  236
  92  236
  96  240
  97  240
  98  241
  99  241
 102  244
 103  244
 108  249
 109  249
 110  250
 110  251
 111  252
 111  253
 112  254
 112  256
 113  257
 113  259
 114  260
 114  261
 115  262
 115  263
 117  265
 117  266
 129  278
 130  278
 132  280
 133  280
 134  281
 135  281
 136  282
 139  282
 140  283
 147  283
 148  282
 151  282
 152  281
 153  281
 154  280
 155  280
 156  279
 157  279
 159  277
 160  277
 162  275
 163  275
 172  266
 172  265
 173  264
 173  263
 174  262
 174  261
 175  260
 175  258
 176  257
 176  253
 175  252
 175  250
 174  249
 174  248
 171  245
 171  244
 168  241
 167  241
 165  239
 164  239
 160  235
 159  235
 157  233
 156  233
 155  232
 155  218
 156  217
 157  217
 158  216
 159  216
 160  215
 161  215
 162  214
 163  214
 165  212
 166  212
 177  201
 177  200
 178  199
 178  198
 179  197
 179  196
 180  195
 180  194
 181  193
 181  192
 182  191
 182  188
 183  187
 183  185
 184  184
 184  178
 185  177
 185  175
 186  174
 186  167
 187  166
 187  165
 186  164
 186  161
 184  159
 184  158
 183  157
 183  156
 180  153
 179  153
 176  150
 175  150
 173  148
 172  148
 171  147
 170  147
 169  146
 167  146
