 163  142
 162  143
 160  143
 159  144
 158  144
 157  145
 155  145
 154  146
 153  146
 152  147
 150  147
 148  149
 147  149
 146  150
 145  150
 143  152
 142  152
 141  153
 140  153
 139  154
 138  154
 136  156
 134  156
 132  158
 131  158
 130  159
 129  159
 126  162
 125  162
 122  165
 121  165
 119  167
 118  167
 116  169
 115  169
 110  174
 109  174
 108  175
 108  176
 106  178
 105  178
 102  181
 101  181
 100  182
  99  182
  97  184
  96  184
  93  187
  92  187
  90  189
  90  190
  88  192
  88  235
  90  237
  92  237
  93  238
  93  239
  94  240
  94  241
  95  242
  95  244
  96  245
  96  246
 101  251
 101  252
 102  253
 102  254
 103  255
 103  256
 104  257
 104  258
 105  259
 105  261
 106  262
 106  264
 107  265
 107  269
 108  270
 108  271
 119  282
 120  282
 122  284
 123  284
 124  285
 125  285
 126  286
 128  286
 129  287
 130  286
 132  286
 133  285
 136  285
 137  284
 138  284
 139  283
 141  283
 142  282
 143  282
 145  280
 146  280
 148  278
 149  278
 157  270
 157  269
 159  267
 159  265
 161  263
 161  261
 162  260
 162  259
 163  258
 163  255
 164  254
 164  251
 163  250
 163  244
 162  243
 162  242
 161  241
 161  240
 159  238
 159  237
 157  235
 157  234
 156  233
 156  219
 158  217
 160  217
 162  215
 163  215
 164  214
 165  214
 168  211
 169  211
 170  210
 170  209
 175  204
 175  203
 178  200
 178  199
 179  198
 179  197
 180  196
 180  195
 181  194
 181  192
 182  191
 182  190
 183  189
 183  186
 184  185
 184  183
 185  182
 185  176
 186  175
 186  166
 185  165
 185  161
 184  160
 184  159
 183  158
 183  157
 182  156
 182  155
 175  148
 174  148
 171  145
 170  145
 169  144
 168  144
 167  143
 165  143
 164  142
