 183  112
 182  113
 175  113
 174  114
 172  114
 171  115
 167  115
 166  116
 164  116
 163  117
 162  117
 161  118
 159  118
 158  119
 157  119
 156  120
 154  120
 153  121
 152  121
 151  122
 150  122
 149  123
 148  123
 147  124
 146  124
 145  125
 144  125
 143  126
 142  126
 141  127
 140  127
 138  129
 137  129
 135  131
 134  131
 132  133
 131  133
 129  135
 128  135
 126  137
 125  137
 122  140
 121  140
 118  143
 117  143
 115  145
 100  145
  99  144
  99  141
  98  141
  97  140
  88  149
  87  149
  85  151
  84  151
  80  155
  79  155
  77  157
  76  157
  75  158
  74  158
  74  159
  64  169
  64  171
  63  172
  63  268
  64  269
  64  272
  65  273
  65  274
  66  275
  66  277
  67  278
  67  279
  68  280
  68  281
  69  282
  69  283
  72  286
  72  287
  76  291
  76  292
  78  294
  79  294
  85  300
  86  300
  87  301
  88  301
  89  302
  94  302
 106  314
 107  313
 122  313
 124  311
 124  309
 125  308
 125  307
 127  305
 139  305
 141  303
 141  290
 142  289
 143  289
 144  288
 145  288
 149  284
 149  271
 150  270
 150  269
 152  267
 149  264
 149  263
 145  259
 145  258
 143  256
 143  253
 142  252
 142  251
 141  250
 141  248
 139  246
 139  232
 140  231
 143  231
 144  230
 150  230
 151  229
 155  229
 156  228
 159  228
 161  226
 162  226
 164  224
 165  224
 167  222
 167  221
 174  214
 174  213
 176  211
 176  210
 178  208
 178  207
 180  205
 180  204
 182  202
 182  201
 183  200
 183  199
 184  198
 184  197
 185  196
 185  194
 186  193
 186  191
 187  190
 187  189
 188  188
 188  187
 189  186
 189  185
 190  184
 190  183
 191  182
 191  181
 192  180
 192  179
 193  178
 193  177
 194  176
 194  174
 195  173
 195  172
 197  170
 197  169
 198  168
 198  167
 199  166
 199  165
 200  164
 200  163
 201  162
 201  161
 202  160
 202  159
 203  158
 203  157
 204  156
 204  153
 205  152
 205  150
 206  149
 206  147
 207  146
 207  145
 208  144
 208  142
 209  141
 209  139
 210  138
 210  133
 211  132
 211  129
 210  128
 210  126
 208  124
 208  123
 207  122
 206  122
 204  120
 203  120
 202  119
 201  119
 198  116
 197  116
 196  115
 195  115
 194  114
 193  114
 192  113
 190  113
 189  112
