 169  114
 168  115
 166  115
 165  116
 164  116
 163  117
 161  117
 160  118
 159  118
 158  119
 157  119
 156  120
 155  120
 154  121
 153  121
 152  122
 151  122
 149  124
 148  124
 146  126
 145  126
 143  128
 142  128
 140  130
 139  130
 136  133
 135  133
 130  138
 129  138
 122  145
 121  145
 114  152
 111  152
 111  154
 110  155
 109  155
 108  156
 106  156
 105  157
 104  157
 101  160
 100  160
 100  161
  98  163
  84  163
  83  162
  83  161
  83  162
  82  163
  82  241
  84  243
  87  243
  90  246
  90  247
  94  251
  94  252
  96  254
  96  255
  97  256
  97  257
  98  258
  98  259
  99  260
  99  262
 100  263
 100  265
 101  266
 101  269
 102  270
 102  272
 103  273
 103  276
 104  277
 104  278
 106  280
 107  280
 110  283
 110  286
 111  287
 111  288
 114  291
 114  296
 115  297
 115  298
 116  299
 117  299
 118  300
 119  300
 120  301
 120  302
 121  303
 121  304
 122  303
 137  303
 140  306
 140  303
 141  302
 151  302
 150  301
 150  300
 149  299
 149  284
 151  282
 154  282
 155  281
 154  280
 154  265
 157  262
 157  261
 155  259
 155  258
 154  257
 154  245
 153  244
 153  243
 151  241
 151  240
 145  234
 145  233
 144  232
 144  231
 143  230
 143  229
 142  228
 142  214
 143  213
 150  213
 151  212
 154  212
 156  210
 157  210
 162  205
 162  204
 167  199
 167  198
 170  195
 170  194
 171  193
 171  192
 172  191
 172  189
 173  188
 173  187
 174  186
 174  184
 175  183
 175  181
 176  180
 176  178
 177  177
 177  174
 178  173
 178  172
 179  171
 179  168
 180  167
 180  166
 181  165
 181  163
 182  162
 182  160
 183  159
 183  158
 184  157
 184  156
 185  155
 185  153
 186  152
 186  150
 187  149
 187  147
 188  146
 188  145
 189  144
 189  143
 190  142
 190  139
 191  138
 191  136
 192  135
 192  131
 191  130
 191  129
 190  128
 190  126
 189  125
 189  124
 187  122
 186  122
 185  121
 184  121
 181  118
 180  118
 178  116
 177  116
 176  115
 174  115
 173  114
