 175   95
 174   96
 171   96
 170   97
 169   97
 168   98
 166   98
 165   99
 163   99
 161  101
 160  101
 159  102
 158  102
 157  103
 156  103
 154  105
 153  105
 152  106
 151  106
 149  108
 148  108
 146  110
 145  110
 143  112
 142  112
 141  113
 140  113
 138  115
 137  115
 134  118
 133  118
 131  120
 130  120
 127  123
 126  123
 124  125
 123  125
 121  127
 120  127
 117  130
 116  130
 113  133
 112  133
 105  140
 104  140
  90  154
  76  154
  75  153
  75  151
  74  150
  73  151
  72  151
  70  153
  68  153
  65  156
  65  158
  64  159
  64  256
  65  257
  65  258
  66  259
  66  260
  68  262
  68  263
  69  264
  69  265
  70  266
  70  267
  72  269
  72  271
  73  272
  73  273
  74  274
  74  275
  75  276
  75  277
  77  279
  77  280
  79  282
  79  283
  81  285
  81  286
  84  289
  84  290
  94  300
  94  302
  95  303
  95  309
  96  310
  96  314
  97  315
  97  316
  98  317
  98  318
  99  319
  99  320
 108  329
 109  329
 110  330
 112  330
 113  329
 116  329
 117  328
 132  328
 135  325
 135  324
 137  322
 138  322
 139  321
 154  321
 154  306
 155  305
 155  304
 156  303
 156  302
 157  301
 157  300
 158  299
 159  299
 162  296
 162  295
 163  294
 163  288
 164  287
 164  285
 165  284
 165  283
 170  278
 170  276
 169  275
 169  274
 168  273
 168  272
 167  271
 167  270
 166  269
 166  266
 165  265
 165  258
 163  256
 163  255
 161  253
 161  252
 157  248
 157  247
 151  241
 150  241
 148  239
 148  238
 145  235
 145  221
 146  220
 149  220
 150  219
 154  219
 156  217
 157  217
 158  216
 159  216
 162  213
 163  213
 169  207
 169  206
 172  203
 172  202
 174  200
 174  199
 176  197
 176  196
 178  194
 178  191
 180  189
 180  187
 181  186
 181  185
 182  184
 182  183
 183  182
 183  179
 184  178
 184  175
 185  174
 185  171
 186  170
 186  168
 187  167
 187  165
 188  164
 188  162
 189  161
 189  159
 190  158
 190  157
 191  156
 191  154
 192  153
 192  152
 193  151
 193  150
 194  149
 194  148
 195  147
 195  145
 196  144
 196  142
 198  140
 198  138
 200  136
 200  134
 201  133
 201  132
 202  131
 202  130
 203  129
 203  128
 204  127
 204  126
 205  125
 205  124
 207  122
 207  121
 208  120
 208  119
 209  118
 209  116
 210  115
 210  112
 209  111
 209  109
 208  108
 208  107
 207  106
 206  106
 204  104
 203  104
 202  103
 201  103
 198  100
 197  100
 196   99
 195   99
 194   98
 193   98
 192   97
 191   97
 190   96
 187   96
 186   95
