 163  142
 162  143
 160  143
 159  144
 158  144
 157  145
 156  145
 155  146
 154  146
 153  147
 152  147
 151  148
 150  148
 147  151
 146  151
 145  152
 144  152
 142  154
 141  154
 139  156
 138  156
 137  157
 136  157
 135  158
 134  158
 133  159
 132  159
 131  160
 130  160
 128  162
 127  162
 126  163
 124  163
 121  166
 121  167
 115  173
 114  173
 107  180
 106  180
 105  181
 104  181
 103  182
 102  182
 101  183
  99  183
  98  184
  96  184
  95  185
  93  185
  92  186
  91  186
  89  188
  89  235
  97  243
  97  244
  99  246
  99  247
 100  248
 100  249
 102  251
 102  252
 104  254
 104  255
 105  256
 105  257
 106  258
 106  259
 107  260
 107  262
 108  263
 108  264
 109  265
 109  266
 111  268
 111  269
 112  270
 112  271
 115  274
 115  275
 116  275
 122  281
 123  281
 124  282
 125  282
 127  284
 128  284
 129  285
 131  285
 132  286
 133  286
 134  287
 136  287
 137  286
 138  286
 139  285
 141  285
 142  284
 143  284
 144  283
 145  283
 146  282
 147  282
 148  281
 149  281
 151  279
 152  279
 153  278
 154  278
 156  276
 157  276
 159  274
 160  274
 166  268
 166  267
 168  265
 168  264
 169  263
 169  262
 170  261
 170  255
 169  254
 169  253
 168  252
 168  251
 166  249
 166  248
 152  234
 152  219
 153  218
 155  218
 156  217
 157  217
 158  216
 159  216
 160  215
 161  215
 163  213
 164  213
 166  211
 167  211
 173  205
 173  204
 176  201
 176  200
 178  198
 178  197
 179  196
 179  194
 180  193
 180  192
 181  191
 181  188
 182  187
 182  186
 183  185
 183  180
 184  179
 184  175
 185  174
 185  169
 184  168
 184  166
 183  165
 183  160
 182  159
 182  158
 181  157
 181  156
 180  155
 180  154
 179  153
 179  152
 175  148
 174  148
 170  144
 169  144
 168  143
 167  143
 166  142
