 193   61
 192   62
 189   62
 188   63
 185   63
 184   64
 182   64
 181   65
 179   65
 178   66
 176   66
 175   67
 174   67
 173   68
 172   68
 171   69
 170   69
 169   70
 167   70
 166   71
 165   71
 163   73
 162   73
 161   74
 160   74
 159   75
 158   75
 157   76
 156   76
 154   78
 153   78
 150   81
 149   81
 146   84
 145   84
 142   87
 141   87
 137   91
 136   91
 132   95
 131   95
 106  120
 106  121
 101  126
 101  127
  94  134
  94  135
  92  137
  91  137
  89  139
  88  139
  86  141
  86  142
  84  144
  84  145
  83  146
  83  147
  81  149
  81  150
  79  152
  79  153
  77  155
  77  156
  75  158
  75  159
  73  161
  73  162
  70  165
  70  166
  64  172
  64  173
  60  177
  60  178
  56  182
  56  183
  54  185
  54  186
  53  187
  53  294
  54  295
  54  296
  55  297
  55  298
  59  302
  59  303
  62  306
  62  307
  65  310
  65  311
  68  314
  68  315
  71  318
  71  319
  77  325
  77  326
  78  327
  79  327
  82  330
  82  331
  87  336
  88  336
  95  343
  96  343
  97  344
  98  344
 104  350
 104  351
 108  355
 108  356
 109  357
 110  357
 118  365
 119  365
 120  366
 121  365
 122  365
 123  364
 124  364
 125  363
 126  363
 128  361
 129  361
 131  359
 132  359
 133  358
 134  358
 136  356
 137  356
 146  347
 147  347
 149  345
 150  345
 151  344
 152  344
 154  342
 155  342
 155  341
 157  339
 157  337
 158  336
 158  335
 159  334
 159  333
 160  332
 160  331
 167  324
 167  323
 169  321
 169  319
 170  318
 170  314
 171  313
 171  308
 172  307
 172  304
 173  303
 173  302
 174  301
 174  300
 177  297
 177  295
 176  294
 176  292
 175  291
 175  290
 174  289
 174  279
 173  278
 173  277
 172  276
 172  275
 161  264
 160  264
 157  261
 156  261
 154  259
 154  245
 155  244
 156  244
 157  243
 161  243
 162  242
 164  242
 165  241
 167  241
 168  240
 169  240
 170  239
 171  239
 173  237
 174  237
 175  236
 175  235
 178  232
 178  231
 179  230
 179  229
 180  228
 180  227
 181  226
 181  224
 182  223
 182  220
 183  219
 183  215
 184  214
 184  213
 185  212
 185  211
 186  210
 186  209
 187  208
 187  206
 188  205
 188  203
 189  202
 189  197
 190  196
 190  194
 191  193
 191  191
 192  190
 192  188
 193  187
 193  185
 194  184
 194  179
 195  178
 195  172
 196  171
 196  165
 197  164
 197  163
 198  162
 198  159
 199  158
 199  157
 200  156
 200  153
 201  152
 201  149
 202  148
 202  145
 203  144
 203  141
 204  140
 204  139
 205  138
 205  137
 206  136
 206  135
 207  134
 207  133
 208  132
 208  131
 209  130
 209  129
 210  128
 210  127
 211  126
 211  123
 212  122
 212  121
 213  120
 213  119
 214  118
 214  116
 215  115
 215  114
 216  113
 216  111
 217  110
 217  108
 218  107
 218  104
 219  103
 219  100
 220   99
 220   94
 221   93
 221   83
 220   82
 220   78
 219   77
 219   76
 217   74
 217   73
 213   69
 212   69
 211   68
 210   68
 209   67
 208   67
 206   65
 205   65
 203   63
 201   63
 200   62
 198   62
 197   61
