 203   37
 202   38
 198   38
 197   39
 194   39
 193   40
 191   40
 190   41
 188   41
 187   42
 185   42
 184   43
 182   43
 181   44
 180   44
 179   45
 177   45
 176   46
 175   46
 174   47
 172   47
 171   48
 170   48
 169   49
 168   49
 166   51
 165   51
 164   52
 163   52
 162   53
 161   53
 160   54
 159   54
 157   56
 156   56
 154   58
 153   58
 152   59
 151   59
 149   61
 148   61
 147   62
 146   62
 144   64
 143   64
 141   66
 140   66
 138   68
 137   68
 134   71
 133   71
 129   75
 128   75
 123   80
 122   80
 117   85
 116   85
 108   93
 107   93
  92  108
  92  109
  79  122
  69  122
  68  123
  65  123
  64  124
  63  124
  62  125
  61  125
  60  126
  59  126
  56  129
  55  129
  50  134
  50  135
  48  137
  48  138
  46  140
  46  141
  44  143
  44  144
  42  146
  42  147
  41  148
  41  149
  37  153
  37  154
  34  157
  34  158
  33  159
  33  160
  32  161
  32  315
  33  316
  33  318
  34  319
  34  320
  36  322
  36  323
  37  324
  37  325
  38  326
  38  327
  39  328
  39  329
  41  331
  41  332
  43  334
  43  335
  45  337
  45  338
  48  341
  48  342
  52  346
  52  347
  65  360
  65  361
  78  374
  78  375
  92  389
  93  389
  94  390
  95  390
  96  391
 100  391
 101  390
 103  390
 104  389
 111  389
 112  388
 116  388
 117  387
 118  387
 119  386
 120  386
 121  385
 122  385
 127  380
 127  379
 128  378
 128  377
 132  373
 135  373
 136  372
 138  372
 139  371
 140  371
 141  370
 142  370
 145  367
 145  365
 146  364
 146  360
 147  359
 147  354
 148  353
 149  353
 151  351
 153  351
 154  350
 155  350
 156  349
 157  349
 160  346
 160  345
 161  344
 161  342
 162  341
 162  327
 163  326
 163  325
 164  324
 164  323
 166  321
 167  321
 169  319
 170  319
 172  317
 172  315
 171  314
 171  313
 169  311
 169  310
 168  309
 168  308
 167  307
 167  306
 166  305
 166  296
 165  295
 165  293
 164  292
 164  291
 163  290
 163  289
 160  286
 160  285
 152  277
 151  277
 143  269
 142  269
 137  264
 136  264
 132  260
 131  260
 127  256
 127  242
 128  241
 161  241
 162  240
 166  240
 167  239
 170  239
 171  238
 173  238
 174  237
 175  237
 176  236
 177  236
 178  235
 179  235
 180  234
 181  234
 183  232
 184  232
 188  228
 188  227
 190  225
 190  224
 191  223
 191  222
 192  221
 192  220
 193  219
 193  217
 194  216
 194  214
 195  213
 195  212
 196  211
 196  210
 197  209
 197  208
 198  207
 198  206
 199  205
 199  204
 200  203
 200  202
 201  201
 201  200
 202  199
 202  198
 203  197
 203  194
 204  193
 204  191
 205  190
 205  189
 206  188
 206  186
 207  185
 207  184
 208  183
 208  181
 209  180
 209  178
 210  177
 210  173
 211  172
 211  169
 212  168
 212  164
 213  163
 213  160
 214  159
 214  157
 215  156
 215  154
 216  153
 216  151
 217  150
 217  147
 218  146
 218  143
 219  142
 219  139
 220  138
 220  136
 221  135
 221  132
 222  131
 222  129
 223  128
 223  126
 224  125
 224  124
 225  123
 225  121
 226  120
 226  119
 227  118
 227  115
 228  114
 228  113
 229  112
 229  110
 230  109
 230  108
 231  107
 231  106
 232  105
 232  103
 233  102
 233  100
 234   99
 234   97
 235   96
 235   94
 236   93
 236   91
 237   90
 237   88
 238   87
 238   84
 239   83
 239   81
 240   80
 240   76
 241   75
 241   71
 242   70
 242   61
 241   60
 241   58
 240   57
 240   55
 239   54
 239   53
 237   51
 237   50
 235   48
 234   48
 233   47
 232   47
 231   46
 230   46
 229   45
 228   45
 227   44
 226   44
 225   43
 224   43
 222   41
 221   41
 220   40
 219   40
 218   39
 216   39
 215   38
 212   38
 211   37
