 213   21
 212   22
 205   22
 204   23
 200   23
 199   24
 196   24
 195   25
 193   25
 192   26
 190   26
 189   27
 187   27
 186   28
 184   28
 183   29
 182   29
 181   30
 180   30
 179   31
 177   31
 175   33
 174   33
 173   34
 172   34
 171   35
 170   35
 169   36
 168   36
 167   37
 166   37
 165   38
 164   38
 162   40
 161   40
 160   41
 159   41
 157   43
 156   43
 155   44
 154   44
 152   46
 151   46
 150   47
 149   47
 147   49
 146   49
 145   50
 144   50
 142   52
 141   52
 139   54
 138   54
 136   56
 135   56
 132   59
 131   59
 129   61
 128   61
 125   64
 124   64
 120   68
 119   68
 114   73
 113   73
 109   77
 108   77
 101   84
 100   84
  92   92
  91   92
  83  100
  83  101
  72  112
  72  113
  55  130
  54  130
  41  143
  41  144
  39  146
  30  146
  27  149
  26  149
  21  154
  21  155
  19  157
  19  158
  18  159
  17  159
  14  162
  13  162
   8  167
   0  167
   0  298
   8  298
   9  299
   9  300
  11  302
  11  303
  13  305
  13  307
  14  308
  14  309
  15  310
  15  311
  16  312
  16  313
  17  314
  17  315
  18  316
  18  317
  20  319
  20  320
  22  322
  22  323
  24  325
  24  326
  26  328
  26  329
  29  332
  29  333
  31  335
  31  336
  33  338
  33  339
  36  342
  36  343
  40  347
  40  348
  58  366
  58  367
  60  369
  60  370
  64  374
  64  375
  70  381
  70  382
  72  384
  72  385
  73  386
  73  387
  74  388
  74  389
  76  391
  76  392
  80  396
  81  396
  90  405
  91  405
  92  406
  93  406
  94  407
  95  407
  96  406
  97  406
  98  405
  99  405
 100  404
 101  404
 102  403
 103  403
 105  401
 107  401
 108  400
 127  400
 129  398
 129  397
 130  396
 130  390
 131  389
 132  389
 133  388
 134  388
 137  385
 138  385
 140  383
 142  383
 143  382
 145  382
 146  381
 149  381
 150  380
 151  380
 152  379
 153  379
 154  378
 155  378
 156  377
 156  376
 157  375
 157  374
 158  373
 158  359
 159  358
 159  355
 160  354
 160  353
 163  350
 164  350
 165  349
 167  349
 168  348
 169  348
 170  347
 171  347
 174  344
 174  342
 173  341
 173  340
 172  339
 172  338
 171  337
 171  336
 170  335
 170  334
 169  333
 169  310
 168  309
 168  308
 167  307
 167  306
 165  304
 165  303
 161  299
 161  284
 162  283
 163  283
 163  275
 162  274
 162  272
 158  268
 158  267
 157  266
 156  266
 153  263
 152  263
 150  261
 149  261
 146  258
 145  258
 144  257
 144  243
 145  242
 161  242
 162  241
 167  241
 168  240
 172  240
 173  239
 176  239
 177  238
 179  238
 180  237
 182  237
 183  236
 184  236
 185  235
 186  235
 189  232
 190  232
 191  231
 191  230
 193  228
 193  227
 195  225
 195  224
 196  223
 196  222
 199  219
 199  218
 201  216
 202  216
 209  209
 209  208
 210  207
 210  206
 211  205
 211  203
 212  202
 212  200
 213  199
 213  190
 214  189
 214  188
 215  187
 215  186
 217  184
 217  183
 219  181
 219  179
 220  178
 220  177
 221  176
 221  173
 222  172
 222  157
 223  156
 223  154
 224  153
 224  151
 225  150
 225  149
 226  148
 226  147
 227  146
 227  145
 228  144
 228  140
 229  139
 229  136
 230  135
 230  129
 231  128
 231  126
 232  125
 232  124
 235  121
 235  120
 237  118
 237  117
 238  116
 238  115
 240  113
 240  112
 241  111
 241  110
 242  109
 242  108
 243  107
 243  106
 244  105
 244  103
 245  102
 245  101
 246  100
 246   99
 247   98
 247   97
 248   96
 248   95
 250   93
 250   92
 251   91
 251   90
 252   89
 252   88
 253   87
 253   86
 254   85
 254   83
 255   82
 255   81
 256   80
 256   78
 257   77
 257   75
 258   74
 258   71
 259   70
 259   49
 263   45
 263   43
 262   42
 262   41
 261   40
 261   39
 256   34
 255   34
 253   32
 252   32
 251   31
 249   31
 248   30
 246   30
 244   28
 243   28
 241   26
 240   26
 239   25
 237   25
 236   24
 234   24
 233   23
 229   23
 228   22
 221   22
 220   21
