 181  112
 180  113
 176  113
 175  114
 172  114
 171  115
 169  115
 168  116
 167  116
 166  117
 163  117
 162  118
 161  118
 160  119
 159  119
 158  120
 156  120
 155  121
 154  121
 153  122
 152  122
 151  123
 150  123
 149  124
 148  124
 147  125
 146  125
 145  126
 144  126
 143  127
 142  127
 140  129
 139  129
 137  131
 136  131
 135  132
 134  132
 132  134
 131  134
 129  136
 128  136
 126  138
 125  138
 123  140
 122  140
 120  142
 119  142
 116  145
 115  145
 112  148
 111  148
 106  153
 105  153
  99  159
  98  159
  94  163
  93  163
  86  170
  85  170
  77  178
  77  179
  75  181
  74  181
  67  188
  67  189
  66  190
  66  191
  64  193
  64  270
  65  271
  65  272
  68  275
  68  276
  70  278
  70  279
  73  282
  73  283
  83  293
  83  296
  84  297
  84  298
  86  300
  86  301
  87  302
  88  302
  95  309
  96  309
  97  310
  99  310
 100  311
 105  311
 108  314
 108  315
 109  314
 110  314
 111  313
 118  313
 119  312
 120  312
 121  311
 121  310
 123  308
 123  307
 124  306
 125  306
 127  304
 128  304
 129  303
 131  303
 132  302
 133  302
 135  300
 135  299
 136  298
 136  297
 137  296
 137  295
 141  291
 142  291
 143  290
 144  290
 148  286
 148  279
 149  278
 149  277
 151  275
 152  275
 153  274
 153  273
 154  272
 154  262
 155  261
 155  258
 152  255
 152  254
 146  248
 146  247
 145  246
 144  246
 141  243
 141  228
 142  227
 146  227
 147  226
 149  226
 150  225
 152  225
 153  224
 154  224
 157  221
 157  220
 159  218
 159  216
 160  215
 160  213
 161  212
 161  211
 162  210
 162  209
 163  208
 163  205
 164  204
 164  202
 165  201
 165  200
 166  199
 166  198
 167  197
 167  196
 168  195
 168  194
 169  193
 169  191
 170  190
 170  188
 171  187
 171  186
 172  185
 172  184
 173  183
 173  182
 174  181
 174  180
 175  179
 175  178
 176  177
 176  176
 177  175
 177  173
 178  172
 178  171
 181  168
 181  167
 184  164
 184  163
 188  159
 188  158
 192  154
 192  153
 194  151
 194  150
 196  148
 196  147
 198  145
 198  144
 199  143
 199  142
 201  140
 201  139
 202  138
 202  137
 204  135
 204  134
 205  133
 205  132
 206  131
 206  130
 207  129
 207  127
 208  126
 208  125
 209  124
 209  122
 206  119
 205  119
 203  117
 202  117
 200  115
 199  115
 198  114
 197  114
 196  113
 194  113
 193  112
