 173  126
 172  127
 170  127
 169  128
 166  128
 165  129
 164  129
 163  130
 161  130
 160  131
 159  131
 158  132
 157  132
 156  133
 155  133
 154  134
 153  134
 152  135
 151  135
 150  136
 149  136
 148  137
 147  137
 146  138
 145  138
 144  139
 143  139
 142  140
 141  140
 140  141
 139  141
 138  142
 137  142
 136  143
 135  143
 134  144
 133  144
 131  146
 130  146
 128  148
 127  148
 125  150
 124  150
 122  152
 121  152
 119  154
 118  154
 117  155
 116  155
 113  158
 112  158
 107  163
 106  163
 103  166
  88  166
  87  165
  87  163
  85  161
  84  162
  84  163
  83  164
  82  164
  80  166
  80  168
  79  169
  79  170
  78  171
  78  233
  79  234
  79  235
  80  236
  80  237
  81  238
  81  239
  83  241
  83  242
  84  243
  84  244
  85  245
  85  247
  86  248
  86  250
  87  251
  87  253
  88  254
  88  256
  89  257
  89  262
  90  263
  90  267
  91  268
  91  274
  92  275
  92  276
  93  277
  93  279
  94  280
  94  281
  95  282
  95  283
 101  289
 101  290
 102  291
 103  291
 109  297
 110  297
 112  299
 113  299
 114  300
 115  300
 116  301
 119  301
 120  302
 125  302
 126  301
 129  301
 130  300
 131  300
 132  299
 133  299
 134  298
 135  298
 136  297
 137  297
 138  296
 140  296
 141  295
 142  295
 143  294
 144  294
 146  292
 147  292
 150  289
 151  289
 155  285
 155  284
 159  280
 159  279
 161  277
 161  276
 162  275
 162  274
 163  273
 163  272
 164  271
 164  270
 165  269
 165  268
 166  267
 166  266
 167  265
 167  258
 166  257
 166  256
 165  255
 165  254
 164  253
 164  252
 163  251
 163  250
 162  249
 162  248
 160  246
 160  245
 158  243
 158  242
 154  238
 154  237
 153  236
 152  236
 150  234
 150  219
 151  218
 155  218
 156  217
 159  217
 160  216
 161  216
 162  215
 163  215
 164  214
 165  214
 167  212
 168  212
 172  208
 173  208
 178  203
 178  202
 182  198
 182  197
 184  195
 184  194
 185  193
 185  192
 186  191
 186  190
 187  189
 187  188
 188  187
 188  185
 189  184
 189  182
 190  181
 190  179
 191  178
 191  175
 192  174
 192  172
 193  171
 193  166
 194  165
 194  163
 195  162
 195  157
 196  156
 196  151
 195  150
 195  146
 194  145
 194  144
 193  143
 193  142
 192  141
 192  140
 190  138
 190  137
 185  132
 184  132
 181  129
 180  129
 179  128
 178  128
 177  127
 175  127
 174  126
