 169  129
 168  130
 166  130
 165  131
 163  131
 162  132
 160  132
 159  133
 158  133
 157  134
 156  134
 155  135
 154  135
 153  136
 152  136
 151  137
 150  137
 149  138
 148  138
 146  140
 144  140
 143  141
 142  141
 140  143
 139  143
 137  145
 136  145
 134  147
 133  147
 132  148
 131  148
 129  150
 128  150
 127  151
 126  151
 124  153
 123  153
 120  156
 119  156
 117  158
 116  158
 114  160
 113  160
 109  164
 108  164
 105  167
 104  167
 101  170
 100  170
  97  173
  96  173
  94  175
  93  175
  92  176
  88  176
  87  177
  86  177
  83  180
  83  181
  82  182
  82  183
  81  184
  81  252
  83  254
  88  254
  92  258
  92  259
  93  260
  93  261
  94  262
  94  263
  96  265
  96  266
  97  267
  97  268
  99  270
  99  271
 100  272
 100  274
 101  275
 101  278
 102  279
 102  280
 112  290
 113  290
 117  294
 118  294
 120  296
 121  296
 122  297
 123  297
 124  298
 125  298
 126  299
 134  299
 135  298
 137  298
 138  297
 140  297
 141  296
 142  296
 143  295
 144  295
 145  294
 146  294
 148  292
 149  292
 151  290
 152  290
 156  286
 157  286
 159  284
 159  283
 162  280
 162  279
 164  277
 164  275
 166  273
 166  270
 167  269
 167  268
 168  267
 168  256
 167  255
 167  254
 166  253
 166  250
 164  248
 164  246
 162  244
 162  243
 158  239
 158  238
 157  237
 156  237
 153  234
 152  234
 149  231
 149  217
 150  216
 151  216
 152  215
 153  215
 154  214
 156  214
 158  212
 159  212
 160  211
 161  211
 163  209
 164  209
 167  206
 168  206
 173  201
 173  200
 179  194
 179  193
 181  191
 181  190
 183  188
 183  187
 184  186
 184  185
 185  184
 185  183
 186  182
 186  180
 187  179
 187  178
 188  177
 188  174
 189  173
 189  172
 190  171
 190  167
 191  166
 191  164
 192  163
 192  157
 193  156
 193  150
 192  149
 192  146
 191  145
 191  144
 189  142
 189  141
 187  139
 187  138
 185  136
 184  136
 181  133
 180  133
 178  131
 177  131
 176  130
 175  130
 174  129
