 168  131
 167  132
 165  132
 164  133
 161  133
 160  134
 159  134
 158  135
 157  135
 156  136
 154  136
 152  138
 150  138
 149  139
 148  139
 147  140
 146  140
 145  141
 144  141
 143  142
 142  142
 140  144
 139  144
 138  145
 137  145
 135  147
 134  147
 133  148
 132  148
 131  149
 129  149
 127  151
 112  151
 110  149
 110  148
 109  147
 109  146
 108  146
 108  148
 105  151
 103  151
 102  152
 101  152
 100  153
 100  154
  99  155
  99  156
  96  159
  96  160
  94  162
  94  163
  92  165
  92  166
  88  170
  88  171
  83  176
  83  177
  82  178
  82  258
  83  259
  83  262
  84  263
  84  264
  85  265
  85  266
  86  267
  86  268
  88  270
  88  271
  90  273
  90  274
  91  274
  96  279
  96  280
  97  281
  97  282
  98  283
  98  284
  99  285
  99  286
 100  287
 100  288
 107  295
 108  295
 109  294
 123  294
 125  292
 125  291
 127  289
 136  289
 138  287
 138  283
 139  282
 139  278
 141  276
 142  276
 144  274
 144  273
 145  272
 145  259
 144  258
 144  257
 142  255
 142  254
 140  252
 140  251
 139  250
 139  249
 138  248
 138  246
 137  245
 137  244
 136  243
 136  242
 132  238
 132  224
 133  223
 139  223
 140  222
 142  222
 143  221
 146  221
 147  220
 148  220
 150  218
 151  218
 153  216
 154  216
 157  213
 158  213
 169  202
 169  201
 172  198
 172  197
 175  194
 175  193
 176  192
 176  191
 177  190
 177  189
 178  188
 178  187
 180  185
 180  184
 181  183
 181  182
 182  181
 182  180
 183  179
 183  177
 184  176
 184  175
 185  174
 185  172
 186  171
 186  170
 187  169
 187  167
 188  166
 188  165
 189  164
 189  161
 190  160
 190  158
 191  157
 191  154
 192  153
 192  145
 191  144
 191  143
 190  142
 190  141
 186  137
 185  137
 183  135
 182  135
 180  133
 178  133
 177  132
 176  132
 175  131
