 188   74
 187   75
 184   75
 183   76
 182   76
 181   77
 178   77
 177   78
 175   78
 174   79
 173   79
 172   80
 171   80
 170   81
 169   81
 168   82
 167   82
 166   83
 165   83
 164   84
 163   84
 162   85
 161   85
 160   86
 159   86
 157   88
 156   88
 155   89
 154   89
 153   90
 152   90
 150   92
 149   92
 147   94
 146   94
 143   97
 142   97
 139  100
 138  100
 134  104
 133  104
 128  109
 127  109
 106  130
 106  131
  94  143
  90  143
  89  144
  88  144
  87  145
  86  145
  83  148
  83  149
  80  152
  80  153
  75  158
  75  159
  72  162
  71  162
  68  165
  68  166
  67  167
  67  168
  66  169
  66  170
  65  171
  65  172
  62  175
  62  176
  60  178
  60  179
  58  181
  58  182
  57  183
  57  292
  58  293
  58  294
  59  295
  59  296
  62  299
  62  300
  65  303
  65  304
  69  308
  69  309
  71  311
  71  312
  78  319
  78  320
  81  323
  82  323
  86  327
  86  328
  92  334
  92  335
  96  339
  96  340
 100  344
 100  345
 102  347
 103  347
 109  353
 110  353
 111  354
 113  354
 114  355
 120  355
 121  354
 122  354
 123  353
 124  353
 125  352
 126  352
 128  350
 129  350
 131  348
 133  348
 134  347
 136  347
 137  346
 138  346
 140  344
 141  344
 142  343
 142  342
 144  340
 144  338
 145  337
 145  336
 152  329
 153  329
 154  328
 154  327
 155  326
 155  325
 157  323
 157  308
 158  307
 158  305
 159  304
 159  302
 160  301
 160  300
 159  299
 159  296
 158  295
 158  293
 157  292
 157  287
 156  286
 156  285
 155  284
 155  282
 152  279
 152  278
 129  255
 129  241
 130  240
 152  240
 153  239
 156  239
 157  238
 159  238
 160  237
 162  237
 163  236
 164  236
 165  235
 166  235
 167  234
 168  234
 169  233
 170  233
 172  231
 173  231
 177  227
 177  226
 178  225
 178  224
 179  223
 179  220
 180  219
 180  217
 181  216
 181  212
 182  211
 182  210
 183  209
 183  207
 184  206
 184  205
 185  204
 185  200
 186  199
 186  195
 187  194
 187  190
 188  189
 188  188
 189  187
 189  186
 190  185
 190  184
 191  183
 191  181
 192  180
 192  173
 193  172
 193  170
 194  169
 194  166
 195  165
 195  163
 196  162
 196  159
 197  158
 197  157
 198  156
 198  152
 199  151
 199  149
 200  148
 200  147
 201  146
 201  145
 202  144
 202  143
 203  142
 203  141
 204  140
 204  139
 205  138
 205  136
 206  135
 206  134
 207  133
 207  130
 208  129
 208  127
 209  126
 209  123
 210  122
 210  121
 211  120
 211  118
 212  117
 212  115
 213  114
 213  112
 214  111
 214  110
 215  109
 215  107
 216  106
 216  103
 217  102
 217   99
 218   98
 218   92
 217   91
 217   90
 216   89
 216   87
 215   86
 215   85
 212   82
 211   82
 210   81
 209   81
 208   80
 207   80
 205   78
 204   78
 203   77
 202   77
 201   76
 200   76
 199   75
 197   75
 196   74
