 192   79
 191   80
 189   80
 188   81
 185   81
 184   82
 182   82
 181   83
 180   83
 179   84
 178   84
 177   85
 175   85
 174   86
 173   86
 172   87
 171   87
 170   88
 169   88
 167   90
 166   90
 165   91
 164   91
 162   93
 161   93
 159   95
 158   95
 156   97
 155   97
 153   99
 152   99
 150  101
 149  101
 146  104
 145  104
 141  108
 140  108
 132  116
 131  116
 125  122
 125  123
 123  125
 122  125
 121  126
 121  127
 104  144
 103  144
 101  146
 101  147
  99  149
  99  150
  98  151
  98  152
  95  155
  95  156
  86  165
  86  166
  80  172
  80  173
  76  177
  76  178
  73  181
  70  181
  70  186
  63  193
  62  193
  62  194
  60  196
  60  197
  59  198
  59  289
  64  294
  64  295
  69  300
  69  301
  75  307
  75  308
  98  331
  99  331
 103  335
 104  335
 105  336
 106  336
 107  337
 108  337
 109  338
 110  338
 111  339
 112  339
 113  340
 114  340
 119  345
 119  346
 120  346
 122  348
 124  348
 128  344
 128  343
 131  340
 131  339
 132  338
 132  337
 133  336
 133  335
 134  334
 134  332
 135  331
 135  330
 136  329
 136  328
 138  326
 138  325
 140  323
 140  322
 141  321
 141  320
 142  319
 142  316
 143  315
 143  313
 146  310
 146  309
 148  307
 148  306
 149  305
 149  302
 150  301
 150  295
 151  294
 151  292
 152  291
 152  290
 153  289
 153  288
 154  287
 154  286
 155  285
 155  277
 153  275
 153  274
 145  266
 145  252
 146  251
 147  251
 148  250
 157  250
 158  249
 160  249
 161  248
 163  248
 164  247
 165  247
 167  245
 168  245
 170  243
 170  242
 171  241
 171  240
 172  239
 172  238
 173  237
 173  235
 174  234
 174  231
 175  230
 175  228
 176  227
 176  224
 177  223
 177  221
 178  220
 178  219
 179  218
 179  217
 180  216
 180  214
 181  213
 181  209
 182  208
 182  204
 183  203
 183  200
 184  199
 184  198
 185  197
 185  195
 186  194
 186  193
 187  192
 187  190
 188  189
 188  187
 189  186
 189  184
 190  183
 190  180
 191  179
 191  177
 192  176
 192  174
 193  173
 193  171
 194  170
 194  165
 195  164
 195  162
 196  161
 196  159
 197  158
 197  157
 198  156
 198  155
 199  154
 199  153
 200  152
 200  151
 202  149
 202  148
 203  147
 203  145
 204  144
 204  143
 205  142
 205  140
 206  139
 206  138
 207  137
 207  134
 208  133
 208  131
 209  130
 209  126
 210  125
 210  123
 211  122
 211  119
 212  118
 212  115
 213  114
 213  111
 214  110
 214  100
 215   99
 215   93
 214   92
 214   90
 213   89
 213   88
 211   86
 210   86
 209   85
 208   85
 206   83
 205   83
 203   81
 201   81
 200   80
 198   80
 197   79
