 148  145
 147  146
 145  146
 143  148
 142  148
 141  149
 140  149
 139  150
 138  150
 136  152
 135  152
 127  160
 127  161
 116  172
 116  173
 114  175
 114  176
 111  179
 111  180
 110  181
 110  182
 108  184
 108  185
 106  187
 106  188
 103  191
 103  192
 102  193
 102  194
 101  195
 101  196
  99  198
  99  199
  97  201
  97  273
  97  258
  98  257
  98  255
  99  254
  99  253
 100  252
 116  252
 121  257
 122  257
 127  262
 128  262
 130  264
 130  265
 133  268
 133  269
 136  272
 136  273
 141  278
 142  278
 143  279
 144  279
 145  280
 150  280
 151  279
 153  279
 154  278
 155  278
 156  277
 157  277
 158  276
 159  276
 161  274
 162  274
 172  264
 172  263
 174  261
 174  259
 175  258
 175  257
 176  256
 176  253
 177  252
 177  248
 176  247
 176  244
 175  243
 175  242
 169  236
 168  236
 164  232
 163  232
 161  230
 159  230
 156  227
 156  213
 157  212
 157  211
 159  209
 159  208
 161  206
 161  205
 163  203
 163  202
 164  201
 164  200
 165  199
 165  197
 166  196
 166  194
 167  193
 167  192
 168  191
 168  186
 169  185
 169  178
 168  177
 168  171
 167  170
 167  168
 166  167
 166  165
 165  164
 165  162
 163  160
 163  159
 162  158
 162  157
 160  155
 160  154
 157  151
 156  151
 152  147
 151  147
 150  146
 149  146
