 162  145
 161  146
 159  146
 158  147
 157  147
 156  148
 155  148
 154  149
 153  149
 152  150
 151  150
 149  152
 148  152
 147  153
 146  153
 145  154
 144  154
 143  155
 142  155
 141  156
 140  156
 138  158
 137  158
 134  161
 133  161
 131  163
 130  163
 125  168
 123  168
 122  169
 121  169
 121  170
 120  171
 120  172
 119  173
 118  173
 104  187
 104  188
  97  195
  97  196
  92  201
  92  202
  91  203
  90  203
  90  205
  89  206
  89  246
 103  246
 109  252
 110  252
 114  256
 114  257
 116  259
 116  260
 117  261
 117  262
 118  263
 118  264
 119  265
 119  266
 134  281
 135  281
 136  282
 137  282
 138  283
 141  283
 142  284
 146  284
 147  283
 150  283
 151  282
 153  282
 154  281
 155  281
 156  280
 157  280
 159  278
 160  278
 162  276
 163  276
 167  272
 167  271
 171  267
 171  266
 173  264
 173  263
 175  261
 175  259
 176  258
 176  256
 177  255
 177  254
 176  253
 176  251
 175  250
 175  248
 174  247
 174  246
 173  245
 173  244
 171  242
 171  241
 169  239
 168  239
 163  234
 162  234
 159  231
 159  216
 160  215
 161  215
 162  214
 163  214
 166  211
 167  211
 168  210
 168  209
 175  202
 175  201
 177  199
 177  198
 179  196
 179  194
 180  193
 180  192
 181  191
 181  189
 182  188
 182  187
 183  186
 183  182
 184  181
 184  175
 185  174
 185  166
 184  165
 184  162
 183  161
 183  159
 182  158
 182  157
 180  155
 180  154
 178  152
 177  152
 174  149
 173  149
 171  147
 170  147
 169  146
 168  146
 167  145
