 151  144
 150  145
 149  145
 147  147
 146  147
 144  149
 143  149
 142  150
 141  150
 139  152
 138  152
 129  161
 128  161
 125  164
 125  165
 124  166
 123  166
 120  169
 120  170
 113  177
 113  178
 109  182
 109  183
 102  190
 101  190
 100  191
 100  192
  99  193
  99  282
  99  280
 100  279
 100  255
 101  254
 117  254
 120  257
 120  258
 124  262
 124  263
 125  264
 125  265
 126  266
 126  267
 127  268
 127  269
 132  274
 133  274
 139  280
 140  280
 141  281
 143  281
 144  282
 148  282
 149  281
 151  281
 152  280
 154  280
 156  278
 157  278
 159  276
 160  276
 171  265
 171  264
 172  263
 172  262
 174  260
 174  258
 175  257
 175  256
 176  255
 176  249
 175  248
 175  246
 174  245
 174  244
 173  243
 173  242
 172  242
 169  239
 168  239
 158  229
 158  214
 160  212
 161  212
 167  206
 167  205
 169  203
 169  202
 170  201
 170  200
 171  199
 171  198
 172  197
 172  195
 173  194
 173  193
 174  192
 174  189
 175  188
 175  185
 176  184
 176  179
 175  178
 175  174
 174  173
 174  168
 173  167
 173  165
 172  164
 172  162
 171  161
 171  160
 170  159
 170  158
 168  156
 168  155
 163  150
 162  150
 158  146
 157  146
 156  145
 155  145
 154  144
