 174  117
 173  118
 170  118
 169  119
 166  119
 165  120
 164  120
 163  121
 161  121
 160  122
 159  122
 158  123
 157  123
 156  124
 155  124
 154  125
 153  125
 152  126
 151  126
 150  127
 149  127
 148  128
 147  128
 145  130
 144  130
 143  131
 142  131
 140  133
 139  133
 137  135
 136  135
 134  137
 133  137
 130  140
 129  140
 125  144
 124  144
 119  149
 118  149
 117  150
 103  150
 102  149
 102  137
 101  137
 101  138
  99  140
  99  141
  95  145
  95  146
  90  151
  90  152
  86  156
  86  157
  85  158
  85  159
  82  162
  82  163
  81  164
  81  247
  82  248
  82  250
  84  252
  86  252
  87  253
  87  255
  88  256
  88  257
  89  258
  89  260
  90  261
  90  262
  92  264
  92  268
  93  269
  93  271
  94  272
  94  274
  95  275
  95  276
  96  277
  97  277
 100  280
 100  281
 102  283
 103  283
 104  284
 104  286
 105  287
 105  290
 106  291
 106  292
 108  294
 108  295
 109  296
 110  296
 112  298
 112  299
 113  300
 127  300
 129  302
 130  301
 130  300
 131  299
 141  299
 140  298
 140  281
 141  280
 142  280
 143  279
 147  279
 146  278
 146  263
 148  261
 149  261
 150  260
 152  260
 149  257
 149  241
 145  237
 145  236
 143  234
 143  233
 142  232
 142  230
 140  228
 140  214
 141  213
 149  213
 150  212
 152  212
 153  211
 155  211
 165  201
 165  200
 168  197
 168  196
 170  194
 170  193
 171  192
 171  191
 172  190
 172  189
 173  188
 173  187
 174  186
 174  185
 175  184
 175  182
 176  181
 176  180
 177  179
 177  176
 178  175
 178  174
 179  173
 179  171
 180  170
 180  169
 181  168
 181  166
 182  165
 182  164
 183  163
 183  161
 184  160
 184  159
 185  158
 185  156
 186  155
 186  154
 187  153
 187  151
 188  150
 188  149
 189  148
 189  147
 190  146
 190  144
 191  143
 191  141
 192  140
 192  136
 193  135
 192  134
 192  131
 191  130
 191  129
 190  128
 190  127
 188  125
 188  124
 187  124
 185  122
 184  122
 182  120
 181  120
 180  119
 179  119
 178  118
 176  118
 175  117
