 169  135
 168  136
 166  136
 165  137
 164  137
 163  138
 162  138
 161  139
 160  139
 159  140
 157  140
 156  141
 155  141
 154  142
 153  142
 152  143
 151  143
 150  144
 149  144
 148  145
 147  145
 145  147
 144  147
 143  148
 141  148
 138  151
 137  151
 135  153
 133  153
 130  156
 129  156
 127  158
 126  158
 125  159
 123  159
 120  162
 119  162
 117  164
 116  164
 115  165
 114  165
 112  167
 111  167
 110  168
 109  168
 108  169
  92  169
  91  168
  90  168
  89  167
  88  167
  88  169
  87  170
  87  172
  86  173
  86  175
  85  176
  85  233
  86  234
  87  234
  88  235
  88  237
  89  238
  89  239
  90  240
  90  241
  91  242
  91  243
  93  245
  93  246
  95  248
  95  249
  96  250
  96  251
  97  252
  97  256
  98  257
  98  258
  99  259
  99  261
 100  262
 100  264
 101  265
 101  270
 102  271
 102  272
 103  273
 103  275
 104  276
 104  277
 117  290
 118  290
 120  292
 122  292
 123  293
 125  293
 126  294
 132  294
 133  293
 136  293
 137  292
 138  292
 140  290
 141  290
 143  288
 144  288
 145  287
 146  287
 157  276
 157  275
 158  274
 158  272
 159  271
 159  270
 160  269
 160  265
 161  264
 161  262
 162  261
 162  257
 161  256
 161  254
 160  253
 160  252
 159  251
 159  250
 157  248
 157  247
 155  245
 155  244
 145  234
 145  233
 143  231
 142  231
 140  229
 140  215
 141  214
 149  214
 150  213
 151  213
 152  212
 154  212
 155  211
 156  211
 157  210
 158  210
 162  206
 163  206
 173  196
 173  195
 175  193
 175  192
 177  190
 177  189
 178  188
 178  187
 179  186
 179  185
 181  183
 181  181
 182  180
 182  179
 183  178
 183  177
 184  176
 184  174
 185  173
 185  172
 186  171
 186  167
 187  166
 187  164
 188  163
 188  158
 189  157
 189  155
 190  154
 190  150
 189  149
 189  148
 188  147
 188  146
 187  145
 187  144
 186  143
 185  143
 183  141
 182  141
 181  140
 180  140
 179  139
 178  139
 177  138
 176  138
 175  137
 174  137
 173  136
 172  136
 171  135
