 164  136
 163  137
 161  137
 160  138
 159  138
 158  139
 156  139
 155  140
 154  140
 153  141
 152  141
 151  142
 150  142
 149  143
 148  143
 147  144
 146  144
 144  146
 143  146
 142  147
 141  147
 139  149
 138  149
 137  150
 136  150
 134  152
 133  152
 132  153
 131  153
 129  155
 128  155
 127  156
 126  156
 124  158
 123  158
 122  159
 121  159
 117  163
 116  163
 115  164
 114  164
 111  167
 110  167
 107  170
 105  170
 104  171
 101  171
 100  172
  99  172
  98  173
  97  173
  95  175
  95  176
  94  177
  94  178
  91  181
  91  182
  90  183
  90  184
  89  185
  89  242
  90  243
  90  244
  91  244
  94  247
  94  248
  95  249
  95  251
  96  252
  96  254
  97  255
  97  256
  98  257
  98  260
  99  261
  99  264
 100  265
 100  269
 101  270
 101  271
 102  272
 102  274
 103  275
 103  276
 105  278
 105  279
 112  286
 113  286
 116  289
 117  289
 119  291
 120  291
 121  292
 123  292
 124  293
 126  293
 127  292
 130  292
 131  291
 132  291
 133  290
 134  290
 135  289
 136  289
 137  288
 138  288
 139  287
 140  287
 141  286
 142  286
 143  285
 144  285
 146  283
 147  283
 153  277
 154  277
 159  272
 159  271
 160  270
 160  269
 161  268
 161  267
 162  266
 162  262
 163  261
 163  256
 162  255
 162  253
 161  252
 161  251
 160  250
 160  249
 158  247
 158  246
 144  232
 143  232
 141  230
 141  216
 142  215
 151  215
 152  214
 155  214
 156  213
 159  213
 160  212
 161  212
 163  210
 164  210
 167  207
 168  207
 177  198
 177  197
 178  196
 178  195
 180  193
 180  191
 181  190
 181  188
 182  187
 182  185
 183  184
 183  182
 184  181
 184  173
 185  172
 185  165
 186  164
 186  156
 185  155
 185  153
 184  152
 184  149
 182  147
 182  146
 178  142
 177  142
 173  138
 172  138
 171  137
 170  137
 169  136
