 173   97
 172   98
 169   98
 168   99
 167   99
 166  100
 164  100
 163  101
 162  101
 161  102
 160  102
 159  103
 158  103
 157  104
 156  104
 155  105
 154  105
 153  106
 152  106
 150  108
 149  108
 147  110
 146  110
 144  112
 143  112
 140  115
 139  115
 137  117
 136  117
 128  125
 127  125
 116  136
 104  136
 103  137
 103  138
 101  140
  96  140
  94  142
  94  145
  91  148
  89  148
  88  149
  87  149
  85  151
  85  152
  84  153
  84  154
  83  155
  83  157
  74  166
  74  258
  76  260
  77  260
  79  262
  79  263
  80  264
  80  265
  81  266
  81  267
  85  271
  85  272
  86  273
  87  273
  98  284
  99  284
 103  288
 104  288
 105  289
 106  289
 107  290
 110  290
 112  292
 112  294
 113  295
 113  298
 114  299
 114  300
 115  301
 115  303
 119  307
 120  307
 123  310
 123  311
 125  313
 139  313
 141  315
 142  315
 144  317
 144  318
 145  319
 145  317
 146  316
 146  314
 148  312
 159  312
 158  311
 158  310
 156  308
 156  289
 160  285
 161  285
 162  284
 162  267
 163  266
 163  265
 166  262
 166  261
 162  257
 162  240
 161  239
 161  238
 156  233
 155  233
 152  230
 152  229
 150  227
 150  226
 149  225
 149  211
 150  210
 152  210
 153  209
 156  209
 157  208
 159  208
 161  206
 162  206
 169  199
 169  198
 171  196
 171  195
 173  193
 173  192
 175  190
 175  189
 176  188
 176  187
 177  186
 177  184
 178  183
 178  182
 179  181
 179  180
 180  179
 180  178
 181  177
 181  176
 182  175
 182  172
 183  171
 183  169
 184  168
 184  164
 185  163
 185  161
 186  160
 186  156
 187  155
 187  152
 188  151
 188  149
 189  148
 189  146
 190  145
 190  143
 191  142
 191  140
 192  139
 192  137
 193  136
 193  133
 194  132
 194  131
 195  130
 195  128
 196  127
 196  126
 197  125
 197  122
 198  121
 198  119
 199  118
 199  115
 200  114
 200  111
 199  110
 199  109
 198  108
 198  107
 196  105
 195  105
 194  104
 193  104
 190  101
 189  101
 188  100
 187  100
 186   99
 185   99
 184   98
 182   98
 181   97
