 166  113
 165  114
 162  114
 161  115
 160  115
 159  116
 157  116
 156  117
 155  117
 154  118
 153  118
 152  119
 151  119
 150  120
 149  120
 148  121
 147  121
 145  123
 144  123
 143  124
 142  124
 140  126
 139  126
 136  129
 135  129
 133  131
 132  131
 129  134
 128  134
 126  136
 125  136
 120  141
 119  141
 115  145
 114  145
 113  146
 112  146
 111  147
 105  147
 104  148
 103  148
  96  155
  96  156
  94  158
  94  159
  92  161
  92  162
  90  164
  90  165
  87  168
  87  169
  86  170
  86  171
  82  175
  82  176
  80  178
  80  179
  79  180
  79  181
  78  182
  78  183
  72  189
  72  190
  71  191
  71  259
  72  260
  72  261
  74  263
  74  265
  77  268
  77  269
  79  271
  79  272
  81  274
  81  275
  84  278
  84  279
  88  283
  88  284
  94  290
  94  291
  95  292
  96  292
 102  298
 103  298
 105  300
 106  300
 108  302
 109  302
 114  307
 114  308
 116  310
 117  310
 122  315
 123  315
 124  314
 125  314
 126  313
 136  313
 137  312
 138  312
 139  311
 140  311
 141  310
 142  310
 142  309
 145  306
 145  305
 146  304
 147  304
 148  303
 150  303
 151  302
 153  302
 154  301
 155  301
 156  300
 156  299
 157  298
 157  296
 158  295
 158  290
 159  289
 159  288
 161  286
 162  286
 164  284
 165  284
 165  266
 166  265
 159  258
 159  257
 158  256
 158  254
 157  253
 157  250
 153  246
 153  231
 154  230
 155  230
 156  229
 158  229
 159  228
 160  228
 161  227
 162  227
 164  225
 165  225
 176  214
 176  213
 179  210
 179  209
 180  208
 180  207
 181  206
 181  204
 182  203
 182  202
 183  201
 183  200
 184  199
 184  197
 185  196
 185  194
 186  193
 186  191
 187  190
 187  188
 188  187
 188  185
 189  184
 189  183
 190  182
 190  180
 191  179
 191  178
 192  177
 192  176
 193  175
 193  173
 194  172
 194  170
 195  169
 195  167
 196  166
 196  165
 197  164
 197  163
 198  162
 198  159
 199  158
 199  155
 200  154
 200  149
 201  148
 201  146
 202  145
 202  135
 201  134
 201  133
 200  132
 200  131
 199  130
 199  129
 197  127
 197  126
 194  123
 193  123
 192  122
 191  122
 188  119
 187  119
 186  118
 185  118
 184  117
 183  117
 182  116
 181  116
 180  115
 178  115
 177  114
 175  114
 174  113
