 152   25
 151   26
 148   26
 147   27
 145   27
 144   28
 142   28
 141   29
 140   29
 139   30
 138   30
 137   31
 136   31
 135   32
 134   32
 133   33
 132   33
 130   35
 129   35
 128   36
 127   36
 126   37
 125   37
 124   38
 123   38
 121   40
 120   40
 118   42
 117   42
 116   43
 115   43
 113   45
 112   45
 111   46
 110   46
 107   49
 106   49
 101   54
 100   54
  94   60
  94   61
  90   65
  89   65
  81   73
  81   74
  77   78
  77   79
  73   83
  73   84
  70   87
  70   88
  68   90
  68   91
  65   94
  65   95
  63   97
  63   98
  61  100
  61  101
  59  103
  59  104
  57  106
  57  107
  55  109
  55  110
  54  111
  54  112
  52  114
  52  115
  51  116
  51  117
  50  118
  50  119
  49  120
  49  121
  48  122
  48  123
  47  124
  47  125
  45  127
  45  128
  44  129
  44  130
  43  131
  43  133
  42  134
  42  135
  41  136
  41  137
  40  138
  40  139
  39  140
  39  142
  38  143
  38  229
  42  233
  43  233
  48  238
  48  239
  51  242
  51  243
  54  246
  54  247
  59  252
  59  253
  63  257
  63  258
  68  263
  68  264
  70  266
  70  267
  73  270
  73  271
  79  277
  79  278
  95  294
  96  294
 103  301
 104  301
 105  302
 106  302
 107  303
 108  303
 111  306
 111  307
 113  309
 113  310
 116  313
 116  314
 117  315
 118  315
 126  323
 127  323
 127  322
 128  321
 128  319
 129  318
 143  318
 144  319
 145  319
 149  323
 150  323
 150  322
 152  320
 167  320
 181  334
 180  333
 180  332
 161  313
 161  312
 158  309
 158  289
 161  286
 162  286
 163  285
 165  285
 166  284
 170  284
 167  281
 166  281
 165  280
 164  280
 161  277
 161  258
 162  257
 162  255
 164  253
 165  253
 166  252
 167  252
 164  249
 163  249
 160  246
 160  245
 159  244
 159  227
 160  226
 160  225
 155  220
 154  220
 153  219
 153  216
 152  215
 152  209
 150  207
 150  206
 149  205
 148  205
 146  203
 145  203
 143  201
 143  187
 144  186
 145  186
 146  185
 147  185
 152  180
 152  179
 154  177
 154  175
 155  174
 155  173
 156  172
 156  136
 157  135
 157  115
 158  114
 158   99
 159   98
 159   94
 160   93
 160   89
 161   88
 161   83
 162   82
 162   79
 163   78
 163   72
 164   71
 164   65
 165   64
 165   56
 166   55
 166   50
 167   49
 167   33
 166   32
 166   31
 165   30
 164   30
 163   29
 162   29
 161   28
 160   28
 159   27
 158   27
 157   26
 156   26
 155   25
