 166  132
 165  133
 164  133
 163  134
 161  134
 160  135
 159  135
 158  136
 157  136
 156  137
 155  137
 153  139
 151  139
 149  141
 148  141
 145  144
 144  144
 140  148
 139  148
 138  149
 137  149
 133  153
 132  153
 129  156
 128  156
 123  161
 122  161
 118  165
 117  165
 115  167
 114  167
 112  169
 109  169
 108  170
 107  170
 106  171
 105  171
 104  172
 103  172
 102  173
  98  173
  97  174
  96  174
  95  175
  94  175
  93  176
  92  176
  89  179
  88  179
  86  181
  86  182
  85  183
  85  241
  86  242
  87  242
  88  243
  88  244
  89  245
  89  246
  91  248
  91  249
  92  250
  92  251
  93  252
  93  253
  94  254
  94  255
  95  256
  95  257
  97  259
  97  260
  98  261
  98  262
  99  263
  99  267
 100  268
 100  270
 101  271
 101  272
 102  273
 102  274
 103  275
 103  276
 105  278
 105  279
 120  294
 121  294
 122  295
 123  295
 124  296
 125  296
 126  297
 127  297
 128  298
 137  298
 138  297
 141  297
 142  296
 144  296
 145  295
 146  295
 147  294
 148  294
 149  293
 150  293
 151  292
 152  292
 154  290
 155  290
 156  289
 157  289
 159  287
 160  287
 162  285
 163  285
 170  278
 170  277
 173  274
 173  273
 174  272
 174  271
 175  270
 175  268
 176  267
 176  265
 177  264
 177  261
 176  260
 176  258
 175  257
 175  255
 173  253
 173  252
 162  241
 161  241
 156  236
 155  236
 154  235
 154  221
 155  220
 156  220
 157  219
 160  219
 161  218
 162  218
 163  217
 164  217
 166  215
 167  215
 178  204
 178  203
 180  201
 180  200
 182  198
 182  197
 183  196
 183  195
 184  194
 184  193
 185  192
 185  190
 186  189
 186  186
 187  185
 187  183
 188  182
 188  177
 189  176
 189  173
 190  172
 190  156
 189  155
 189  152
 188  151
 188  149
 187  148
 187  147
 186  146
 186  145
 185  144
 185  143
 183  141
 183  140
 182  139
 181  139
 179  137
 178  137
 175  134
 174  134
 173  133
 172  133
 171  132
