 214   43
 213   44
 210   44
 209   45
 205   45
 204   46
 201   46
 200   47
 198   47
 197   48
 194   48
 193   49
 191   49
 190   50
 188   50
 187   51
 185   51
 184   52
 183   52
 182   53
 180   53
 179   54
 178   54
 177   55
 175   55
 174   56
 173   56
 172   57
 171   57
 170   58
 169   58
 168   59
 167   59
 166   60
 165   60
 164   61
 163   61
 161   63
 160   63
 159   64
 158   64
 157   65
 156   65
 154   67
 153   67
 152   68
 151   68
 150   69
 149   69
 146   72
 145   72
 143   74
 142   74
 139   77
 138   77
 136   79
 135   79
 132   82
 131   82
 127   86
 126   86
 123   89
 122   89
 117   94
 116   94
 110  100
 109  100
 102  107
 101  107
  94  114
  93  114
  89  118
  88  118
  87  119
  85  119
  84  120
  83  120
  82  121
  81  121
  79  123
  78  123
  71  130
  70  130
  67  133
  66  133
  64  135
  63  135
  62  136
  62  137
  60  139
  59  139
  48  150
  47  150
  41  156
  40  156
  37  159
  36  159
  34  161
  33  161
  30  164
  29  164
  26  167
  25  167
  22  170
  22  340
  23  341
  23  342
  32  351
  32  352
  34  354
  34  355
  35  356
  35  357
  36  358
  36  359
  37  360
  37  361
  40  364
  40  365
  43  368
  43  369
  44  369
  54  379
  55  379
  57  381
  58  381
  59  382
  60  382
  61  383
  62  383
  63  384
  67  384
  68  383
  77  383
  78  382
  80  382
  81  381
  83  381
  84  380
  85  380
  87  378
  88  378
  89  377
  90  377
  91  376
  92  376
  93  375
  94  375
  95  374
  96  374
  97  373
  98  373
  99  372
 101  372
 102  371
 103  371
 104  370
 105  370
 107  368
 108  368
 109  367
 109  366
 112  363
 112  362
 114  360
 114  359
 115  358
 115  357
 120  352
 121  352
 123  350
 124  350
 126  348
 127  348
 128  347
 129  347
 133  343
 133  342
 134  341
 134  340
 135  339
 135  337
 136  336
 136  334
 137  333
 137  332
 144  325
 145  325
 147  323
 148  323
 149  322
 149  321
 150  320
 150  319
 151  318
 151  304
 154  301
 154  299
 153  298
 153  297
 152  296
 152  295
 150  293
 150  292
 148  290
 148  289
 146  287
 146  286
 143  283
 143  282
 141  280
 141  279
 139  277
 139  276
 137  274
 137  273
 135  271
 135  270
 134  269
 134  255
 135  254
 147  254
 148  253
 153  253
 154  252
 156  252
 157  251
 159  251
 160  250
 161  250
 166  245
 166  244
 167  243
 167  241
 168  240
 168  239
 169  238
 169  237
 170  236
 170  233
 171  232
 171  229
 172  228
 172  222
 173  221
 173  219
 174  218
 174  214
 175  213
 175  210
 176  209
 176  200
 177  199
 177  196
 178  195
 178  193
 179  192
 179  191
 180  190
 180  187
 181  186
 181  185
 182  184
 182  182
 183  181
 183  179
 184  178
 184  175
 185  174
 185  172
 186  171
 186  170
 187  169
 187  166
 188  165
 188  164
 189  163
 189  162
 192  159
 192  158
 193  157
 193  156
 194  155
 194  154
 195  153
 195  152
 196  151
 196  149
 198  147
 198  146
 199  145
 199  144
 201  142
 201  141
 203  139
 203  138
 204  137
 204  136
 209  131
 209  130
 213  126
 213  125
 216  122
 216  121
 218  119
 218  118
 221  115
 221  114
 224  111
 224  110
 228  106
 228  105
 231  102
 231  101
 234   98
 234   97
 237   94
 237   93
 239   91
 239   90
 241   88
 241   87
 242   86
 242   85
 243   84
 243   83
 245   81
 245   80
 246   79
 246   77
 247   76
 247   75
 248   74
 248   72
 249   71
 249   69
 250   68
 250   65
 251   64
 251   63
 252   62
 252   56
 248   52
 247   52
 246   51
 245   51
 244   50
 242   50
 240   48
 239   48
 237   46
 236   46
 235   45
 232   45
 231   44
 224   44
 223   43
