 177  119
 176  120
 170  120
 169  121
 166  121
 165  122
 163  122
 162  123
 160  123
 159  124
 157  124
 156  125
 154  125
 153  126
 151  126
 150  127
 148  127
 147  128
 146  128
 144  130
 142  130
 140  132
 138  132
 136  134
 135  134
 134  135
 133  135
 131  137
 130  137
 128  139
 127  139
 125  141
 124  141
 122  143
 121  143
 119  145
 118  145
 115  148
 114  148
 112  150
 111  150
 108  153
 107  153
 104  156
 103  156
 100  159
  99  159
  93  165
  92  165
  75  182
  75  183
  71  187
  71  188
  69  190
  69  272
  70  273
  70  274
  71  275
  71  276
  72  277
  72  278
  73  278
  74  279
  75  279
  76  280
  77  280
  82  285
  83  285
  85  287
  86  287
  88  289
  89  289
  91  291
  92  291
  97  296
  98  296
 102  300
 103  300
 104  301
 109  301
 112  304
 113  304
 117  308
 118  307
 124  307
 125  306
 128  306
 129  305
 130  305
 131  304
 131  303
 136  298
 138  298
 139  297
 140  297
 141  296
 142  296
 142  295
 143  294
 143  293
 144  292
 144  289
 147  286
 148  286
 151  283
 151  282
 152  281
 152  270
 153  269
 151  267
 151  266
 149  264
 149  263
 148  262
 148  261
 147  260
 147  256
 146  255
 146  253
 144  251
 143  251
 140  248
 140  234
 141  233
 142  233
 143  232
 148  232
 149  231
 151  231
 152  230
 153  230
 160  223
 160  222
 168  214
 169  214
 172  211
 172  210
 174  208
 174  207
 175  206
 175  205
 177  203
 177  202
 179  200
 179  199
 181  197
 181  196
 182  195
 182  194
 183  193
 183  191
 184  190
 184  188
 186  186
 186  185
 187  184
 187  183
 188  182
 188  181
 190  179
 190  178
 191  177
 191  176
 192  175
 192  174
 194  172
 194  171
 195  170
 195  169
 196  168
 196  167
 197  166
 197  165
 198  164
 198  162
 199  161
 199  160
 200  159
 200  157
 201  156
 201  154
 202  153
 202  152
 203  151
 203  149
 204  148
 204  146
 205  145
 205  136
 204  135
 204  134
 203  133
 203  132
 200  129
 199  129
 198  128
 197  128
 195  126
 194  126
 192  124
 191  124
 189  122
 187  122
 186  121
 185  121
 184  120
 181  120
 180  119
