 175  114
 174  115
 169  115
 168  116
 166  116
 165  117
 163  117
 162  118
 161  118
 160  119
 158  119
 157  120
 156  120
 155  121
 154  121
 153  122
 152  122
 150  124
 149  124
 148  125
 147  125
 145  127
 144  127
 143  128
 142  128
 140  130
 139  130
 138  131
 137  131
 133  135
 132  135
 129  138
 128  138
 123  143
 122  143
 112  153
 111  153
 105  159
 104  159
 103  160
 103  161
  81  183
  81  184
  77  188
  77  189
  76  190
  76  250
  78  252
  78  253
  80  255
  80  256
  81  257
  81  258
  83  260
  83  261
  85  263
  85  264
  87  266
  87  267
  88  268
  88  269
  89  270
  89  271
  91  273
  91  274
  92  275
  92  276
 103  287
 104  287
 110  293
 110  294
 111  295
 111  297
 112  298
 112  301
 113  302
 113  303
 114  304
 114  305
 123  314
 136  314
 137  313
 138  313
 145  306
 146  306
 147  305
 149  305
 150  304
 153  304
 155  302
 156  302
 156  301
 158  299
 158  295
 159  294
 159  293
 164  288
 164  287
 165  286
 165  285
 166  284
 166  282
 167  281
 167  279
 169  277
 169  275
 171  273
 171  272
 173  270
 172  269
 172  268
 171  267
 171  265
 170  264
 170  263
 169  262
 169  257
 167  255
 167  254
 165  252
 165  251
 153  239
 152  239
 148  235
 148  221
 149  220
 151  220
 152  219
 155  219
 156  218
 159  218
 161  216
 162  216
 164  214
 165  214
 171  208
 171  207
 176  202
 176  201
 177  200
 177  199
 179  197
 179  196
 180  195
 180  194
 182  192
 182  191
 183  190
 183  189
 184  188
 184  185
 185  184
 185  182
 186  181
 186  177
 187  176
 187  175
 188  174
 188  171
 189  170
 189  169
 190  168
 190  164
 191  163
 191  159
 192  158
 192  155
 193  154
 193  150
 194  149
 194  147
 195  146
 195  143
 196  142
 196  140
 197  139
 197  135
 198  134
 198  131
 197  130
 197  127
 194  124
 194  123
 193  122
 192  122
 190  120
 189  120
 187  118
 186  118
 185  117
 184  117
 183  116
 182  116
 181  115
 178  115
 177  114
