 175   44
 174   45
 169   45
 168   46
 166   46
 165   47
 162   47
 161   48
 160   48
 159   49
 157   49
 156   50
 154   50
 153   51
 152   51
 151   52
 149   52
 148   53
 146   53
 145   54
 144   54
 143   55
 142   55
 141   56
 140   56
 139   57
 138   57
 137   58
 136   58
 135   59
 134   59
 133   60
 132   60
 131   61
 130   61
 128   63
 127   63
 124   66
 123   66
 122   67
 121   67
 116   72
 115   72
  99   88
  99   89
  92   96
  92   97
  80  109
  80  110
  78  112
  67  112
  67  113
  66  114
  66  115
  65  116
  65  117
  64  118
  64  120
  63  121
  63  123
  62  124
  62  126
  61  127
  61  227
  62  228
  62  229
  63  229
  65  231
  65  232
  66  233
  66  234
  67  235
  67  236
  68  237
  68  238
  69  239
  69  241
  70  242
  70  243
  72  245
  72  246
  73  247
  73  248
  79  254
  79  255
  80  256
  80  257
  81  258
  81  259
  82  260
  82  261
  83  262
  83  263
  84  264
  84  266
  85  267
  85  268
  86  269
  86  270
  87  271
  87  274
  88  275
  88  276
  89  277
  89  278
  92  281
  93  281
  94  282
  95  282
  96  283
  96  285
 100  289
 102  289
 103  290
 105  290
 106  291
 107  291
 109  293
 109  299
 110  300
 110  301
 111  302
 111  303
 113  305
 114  305
 116  307
 117  307
 119  309
 119  310
 121  312
 121  313
 122  313
 122  311
 123  310
 123  309
 124  308
 124  307
 125  306
 142  306
 144  308
 145  308
 146  309
 160  309
 166  315
 166  316
 169  319
 169  320
 174  325
 174  326
 176  328
 176  329
 178  331
 178  332
 180  334
 179  333
 179  332
 178  331
 178  330
 176  328
 176  327
 174  325
 174  324
 172  322
 172  321
 170  319
 170  318
 168  316
 168  315
 163  310
 163  309
 161  307
 161  306
 159  304
 159  285
 161  283
 164  283
 165  282
 172  282
 170  280
 170  279
 168  277
 168  276
 167  275
 167  258
 168  257
 168  256
 172  252
 170  250
 170  249
 169  248
 169  231
 171  229
 171  228
 170  227
 170  225
 169  224
 169  215
 168  214
 168  212
 164  208
 163  208
 161  206
 160  206
 158  204
 158  190
 159  189
 160  189
 161  188
 163  188
 164  187
 165  187
 166  186
 167  186
 171  182
 171  181
 172  180
 172  179
 173  178
 173  177
 174  176
 174  173
 175  172
 175  171
 176  170
 176  168
 177  167
 177  166
 178  165
 178  163
 180  161
 180  158
 181  157
 181  143
 182  142
 182  138
 183  137
 183  119
 184  118
 184  114
 185  113
 185  102
 186  101
 186  100
 187   99
 187   96
 188   95
 188   93
 189   92
 189   88
 190   87
 190   85
 191   84
 191   80
 192   79
 192   77
 193   76
 193   72
 194   71
 194   67
 195   66
 195   63
 196   62
 196   56
 195   55
 195   54
 192   51
 191   51
 190   50
 189   50
 187   48
 186   48
 184   46
 183   46
 182   45
 180   45
 179   44
