 202   36
 201   37
 197   37
 196   38
 193   38
 192   39
 189   39
 188   40
 187   40
 186   41
 184   41
 183   42
 181   42
 180   43
 179   43
 178   44
 177   44
 176   45
 174   45
 173   46
 172   46
 171   47
 170   47
 169   48
 168   48
 167   49
 166   49
 165   50
 164   50
 163   51
 162   51
 161   52
 160   52
 159   53
 158   53
 156   55
 155   55
 153   57
 152   57
 151   58
 150   58
 148   60
 147   60
 144   63
 143   63
 141   65
 140   65
 137   68
 136   68
 133   71
 132   71
 126   77
 125   77
 114   88
 113   88
  94  107
  94  108
  86  116
  86  117
  78  125
  77  125
  76  126
  74  126
  73  127
  72  127
  70  129
  70  130
  68  132
  68  133
  66  135
  66  136
  64  138
  64  139
  62  141
  62  142
  60  144
  60  145
  59  146
  59  147
  57  149
  57  150
  55  152
  55  153
  54  154
  54  155
  53  156
  53  157
  50  160
  50  161
  47  164
  47  165
  44  168
  44  169
  42  171
  42  172
  38  176
  38  177
  36  179
  36  181
  35  182
  35  313
  36  314
  36  315
  37  316
  37  317
  38  318
  38  319
  40  321
  40  322
  41  323
  41  324
  42  325
  42  326
  43  327
  43  328
  45  330
  45  331
  46  332
  46  333
  48  335
  48  336
  50  338
  50  339
  53  342
  53  343
  54  344
  54  345
  58  349
  58  350
  67  359
  68  359
  75  366
  76  366
  78  368
  79  368
  83  372
  83  373
 100  390
 101  390
 102  391
 103  391
 104  392
 109  392
 110  391
 113  391
 114  390
 116  390
 117  389
 121  389
 122  388
 124  388
 125  387
 126  387
 127  386
 128  386
 129  385
 130  385
 134  381
 134  380
 135  379
 135  378
 136  377
 136  376
 137  375
 137  374
 139  372
 141  372
 142  371
 145  371
 146  370
 147  370
 148  369
 149  369
 151  367
 151  366
 152  365
 152  362
 153  361
 153  357
 154  356
 154  355
 159  350
 160  350
 161  349
 162  349
 166  345
 166  344
 167  343
 167  342
 168  341
 168  338
 169  337
 169  331
 170  330
 170  324
 172  322
 172  321
 174  319
 175  319
 178  316
 178  313
 176  311
 176  310
 174  308
 174  306
 173  305
 173  304
 172  303
 172  299
 171  298
 171  294
 170  293
 170  291
 169  290
 169  289
 168  288
 168  287
 165  284
 165  283
 164  282
 163  282
 150  269
 149  269
 145  265
 144  265
 142  263
 141  263
 139  261
 138  261
 136  259
 135  259
 133  257
 133  243
 134  242
 157  242
 158  241
 163  241
 164  240
 168  240
 169  239
 171  239
 172  238
 174  238
 175  237
 176  237
 177  236
 178  236
 179  235
 180  235
 182  233
 183  233
 188  228
 188  227
 189  226
 189  225
 190  224
 190  223
 191  222
 191  221
 192  220
 192  219
 193  218
 193  217
 194  216
 194  215
 195  214
 195  212
 197  210
 197  209
 198  208
 198  207
 199  206
 199  205
 200  204
 200  203
 201  202
 201  201
 202  200
 202  198
 203  197
 203  195
 204  194
 204  191
 205  190
 205  188
 206  187
 206  186
 207  185
 207  183
 208  182
 208  180
 209  179
 209  175
 210  174
 210  172
 211  171
 211  165
 212  164
 212  161
 213  160
 213  155
 214  154
 214  152
 215  151
 215  149
 216  148
 216  145
 217  144
 217  140
 218  139
 218  134
 219  133
 219  131
 220  130
 220  127
 221  126
 221  125
 222  124
 222  123
 223  122
 223  120
 224  119
 224  117
 225  116
 225  115
 226  114
 226  111
 227  110
 227  109
 228  108
 228  105
 229  104
 229  103
 230  102
 230  100
 231   99
 231   98
 232   97
 232   95
 233   94
 233   91
 234   90
 234   88
 235   87
 235   84
 236   83
 236   82
 237   81
 237   78
 238   77
 238   74
 239   73
 239   57
 238   56
 238   55
 237   54
 237   52
 235   50
 235   49
 231   45
 230   45
 229   44
 228   44
 227   43
 226   43
 225   42
 224   42
 222   40
 221   40
 220   39
 219   39
 218   38
 216   38
 215   37
 212   37
 211   36
