 207   20
 206   21
 203   21
 202   22
 199   22
 198   23
 195   23
 194   24
 192   24
 191   25
 190   25
 189   26
 187   26
 186   27
 185   27
 184   28
 183   28
 181   30
 180   30
 179   31
 178   31
 177   32
 176   32
 175   33
 174   33
 173   34
 172   34
 170   36
 169   36
 168   37
 167   37
 166   38
 165   38
 163   40
 162   40
 160   42
 159   42
 157   44
 156   44
 155   45
 154   45
 151   48
 150   48
 148   50
 147   50
 144   53
 143   53
 139   57
 138   57
 131   64
 130   64
 110   84
 110   85
 102   93
 102   94
  98   98
  98   99
  94  103
  94  104
  87  111
  87  112
  81  118
  81  119
  77  123
  77  124
  73  128
  73  129
  68  134
  68  135
  64  139
  64  140
  62  142
  62  143
  59  146
  59  147
  57  149
  57  150
  55  152
  55  153
  53  155
  53  156
  52  157
  52  158
  51  159
  51  160
  50  161
  50  162
  48  164
  48  165
  46  167
  46  168
  44  170
  44  171
  41  174
  41  175
  40  176
  40  177
  38  179
  38  180
  36  182
  36  183
  35  184
  35  185
  34  186
  34  187
  33  188
  33  189
  32  190
  32  191
  31  192
  31  193
  28  196
  28  197
  27  198
  27  200
  26  201
  26  317
  27  318
  27  319
  28  320
  29  320
  31  322
  31  323
  32  324
  32  325
  33  326
  33  327
  34  328
  34  329
  35  330
  35  331
  39  335
  39  336
  45  342
  45  343
  53  351
  53  352
  68  367
  68  368
  69  369
  70  369
  77  376
  78  376
  81  379
  82  379
  83  380
  84  380
  91  387
  91  388
  92  389
  92  390
  94  392
  94  393
  95  393
 108  406
 109  406
 110  407
 111  407
 112  408
 113  407
 114  407
 120  401
 138  401
 139  400
 142  400
 143  399
 144  399
 145  398
 146  398
 147  397
 147  396
 149  394
 149  393
 150  392
 150  391
 153  388
 154  388
 155  387
 158  387
 159  386
 165  386
 166  385
 169  385
 170  384
 171  384
 172  383
 173  383
 173  382
 174  381
 174  359
 178  355
 179  355
 183  351
 183  347
 182  346
 182  344
 181  343
 181  341
 180  340
 180  322
 181  321
 181  320
 182  319
 182  318
 183  317
 183  316
 184  315
 184  312
 183  311
 183  310
 181  308
 181  307
 180  306
 180  305
 178  303
 178  302
 176  300
 176  298
 175  297
 175  295
 174  294
 174  291
 173  290
 173  288
 172  287
 172  286
 167  281
 167  280
 166  279
 165  279
 162  276
 161  276
 158  273
 157  273
 155  271
 154  271
 151  268
 150  268
 149  267
 149  253
 151  251
 157  251
 158  250
 163  250
 164  249
 167  249
 168  248
 170  248
 171  247
 172  247
 173  246
 174  246
 180  240
 180  239
 182  237
 182  236
 183  235
 183  234
 184  233
 184  232
 185  231
 185  230
 187  228
 187  226
 189  224
 189  222
 193  218
 193  217
 196  214
 196  213
 199  210
 199  209
 200  208
 200  207
 201  206
 201  205
 202  204
 202  202
 203  201
 203  200
 204  199
 204  196
 205  195
 205  193
 206  192
 206  190
 207  189
 207  188
 209  186
 209  185
 211  183
 211  182
 213  180
 213  179
 214  178
 214  177
 215  176
 215  175
 216  174
 216  173
 217  172
 217  170
 218  169
 218  167
 219  166
 219  163
 220  162
 220  159
 221  158
 221  156
 222  155
 222  153
 223  152
 223  151
 224  150
 224  148
 225  147
 225  146
 226  145
 226  143
 227  142
 227  140
 228  139
 228  137
 229  136
 229  134
 230  133
 230  129
 231  128
 231  126
 232  125
 232  121
 233  120
 233  119
 234  118
 234  116
 235  115
 235  113
 236  112
 236  110
 237  109
 237  106
 238  105
 238  102
 239  101
 239   97
 240   96
 240   94
 241   93
 241   90
 242   89
 242   87
 243   86
 243   83
 244   82
 244   80
 245   79
 245   73
 246   72
 246   65
 247   64
 247   58
 248   57
 248   41
 247   40
 247   37
 246   36
 246   35
 245   34
 245   33
 240   28
 239   28
 238   27
 237   27
 236   26
 234   26
 232   24
 231   24
 229   22
 227   22
 226   21
 222   21
 221   20
