 186  102
 185  103
 180  103
 179  104
 176  104
 175  105
 171  105
 170  106
 168  106
 167  107
 164  107
 163  108
 162  108
 161  109
 159  109
 158  110
 156  110
 155  111
 154  111
 153  112
 151  112
 150  113
 149  113
 148  114
 147  114
 146  115
 144  115
 143  116
 142  116
 140  118
 139  118
 138  119
 137  119
 136  120
 134  120
 133  121
 132  121
 131  122
 130  122
 129  123
 128  123
 127  124
 126  124
 125  125
 124  125
 123  126
 122  126
 121  127
 120  127
 119  128
 118  128
 117  129
 116  129
 114  131
 112  131
 111  132
 110  132
 108  134
 107  134
 106  135
 105  135
 103  137
 102  137
 101  138
 100  138
  98  140
  96  140
  95  141
  87  141
  86  142
  85  142
  65  162
  64  162
  55  171
  54  171
  51  174
  51  175
  50  176
  50  265
  51  266
  51  267
  53  269
  53  270
  55  272
  55  273
  57  275
  57  276
  60  279
  60  280
  62  282
  62  283
  70  291
  70  292
  73  295
  73  296
  75  298
  75  299
  79  303
  79  304
  81  306
  83  306
  88  311
  88  312
  91  315
  92  315
  93  316
  94  316
  95  317
  96  317
  97  318
  98  318
 101  321
 101  322
 104  325
 105  325
 108  322
 118  322
 119  321
 121  321
 122  320
 122  319
 127  314
 139  314
 140  313
 141  313
 144  310
 144  308
 145  307
 145  303
 146  302
 146  301
 147  300
 151  300
 152  299
 155  299
 158  296
 158  281
 159  280
 160  280
 162  278
 163  278
 164  277
 163  276
 163  261
 161  259
 161  258
 151  248
 151  247
 150  246
 150  231
 152  229
 153  229
 158  224
 158  223
 160  221
 160  220
 163  217
 163  216
 166  213
 166  212
 168  210
 168  209
 169  208
 169  207
 173  203
 173  202
 175  200
 175  199
 177  197
 177  196
 178  195
 178  194
 179  193
 179  191
 181  189
 181  188
 182  187
 182  186
 184  184
 184  183
 185  182
 185  181
 187  179
 187  178
 188  177
 188  176
 189  175
 189  174
 190  173
 190  172
 192  170
 192  169
 195  166
 195  165
 198  162
 198  161
 201  158
 201  157
 205  153
 205  152
 209  148
 209  147
 210  146
 210  145
 212  143
 212  142
 213  141
 213  140
 214  139
 214  138
 215  137
 215  136
 216  135
 216  134
 217  133
 217  132
 218  131
 218  130
 219  129
 219  128
 220  127
 220  125
 221  124
 221  122
 222  121
 222  119
 223  118
 223  116
 222  115
 222  114
 221  113
 220  113
 218  111
 217  111
 216  110
 215  110
 212  107
 211  107
 210  106
 209  106
 208  105
 207  105
 206  104
 205  104
 204  103
 202  103
 201  102
