 148  140
 147  141
 146  141
 144  143
 143  143
 142  144
 141  144
 140  145
 139  145
 138  146
 137  146
 136  147
 135  147
 135  148
 133  150
 133  151
 131  153
 131  154
 128  157
 128  158
 125  161
 125  162
 119  168
 119  169
 116  172
 116  173
 112  177
 112  178
 111  179
 111  180
 109  182
 109  183
 107  185
 107  186
 106  187
 106  188
 105  189
 105  190
 103  192
 103  193
 102  194
 102  195
 101  196
 101  197
  99  199
  99  251
 109  251
 112  254
 112  255
 118  261
 118  263
 119  264
 119  265
 120  266
 120  267
 121  268
 121  269
 122  270
 122  271
 123  272
 123  273
 125  275
 125  276
 134  285
 135  285
 136  286
 137  286
 138  287
 140  287
 141  288
 142  288
 143  289
 147  289
 148  288
 150  288
 151  287
 153  287
 155  285
 156  285
 157  284
 158  284
 160  282
 161  282
 170  273
 170  272
 172  270
 172  268
 173  267
 173  266
 174  265
 174  262
 175  261
 175  258
 174  257
 174  254
 172  252
 172  251
 160  239
 160  237
 159  236
 159  215
 160  214
 160  213
 164  209
 164  208
 165  207
 165  206
 166  205
 166  204
 168  202
 168  201
 169  200
 169  198
 170  197
 170  195
 171  194
 171  192
 172  191
 172  189
 173  188
 173  183
 174  182
 174  178
 173  177
 173  173
 172  172
 172  167
 171  166
 171  165
 170  164
 170  162
 169  161
 169  159
 168  158
 168  157
 165  154
 165  153
 158  146
 157  146
 152  141
 151  141
 150  140
