 166   98
 165   99
 162   99
 161  100
 159  100
 158  101
 156  101
 155  102
 154  102
 153  103
 152  103
 151  104
 150  104
 149  105
 148  105
 147  106
 146  106
 144  108
 143  108
 142  109
 141  109
 139  111
 138  111
 136  113
 135  113
 131  117
 130  117
 128  119
 127  119
 123  123
 122  123
 121  124
 120  124
 119  125
 119  127
 113  133
 113  134
 110  137
 110  138
 109  139
 109  140
 106  143
  92  143
  92  217
  94  219
  96  219
  99  222
  99  223
 100  224
 100  226
 101  227
 101  228
 102  229
 102  233
 103  234
 103  235
 104  236
 104  237
 105  238
 105  239
 113  247
 113  264
 123  274
 125  274
 126  275
 130  275
 131  276
 134  276
 137  279
 138  279
 139  280
 142  280
 143  281
 146  281
 148  283
 148  284
 152  288
 152  289
 157  294
 157  295
 159  297
 157  295
 157  294
 156  293
 156  292
 154  290
 154  289
 152  287
 152  286
 151  285
 151  284
 150  283
 150  282
 148  280
 148  279
 146  277
 146  262
 148  260
 148  259
 150  257
 150  255
 149  254
 149  238
 154  233
 154  222
 155  221
 155  220
 157  218
 157  207
 154  204
 153  204
 151  202
 151  188
 153  186
 154  186
 155  185
 156  185
 161  180
 161  179
 163  177
 163  176
 165  174
 165  172
 166  171
 166  169
 167  168
 167  165
 168  164
 168  161
 169  160
 169  158
 170  157
 170  153
 171  152
 171  150
 172  149
 172  144
 173  143
 173  140
 174  139
 174  135
 175  134
 175  133
 176  132
 176  128
 177  127
 177  126
 178  125
 178  122
 179  121
 179  119
 180  118
 180  115
 181  114
 181  107
 176  102
 175  102
 174  101
 173  101
 172  100
 171  100
 170   99
 168   99
 167   98
