 220   37
 219   38
 215   38
 214   39
 211   39
 210   40
 207   40
 206   41
 204   41
 203   42
 200   42
 199   43
 197   43
 196   44
 194   44
 193   45
 191   45
 190   46
 189   46
 188   47
 187   47
 186   48
 184   48
 183   49
 182   49
 181   50
 180   50
 179   51
 178   51
 177   52
 176   52
 175   53
 174   53
 173   54
 172   54
 171   55
 170   55
 169   56
 168   56
 167   57
 166   57
 164   59
 163   59
 162   60
 161   60
 160   61
 159   61
 157   63
 156   63
 155   64
 154   64
 152   66
 151   66
 149   68
 148   68
 146   70
 145   70
 144   71
 143   71
 140   74
 139   74
 137   76
 136   76
 132   80
 131   80
 129   82
 128   82
 126   84
 125   84
 121   88
 120   88
 117   91
 116   91
 113   94
 112   94
 108   98
 107   98
 102  103
 101  103
  97  107
  96  107
  92  111
  91  111
  86  116
  85  116
  80  121
  79  121
  70  130
  69  130
  64  135
  63  135
  61  137
  61  138
  56  143
  55  143
  51  147
  50  147
  46  151
  45  151
  43  153
  29  153
  28  152
  28  141
  23  146
  23  147
  20  150
  20  152
  19  153
  19  312
  20  313
  20  316
  21  317
  21  318
  25  322
  26  322
  27  323
  38  323
  39  324
  40  324
  51  335
  51  336
  52  337
  53  337
  56  340
  56  341
  58  343
  59  343
  62  346
  62  347
  63  348
  63  349
  65  351
  65  352
  67  354
  67  355
  69  357
  69  358
  71  360
  71  361
  73  363
  73  364
  75  366
  75  367
  77  369
  77  370
  78  371
  78  372
  89  383
  90  383
  91  384
  92  384
  93  385
  94  385
  95  386
  99  386
 100  387
 111  387
 112  388
 113  388
 114  389
 115  389
 116  390
 119  390
 120  389
 121  389
 123  387
 123  386
 125  384
 125  383
 126  382
 126  381
 128  379
 130  379
 131  378
 133  378
 134  377
 135  377
 136  376
 137  376
 138  375
 139  375
 141  373
 142  373
 146  369
 146  368
 147  367
 147  366
 148  365
 148  364
 149  363
 149  362
 151  360
 151  359
 153  357
 153  356
 157  352
 157  351
 158  350
 158  349
 159  348
 159  346
 160  345
 160  343
 159  342
 159  324
 160  323
 160  321
 161  320
 161  319
 167  313
 167  312
 168  311
 168  310
 167  309
 167  308
 166  307
 166  306
 163  303
 163  302
 161  300
 161  299
 160  298
 160  281
 159  280
 159  279
 158  278
 158  277
 157  276
 157  275
 155  273
 155  272
 151  268
 151  267
 148  264
 148  263
 142  257
 141  257
 139  255
 138  255
 137  254
 137  240
 138  239
 166  239
 167  238
 169  238
 170  237
 171  237
 174  234
 175  234
 180  229
 180  228
 181  227
 181  226
 182  225
 182  224
 184  222
 184  221
 188  217
 188  216
 192  212
 192  211
 194  209
 194  208
 196  206
 196  205
 198  203
 198  201
 199  200
 199  199
 200  198
 200  197
 201  196
 201  195
 202  194
 202  193
 204  191
 204  190
 205  189
 205  187
 207  185
 207  183
 208  182
 208  180
 209  179
 209  178
 210  177
 210  175
 211  174
 211  173
 212  172
 212  169
 213  168
 213  166
 214  165
 214  162
 215  161
 215  159
 216  158
 216  157
 217  156
 217  155
 218  154
 218  153
 219  152
 219  151
 220  150
 220  148
 221  147
 221  146
 222  145
 222  144
 223  143
 223  142
 224  141
 224  140
 225  139
 225  137
 226  136
 226  135
 227  134
 227  133
 228  132
 228  131
 229  130
 229  128
 230  127
 230  126
 231  125
 231  124
 232  123
 232  122
 233  121
 233  119
 234  118
 234  117
 235  116
 235  115
 236  114
 236  113
 237  112
 237  111
 238  110
 238  109
 239  108
 239  107
 240  106
 240  104
 241  103
 241  102
 242  101
 242   98
 243   97
 243   96
 244   95
 244   93
 245   92
 245   91
 246   90
 246   88
 247   87
 247   85
 248   84
 248   81
 249   80
 249   77
 250   76
 250   75
 251   74
 251   72
 252   71
 252   69
 253   68
 253   66
 254   65
 254   62
 255   61
 255   54
 254   53
 254   52
 253   51
 253   50
 248   45
 247   45
 246   44
 245   44
 244   43
 242   43
 240   41
 239   41
 238   40
 237   40
 236   39
 235   39
 234   38
 230   38
 229   37
