 180  114
 179  115
 176  115
 175  116
 171  116
 170  117
 168  117
 167  118
 166  118
 165  119
 164  119
 163  120
 161  120
 160  121
 159  121
 157  123
 156  123
 155  124
 154  124
 153  125
 152  125
 151  126
 150  126
 148  128
 147  128
 146  129
 145  129
 143  131
 142  131
 139  134
 138  134
 134  138
 133  138
 130  141
 129  141
 122  148
 121  148
 117  152
 116  152
 110  158
 109  158
 102  165
 101  165
  96  170
  81  170
  80  169
  80  168
  79  168
  77  170
  77  171
  76  172
  76  249
  79  252
  79  253
  80  254
  80  255
  81  256
  81  257
  85  261
  85  262
  90  267
  90  268
  93  271
  93  272
  95  274
  95  275
  96  276
  96  278
  98  280
  98  281
 104  287
 104  289
 105  290
 105  291
 106  292
 106  296
 107  297
 107  299
 108  300
 108  302
 109  303
 109  304
 119  314
 121  314
 122  313
 125  313
 126  312
 132  312
 133  311
 134  311
 135  310
 136  310
 138  308
 139  308
 143  304
 144  304
 145  303
 146  303
 148  301
 149  301
 158  292
 159  292
 163  288
 163  286
 164  285
 164  284
 165  283
 165  280
 166  279
 166  278
 167  277
 167  276
 168  275
 168  274
 169  273
 169  271
 170  270
 170  257
 169  256
 169  254
 167  252
 167  251
 158  242
 157  242
 149  234
 149  220
 150  219
 152  219
 153  218
 154  218
 155  217
 156  217
 158  215
 159  215
 167  207
 167  205
 169  203
 169  202
 171  200
 171  199
 172  198
 172  197
 173  196
 173  195
 174  194
 174  193
 175  192
 175  191
 176  190
 176  189
 178  187
 178  186
 179  185
 179  184
 180  183
 180  180
 181  179
 181  177
 182  176
 182  174
 183  173
 183  172
 184  171
 184  169
 185  168
 185  167
 186  166
 186  164
 187  163
 187  162
 189  160
 189  159
 190  158
 190  157
 191  156
 191  154
 192  153
 192  151
 193  150
 193  146
 194  145
 194  144
 195  143
 195  141
 196  140
 196  138
 197  137
 197  135
 198  134
 198  129
 197  128
 197  126
 195  124
 195  123
 193  121
 192  121
 190  119
 189  119
 187  117
 186  117
 185  116
 184  116
 183  115
 181  115
