 178  109
 177  110
 174  110
 173  111
 170  111
 169  112
 167  112
 166  113
 165  113
 164  114
 162  114
 161  115
 160  115
 159  116
 158  116
 157  117
 156  117
 155  118
 154  118
 153  119
 152  119
 151  120
 150  120
 148  122
 147  122
 145  124
 144  124
 142  126
 141  126
 139  128
 138  128
 135  131
 134  131
 132  133
 131  133
 129  135
 128  135
 124  139
 123  139
 119  143
 118  143
 111  150
 110  150
 107  153
 106  153
  99  160
  98  160
  83  175
  83  176
  80  179
  80  180
  78  182
  78  183
  74  187
  74  188
  72  190
  72  191
  70  193
  70  194
  69  195
  69  249
  72  252
  72  253
  76  257
  76  258
  80  262
  80  263
  83  266
  83  267
  85  269
  85  270
  89  274
  89  275
  92  278
  92  279
  94  281
  94  282
  97  285
  97  286
 101  290
 101  291
 105  295
 105  296
 107  298
 107  299
 108  300
 109  300
 120  311
 121  311
 125  315
 126  315
 126  311
 127  310
 142  310
 143  311
 143  304
 144  303
 156  303
 154  301
 154  287
 155  286
 156  286
 158  284
 156  282
 156  267
 157  266
 157  265
 152  260
 152  251
 149  248
 149  247
 146  244
 146  230
 148  228
 152  228
 153  227
 155  227
 156  226
 157  226
 158  225
 159  225
 161  223
 162  223
 165  220
 165  219
 167  217
 167  216
 169  214
 169  213
 173  209
 173  208
 175  206
 175  205
 177  203
 177  201
 178  200
 178  199
 179  198
 179  196
 180  195
 180  193
 181  192
 181  191
 182  190
 182  188
 183  187
 183  185
 184  184
 184  182
 185  181
 185  179
 186  178
 186  177
 187  176
 187  175
 188  174
 188  173
 189  172
 189  171
 190  170
 190  168
 191  167
 191  166
 192  165
 192  163
 193  162
 193  160
 195  158
 195  157
 196  156
 196  155
 197  154
 197  151
 198  150
 198  149
 199  148
 199  145
 200  144
 200  143
 201  142
 201  139
 202  138
 202  136
 203  135
 203  132
 204  131
 204  128
 205  127
 205  122
 204  121
 204  120
 203  119
 203  118
 201  116
 200  116
 198  114
 197  114
 195  112
 194  112
 193  111
 192  111
 191  110
 190  110
 189  109
