 224   27
 223   28
 218   28
 217   29
 212   29
 211   30
 207   30
 206   31
 204   31
 203   32
 201   32
 200   33
 199   33
 198   34
 196   34
 195   35
 193   35
 192   36
 191   36
 190   37
 189   37
 188   38
 186   38
 185   39
 184   39
 183   40
 182   40
 181   41
 180   41
 179   42
 178   42
 177   43
 176   43
 175   44
 174   44
 173   45
 172   45
 170   47
 169   47
 168   48
 167   48
 166   49
 165   49
 163   51
 162   51
 161   52
 160   52
 158   54
 157   54
 155   56
 154   56
 153   57
 152   57
 150   59
 149   59
 147   61
 146   61
 143   64
 142   64
 140   66
 139   66
 137   68
 136   68
 133   71
 132   71
 130   73
 129   73
 125   77
 124   77
 119   82
 118   82
 110   90
 109   90
  89  110
  88  110
  82  116
  82  117
  60  139
  60  140
  51  149
  50  149
  36  163
  36  164
  13  187
  13  188
  12  189
  12  292
  14  294
  14  295
  15  296
  15  297
  16  298
  16  299
  17  300
  17  301
  18  302
  18  303
  19  304
  19  305
  21  307
  21  309
  22  310
  22  314
  23  315
  23  316
  24  317
  24  318
  28  322
  28  323
  30  325
  31  325
  32  326
  33  326
  41  334
  41  335
  45  339
  45  340
  53  348
  53  349
  54  349
  68  363
  68  364
  69  365
  69  366
  81  378
  81  379
  82  380
  82  381
  83  382
  83  384
  84  385
  84  386
  86  388
  86  389
  95  398
  96  398
  97  399
  98  399
  99  400
 100  400
 101  401
 102  400
 103  400
 104  399
 105  399
 106  398
 107  398
 110  395
 111  395
 113  393
 132  393
 133  394
 134  393
 135  393
 136  392
 137  392
 138  391
 138  390
 141  387
 141  386
 142  385
 142  382
 143  381
 143  380
 148  375
 149  375
 150  374
 153  374
 154  373
 156  373
 157  372
 158  372
 159  371
 160  371
 161  370
 162  370
 162  369
 163  368
 163  367
 164  366
 164  365
 165  364
 165  349
 167  347
 167  346
 170  343
 171  343
 172  342
 173  342
 174  341
 175  341
 176  340
 177  340
 179  338
 180  338
 180  337
 181  336
 181  335
 179  333
 179  332
 177  330
 177  329
 176  328
 176  327
 175  326
 175  307
 180  302
 181  302
 184  299
 183  298
 183  297
 178  292
 177  292
 171  286
 171  285
 170  284
 170  275
 169  274
 169  271
 168  270
 168  267
 161  260
 160  260
 158  258
 158  244
 160  242
 169  242
 170  241
 174  241
 175  240
 178  240
 179  239
 181  239
 182  238
 183  238
 184  237
 185  237
 187  235
 188  235
 189  234
 189  233
 190  232
 190  231
 196  225
 196  224
 203  217
 204  217
 208  213
 208  212
 209  211
 209  210
 210  209
 210  208
 211  207
 211  204
 212  203
 212  192
 213  191
 213  188
 214  187
 214  186
 215  185
 215  184
 216  183
 216  182
 217  181
 217  180
 218  179
 218  173
 219  172
 219  160
 220  159
 220  154
 221  153
 221  151
 222  150
 222  148
 223  147
 223  146
 224  145
 224  142
 225  141
 225  139
 226  138
 226  135
 227  134
 227  131
 228  130
 228  128
 229  127
 229  126
 232  123
 232  122
 234  120
 234  119
 235  118
 235  117
 236  116
 236  115
 238  113
 238  112
 239  111
 239  110
 241  108
 241  107
 242  106
 242  105
 243  104
 243  103
 244  102
 244  101
 245  100
 245   99
 247   97
 247   96
 248   95
 248   94
 250   92
 250   90
 252   88
 252   87
 253   86
 253   85
 254   84
 254   82
 255   81
 255   79
 256   78
 256   76
 257   75
 257   73
 258   72
 258   70
 259   69
 259   64
 260   63
 260   61
 261   60
 261   56
 262   55
 262   52
 261   51
 261   48
 260   47
 260   46
 259   45
 259   44
 258   43
 258   42
 251   35
 250   35
 249   34
 248   34
 246   32
 244   32
 243   31
 242   31
 241   30
 238   30
 237   29
 233   29
 232   28
 225   28
