 185   86
 184   87
 182   87
 181   88
 178   88
 177   89
 175   89
 174   90
 172   90
 171   91
 169   91
 168   92
 167   92
 166   93
 165   93
 164   94
 162   94
 161   95
 160   95
 159   96
 158   96
 157   97
 156   97
 154   99
 153   99
 152  100
 151  100
 150  101
 149  101
 147  103
 146  103
 144  105
 143  105
 142  106
 141  106
 139  108
 138  108
 136  110
 135  110
 131  114
 130  114
 125  119
 124  119
 118  125
 117  125
 113  129
 112  129
 105  136
 104  136
  98  142
  84  142
  83  141
  83  137
  82  136
  81  137
  81  138
  65  154
  65  155
  64  156
  63  156
  61  158
  61  159
  60  160
  60  161
  59  162
  59  248
  60  249
  60  251
  61  252
  61  253
  65  257
  65  258
  67  260
  67  261
  68  262
  68  263
  71  266
  71  267
  76  272
  76  273
  81  278
  81  279
  82  280
  82  282
  83  283
  83  284
  87  288
  87  289
  88  290
  88  292
  89  293
  89  294
  91  296
  91  297
  93  299
  93  300
  94  301
  94  302
  95  303
  95  305
  96  306
  96  307
  97  308
  97  309
  99  311
  99  312
 100  313
 100  314
 103  317
 103  318
 106  321
 107  321
 113  327
 114  327
 115  328
 119  328
 120  327
 121  327
 122  326
 138  326
 143  331
 144  331
 148  327
 167  327
 169  329
 169  330
 172  333
 173  333
 182  342
 185  339
 184  338
 184  337
 183  336
 182  336
 178  332
 177  332
 170  325
 169  325
 168  324
 167  324
 166  323
 165  323
 164  322
 163  322
 158  317
 158  316
 157  315
 157  314
 156  313
 156  294
 158  292
 158  290
 156  288
 156  287
 154  285
 154  284
 153  283
 153  282
 152  281
 152  265
 151  264
 151  263
 149  261
 149  260
 146  257
 146  256
 145  255
 145  253
 144  252
 144  247
 143  246
 143  243
 141  241
 141  240
 131  230
 130  230
 128  228
 128  214
 129  213
 135  213
 136  212
 141  212
 143  210
 144  210
 147  207
 147  206
 150  203
 150  202
 154  198
 154  197
 163  188
 163  187
 165  185
 165  184
 167  182
 167  181
 169  179
 169  178
 171  176
 171  175
 173  173
 173  172
 174  171
 174  170
 176  168
 176  167
 178  165
 178  164
 180  162
 180  161
 184  157
 184  156
 187  153
 187  152
 191  148
 191  147
 193  145
 193  144
 197  140
 197  139
 199  137
 199  136
 201  134
 201  133
 202  132
 202  131
 203  130
 203  129
 205  127
 205  126
 206  125
 206  124
 208  122
 208  121
 209  120
 209  119
 210  118
 210  117
 211  116
 211  115
 212  114
 212  111
 213  110
 213  108
 214  107
 214  102
 213  101
 213  100
 212   99
 212   98
 207   93
 206   93
 204   91
 203   91
 202   90
 201   90
 200   89
 198   89
 197   88
 195   88
 194   87
 191   87
 190   86
