 190   82
 189   83
 184   83
 183   84
 180   84
 179   85
 177   85
 176   86
 174   86
 173   87
 172   87
 171   88
 169   88
 168   89
 167   89
 166   90
 164   90
 163   91
 162   91
 161   92
 160   92
 159   93
 158   93
 157   94
 156   94
 155   95
 154   95
 153   96
 152   96
 151   97
 150   97
 149   98
 148   98
 146  100
 145  100
 144  101
 143  101
 142  102
 141  102
 139  104
 138  104
 137  105
 136  105
 134  107
 133  107
 132  108
 131  108
 129  110
 128  110
 127  111
 126  111
 124  113
 123  113
 121  115
 120  115
 118  117
 117  117
 115  119
 114  119
 111  122
 110  122
 107  125
 106  125
 103  128
 102  128
  98  132
  97  132
  94  135
  91  135
  90  136
  84  136
  83  137
  83  139
  82  140
  82  142
  81  143
  81  145
  80  146
  80  147
  78  149
  78  150
  63  165
  63  166
  56  173
  55  173
  54  174
  54  175
  53  176
  53  257
  54  258
  54  260
  55  261
  55  263
  56  264
  56  265
  57  266
  57  267
  58  268
  58  269
  59  270
  59  271
  60  272
  60  273
  62  275
  62  276
  64  278
  64  279
  73  288
  73  290
  74  291
  74  295
  75  296
  75  298
  76  299
  76  300
  77  301
  77  304
  78  305
  78  307
  79  308
  79  312
  80  313
  80  314
  81  315
  81  317
  82  318
  82  319
  83  320
  83  322
  86  325
  86  326
  87  327
  88  327
  98  337
  99  337
 100  338
 101  338
 102  339
 103  339
 104  340
 106  340
 107  341
 108  341
 109  340
 125  340
 126  341
 126  343
 127  344
 129  344
 132  341
 133  341
 135  339
 154  339
 155  338
 154  337
 154  336
 153  335
 153  334
 152  333
 152  332
 151  331
 151  330
 150  329
 150  310
 154  306
 154  305
 156  303
 156  301
 155  300
 155  299
 153  297
 153  296
 152  295
 152  294
 151  293
 151  277
 153  275
 153  274
 154  273
 154  272
 153  271
 153  270
 149  266
 149  265
 146  262
 146  261
 144  259
 144  256
 143  255
 143  253
 142  252
 142  246
 141  245
 141  244
 135  238
 134  238
 130  234
 130  220
 131  219
 150  219
 152  217
 153  217
 168  202
 168  201
 173  196
 173  195
 175  193
 175  192
 176  191
 176  190
 178  188
 178  187
 179  186
 179  185
 180  184
 180  183
 181  182
 181  181
 183  179
 183  178
 184  177
 184  176
 185  175
 185  174
 187  172
 187  170
 189  168
 189  167
 190  166
 190  165
 192  163
 192  162
 193  161
 193  160
 194  159
 194  158
 196  156
 196  155
 198  153
 198  152
 201  149
 201  148
 203  146
 203  145
 207  141
 207  140
 209  138
 209  137
 210  136
 210  135
 211  134
 211  133
 212  132
 212  131
 213  130
 213  129
 214  128
 214  127
 215  126
 215  125
 216  124
 216  123
 217  122
 217  121
 218  120
 218  117
 219  116
 219  114
 220  113
 220  111
 221  110
 221  108
 222  107
 222  104
 221  103
 221  102
 220  101
 220   99
 219   98
 219   97
 215   93
 214   93
 213   92
 212   92
 211   91
 210   91
 207   88
 206   88
 204   86
 203   86
 202   85
 200   85
 199   84
 197   84
 196   83
 192   83
 191   82
