 179   90
 178   91
 176   91
 175   92
 172   92
 171   93
 170   93
 169   94
 167   94
 166   95
 165   95
 164   96
 162   96
 161   97
 160   97
 158   99
 156   99
 154  101
 153  101
 151  103
 150  103
 149  104
 148  104
 147  105
 146  105
 144  107
 143  107
 141  109
 140  109
 137  112
 136  112
 134  114
 133  114
 131  116
 130  116
 125  121
 124  121
 103  142
 103  143
 100  146
  97  146
  95  148
  95  150
  94  151
  94  152
  93  153
  93  154
  92  155
  92  156
  90  158
  90  159
  87  162
  87  163
  86  164
  86  165
  82  169
  82  170
  81  171
  81  172
  79  174
  79  175
  77  177
  77  178
  76  179
  76  181
  75  182
  75  262
  76  263
  76  266
  77  267
  77  268
  78  269
  78  271
  79  272
  79  274
  80  275
  80  279
  81  280
  81  281
  82  282
  82  283
  83  284
  83  286
  84  287
  84  289
  85  290
  85  292
  86  293
  86  294
  87  295
  87  297
  88  298
  88  299
 105  316
 105  317
 115  327
 116  327
 118  329
 120  329
 121  330
 124  330
 125  331
 131  331
 132  332
 133  332
 134  333
 148  333
 150  335
 150  334
 149  333
 149  332
 148  331
 148  330
 146  328
 146  312
 147  311
 148  311
 149  310
 151  310
 153  308
 152  307
 152  291
 156  287
 157  287
 157  286
 158  285
 158  273
 159  272
 159  271
 158  270
 158  265
 157  264
 157  257
 155  255
 155  254
 153  252
 152  252
 147  247
 146  247
 143  244
 142  244
 139  241
 139  227
 141  225
 143  225
 144  224
 147  224
 148  223
 150  223
 151  222
 152  222
 153  221
 154  221
 157  218
 157  217
 159  215
 159  214
 160  213
 160  212
 161  211
 161  210
 165  206
 165  205
 167  203
 167  202
 168  201
 168  200
 169  199
 169  193
 170  192
 170  190
 171  189
 171  188
 172  187
 172  186
 173  185
 173  172
 174  171
 174  167
 175  166
 175  155
 176  154
 176  152
 177  151
 177  150
 178  149
 178  146
 179  145
 179  144
 180  143
 180  141
 181  140
 181  139
 183  137
 183  136
 187  132
 187  131
 190  128
 190  127
 191  126
 191  125
 192  124
 192  123
 193  122
 193  121
 194  120
 194  119
 195  118
 195  117
 196  116
 196  114
 197  113
 197  111
 198  110
 198  105
 199  104
 198  103
 198  100
 197   99
 197   98
 196   97
 195   97
 194   96
 193   96
 192   95
 191   95
 187   91
 186   91
 185   90
