 216   31
 215   32
 210   32
 209   33
 206   33
 205   34
 202   34
 201   35
 199   35
 198   36
 196   36
 195   37
 194   37
 193   38
 191   38
 190   39
 188   39
 187   40
 186   40
 185   41
 183   41
 182   42
 181   42
 180   43
 179   43
 178   44
 177   44
 176   45
 175   45
 174   46
 173   46
 172   47
 171   47
 170   48
 169   48
 168   49
 167   49
 166   50
 165   50
 164   51
 163   51
 161   53
 160   53
 159   54
 158   54
 156   56
 155   56
 153   58
 152   58
 149   61
 148   61
 146   63
 145   63
 142   66
 141   66
 138   69
 137   69
 133   73
 132   73
 127   78
 126   78
 120   84
 119   84
 114   89
 113   89
  98  104
  97  104
  93  108
  93  109
  78  124
  78  125
  72  131
  72  132
  67  137
  67  138
  54  151
  54  152
  50  156
  50  157
  44  163
  44  164
  40  168
  40  169
  37  172
  37  173
  32  178
  32  179
  29  182
  29  183
  26  186
  26  187
  25  188
  25  190
  24  191
  24  279
  25  280
  25  282
  26  283
  26  284
  27  285
  27  286
  28  287
  28  288
  29  289
  29  290
  30  291
  30  292
  31  293
  31  294
  32  295
  32  296
  33  297
  33  298
  34  299
  34  300
  36  302
  36  303
  37  304
  37  305
  38  306
  38  307
  39  308
  39  309
  40  310
  40  311
  41  312
  41  313
  42  314
  42  315
  43  316
  43  317
  44  318
  44  319
  46  321
  46  322
  47  323
  47  324
  48  325
  48  326
  49  327
  49  328
  50  329
  50  330
  52  332
  52  333
  53  334
  53  335
  55  337
  55  338
  57  340
  57  341
  58  342
  58  343
  61  346
  61  347
  63  349
  63  350
  64  351
  64  352
  65  353
  65  354
  67  356
  67  357
  68  358
  68  359
  70  361
  70  362
  83  375
  83  376
  84  377
  85  377
  87  379
  88  379
  91  382
  91  383
  92  384
  93  384
  94  385
  95  385
  96  386
  97  386
  98  387
  99  387
 100  388
 102  388
 103  389
 105  389
 106  390
 107  390
 108  391
 109  391
 111  393
 112  393
 114  395
 115  395
 117  397
 119  397
 120  396
 121  396
 122  395
 123  395
 124  394
 125  394
 128  391
 129  391
 130  390
 131  390
 132  389
 135  389
 136  388
 137  388
 138  387
 139  387
 140  386
 141  386
 145  382
 145  381
 147  379
 147  378
 148  377
 148  376
 156  368
 157  368
 162  363
 162  362
 163  361
 163  358
 164  357
 164  346
 165  345
 165  344
 169  340
 170  340
 173  337
 173  336
 174  335
 174  333
 173  332
 173  327
 172  326
 172  310
 173  309
 173  306
 178  301
 178  299
 173  294
 173  293
 170  290
 170  289
 169  288
 169  287
 168  286
 168  281
 167  280
 167  277
 166  276
 166  275
 164  273
 164  272
 162  270
 162  256
 164  254
 166  254
 167  253
 168  253
 169  252
 171  252
 172  251
 173  251
 175  249
 176  249
 177  248
 178  248
 181  245
 182  245
 186  241
 186  240
 188  238
 188  237
 189  236
 189  235
 190  234
 190  232
 191  231
 191  230
 192  229
 192  228
 193  227
 193  226
 194  225
 194  224
 195  223
 195  222
 196  221
 196  220
 197  219
 197  218
 199  216
 199  215
 200  214
 200  213
 201  212
 201  211
 203  209
 203  207
 204  206
 204  204
 205  203
 205  201
 206  200
 206  197
 207  196
 207  195
 208  194
 208  193
 209  192
 209  191
 210  190
 210  189
 212  187
 212  185
 213  184
 213  183
 214  182
 214  179
 215  178
 215  176
 216  175
 216  171
 217  170
 217  167
 218  166
 218  163
 219  162
 219  161
 220  160
 220  158
 221  157
 221  156
 222  155
 222  154
 223  153
 223  152
 224  151
 224  150
 225  149
 225  147
 226  146
 226  145
 227  144
 227  141
 228  140
 228  133
 229  132
 229  130
 230  129
 230  128
 231  127
 231  126
 232  125
 232  124
 234  122
 234  121
 235  120
 235  119
 236  118
 236  117
 237  116
 237  114
 238  113
 238  110
 239  109
 239  108
 240  107
 240  104
 241  103
 241  102
 242  101
 242   98
 243   97
 243   96
 244   95
 244   93
 245   92
 245   88
 246   87
 246   83
 247   82
 247   76
 248   75
 248   72
 249   71
 249   65
 250   64
 250   51
 249   50
 249   48
 248   47
 248   46
 243   41
 242   41
 240   39
 239   39
 238   38
 237   38
 236   37
 235   37
 234   36
 233   36
 232   35
 231   35
 230   34
 229   34
 228   33
 225   33
 224   32
 221   32
 220   31
