 163  154
 162  155
 157  155
 156  156
 155  156
 154  157
 153  157
 152  158
 151  158
 150  159
 149  159
 148  160
 147  160
 146  161
 145  161
 143  163
 142  163
 141  164
 140  164
 139  165
 136  165
 135  166
 134  166
 132  168
 131  168
 130  169
 129  169
 128  170
 127  170
 125  172
 123  172
 122  173
 121  173
 120  174
 119  174
 118  175
 117  175
 116  176
 115  176
 114  177
 113  177
 111  179
 110  179
 109  180
 108  180
 107  181
 106  181
 104  183
 103  183
 102  184
 101  184
 100  185
  96  185
  94  187
  94  228
  95  229
  95  230
  97  230
  98  231
  98  232
  99  233
  99  234
 100  235
 100  236
 102  238
 102  240
 103  241
 103  242
 104  243
 104  248
 105  249
 105  252
 106  253
 106  254
 107  255
 107  256
 108  257
 108  258
 109  259
 109  260
 110  261
 111  261
 112  262
 113  262
 117  266
 118  266
 121  269
 122  269
 124  271
 129  271
 130  270
 131  270
 132  269
 134  269
 136  267
 137  267
 145  259
 145  258
 147  256
 147  255
 149  253
 149  252
 150  251
 150  249
 151  248
 151  247
 152  246
 152  243
 153  242
 152  241
 152  239
 150  237
 150  236
 149  235
 149  234
 144  229
 144  215
 145  214
 147  214
 148  213
 150  213
 151  212
 153  212
 154  211
 155  211
 156  210
 157  210
 158  209
 159  209
 160  208
 161  208
 170  199
 170  198
 172  196
 172  195
 173  194
 173  193
 175  191
 175  190
 176  189
 176  187
 177  186
 177  184
 178  183
 178  178
 179  177
 179  175
 180  174
 180  169
 179  168
 179  167
 178  166
 178  165
 177  164
 177  163
 174  160
 173  160
 169  156
 168  156
 167  155
 166  155
 165  154
