 165  127
 164  128
 162  128
 160  130
 159  130
 158  131
 157  131
 156  132
 155  132
 154  133
 153  133
 152  134
 151  134
 150  135
 149  135
 147  137
 146  137
 145  138
 144  138
 141  141
 140  141
 137  144
 136  144
 135  145
 134  145
 133  146
 132  146
 130  148
 129  148
 127  150
 126  150
 124  152
 123  152
 121  154
 120  154
 118  156
 117  156
 115  158
 114  158
 112  160
 111  160
 109  162
 108  162
 107  163
 106  163
 105  164
 104  164
 103  165
 102  165
 100  167
  99  167
  95  171
  95  172
  91  176
  91  177
  88  180
  88  181
  85  184
  85  248
  87  250
  89  250
  91  252
  91  253
  92  254
  92  257
  93  258
  93  262
  94  263
  94  267
  95  268
  95  273
  96  274
  96  278
  97  279
  97  280
  98  281
  98  282
 100  284
 100  285
 110  295
 111  295
 113  297
 114  297
 116  299
 117  299
 118  300
 119  300
 120  301
 121  301
 122  302
 130  302
 131  301
 133  301
 134  300
 135  300
 136  299
 138  299
 139  298
 140  298
 141  297
 142  297
 144  295
 145  295
 153  287
 153  286
 157  282
 157  281
 159  279
 159  278
 160  277
 160  276
 162  274
 162  272
 163  271
 163  269
 164  268
 164  260
 163  259
 163  258
 162  257
 162  256
 161  255
 161  254
 160  253
 160  252
 158  250
 158  249
 153  244
 153  243
 151  241
 151  240
 144  233
 144  219
 145  218
 149  218
 150  217
 153  217
 154  216
 156  216
 157  215
 160  215
 161  214
 162  214
 163  213
 164  213
 165  212
 166  212
 179  199
 179  198
 181  196
 181  194
 183  192
 183  190
 184  189
 184  188
 185  187
 185  185
 186  184
 186  181
 187  180
 187  178
 188  177
 188  169
 189  168
 189  165
 190  164
 190  152
 189  151
 189  150
 188  149
 188  147
 187  146
 187  145
 186  144
 186  143
 185  142
 185  141
 183  139
 183  138
 180  135
 179  135
 175  131
 174  131
 172  129
 171  129
 170  128
 168  128
 167  127
