 188   40
 187   41
 185   41
 184   42
 181   42
 180   43
 178   43
 177   44
 175   44
 174   45
 172   45
 171   46
 170   46
 169   47
 167   47
 166   48
 165   48
 164   49
 163   49
 162   50
 161   50
 160   51
 159   51
 158   52
 157   52
 156   53
 155   53
 154   54
 153   54
 151   56
 150   56
 147   59
 146   59
 144   61
 143   61
 142   62
 141   62
 138   65
 137   65
 135   67
 134   67
 132   69
 131   69
 126   74
 125   74
 115   84
 114   84
 108   90
 108   91
  95  104
  95  105
  93  107
  92  107
  89  110
  88  110
  87  111
  86  111
  81  116
  81  117
  79  119
  79  120
  74  125
  74  126
  68  132
  68  134
  67  135
  67  221
  69  223
  71  223
  72  224
  72  225
  73  226
  73  228
  74  229
  74  231
  75  232
  75  234
  76  235
  76  236
  77  237
  77  238
  78  239
  78  240
  79  241
  79  242
  80  243
  80  244
  81  245
  81  247
  82  248
  82  249
  83  250
  83  251
  84  252
  84  253
  85  254
  85  255
  86  256
  86  257
  88  259
  88  261
  89  262
  89  263
  90  264
  90  266
  91  267
  91  268
  92  269
  92  271
  94  273
  94  274
  96  276
  97  276
 101  280
 101  281
 105  285
 105  292
 106  293
 106  295
 107  296
 107  297
 108  298
 108  299
 110  301
 111  301
 116  306
 116  307
 118  309
 119  309
 120  310
 121  310
 122  311
 135  311
 138  314
 138  315
 140  317
 140  318
 141  319
 154  319
 155  320
 155  321
 156  322
 156  323
 158  325
 158  326
 159  327
 159  328
 161  330
 161  331
 162  332
 162  333
 164  335
 164  336
 166  338
 166  339
 168  341
 168  342
 171  345
 171  346
 173  348
 173  349
 175  351
 175  352
 179  356
 179  357
 183  361
 181  359
 181  358
 180  357
 180  356
 179  355
 179  354
 178  353
 178  352
 176  350
 176  349
 175  348
 175  347
 174  346
 174  345
 173  344
 173  343
 172  342
 172  341
 171  340
 171  339
 170  338
 170  337
 169  336
 169  335
 168  334
 168  333
 166  331
 166  330
 164  328
 164  327
 162  325
 162  324
 161  323
 161  322
 159  320
 159  319
 157  317
 157  316
 154  313
 154  312
 151  309
 151  289
 153  287
 154  287
 155  286
 164  286
 161  283
 161  282
 159  280
 159  279
 158  278
 158  277
 157  276
 157  258
 158  257
 158  256
 159  255
 161  255
 162  254
 161  253
 161  252
 160  251
 160  232
 162  230
 162  229
 164  227
 164  216
 165  215
 165  213
 164  213
 161  210
 160  210
 158  208
 157  208
 153  204
 152  204
 149  201
 148  201
 146  199
 145  199
 144  198
 144  184
 145  183
 160  183
 161  184
 168  184
 169  183
 170  183
 171  182
 172  182
 177  177
 177  176
 179  174
 179  172
 180  171
 180  169
 181  168
 181  166
 182  165
 182  164
 183  163
 183  160
 184  159
 184  158
 185  157
 185  155
 186  154
 186  145
 187  144
 187  137
 188  136
 188  131
 189  130
 189  123
 190  122
 190  117
 191  116
 191  114
 192  113
 192  108
 193  107
 193  100
 194   99
 194   95
 196   93
 196   90
 197   89
 197   87
 198   86
 198   83
 199   82
 199   80
 200   79
 200   77
 201   76
 201   73
 202   72
 202   70
 203   69
 203   65
 204   64
 204   63
 205   62
 205   56
 206   55
 206   53
 207   52
 207   49
 206   48
 206   47
 205   47
 203   45
 201   45
 198   42
 197   42
 196   41
 195   41
 194   40
