 172  122
 171  123
 168  123
 167  124
 165  124
 164  125
 161  125
 160  126
 159  126
 158  127
 157  127
 156  128
 154  128
 153  129
 152  129
 151  130
 149  130
 148  131
 147  131
 146  132
 145  132
 144  133
 143  133
 142  134
 141  134
 140  135
 139  135
 138  136
 137  136
 136  137
 135  137
 134  138
 132  138
 131  139
 130  139
 128  141
 127  141
 126  142
 125  142
 124  143
 123  143
 122  144
 121  144
 120  145
 119  145
 118  146
 117  146
 116  147
 115  147
 113  149
 112  149
 111  150
 110  150
 108  152
 107  152
 106  153
 105  153
 104  154
 103  154
 101  156
 100  156
  97  159
  96  159
  93  162
  75  162
  73  164
  73  165
  71  167
  71  235
  74  238
  74  239
  75  240
  75  241
  76  242
  76  244
  77  245
  77  246
  78  247
  78  248
  79  249
  79  250
  80  251
  80  253
  81  254
  81  256
  82  257
  82  276
  83  277
  83  278
  84  279
  84  280
  85  281
  85  282
  87  284
  87  285
  92  290
  92  291
  93  291
 101  299
 102  299
 103  300
 104  300
 106  302
 107  302
 108  303
 109  303
 110  304
 112  304
 113  305
 116  305
 117  306
 127  306
 128  305
 130  305
 131  304
 133  304
 134  303
 135  303
 136  302
 137  302
 138  301
 139  301
 141  299
 142  299
 148  293
 149  293
 151  291
 151  290
 153  288
 153  287
 154  286
 154  285
 156  283
 156  281
 157  280
 157  279
 158  278
 158  277
 159  276
 159  275
 160  274
 160  272
 161  271
 161  269
 162  268
 162  264
 163  263
 163  258
 162  257
 162  255
 161  254
 161  253
 159  251
 159  250
 157  248
 157  247
 154  244
 154  243
 148  237
 148  221
 149  220
 153  220
 154  219
 156  219
 157  218
 159  218
 160  217
 161  217
 162  216
 163  216
 164  215
 165  215
 166  214
 167  214
 170  211
 171  211
 174  208
 175  208
 178  205
 178  204
 186  196
 186  195
 188  193
 188  192
 189  191
 189  190
 191  188
 191  186
 192  185
 192  184
 193  183
 193  182
 194  181
 194  180
 195  179
 195  176
 196  175
 196  174
 197  173
 197  170
 198  169
 198  167
 199  166
 199  164
 200  163
 200  160
 201  159
 201  158
 202  157
 202  154
 203  153
 203  151
 204  150
 204  146
 203  145
 203  144
 202  143
 202  141
 201  140
 201  139
 200  138
 200  137
 197  134
 197  133
 196  133
 194  131
 193  131
 192  130
 191  130
 185  124
 184  124
 183  123
 181  123
 180  122
