 167  135
 166  136
 164  136
 163  137
 161  137
 160  138
 159  138
 158  139
 157  139
 156  140
 155  140
 154  141
 153  141
 151  143
 150  143
 148  145
 147  145
 144  148
 143  148
 141  150
 140  150
 138  152
 137  152
 134  155
 133  155
 132  156
 131  156
 128  159
 127  159
 124  162
 123  162
 120  165
 119  165
 118  166
 117  166
 115  168
 114  168
 112  170
  96  170
  95  169
  95  167
  93  165
  92  166
  92  167
  91  168
  91  169
  90  170
  90  178
  89  179
  89  180
  86  183
  86  233
  88  235
  88  236
  89  237
  89  238
  90  239
  90  240
  91  241
  91  242
  92  243
  92  244
  93  245
  93  246
  94  247
  94  248
  95  249
  95  250
 100  255
 100  257
 101  258
 101  259
 102  260
 102  264
 103  265
 103  266
 104  267
 104  269
 105  270
 105  271
 106  272
 106  274
 107  275
 107  276
 108  277
 108  278
 109  279
 109  280
 115  286
 116  286
 120  290
 121  290
 122  291
 123  291
 124  292
 125  292
 126  293
 128  293
 129  294
 135  294
 136  293
 139  293
 140  292
 141  292
 142  291
 143  291
 144  290
 145  290
 146  289
 147  289
 150  286
 151  286
 155  282
 156  282
 157  281
 157  280
 159  278
 159  277
 161  275
 161  274
 162  273
 162  272
 163  271
 163  269
 164  268
 164  266
 165  265
 165  259
 164  258
 164  257
 163  256
 163  254
 161  252
 161  251
 159  249
 159  248
 154  243
 154  242
 145  233
 144  233
 141  230
 141  216
 142  215
 147  215
 148  214
 150  214
 151  213
 152  213
 153  212
 155  212
 157  210
 158  210
 160  208
 161  208
 166  203
 167  203
 168  202
 168  201
 172  197
 172  196
 174  194
 174  193
 176  191
 176  190
 177  189
 177  188
 178  187
 178  186
 179  185
 179  184
 180  183
 180  181
 182  179
 182  176
 183  175
 183  174
 184  173
 184  171
 185  170
 185  166
 186  165
 186  162
 187  161
 187  153
 188  152
 187  151
 187  148
 186  147
 186  146
 182  142
 181  142
 178  139
 177  139
 175  137
 174  137
 173  136
 172  136
 171  135
