 212   55
 211   56
 207   56
 206   57
 203   57
 202   58
 200   58
 199   59
 197   59
 196   60
 194   60
 193   61
 192   61
 191   62
 190   62
 189   63
 188   63
 187   64
 186   64
 185   65
 184   65
 183   66
 182   66
 181   67
 180   67
 179   68
 178   68
 177   69
 176   69
 175   70
 174   70
 172   72
 171   72
 170   73
 169   73
 166   76
 165   76
 163   78
 162   78
 161   79
 160   79
 158   81
 157   81
 155   83
 154   83
 152   85
 151   85
 148   88
 147   88
 144   91
 143   91
 138   96
 137   96
 131  102
 130  102
  91  141
  91  142
  75  158
  75  159
  71  163
  71  164
  64  171
  64  172
  53  183
  53  184
  47  190
  47  191
  44  194
  44  195
  41  198
  41  199
  37  203
  37  204
  33  208
  33  209
  30  212
  30  214
  29  215
  29  328
  30  329
  30  331
  32  333
  33  333
  36  336
  37  336
  38  337
  40  337
  41  338
  42  338
  44  340
  45  340
  46  341
  47  341
  49  343
  50  343
  53  346
  54  346
  56  348
  57  348
  61  352
  62  352
  70  360
  71  360
  72  361
  73  361
  74  362
  75  362
  76  363
  77  363
  78  364
  79  364
  80  365
  82  365
  83  366
  85  366
  88  369
  89  369
  90  370
  91  370
  92  371
  93  371
  94  372
  95  372
  96  373
  98  373
 100  371
 101  371
 104  368
 104  367
 105  366
 108  366
 109  365
 112  365
 113  364
 115  364
 116  363
 117  363
 122  358
 122  357
 123  356
 123  355
 124  354
 124  352
 125  351
 125  350
 128  347
 129  347
 130  346
 131  346
 132  345
 133  345
 137  341
 137  340
 138  339
 138  338
 139  337
 139  333
 140  332
 140  329
 146  323
 147  323
 147  322
 149  320
 149  319
 150  318
 150  300
 148  298
 148  297
 146  295
 146  294
 142  290
 142  289
 131  278
 131  264
 132  263
 135  263
 136  262
 148  262
 149  261
 153  261
 154  260
 156  260
 157  259
 159  259
 160  258
 161  258
 162  257
 163  257
 165  255
 166  255
 170  251
 170  250
 171  249
 171  248
 173  246
 173  245
 174  244
 174  243
 175  242
 175  241
 176  240
 176  239
 177  238
 177  237
 178  236
 178  235
 179  234
 179  233
 180  232
 180  231
 181  230
 181  228
 182  227
 182  226
 183  225
 183  223
 184  222
 184  221
 185  220
 185  216
 186  215
 186  214
 187  213
 187  211
 188  210
 188  208
 189  207
 189  206
 190  205
 190  204
 191  203
 191  202
 192  201
 192  199
 193  198
 193  197
 194  196
 194  194
 195  193
 195  192
 196  191
 196  190
 197  189
 197  187
 198  186
 198  185
 199  184
 199  183
 200  182
 200  181
 201  180
 201  179
 202  178
 202  177
 203  176
 203  175
 204  174
 204  172
 205  171
 205  170
 206  169
 206  168
 208  166
 208  165
 209  164
 209  163
 210  162
 210  161
 211  160
 211  158
 212  157
 212  155
 213  154
 213  153
 214  152
 214  151
 215  150
 215  149
 216  148
 216  147
 217  146
 217  145
 218  144
 218  143
 219  142
 219  141
 220  140
 220  139
 222  137
 222  136
 223  135
 223  134
 225  132
 225  131
 226  130
 226  129
 227  128
 227  127
 228  126
 228  125
 229  124
 229  123
 230  122
 230  120
 231  119
 231  117
 232  116
 232  114
 233  113
 233  112
 234  111
 234  109
 235  108
 235  107
 236  106
 236  105
 237  104
 237  102
 238  101
 238  100
 239   99
 239   97
 240   96
 240   94
 241   93
 241   90
 242   89
 242   86
 243   85
 243   82
 244   81
 244   77
 245   76
 245   74
 244   73
 244   71
 243   70
 243   69
 242   68
 242   67
 239   64
 238   64
 237   63
 236   63
 235   62
 234   62
 233   61
 232   61
 230   59
 229   59
 228   58
 227   58
 226   57
 225   57
 224   56
 222   56
 221   55
