 206   36
 205   37
 202   37
 201   38
 199   38
 198   39
 196   39
 195   40
 193   40
 192   41
 191   41
 190   42
 189   42
 188   43
 186   43
 185   44
 184   44
 183   45
 182   45
 181   46
 179   46
 178   47
 177   47
 176   48
 175   48
 174   49
 173   49
 172   50
 171   50
 170   51
 169   51
 168   52
 167   52
 165   54
 164   54
 163   55
 162   55
 161   56
 160   56
 158   58
 157   58
 156   59
 155   59
 153   61
 152   61
 151   62
 150   62
 148   64
 147   64
 146   65
 145   65
 142   68
 141   68
 137   72
 136   72
 131   77
 130   77
 121   86
 120   86
 104  102
 104  103
  95  112
  95  113
  84  124
  73  124
  72  125
  70  125
  69  126
  67  126
  66  127
  65  127
  64  128
  63  128
  62  129
  61  129
  58  132
  57  132
  44  145
  44  146
  33  157
  32  157
  31  158
  31  159
  30  160
  30  334
  31  335
  31  337
  33  339
  33  340
  35  342
  35  343
  39  347
  39  348
  41  350
  41  351
  49  359
  49  360
  51  362
  51  363
  54  366
  54  367
  56  369
  56  370
  58  372
  58  373
  59  374
  59  375
  60  376
  60  377
  61  378
  61  379
  62  380
  62  381
  72  391
  73  391
  74  392
  75  392
  76  391
  77  391
  78  390
  79  390
  80  389
  82  389
  83  388
  85  388
  86  387
  92  387
  93  386
  96  386
  97  385
  98  385
  99  384
 100  384
 101  383
 102  383
 104  381
 105  381
 106  380
 107  380
 108  379
 109  379
 110  378
 111  378
 112  377
 114  377
 115  376
 117  376
 118  375
 119  375
 121  373
 122  373
 124  371
 124  370
 127  367
 127  365
 129  363
 129  362
 130  361
 130  360
 136  354
 137  354
 140  351
 141  351
 146  346
 146  345
 147  344
 147  342
 148  341
 148  339
 149  338
 149  335
 150  334
 150  333
 151  332
 151  331
 156  326
 157  326
 160  323
 160  322
 161  321
 161  320
 162  319
 162  306
 163  305
 164  305
 166  303
 166  302
 165  301
 165  300
 164  299
 164  298
 162  296
 162  295
 159  292
 159  291
 156  288
 156  287
 153  284
 153  283
 150  280
 150  279
 137  266
 137  252
 138  251
 148  251
 149  250
 154  250
 155  249
 158  249
 159  248
 161  248
 162  247
 163  247
 164  246
 166  246
 172  240
 172  239
 173  238
 173  237
 174  236
 174  234
 175  233
 175  231
 176  230
 176  228
 177  227
 177  219
 178  218
 178  214
 179  213
 179  210
 180  209
 180  206
 181  205
 181  195
 182  194
 182  190
 183  189
 183  186
 184  185
 184  184
 185  183
 185  180
 186  179
 186  177
 187  176
 187  172
 188  171
 188  168
 189  167
 189  164
 190  163
 190  161
 191  160
 191  159
 192  158
 192  156
 193  155
 193  154
 194  153
 194  151
 195  150
 195  149
 196  148
 196  147
 197  146
 197  145
 198  144
 198  142
 199  141
 199  140
 200  139
 200  138
 201  137
 201  136
 202  135
 202  134
 203  133
 203  132
 204  131
 204  130
 205  129
 205  128
 207  126
 207  125
 211  121
 211  120
 214  117
 214  116
 215  115
 215  114
 217  112
 217  111
 218  110
 218  109
 220  107
 220  106
 221  105
 221  104
 222  103
 222  102
 224  100
 224   99
 225   98
 225   97
 226   96
 226   95
 228   93
 228   92
 230   90
 230   89
 231   88
 231   87
 233   85
 233   84
 234   83
 234   82
 235   81
 235   80
 237   78
 237   77
 238   76
 238   74
 239   73
 239   72
 240   71
 240   69
 241   68
 241   67
 242   66
 242   62
 243   61
 243   57
 244   56
 244   51
 243   50
 243   49
 242   48
 242   47
 240   45
 240   44
 239   43
 238   43
 237   42
 236   42
 235   41
 234   41
 233   40
 232   40
 231   39
 230   39
 229   38
 228   38
 227   37
 226   37
 225   36
