 164   96
 163   97
 160   97
 159   98
 157   98
 156   99
 154   99
 153  100
 151  100
 150  101
 149  101
 148  102
 147  102
 146  103
 145  103
 144  104
 143  104
 141  106
 140  106
 138  108
 137  108
 136  109
 135  109
 129  115
 128  115
 115  128
 115  129
 111  133
 111  134
 106  139
 106  140
 104  142
 104  143
 101  146
 101  147
  99  149
  99  150
  98  151
  98  152
  96  154
  96  155
  95  156
  95  157
  93  159
  93  160
  92  161
  92  162
  91  163
  91  210
  92  211
  92  212
  93  212
  94  213
  95  213
  96  214
  96  215
  98  217
  98  218
  99  219
  99  220
 100  221
 100  224
 101  225
 101  228
 102  229
 102  230
 103  231
 103  233
 104  234
 104  235
 105  236
 105  238
 106  239
 106  240
 107  241
 107  242
 108  243
 108  244
 109  245
 109  246
 110  246
 111  247
 113  247
 114  248
 114  249
 115  250
 115  251
 116  252
 116  258
 117  259
 117  261
 118  262
 118  263
 119  264
 119  265
 127  273
 130  273
 131  274
 138  274
 139  275
 140  275
 141  276
 142  276
 143  277
 146  277
 147  278
 151  278
 153  280
 153  281
 155  283
 155  284
 157  286
 157  287
 158  288
 158  289
 159  290
 159  291
 161  293
 161  294
 162  295
 162  296
 164  298
 164  299
 166  301
 166  302
 167  303
 167  304
 168  305
 168  306
 168  305
 167  304
 167  303
 166  302
 166  300
 165  299
 165  298
 164  297
 164  296
 163  295
 163  294
 162  293
 162  292
 161  291
 161  290
 160  289
 160  287
 159  286
 159  285
 157  283
 157  282
 155  280
 155  279
 154  278
 154  277
 153  276
 153  275
 151  273
 151  255
 152  254
 153  254
 151  252
 151  235
 152  234
 153  234
 157  230
 157  228
 158  227
 158  225
 160  223
 160  222
 159  221
 159  217
 158  216
 158  209
 157  208
 157  206
 153  202
 153  187
 154  186
 155  186
 159  182
 159  181
 161  179
 161  178
 162  177
 162  175
 163  174
 163  173
 164  172
 164  169
 165  168
 165  165
 166  164
 166  158
 167  157
 167  155
 168  154
 168  150
 169  149
 169  146
 170  145
 170  139
 171  138
 171  136
 172  135
 172  132
 173  131
 173  128
 174  127
 174  125
 175  124
 175  120
 176  119
 176  117
 177  116
 177  106
 176  105
 176  104
 174  102
 173  102
 171  100
 170  100
 168   98
 167   98
 166   97
 165   97
