 203  103
 202  104
 193  104
 192  105
 189  105
 188  106
 183  106
 182  107
 179  107
 178  108
 176  108
 175  109
 173  109
 172  110
 170  110
 169  111
 168  111
 167  112
 165  112
 164  113
 163  113
 162  114
 161  114
 160  115
 158  115
 157  116
 156  116
 155  117
 154  117
 153  118
 152  118
 150  120
 149  120
 148  121
 147  121
 145  123
 144  123
 143  124
 142  124
 141  125
 140  125
 139  126
 138  126
 136  128
 135  128
 134  129
 133  129
 132  130
 131  130
 130  131
 129  131
 128  132
 127  132
 126  133
 125  133
 123  135
 122  135
 121  136
 120  136
 119  137
 118  137
 116  139
 115  139
 113  141
 112  141
 109  144
 108  144
 106  146
 105  146
 102  149
 101  149
  98  152
  97  152
  93  156
  92  156
  87  161
  86  161
  85  162
  84  162
  77  169
  77  170
  70  177
  56  177
  55  176
  55  161
  57  159
  57  158
  61  154
  60  155
  57  155
  55  157
  55  257
  58  260
  58  261
  60  263
  60  264
  62  266
  62  267
  66  271
  66  272
  68  274
  68  275
  69  276
  69  277
  71  279
  71  280
  73  282
  73  283
  77  287
  77  288
  80  291
  80  292
 100  312
 100  315
 101  316
 101  317
 108  324
 111  321
 122  321
 123  320
 125  320
 132  313
 145  313
 146  312
 147  312
 150  309
 150  303
 151  302
 151  301
 153  299
 156  299
 157  298
 159  298
 162  295
 162  282
 165  279
 166  279
 168  277
 168  276
 167  275
 167  258
 163  254
 163  253
 159  249
 159  248
 148  237
 147  237
 146  236
 146  221
 147  220
 148  220
 151  217
 151  216
 153  214
 153  213
 154  212
 154  211
 155  210
 155  208
 156  207
 156  206
 157  205
 157  204
 159  202
 159  201
 160  200
 160  199
 161  198
 161  197
 163  195
 163  194
 165  192
 165  191
 167  189
 167  188
 168  187
 168  186
 169  185
 169  184
 170  183
 170  182
 171  181
 171  180
 174  177
 174  176
 176  174
 176  173
 178  171
 178  169
 179  168
 179  167
 180  166
 180  165
 181  164
 181  163
 183  161
 183  160
 187  156
 187  155
 189  153
 189  152
 191  150
 191  149
 192  148
 193  148
 200  141
 200  140
 207  133
 207  132
 209  130
 209  129
 213  125
 213  124
 214  123
 214  122
 215  121
 215  120
 216  119
 216  117
 217  116
 217  114
 218  113
 218  112
 219  111
 215  107
 214  107
 213  106
 212  106
 211  105
 209  105
 208  104
 205  104
 204  103
