 165  133
 164  134
 162  134
 161  135
 160  135
 159  136
 157  136
 156  137
 155  137
 153  139
 152  139
 151  140
 150  140
 148  142
 147  142
 146  143
 145  143
 143  145
 142  145
 140  147
 139  147
 138  148
 136  148
 135  149
 134  149
 133  150
 132  150
 130  152
 129  152
 127  154
 126  154
 125  155
 124  155
 122  157
 121  157
 119  159
 118  159
 114  163
 113  163
 111  165
 110  165
 107  168
 106  168
 102  172
 101  172
  99  174
  98  174
  97  175
  86  175
  85  176
  85  233
  86  234
  86  235
  88  237
  88  238
  92  242
  92  243
  93  244
  93  245
  94  246
  94  247
  96  249
  96  250
  97  251
  97  252
  98  253
  98  254
  99  255
  99  257
 100  258
 100  261
 101  262
 101  265
 102  266
 102  268
 103  269
 103  271
 104  272
 104  274
 105  275
 105  276
 109  280
 109  281
 119  291
 120  291
 121  292
 122  292
 123  293
 124  293
 125  294
 126  294
 127  295
 131  295
 132  294
 134  294
 135  293
 138  293
 139  292
 140  292
 141  291
 142  291
 143  290
 144  290
 145  289
 146  289
 149  286
 150  286
 155  281
 155  280
 157  278
 157  277
 160  274
 160  273
 161  272
 161  271
 162  270
 162  268
 163  267
 163  265
 164  264
 164  263
 165  262
 165  258
 166  257
 166  255
 165  254
 165  251
 164  250
 164  249
 163  248
 163  247
 161  245
 161  244
 159  242
 159  241
 153  235
 153  221
 155  219
 156  219
 157  218
 158  218
 159  217
 166  217
 166  213
 176  203
 176  202
 177  201
 177  200
 178  199
 178  198
 179  197
 179  196
 180  195
 180  194
 181  193
 181  192
 182  191
 182  189
 183  188
 183  186
 184  185
 184  182
 185  181
 185  179
 186  178
 186  175
 187  174
 187  169
 188  168
 188  165
 189  164
 189  155
 188  154
 188  153
 187  152
 187  151
 186  150
 186  149
 185  148
 185  147
 183  145
 183  144
 179  140
 178  140
 175  137
 174  137
 172  135
 171  135
 170  134
 169  134
 168  133
