 159  152
 158  153
 156  153
 155  154
 154  154
 153  155
 152  155
 151  156
 150  156
 149  157
 148  157
 147  158
 146  158
 145  159
 144  159
 142  161
 141  161
 139  163
 138  163
 134  167
 133  167
 132  168
 131  168
 127  172
 126  172
 124  174
 123  174
 121  176
 120  176
 118  178
 117  178
 115  180
 114  180
 112  182
 103  182
 100  185
  99  185
  97  187
  97  188
  96  189
  96  232
  98  234
 100  234
 103  237
 103  238
 106  241
 106  242
 108  244
 108  245
 111  248
 111  250
 112  251
 112  252
 114  254
 114  255
 116  257
 116  259
 118  261
 118  262
 119  263
 119  264
 129  274
 130  274
 132  276
 138  276
 139  275
 140  275
 141  274
 142  274
 144  272
 145  272
 149  268
 150  268
 151  267
 151  266
 153  264
 153  263
 154  262
 154  260
 155  259
 155  257
 156  256
 156  255
 157  254
 157  245
 156  244
 156  243
 154  241
 154  240
 151  237
 151  236
 147  232
 146  232
 144  230
 144  216
 145  215
 146  215
 147  214
 149  214
 150  213
 153  213
 155  211
 156  211
 157  210
 158  210
 170  198
 170  197
 173  194
 173  193
 174  192
 174  191
 175  190
 175  188
 176  187
 176  185
 177  184
 177  180
 178  179
 178  176
 179  175
 179  173
 178  172
 178  169
 177  168
 177  165
 174  162
 174  161
 173  160
 172  160
 168  156
 168  155
 167  155
 165  153
 164  153
 163  152
