 164  140
 163  141
 161  141
 160  142
 159  142
 158  143
 156  143
 155  144
 154  144
 153  145
 152  145
 151  146
 150  146
 149  147
 148  147
 146  149
 145  149
 144  150
 143  150
 141  152
 140  152
 138  154
 137  154
 135  156
 134  156
 133  157
 132  157
 130  159
 129  159
 127  161
 126  161
 124  163
 123  163
 120  166
 119  166
 116  169
 115  169
 113  171
 112  171
 111  172
 110  172
 107  175
 106  175
 102  179
 101  179
  98  182
  88  182
  87  183
  87  238
  88  239
  93  239
  95  241
  95  242
  96  243
  96  247
  97  248
  97  249
  98  250
  98  254
  99  255
  99  257
 100  258
 100  261
 101  262
 101  265
 102  266
 102  269
 103  270
 103  271
 105  273
 105  274
 107  276
 107  277
 108  278
 109  278
 114  283
 115  283
 116  284
 117  284
 119  286
 120  286
 121  287
 122  287
 123  288
 125  288
 126  289
 129  289
 130  288
 134  288
 135  287
 136  287
 137  286
 139  286
 140  285
 141  285
 143  283
 144  283
 147  280
 148  280
 158  270
 158  269
 159  268
 159  267
 161  265
 161  262
 162  261
 162  259
 163  258
 163  252
 162  251
 162  249
 161  248
 161  246
 159  244
 159  243
 149  233
 149  219
 150  218
 153  218
 154  217
 159  217
 160  216
 161  216
 162  215
 164  215
 166  213
 167  213
 170  210
 171  210
 175  206
 175  205
 177  203
 177  202
 179  200
 179  199
 180  198
 180  197
 181  196
 181  195
 182  194
 182  192
 183  191
 183  188
 184  187
 184  185
 185  184
 185  177
 186  176
 186  172
 187  171
 187  164
 186  163
 186  161
 185  160
 185  157
 184  156
 184  155
 182  153
 182  152
 181  151
 181  150
 180  149
 180  148
 179  147
 178  147
 176  145
 175  145
 173  143
 172  143
 171  142
 170  142
 169  141
 168  141
 167  140
