 184   80
 183   81
 180   81
 179   82
 175   82
 174   83
 172   83
 171   84
 169   84
 168   85
 166   85
 165   86
 163   86
 162   87
 161   87
 160   88
 159   88
 158   89
 157   89
 156   90
 154   90
 153   91
 152   91
 151   92
 150   92
 149   93
 147   93
 146   94
 145   94
 144   95
 143   95
 142   96
 141   96
 140   97
 139   97
 137   99
 136   99
 135  100
 134  100
 132  102
 131  102
 130  103
 129  103
 127  105
 126  105
 125  106
 124  106
 123  107
 122  107
 120  109
 119  109
 117  111
 116  111
 115  112
 114  112
 112  114
 111  114
 110  115
 109  115
 106  118
 105  118
 103  120
 102  120
 100  122
  80  122
  79  123
  79  124
  77  126
  77  127
  75  129
  75  130
  71  134
  71  135
  66  140
  66  141
  63  144
  63  145
  61  147
  61  148
  60  149
  60  150
  59  151
  59  153
  58  154
  58  268
  59  269
  59  273
  60  274
  60  276
  61  277
  61  279
  62  280
  62  281
  64  283
  64  284
  74  294
  75  294
  77  296
  78  296
  79  297
  80  297
  81  298
  82  298
  83  299
  84  299
  85  300
  85  301
  86  302
  86  304
  87  305
  87  307
  88  308
  88  310
  90  312
  90  313
 101  324
 103  324
 104  323
 105  323
 106  322
 141  322
 142  323
 142  325
 144  327
 144  328
 147  331
 147  332
 156  341
 155  340
 155  339
 154  338
 154  337
 153  336
 153  335
 151  333
 151  332
 150  331
 150  330
 148  328
 148  327
 147  326
 147  325
 146  324
 146  305
 147  304
 147  303
 150  300
 151  300
 152  299
 152  298
 154  296
 154  280
 155  279
 155  277
 157  275
 157  270
 156  269
 156  253
 157  252
 157  250
 155  248
 155  246
 153  244
 153  243
 151  241
 151  240
 149  238
 149  237
 147  235
 147  234
 146  233
 146  232
 144  230
 144  229
 142  227
 142  226
 136  220
 136  206
 137  205
 149  205
 150  204
 153  204
 154  203
 156  203
 158  201
 159  201
 164  196
 164  195
 166  193
 166  192
 168  190
 168  189
 173  184
 173  183
 174  182
 174  180
 175  179
 175  177
 176  176
 176  175
 177  174
 177  173
 179  171
 179  170
 180  169
 180  168
 181  167
 181  162
 182  161
 182  159
 183  158
 183  157
 185  155
 185  153
 187  151
 187  148
 188  147
 188  145
 194  139
 194  138
 196  136
 196  135
 197  134
 197  133
 198  132
 198  130
 199  129
 199  128
 202  125
 202  124
 203  123
 203  122
 204  121
 204  120
 205  119
 205  118
 206  117
 206  116
 207  115
 207  114
 208  113
 208  112
 209  111
 209  110
 211  108
 211  107
 212  106
 212  105
 213  104
 213  103
 214  102
 214  101
 215  100
 215   98
 216   97
 216   96
 215   95
 215   94
 214   93
 214   92
 213   91
 212   91
 210   89
 209   89
 208   88
 207   88
 204   85
 203   85
 202   84
 201   84
 200   83
 199   83
 198   82
 196   82
 195   81
 194   81
 193   80
