 187   86
 186   87
 181   87
 180   88
 178   88
 177   89
 174   89
 173   90
 172   90
 171   91
 170   91
 169   92
 168   92
 167   93
 165   93
 164   94
 163   94
 162   95
 161   95
 160   96
 159   96
 158   97
 157   97
 156   98
 155   98
 153  100
 152  100
 151  101
 150  101
 148  103
 147  103
 146  104
 145  104
 143  106
 142  106
 139  109
 138  109
 136  111
 135  111
 133  113
 132  113
 129  116
 128  116
 125  119
 124  119
 122  121
 121  121
 118  124
 117  124
 115  126
 114  126
 111  129
 110  129
 107  132
 106  132
 102  136
 101  136
  98  139
  97  139
  91  145
  90  145
  85  150
  84  150
  67  167
  67  168
  62  173
  62  174
  59  177
  59  243
  60  244
  60  245
  61  246
  61  247
  62  248
  62  249
  63  250
  63  251
  64  252
  64  254
  65  255
  65  256
  66  257
  66  259
  67  260
  67  261
  68  262
  68  264
  69  265
  69  266
  70  267
  70  268
  71  269
  71  270
  73  272
  73  273
  76  276
  76  277
  80  281
  80  282
  84  286
  84  287
  86  289
  86  290
  89  293
  89  294
  91  296
  91  297
  92  298
  92  300
  94  302
  94  304
  95  305
  95  306
  96  307
  96  309
  97  310
  97  311
 100  314
 100  315
 101  316
 102  316
 106  320
 106  321
 107  322
 108  322
 110  324
 111  324
 112  325
 114  325
 115  324
 117  324
 118  323
 133  323
 134  324
 135  324
 137  326
 139  326
 143  322
 159  322
 160  323
 161  323
 163  325
 163  326
 165  328
 165  329
 168  332
 168  333
 172  337
 173  337
 178  342
 180  340
 179  339
 179  338
 171  330
 170  330
 166  326
 165  326
 162  323
 161  323
 157  319
 157  318
 155  316
 155  315
 153  313
 153  311
 152  310
 152  291
 155  288
 155  287
 153  285
 153  284
 151  282
 151  281
 150  280
 150  279
 149  278
 149  261
 148  260
 148  259
 146  257
 146  256
 144  254
 144  253
 142  251
 142  249
 141  248
 141  243
 140  242
 140  239
 137  236
 137  235
 128  226
 128  212
 129  211
 136  211
 137  210
 139  210
 140  209
 141  209
 148  202
 148  201
 151  198
 152  198
 157  193
 158  193
 164  187
 164  186
 168  182
 168  181
 170  179
 170  177
 173  174
 173  173
 174  172
 174  171
 176  169
 176  168
 177  167
 177  166
 179  164
 179  163
 181  161
 181  160
 185  156
 185  155
 190  150
 190  149
 192  147
 192  146
 198  140
 198  139
 202  135
 202  134
 203  133
 203  132
 205  130
 205  129
 207  127
 207  126
 208  125
 208  124
 209  123
 209  122
 210  121
 210  120
 211  119
 211  117
 212  116
 212  115
 213  114
 213  112
 214  111
 214  108
 215  107
 215  105
 214  104
 214  102
 213  101
 213  100
 211   98
 211   97
 209   95
 208   95
 206   93
 205   93
 203   91
 202   91
 201   90
 200   90
 199   89
 198   89
 197   88
 196   88
 195   87
 192   87
 191   86
