 183   23
 182   24
 179   24
 178   25
 176   25
 175   26
 173   26
 172   27
 171   27
 170   28
 168   28
 167   29
 166   29
 165   30
 164   30
 163   31
 162   31
 161   32
 160   32
 159   33
 158   33
 157   34
 156   34
 155   35
 154   35
 153   36
 152   36
 150   38
 149   38
 147   40
 146   40
 145   41
 144   41
 143   42
 142   42
 140   44
 139   44
 134   49
 133   49
 132   50
 131   50
 123   58
 122   58
 119   61
 119   62
 116   65
 115   65
 115   66
 110   71
 110   72
 103   79
 103   80
 100   83
 100   84
  97   87
  97   88
  95   90
  95   91
  91   95
  91   96
  89   98
  89   99
  87  101
  87  102
  86  103
  86  104
  84  106
  84  107
  83  108
  83  109
  82  110
  82  111
  80  113
  80  114
  79  115
  79  116
  78  117
  78  118
  77  119
  77  120
  75  122
  75  123
  73  125
  73  126
  71  128
  71  129
  70  130
  70  131
  69  132
  69  133
  68  134
  68  136
  67  137
  67  138
  66  139
  66  226
  69  229
  69  235
  73  239
  73  240
  74  241
  74  242
  75  243
  75  246
  76  247
  76  248
  79  251
  79  252
  81  254
  81  256
  82  257
  82  258
  83  259
  83  260
  84  261
  84  262
  85  263
  85  265
  86  266
  86  270
  87  271
  87  277
  88  278
  88  280
  89  281
  89  283
  90  284
  90  285
  93  288
  94  288
  97  291
  97  292
  99  294
  99  295
 100  295
 101  296
 103  296
 104  297
 105  297
 107  299
 107  304
 108  305
 108  306
 109  307
 109  308
 113  312
 114  312
 117  315
 117  316
 120  319
 121  319
 122  318
 138  318
 143  323
 158  323
 159  324
 159  325
 160  326
 160  327
 161  328
 161  329
 162  330
 162  331
 163  332
 163  333
 165  335
 165  336
 167  338
 167  339
 168  340
 168  341
 170  343
 170  344
 171  345
 171  346
 172  347
 172  348
 173  349
 173  350
 174  351
 174  352
 176  354
 176  355
 178  357
 178  358
 179  359
 179  360
 180  361
 180  362
 181  363
 181  364
 184  367
 184  368
 185  369
 185  370
 187  372
 187  373
 188  374
 188  375
 190  377
 190  378
 192  380
 192  381
 194  383
 194  384
 194  383
 193  382
 193  381
 192  380
 192  379
 191  378
 191  377
 190  376
 190  374
 189  373
 189  372
 188  371
 188  370
 187  369
 187  368
 186  367
 186  366
 185  365
 185  363
 183  361
 183  358
 182  357
 182  356
 181  355
 181  354
 180  353
 180  352
 179  351
 179  349
 178  348
 178  347
 177  346
 177  345
 176  344
 176  342
 175  341
 175  340
 174  339
 174  337
 172  335
 172  333
 171  332
 171  331
 170  330
 170  329
 168  327
 168  326
 167  325
 167  324
 166  323
 166  322
 164  320
 164  319
 163  318
 163  316
 162  315
 162  300
 164  298
 178  298
 175  295
 175  294
 172  291
 172  290
 170  288
 170  286
 169  285
 169  267
 172  264
 173  264
 174  263
 176  263
 176  262
 173  259
 173  258
 172  257
 172  242
 173  241
 173  240
 174  239
 174  238
 175  237
 175  235
 174  234
 174  219
 167  212
 166  212
 162  208
 161  208
 158  205
 157  205
 155  203
 154  203
 152  201
 152  187
 153  186
 157  186
 158  185
 160  185
 161  184
 163  184
 164  183
 165  183
 166  182
 167  182
 170  179
 171  179
 173  177
 173  176
 175  174
 175  173
 176  172
 176  170
 177  169
 177  168
 178  167
 178  165
 179  164
 179  161
 180  160
 180  157
 181  156
 181  151
 182  150
 182  147
 183  146
 183  127
 184  126
 184  122
 185  121
 185  109
 186  108
 186  105
 187  104
 187  100
 188   99
 188   91
 189   90
 189   86
 190   85
 190   81
 191   80
 191   78
 192   77
 192   72
 193   71
 193   69
 194   68
 194   64
 195   63
 195   61
 196   60
 196   56
 197   55
 197   53
 198   52
 198   46
 199   45
 199   40
 200   39
 200   35
 199   34
 199   33
 198   32
 198   31
 197   30
 196   30
 195   29
 194   29
 193   28
 192   28
 191   27
 190   27
 189   26
 189   25
 188   25
 186   23
