 178  105
 177  106
 173  106
 172  107
 170  107
 169  108
 167  108
 166  109
 164  109
 163  110
 162  110
 161  111
 160  111
 159  112
 157  112
 156  113
 155  113
 153  115
 152  115
 150  117
 149  117
 147  119
 146  119
 144  121
 143  121
 141  123
 140  123
 138  125
 137  125
 134  128
 133  128
 131  130
 130  130
 125  135
 124  135
 120  139
 119  139
 107  151
  91  151
  84  158
  84  159
  82  161
  82  162
  81  163
  81  174
  80  175
  80  176
  77  179
  77  180
  76  181
  76  183
  75  184
  75  186
  74  187
  74  188
  73  189
  73  192
  72  193
  72  194
  71  195
  71  283
  84  283
  86  285
  86  286
  87  287
  87  289
  88  290
  88  291
  90  293
  90  295
  92  297
  92  298
  93  299
  93  300
  94  301
  94  302
  95  303
  95  304
  96  305
  96  308
  99  311
 100  311
 103  314
 103  315
 104  316
 105  316
 106  317
 116  317
 117  318
 118  318
 119  319
 122  316
 132  316
 133  315
 133  314
 135  312
 147  312
 148  311
 148  301
 149  300
 151  300
 152  299
 154  299
 155  298
 155  283
 156  282
 157  282
 158  281
 158  280
 157  279
 157  278
 156  277
 156  264
 155  263
 155  262
 150  257
 149  257
 145  253
 144  253
 138  247
 137  247
 135  245
 135  231
 136  230
 153  230
 154  229
 156  229
 157  228
 159  228
 160  227
 161  227
 162  226
 163  226
 164  225
 165  225
 168  222
 168  221
 170  219
 170  218
 172  216
 172  214
 174  212
 174  211
 175  210
 175  209
 176  208
 176  207
 177  206
 177  205
 178  204
 178  202
 179  201
 179  200
 180  199
 180  197
 181  196
 181  195
 182  194
 182  193
 183  192
 183  190
 184  189
 184  187
 185  186
 185  184
 186  183
 186  182
 187  181
 187  179
 188  178
 188  176
 189  175
 189  174
 190  173
 190  172
 191  171
 191  169
 192  168
 192  167
 193  166
 193  164
 194  163
 194  161
 195  160
 195  158
 196  157
 196  155
 197  154
 197  152
 198  151
 198  148
 199  147
 199  146
 200  145
 200  141
 201  140
 201  138
 202  137
 202  134
 203  133
 203  123
 202  122
 202  119
 201  118
 201  117
 200  116
 200  115
 197  112
 196  112
 194  110
 193  110
 191  108
 190  108
 189  107
 188  107
 187  106
 185  106
 184  105
