 208   43
 207   44
 200   44
 199   45
 196   45
 195   46
 192   46
 191   47
 188   47
 187   48
 186   48
 185   49
 183   49
 182   50
 180   50
 179   51
 178   51
 177   52
 175   52
 174   53
 173   53
 172   54
 171   54
 170   55
 169   55
 168   56
 167   56
 166   57
 165   57
 163   59
 162   59
 161   60
 160   60
 158   62
 157   62
 156   63
 155   63
 153   65
 152   65
 150   67
 149   67
 148   68
 147   68
 145   70
 144   70
 142   72
 141   72
 139   74
 138   74
 136   76
 135   76
 133   78
 132   78
 130   80
 129   80
 127   82
 126   82
 122   86
 121   86
 116   91
 115   91
  88  118
  88  119
  68  139
  68  140
  66  142
  65  142
  64  143
  64  144
  51  157
  51  158
  47  162
  47  163
  42  168
  42  169
  38  173
  38  174
  34  178
  34  179
  31  182
  31  334
  40  343
  41  343
  43  345
  44  345
  45  346
  46  346
  47  347
  48  347
  49  348
  49  349
  50  349
  52  351
  54  351
  55  352
  57  352
  58  353
  59  353
  60  354
  61  354
  69  362
  69  363
  88  382
  89  382
  91  384
  92  384
  94  382
 107  382
 108  381
 109  381
 110  380
 111  380
 113  378
 114  378
 114  377
 116  375
 116  374
 117  373
 117  372
 118  371
 118  368
 119  367
 119  366
 121  364
 122  364
 123  363
 125  363
 126  362
 127  362
 128  361
 129  361
 130  360
 131  360
 136  355
 136  354
 137  353
 137  351
 138  350
 138  348
 139  347
 139  344
 142  341
 143  341
 144  340
 145  340
 146  339
 147  339
 148  338
 149  338
 151  336
 152  336
 152  335
 153  334
 153  331
 152  330
 152  329
 151  328
 151  311
 152  310
 152  309
 154  307
 155  307
 157  305
 158  305
 158  304
 160  302
 159  301
 159  300
 157  298
 157  278
 160  275
 159  274
 159  273
 147  261
 146  261
 142  257
 142  242
 143  241
 167  241
 168  240
 171  240
 172  239
 174  239
 175  238
 176  238
 179  235
 180  235
 181  234
 181  233
 185  229
 185  228
 186  227
 186  226
 187  225
 187  223
 188  222
 188  221
 189  220
 189  219
 190  218
 190  217
 193  214
 193  213
 194  212
 194  211
 195  210
 195  209
 196  208
 196  203
 197  202
 197  196
 198  195
 198  193
 199  192
 199  191
 201  189
 201  188
 202  187
 202  185
 203  184
 203  182
 204  181
 204  178
 205  177
 205  164
 206  163
 206  162
 208  160
 208  159
 209  158
 209  156
 210  155
 210  154
 211  153
 211  151
 212  150
 212  149
 213  148
 213  145
 214  144
 214  141
 215  140
 215  137
 216  136
 216  135
 218  133
 218  132
 219  131
 219  130
 221  128
 221  127
 223  125
 223  124
 224  123
 224  122
 225  121
 225  120
 226  119
 226  117
 227  116
 227  115
 228  114
 228  112
 229  111
 229  110
 230  109
 230  108
 232  106
 232  105
 233  104
 233  102
 234  101
 234  100
 235   99
 235   97
 236   96
 236   95
 237   94
 237   90
 238   89
 238   87
 239   86
 239   83
 240   82
 240   79
 241   78
 241   76
 242   75
 242   71
 243   70
 243   67
 244   66
 244   65
 243   64
 243   61
 242   60
 242   59
 238   55
 237   55
 235   53
 234   53
 233   52
 232   52
 231   51
 230   51
 229   50
 228   50
 227   49
 226   49
 224   47
 223   47
 221   45
 220   45
 219   44
 216   44
 215   43
