 211   60
 210   61
 206   61
 205   62
 200   62
 199   63
 196   63
 195   64
 192   64
 191   65
 188   65
 187   66
 186   66
 185   67
 183   67
 182   68
 180   68
 179   69
 178   69
 177   70
 175   70
 174   71
 173   71
 171   73
 170   73
 169   74
 168   74
 167   75
 166   75
 165   76
 164   76
 163   77
 162   77
 161   78
 160   78
 158   80
 157   80
 156   81
 155   81
 154   82
 153   82
 151   84
 150   84
 149   85
 148   85
 147   86
 146   86
 144   88
 143   88
 141   90
 140   90
 138   92
 137   92
 134   95
 133   95
 131   97
 130   97
 128   99
 127   99
 124  102
 123  102
 120  105
 119  105
 116  108
 115  108
 112  111
 111  111
 108  114
 107  114
 100  121
  99  121
  92  128
  91  128
  80  139
  79  139
  71  147
  70  147
  67  150
  67  151
  63  155
  62  155
  58  159
  58  160
  52  166
  52  167
  45  174
  45  175
  37  183
  37  184
  29  192
  29  194
  28  195
  28  298
  29  299
  29  301
  30  302
  30  303
  33  306
  33  307
  35  309
  35  310
  37  312
  37  313
  39  315
  39  316
  41  318
  41  319
  43  321
  43  322
  45  324
  45  325
  56  336
  57  336
  67  346
  67  347
  69  349
  69  350
  71  352
  71  353
  73  355
  73  356
  78  361
  78  362
  82  366
  83  366
  84  367
  85  367
  86  366
  87  366
  88  365
  90  365
  91  364
  93  364
  94  363
  96  363
  97  362
  98  362
  99  361
 100  361
 102  359
 103  359
 104  358
 104  357
 109  352
 110  352
 111  351
 112  351
 113  350
 116  350
 117  349
 118  349
 119  348
 120  348
 121  347
 122  347
 123  346
 124  346
 125  345
 125  344
 127  342
 127  341
 128  340
 128  339
 130  337
 130  336
 134  332
 135  332
 139  328
 140  328
 141  327
 141  326
 143  324
 143  323
 144  322
 144  319
 145  318
 145  313
 146  312
 146  310
 151  305
 151  304
 153  302
 153  300
 152  299
 152  298
 151  297
 151  296
 149  294
 149  285
 148  284
 148  282
 147  281
 147  279
 146  278
 146  277
 145  276
 145  275
 137  267
 137  253
 138  252
 141  252
 142  251
 146  251
 147  250
 150  250
 151  249
 153  249
 154  248
 155  248
 156  247
 157  247
 158  246
 159  246
 165  240
 165  239
 167  237
 167  236
 168  235
 168  234
 169  233
 169  232
 171  230
 171  229
 174  226
 174  225
 176  223
 176  222
 177  221
 177  220
 179  218
 179  216
 180  215
 180  214
 181  213
 181  211
 182  210
 182  208
 183  207
 183  205
 184  204
 184  203
 187  200
 187  199
 189  197
 189  196
 190  195
 190  194
 191  193
 191  192
 192  191
 192  189
 193  188
 193  185
 194  184
 194  180
 195  179
 195  176
 196  175
 196  174
 199  171
 199  170
 200  169
 200  168
 201  167
 201  166
 202  165
 202  164
 203  163
 203  162
 204  161
 204  160
 205  159
 205  157
 206  156
 206  155
 207  154
 207  153
 208  152
 208  151
 209  150
 209  149
 211  147
 211  146
 213  144
 213  143
 217  139
 217  138
 218  137
 218  136
 220  134
 220  133
 221  132
 221  131
 223  129
 223  128
 224  127
 224  126
 226  124
 226  123
 227  122
 227  121
 228  120
 228  119
 230  117
 230  116
 231  115
 231  114
 232  113
 232  112
 234  110
 234  109
 235  108
 235  107
 236  106
 236  105
 237  104
 237  102
 238  101
 238  100
 239   99
 239   98
 240   97
 240   95
 241   94
 241   92
 242   91
 242   89
 243   88
 243   86
 244   85
 244   83
 245   82
 245   79
 246   78
 246   76
 245   75
 245   74
 244   73
 244   72
 241   69
 240   69
 239   68
 238   68
 237   67
 236   67
 235   66
 234   66
 233   65
 232   65
 231   64
 230   64
 229   63
 228   63
 227   62
 224   62
 223   61
 219   61
 218   60
