 178  120
 177  121
 172  121
 171  122
 169  122
 168  123
 166  123
 165  124
 163  124
 162  125
 161  125
 160  126
 159  126
 158  127
 156  127
 154  129
 153  129
 152  130
 151  130
 150  131
 149  131
 148  132
 147  132
 146  133
 145  133
 144  134
 143  134
 142  135
 141  135
 139  137
 138  137
 137  138
 136  138
 135  139
 134  139
 133  140
 132  140
 130  142
 129  142
 128  143
 127  143
 125  145
 124  145
 122  147
 121  147
 119  149
 118  149
 116  151
 115  151
 113  153
 112  153
 110  155
 109  155
 104  160
 103  160
  99  164
  98  164
  96  166
  95  166
  93  168
  92  168
  91  169
  90  169
  87  172
  87  173
  85  175
  84  175
  79  180
  78  180
  77  181
  76  181
  75  182
  75  183
  74  184
  74  235
  75  236
  75  238
  76  239
  76  240
  78  242
  78  243
  80  245
  80  246
  81  247
  81  248
  83  250
  83  251
  84  252
  84  253
  86  255
  86  257
  87  258
  87  259
  88  260
  88  269
  89  270
  89  273
  90  274
  90  282
  91  283
  91  285
  92  286
  92  287
  95  290
  95  291
  99  295
 100  295
 102  297
 103  297
 106  300
 107  300
 108  301
 109  301
 111  303
 112  303
 113  304
 114  304
 115  305
 116  305
 117  306
 119  306
 120  307
 123  307
 124  308
 128  308
 129  307
 132  307
 133  306
 134  306
 135  305
 137  305
 138  304
 139  304
 140  303
 141  303
 142  302
 143  302
 145  300
 146  300
 158  288
 158  287
 160  285
 160  284
 161  283
 161  282
 162  281
 162  280
 163  279
 163  278
 164  277
 164  275
 165  274
 165  273
 166  272
 166  269
 167  268
 167  266
 168  265
 168  261
 167  260
 167  258
 166  257
 166  256
 165  255
 165  254
 164  253
 164  252
 162  250
 162  249
 158  245
 158  244
 148  234
 148  220
 149  219
 155  219
 156  218
 158  218
 159  217
 160  217
 161  216
 162  216
 163  215
 164  215
 166  213
 167  213
 171  209
 172  209
 178  203
 178  202
 181  199
 181  198
 184  195
 184  194
 186  192
 186  191
 187  190
 187  189
 188  188
 188  187
 189  186
 189  185
 190  184
 190  183
 191  182
 191  181
 192  180
 192  178
 193  177
 193  175
 194  174
 194  172
 195  171
 195  167
 196  166
 196  163
 197  162
 197  158
 198  157
 198  154
 199  153
 199  147
 200  146
 200  144
 199  143
 199  139
 198  138
 198  137
 197  136
 197  135
 196  134
 196  133
 194  131
 194  130
 192  128
 192  127
 191  127
 190  126
 189  126
 187  124
 186  124
 185  123
 184  123
 183  122
 182  122
 181  121
 179  121
