 164   86
 163   87
 161   87
 160   88
 158   88
 157   89
 156   89
 155   90
 154   90
 153   91
 152   91
 151   92
 150   92
 147   95
 146   95
 145   96
 144   96
 143   97
 142   97
 140   99
 139   99
 138  100
 137  100
 135  102
 134  102
 133  103
 132  103
 129  106
 128  106
 125  109
 124  109
 112  121
 111  121
 103  129
 102  129
  96  135
  95  135
  92  138
  91  138
  87  142
  86  142
  84  144
  83  144
  82  145
  81  145
  66  160
  66  161
  65  162
  65  234
  66  235
  66  236
  67  237
  67  238
  68  239
  68  240
  69  241
  69  242
  71  244
  71  245
  72  246
  72  247
  73  248
  73  249
  75  251
  75  252
  77  254
  77  256
  78  257
  78  258
  79  259
  79  260
  80  261
  80  262
  81  263
  81  264
  82  265
  82  266
  83  267
  83  270
  84  271
  84  272
  85  273
  85  274
  86  275
  86  276
  87  277
  87  280
  88  281
  88  282
  89  283
  89  284
  90  285
  90  286
  92  288
  93  288
  95  290
  95  291
  96  292
  97  292
 103  298
 103  302
 104  303
 104  307
 105  308
 105  312
 106  313
 106  314
 107  315
 107  316
 119  328
 120  328
 123  325
 141  325
 143  327
 144  327
 146  329
 146  325
 149  322
 163  322
 165  324
 165  325
 166  326
 166  327
 180  341
 181  341
 183  343
 183  341
 180  338
 179  338
 168  327
 168  326
 163  321
 163  320
 162  319
 162  318
 160  316
 160  300
 161  299
 161  298
 165  294
 167  294
 169  292
 170  292
 168  290
 168  289
 166  287
 166  268
 169  265
 170  265
 171  264
 172  264
 172  263
 167  258
 166  258
 160  252
 160  234
 157  231
 157  230
 156  229
 155  229
 147  221
 147  206
 148  205
 155  205
 156  204
 159  204
 160  203
 163  203
 164  202
 166  202
 167  201
 168  201
 169  200
 170  200
 172  198
 173  198
 179  192
 179  191
 183  187
 183  186
 184  185
 184  184
 185  183
 185  182
 187  180
 187  179
 188  178
 188  177
 189  176
 189  174
 190  173
 190  172
 191  171
 191  170
 192  169
 192  168
 193  167
 193  166
 194  165
 194  162
 195  161
 195  160
 196  159
 196  156
 197  155
 197  154
 198  153
 198  151
 199  150
 199  148
 200  147
 200  145
 201  144
 201  142
 202  141
 202  139
 203  138
 203  135
 204  134
 204  132
 205  131
 205  128
 206  127
 206  126
 207  125
 207  120
 208  119
 208  116
 209  115
 209  103
 208  102
 208  101
 207  100
 207   98
 206   97
 206   96
 205   95
 205   94
 204   93
 203   93
 202   92
 200   92
 197   89
 196   89
 195   88
 183   88
 182   87
 165   87
