 214   27
 213   28
 210   28
 209   29
 208   29
 207   30
 206   30
 205   31
 200   31
 199   32
 197   32
 196   33
 195   33
 194   34
 192   34
 191   35
 190   35
 189   36
 188   36
 187   37
 185   37
 183   39
 182   39
 181   40
 180   40
 179   41
 178   41
 177   42
 176   42
 175   43
 174   43
 172   45
 171   45
 170   46
 169   46
 167   48
 166   48
 165   49
 164   49
 162   51
 161   51
 159   53
 158   53
 156   55
 155   55
 153   57
 152   57
 149   60
 148   60
 145   63
 144   63
 137   70
 136   70
 124   82
 123   82
 115   90
 115   91
 104  102
 104  103
 100  107
 100  108
  95  113
  95  114
  91  118
  91  119
  88  122
  88  123
  84  127
  84  128
  81  131
  67  131
  60  138
  59  138
  58  139
  58  140
  49  149
  49  150
  45  154
  45  155
  41  159
  41  160
  39  162
  39  163
  37  165
  37  167
  36  168
  36  319
  37  320
  37  322
  39  324
  39  325
  40  326
  40  328
  41  329
  41  330
  42  331
  42  334
  43  335
  43  337
  44  338
  44  339
  45  340
  47  340
  50  343
  50  344
  51  345
  51  347
  52  348
  53  348
  54  349
  56  349
  57  350
  58  350
  66  358
  66  359
  75  368
  76  368
  83  375
  83  376
  85  378
  85  379
  87  381
  87  382
  93  388
  94  388
 105  399
 106  399
 107  400
 108  400
 109  399
 110  399
 113  396
 115  396
 116  395
 120  395
 121  394
 123  394
 124  393
 125  393
 126  392
 127  392
 128  391
 129  391
 138  382
 139  382
 140  381
 142  381
 143  380
 145  380
 146  379
 147  379
 148  378
 149  378
 150  377
 151  377
 153  375
 153  374
 154  373
 154  372
 155  371
 155  370
 156  369
 156  367
 157  366
 157  365
 162  360
 163  360
 164  359
 165  359
 166  358
 167  358
 168  357
 169  357
 172  354
 172  352
 173  351
 173  338
 179  332
 180  332
 180  331
 182  329
 182  326
 181  325
 181  322
 180  321
 180  305
 179  304
 179  303
 173  297
 173  296
 156  279
 156  265
 158  263
 160  263
 161  262
 167  262
 168  261
 171  261
 172  260
 174  260
 175  259
 176  259
 177  258
 178  258
 179  257
 180  257
 181  256
 182  256
 184  254
 185  254
 189  250
 189  249
 190  248
 190  247
 192  245
 192  243
 193  242
 193  240
 194  239
 194  237
 195  236
 195  233
 196  232
 196  231
 197  230
 197  228
 198  227
 198  226
 200  224
 200  223
 201  222
 201  221
 203  219
 203  218
 204  217
 204  216
 205  215
 205  214
 206  213
 206  212
 207  211
 207  208
 208  207
 208  204
 209  203
 209  196
 210  195
 210  189
 211  188
 211  185
 212  184
 212  176
 213  175
 213  172
 214  171
 214  165
 215  164
 215  160
 216  159
 216  153
 217  152
 217  148
 218  147
 218  143
 219  142
 219  137
 220  136
 220  133
 221  132
 221  129
 222  128
 222  126
 223  125
 223  123
 224  122
 224  120
 225  119
 225  117
 226  116
 226  115
 227  114
 227  112
 228  111
 228  109
 229  108
 229  106
 230  105
 230  104
 231  103
 231   99
 232   98
 232   94
 233   93
 233   89
 234   88
 234   85
 235   84
 235   82
 236   81
 236   77
 237   76
 237   74
 238   73
 238   65
 239   64
 238   63
 238   44
 237   43
 237   41
 236   40
 236   38
 235   37
 235   36
 231   32
 230   32
 229   31
 227   31
 225   29
 224   29
 223   28
 222   28
 221   27
