 183   87
 182   88
 178   88
 177   89
 172   89
 171   90
 169   90
 168   91
 165   91
 164   92
 160   92
 159   93
 158   93
 157   94
 154   94
 153   95
 151   95
 150   96
 149   96
 148   97
 147   97
 146   98
 145   98
 144   99
 142   99
 141  100
 140  100
 139  101
 138  101
 137  102
 136  102
 135  103
 134  103
 132  105
 131  105
 130  106
 129  106
 128  107
 127  107
 125  109
 124  109
 123  110
 122  110
 120  112
 119  112
 117  114
 116  114
 113  117
 112  117
 110  119
 109  119
 108  120
 107  120
 104  123
 103  123
 100  126
  99  126
  97  128
  96  128
  93  131
  92  131
  89  134
  88  134
  84  138
  83  138
  81  140
  80  140
  77  143
  76  143
  70  149
  69  149
  64  154
  63  154
  61  156
  61  157
  58  160
  58  161
  53  166
  53  167
  48  172
  48  257
  49  258
  49  259
  50  260
  50  263
  51  264
  51  265
  52  266
  52  268
  53  269
  53  272
  54  273
  54  274
  55  275
  55  278
  57  280
  57  282
  58  283
  58  284
  59  285
  59  289
  60  290
  60  291
  61  292
  61  294
  62  295
  62  297
  63  298
  63  300
  64  301
  64  303
  65  304
  65  308
  66  309
  66  315
  67  316
  67  319
  68  320
  68  322
  69  323
  69  324
  71  326
  71  327
  72  328
  73  328
  77  332
  77  333
  78  334
  79  334
  80  335
  81  335
  82  336
  83  336
  84  337
  87  337
  88  338
 102  338
 103  339
 104  339
 105  340
 107  340
 108  341
 109  341
 110  340
 112  340
 113  339
 131  339
 132  338
 133  338
 135  336
 135  335
 136  334
 136  317
 140  313
 141  313
 142  312
 142  311
 144  309
 144  304
 142  302
 142  300
 141  299
 141  281
 144  278
 144  277
 145  276
 145  275
 144  274
 144  273
 143  272
 143  271
 142  270
 142  269
 141  268
 141  267
 140  266
 140  265
 139  264
 139  263
 138  262
 138  261
 137  260
 137  259
 136  258
 136  257
 135  256
 135  253
 134  252
 134  251
 133  250
 133  247
 131  245
 131  244
 128  241
 128  240
 123  235
 123  221
 124  220
 141  220
 142  219
 144  219
 145  218
 146  218
 147  217
 148  217
 151  214
 152  214
 154  212
 155  212
 157  210
 158  210
 159  209
 160  209
 162  207
 163  207
 165  205
 166  205
 169  202
 169  201
 178  192
 178  191
 183  186
 183  185
 187  181
 187  180
 190  177
 190  176
 192  174
 192  173
 194  171
 194  170
 198  166
 198  165
 199  164
 199  163
 201  161
 201  160
 202  159
 202  158
 204  156
 204  155
 205  154
 205  153
 206  152
 206  151
 209  148
 209  147
 210  146
 210  145
 211  144
 211  143
 212  142
 212  141
 213  140
 213  139
 214  138
 214  137
 215  136
 215  135
 216  134
 216  133
 218  131
 218  130
 219  129
 219  128
 220  127
 220  125
 221  124
 221  123
 222  122
 222  121
 223  120
 223  119
 224  118
 224  116
 225  115
 225  112
 226  111
 226  108
 225  107
 225  106
 224  105
 224  104
 219   99
 218   99
 216   97
 215   97
 213   95
 212   95
 211   94
 210   94
 209   93
 208   93
 207   92
 206   92
 205   91
 204   91
 203   90
 202   90
 201   89
 198   89
 197   88
 194   88
 193   87
