 166  133
 165  134
 163  134
 162  135
 161  135
 160  136
 159  136
 158  137
 157  137
 156  138
 155  138
 154  139
 153  139
 152  140
 151  140
 149  142
 148  142
 147  143
 146  143
 145  144
 144  144
 141  147
 140  147
 137  150
 135  150
 134  151
 133  151
 128  156
 127  156
 126  157
 125  157
 122  160
 121  160
 116  165
 114  165
 113  166
 111  166
 110  167
 101  167
 100  168
  99  168
  97  170
  96  170
  95  171
  94  171
  91  174
  91  175
  90  176
  90  177
  87  180
  86  180
  86  181
  85  182
  85  234
  89  238
  89  239
  94  244
  94  245
  95  246
  95  247
 100  252
 100  253
 103  256
 103  258
 104  259
 104  260
 106  262
 106  264
 107  265
 107  266
 108  267
 108  269
 109  270
 109  271
 110  272
 110  274
 111  275
 111  276
 112  277
 112  278
 113  279
 113  280
 115  282
 115  283
 123  291
 124  291
 125  292
 126  292
 127  293
 128  293
 129  294
 130  294
 131  295
 135  295
 136  296
 138  296
 139  295
 143  295
 144  294
 145  294
 146  293
 147  293
 148  292
 149  292
 151  290
 152  290
 154  288
 155  288
 159  284
 160  284
 162  282
 162  281
 165  278
 165  276
 166  275
 166  274
 167  273
 167  271
 168  270
 168  269
 169  268
 169  264
 170  263
 170  261
 171  260
 171  255
 170  254
 170  252
 169  251
 169  249
 167  247
 167  246
 166  245
 166  244
 164  242
 164  241
 163  240
 162  240
 160  238
 159  238
 158  237
 157  237
 153  233
 153  219
 154  218
 156  218
 157  217
 159  217
 160  216
 162  216
 164  214
 165  214
 166  213
 167  213
 176  204
 176  203
 178  201
 178  200
 180  198
 180  197
 182  195
 182  194
 183  193
 183  191
 184  190
 184  189
 185  188
 185  186
 186  185
 186  183
 187  182
 187  179
 188  178
 188  174
 189  173
 189  165
 190  164
 190  158
 189  157
 189  151
 188  150
 188  149
 187  148
 187  147
 186  146
 186  145
 185  144
 185  143
 183  141
 182  141
 180  139
 179  139
 176  136
 175  136
 174  135
 173  135
 172  134
 171  134
 170  133
