 164  149
 163  150
 160  150
 159  151
 156  151
 155  152
 154  152
 153  153
 152  153
 151  154
 150  154
 149  155
 147  155
 146  156
 145  156
 144  157
 143  157
 142  158
 140  158
 139  159
 137  159
 136  160
 135  160
 133  162
 132  162
 131  163
 130  163
 129  164
 128  164
 126  166
 125  166
 124  167
 123  167
 121  169
 120  169
 118  171
 117  171
 116  172
 115  172
 114  173
 113  173
 112  174
 111  174
 110  175
  91  175
  90  174
  90  169
  89  168
  89  167
  88  166
  88  238
  90  240
  97  240
  98  241
  98  242
 100  244
 100  247
 101  248
 101  256
 102  257
 102  263
 103  264
 103  265
 105  267
 105  268
 110  273
 111  273
 113  275
 114  275
 115  276
 116  276
 118  278
 119  278
 120  279
 122  279
 123  280
 124  280
 125  279
 128  279
 129  278
 132  278
 133  277
 134  277
 135  276
 137  276
 139  274
 140  274
 142  272
 143  272
 146  269
 147  269
 152  264
 152  263
 154  261
 154  260
 155  259
 155  258
 156  257
 156  255
 157  254
 157  252
 158  251
 158  249
 157  248
 157  246
 156  245
 156  244
 155  243
 155  242
 153  240
 153  239
 152  238
 152  237
 151  236
 151  235
 150  234
 150  232
 149  231
 149  217
 150  216
 152  216
 153  215
 156  215
 157  214
 158  214
 161  211
 162  211
 164  209
 165  209
 178  196
 178  195
 179  194
 179  193
 180  192
 180  191
 181  190
 181  189
 182  188
 182  186
 183  185
 183  183
 184  182
 184  181
 185  180
 185  177
 186  176
 186  174
 187  173
 187  167
 186  166
 186  165
 185  164
 185  162
 184  161
 184  160
 182  158
 182  157
 181  156
 180  156
 178  154
 177  154
 175  152
 174  152
 173  151
 171  151
 170  150
 169  150
 168  149
