 165  151
 164  152
 163  152
 162  153
 160  153
 159  154
 158  154
 157  155
 156  155
 155  156
 154  156
 153  157
 152  157
 151  158
 150  158
 148  160
 146  160
 144  162
 143  162
 142  163
 141  163
 139  165
 138  165
 137  166
 136  166
 134  168
 133  168
 132  169
 131  169
 129  171
 128  171
 126  173
 125  173
 123  175
 122  175
 121  176
 120  176
 118  178
 117  178
 115  180
 114  180
 110  184
 109  184
 107  186
 106  186
 105  187
 104  187
 103  188
 102  188
 101  189
  99  189
  98  190
  92  190
  91  191
  91  231
  95  235
  95  236
 102  243
 102  244
 106  248
 106  249
 108  251
 108  252
 109  253
 109  254
 111  256
 111  257
 112  258
 112  259
 113  260
 113  261
 115  263
 115  264
 117  266
 117  267
 124  274
 125  274
 126  275
 127  275
 128  276
 129  276
 130  277
 131  277
 132  278
 133  278
 134  279
 135  278
 138  278
 139  277
 141  277
 142  276
 143  276
 144  275
 145  275
 150  270
 151  270
 152  269
 152  268
 155  265
 155  264
 157  262
 157  261
 158  260
 158  259
 160  257
 160  256
 161  255
 161  254
 162  253
 162  246
 161  245
 161  243
 160  242
 160  241
 159  240
 159  239
 158  238
 158  237
 154  233
 154  219
 155  218
 156  218
 158  216
 159  216
 160  215
 163  215
 164  214
 165  214
 168  211
 168  209
 170  207
 170  206
 173  203
 173  202
 175  200
 175  198
 176  197
 176  196
 177  195
 177  193
 178  192
 178  191
 179  190
 179  187
 180  186
 180  184
 181  183
 181  181
 182  180
 182  177
 183  176
 183  174
 184  173
 184  170
 183  169
 183  168
 182  167
 182  165
 181  164
 181  163
 180  162
 180  161
 178  159
 178  158
 177  157
 176  157
 173  154
 172  154
 171  153
 170  153
 169  152
 168  152
 167  151
