 169  122
 168  123
 166  123
 165  124
 164  124
 163  125
 162  125
 161  126
 160  126
 159  127
 158  127
 156  129
 155  129
 154  130
 153  130
 149  134
 148  134
 142  140
 141  140
 136  145
 135  145
 130  150
 129  150
 126  153
 125  153
 124  154
 124  155
 120  159
 112  159
 112  160
 111  161
 111  166
 110  167
 110  168
 109  169
 106  169
 105  170
  91  170
  91  171
  90  172
  88  172
  87  173
  86  173
  86  175
  85  176
  85  177
  84  178
  84  179
  83  180
  83  257
  95  257
  96  258
  97  258
  99  260
  99  261
 100  262
 100  263
 105  268
 105  269
 110  274
 110  275
 111  276
 111  277
 112  278
 112  279
 113  280
 113  281
 115  283
 115  284
 116  285
 116  287
 117  288
 117  289
 119  291
 119  292
 130  303
 131  303
 132  304
 133  304
 134  305
 135  305
 136  306
 137  306
 138  307
 145  307
 146  306
 148  306
 149  305
 150  305
 151  304
 152  304
 153  303
 154  303
 156  301
 157  301
 158  300
 159  300
 162  297
 163  297
 173  287
 173  286
 175  284
 175  283
 176  282
 176  281
 177  280
 177  279
 178  278
 178  277
 179  276
 179  274
 180  273
 180  269
 181  268
 180  267
 180  260
 179  259
 179  257
 178  256
 178  255
 176  253
 176  252
 173  249
 173  248
 165  240
 164  240
 161  237
 160  237
 158  235
 157  235
 156  234
 155  234
 154  233
 153  233
 151  231
 150  231
 149  230
 148  230
 147  229
 147  215
 148  214
 153  214
 154  213
 162  213
 163  212
 165  212
 166  211
 167  211
 169  209
 170  209
 173  206
 174  206
 182  198
 182  197
 184  195
 184  194
 185  193
 185  192
 186  191
 186  189
 187  188
 187  187
 188  186
 188  183
 189  182
 189  180
 190  179
 190  173
 191  172
 191  152
 190  151
 190  145
 189  144
 189  142
 188  141
 188  137
 187  136
 187  135
 186  134
 186  133
 185  132
 185  131
 181  127
 180  127
 178  125
 177  125
 175  123
 174  123
 173  122
