 180  106
 179  107
 174  107
 173  108
 170  108
 169  109
 168  109
 167  110
 165  110
 164  111
 162  111
 160  113
 158  113
 157  114
 156  114
 155  115
 154  115
 152  117
 151  117
 150  118
 149  118
 148  119
 147  119
 145  121
 144  121
 142  123
 141  123
 139  125
 138  125
 136  127
 135  127
 131  131
 130  131
 127  134
 126  134
 121  139
 120  139
 111  148
 110  148
  88  170
  88  171
  82  177
  82  178
  79  181
  79  182
  77  184
  77  185
  73  189
  73  190
  72  191
  72  192
  71  193
  71  194
  70  195
  70  297
  82  297
  83  298
  83  299
  84  300
  84  301
  85  302
  85  304
  86  305
  86  306
  87  307
  87  308
  88  309
  88  310
  89  310
  90  311
  91  311
  92  312
  93  312
  94  313
  94  315
  95  314
 109  314
 110  315
 111  315
 112  316
 114  316
 115  317
 115  319
 115  318
 117  316
 127  316
 128  315
 128  314
 130  312
 140  312
 142  310
 142  302
 144  300
 146  300
 147  299
 148  299
 149  298
 150  298
 150  283
 151  282
 152  282
 153  281
 153  280
 152  279
 152  278
 151  277
 151  265
 150  264
 150  263
 148  261
 148  260
 142  254
 141  254
 134  247
 133  247
 130  244
 130  230
 131  229
 152  229
 153  228
 157  228
 158  227
 159  227
 160  226
 161  226
 163  224
 164  224
 165  223
 165  222
 168  219
 168  218
 169  217
 169  216
 170  215
 170  214
 172  212
 172  211
 173  210
 173  209
 174  208
 174  207
 176  205
 176  203
 177  202
 177  201
 178  200
 178  198
 179  197
 179  196
 180  195
 180  194
 181  193
 181  192
 182  191
 182  189
 183  188
 183  186
 184  185
 184  184
 185  183
 185  181
 186  180
 186  179
 187  178
 187  177
 188  176
 188  175
 189  174
 189  173
 190  172
 190  171
 191  170
 191  169
 192  168
 192  166
 193  165
 193  163
 194  162
 194  160
 195  159
 195  158
 196  157
 196  154
 197  153
 197  152
 198  151
 198  149
 199  148
 199  147
 200  146
 200  142
 201  141
 201  139
 202  138
 202  136
 203  135
 203  131
 204  130
 204  121
 203  120
 203  119
 202  118
 202  117
 200  115
 199  115
 198  114
 197  114
 194  111
 193  111
 191  109
 190  109
 189  108
 187  108
 186  107
 183  107
 182  106
