 177  114
 176  115
 171  115
 170  116
 168  116
 167  117
 164  117
 163  118
 162  118
 161  119
 159  119
 158  120
 157  120
 156  121
 155  121
 154  122
 153  122
 151  124
 150  124
 149  125
 148  125
 146  127
 145  127
 144  128
 143  128
 141  130
 140  130
 137  133
 136  133
 133  136
 132  136
 128  140
 127  140
 125  142
 124  142
 103  163
 102  163
  96  169
  96  170
  91  175
  91  176
  87  180
  84  180
  81  183
  81  184
  80  185
  80  187
  78  189
  78  190
  76  192
  76  254
  82  254
  83  255
  84  255
  85  256
  85  257
  86  258
  87  258
  89  260
  89  261
  96  268
  96  269
  99  272
  99  273
 110  284
 111  284
 115  288
 115  289
 116  290
 116  291
 117  292
 117  293
 118  294
 118  296
 119  297
 119  300
 120  301
 120  302
 121  303
 121  304
 123  306
 123  307
 124  307
 130  313
 141  313
 142  312
 143  312
 151  304
 152  304
 153  303
 154  303
 155  302
 157  302
 159  300
 160  300
 161  299
 161  298
 162  297
 162  294
 163  293
 163  292
 164  291
 164  290
 165  289
 165  288
 166  287
 166  286
 168  284
 168  282
 169  281
 169  280
 170  279
 170  276
 171  275
 171  273
 172  272
 172  271
 173  270
 173  268
 174  267
 174  264
 173  263
 173  262
 172  261
 172  260
 171  259
 171  258
 170  257
 170  255
 169  254
 169  252
 168  251
 168  249
 166  247
 166  246
 160  240
 159  240
 155  236
 154  236
 153  235
 153  220
 154  219
 155  219
 156  218
 158  218
 160  216
 161  216
 164  213
 164  212
 171  205
 171  204
 173  202
 173  201
 175  199
 175  198
 176  197
 176  196
 177  195
 177  194
 179  192
 179  191
 180  190
 180  189
 181  188
 181  185
 182  184
 182  183
 183  182
 183  179
 184  178
 184  177
 185  176
 185  174
 186  173
 186  171
 187  170
 187  167
 188  166
 188  164
 189  163
 189  162
 190  161
 190  157
 191  156
 191  155
 192  154
 192  151
 193  150
 193  149
 194  148
 194  145
 195  144
 195  143
 196  142
 196  140
 197  139
 197  137
 198  136
 198  134
 199  133
 199  129
 198  128
 198  127
 196  125
 196  124
 194  122
 193  122
 191  120
 190  120
 188  118
 187  118
 186  117
 185  117
 184  116
 182  116
 181  115
 178  115
