 167  135
 166  136
 165  136
 164  137
 162  137
 161  138
 160  138
 159  139
 157  139
 156  140
 155  140
 154  141
 153  141
 151  143
 150  143
 149  144
 148  144
 147  145
 146  145
 145  146
 144  146
 143  147
 142  147
 141  148
 140  148
 139  149
 138  149
 136  151
 135  151
 134  152
 133  152
 132  153
 131  153
 129  155
 128  155
 126  157
 125  157
 124  158
 123  158
 121  160
 120  160
 118  162
 117  162
 114  165
 113  165
 111  167
 110  167
 107  170
 106  170
 103  173
 102  173
 101  174
  87  174
  86  173
  86  241
  87  242
  87  246
  88  247
  88  248
  92  252
  92  253
  93  253
  96  256
  96  270
  95  271
  95  272
  94  273
  93  273
  90  276
  90  277
  89  278
  90  279
  91  279
  92  280
  95  280
  96  281
 106  281
 113  288
 114  288
 116  290
 117  290
 118  291
 119  291
 120  292
 121  292
 122  293
 124  293
 125  294
 127  294
 128  293
 130  293
 131  292
 134  292
 135  291
 136  291
 137  290
 138  290
 139  289
 140  289
 141  288
 142  288
 143  287
 144  287
 146  285
 147  285
 153  279
 153  278
 156  275
 156  274
 158  272
 158  270
 160  268
 160  266
 161  265
 161  264
 163  262
 163  261
 164  260
 164  256
 165  255
 164  254
 164  251
 163  250
 163  248
 162  247
 162  246
 161  245
 161  244
 157  240
 157  239
 151  233
 151  219
 153  217
 154  217
 155  216
 157  216
 158  215
 159  215
 160  214
 161  214
 163  212
 164  212
 167  209
 168  209
 173  204
 173  203
 176  200
 176  199
 177  198
 177  197
 178  196
 178  195
 179  194
 179  193
 180  192
 180  191
 181  190
 181  189
 182  188
 182  186
 183  185
 183  184
 184  183
 184  180
 185  179
 185  178
 186  177
 186  172
 187  171
 187  167
 188  166
 188  161
 189  160
 189  157
 188  156
 188  153
 187  152
 187  151
 186  150
 186  149
 185  148
 185  147
 183  145
 183  144
 180  141
 179  141
 176  138
 175  138
 174  137
 173  137
 172  136
 171  136
 170  135
