 212   50
 211   51
 205   51
 204   52
 201   52
 200   53
 197   53
 196   54
 193   54
 192   55
 190   55
 189   56
 188   56
 187   57
 185   57
 184   58
 183   58
 182   59
 180   59
 179   60
 178   60
 177   61
 176   61
 175   62
 174   62
 173   63
 172   63
 171   64
 170   64
 169   65
 168   65
 167   66
 166   66
 164   68
 163   68
 162   69
 161   69
 159   71
 158   71
 156   73
 155   73
 153   75
 152   75
 150   77
 149   77
 146   80
 145   80
 143   82
 142   82
 138   86
 137   86
 133   90
 132   90
 126   96
 125   96
 102  119
 102  120
  97  125
  97  126
  91  132
  91  133
  87  137
  87  138
  83  142
  81  142
  81  145
  77  149
  67  149
  65  151
  65  152
  62  155
  62  156
  58  160
  58  161
  52  167
  52  168
  50  170
  50  171
  43  178
  43  179
  39  183
  39  185
  38  186
  38  310
  39  311
  39  312
  40  313
  40  314
  41  315
  41  316
  43  318
  43  319
  45  321
  45  322
  51  328
  51  329
  54  332
  54  333
  61  340
  62  340
  71  349
  72  349
  73  350
  74  350
  75  351
  76  351
  77  352
  78  352
  79  353
  80  353
  87  360
  87  361
  93  367
  94  367
 101  374
 101  375
 102  375
 103  376
 105  376
 109  372
 116  372
 117  371
 119  371
 120  370
 121  370
 125  366
 125  365
 127  363
 127  362
 130  359
 134  359
 135  358
 136  358
 137  357
 138  357
 139  356
 140  356
 140  355
 141  354
 141  353
 142  352
 142  344
 143  343
 143  342
 145  340
 146  340
 147  339
 148  339
 149  338
 150  338
 151  337
 152  337
 152  336
 153  335
 153  318
 154  317
 154  316
 157  313
 157  311
 156  310
 156  291
 157  290
 144  277
 144  276
 142  274
 142  273
 138  269
 138  268
 135  265
 134  265
 133  264
 133  250
 134  249
 158  249
 159  248
 161  248
 162  247
 164  247
 166  245
 167  245
 168  244
 168  243
 169  242
 169  240
 170  239
 170  234
 171  233
 171  231
 172  230
 172  228
 173  227
 173  225
 175  223
 175  222
 183  214
 183  213
 184  212
 184  211
 185  210
 185  206
 186  205
 186  200
 187  199
 187  197
 188  196
 188  194
 190  192
 190  191
 191  190
 191  189
 192  188
 192  186
 193  185
 193  184
 194  183
 194  177
 195  176
 195  172
 196  171
 196  166
 197  165
 197  163
 198  162
 198  160
 199  159
 199  157
 200  156
 200  154
 201  153
 201  151
 202  150
 202  149
 203  148
 203  146
 204  145
 204  144
 205  143
 205  142
 207  140
 207  139
 209  137
 209  136
 211  134
 211  133
 213  131
 213  130
 215  128
 215  127
 217  125
 217  124
 218  123
 218  121
 219  120
 219  119
 221  117
 221  116
 222  115
 222  114
 223  113
 223  112
 224  111
 224  109
 225  108
 225  106
 226  105
 226  104
 227  103
 227  101
 228  100
 228   99
 229   98
 229   97
 230   96
 230   95
 231   94
 231   91
 232   90
 232   89
 233   88
 233   84
 234   83
 234   81
 235   80
 235   77
 236   76
 236   69
 235   68
 235   66
 233   64
 233   63
 232   62
 232   61
 229   58
 228   58
 227   57
 226   57
 225   56
 224   56
 221   53
 220   53
 219   52
 218   52
 217   51
 216   51
 215   50
