 186   53
 185   54
 181   54
 180   55
 177   55
 176   56
 174   56
 173   57
 171   57
 170   58
 167   58
 166   59
 165   59
 164   60
 162   60
 161   61
 160   61
 159   62
 158   62
 157   63
 156   63
 155   64
 154   64
 153   65
 152   65
 151   66
 150   66
 148   68
 147   68
 146   69
 145   69
 142   72
 141   72
 139   74
 138   74
 134   78
 133   78
 130   81
 129   81
 107  103
 107  104
  97  114
  81  114
  80  113
  79  114
  79  115
  77  117
  77  118
  76  119
  76  120
  75  121
  75  122
  74  123
  74  124
  73  125
  73  126
  72  127
  72  129
  71  130
  71  131
  70  132
  70  134
  69  135
  69  136
  68  137
  68  244
  70  246
  72  246
  73  247
  74  247
  76  249
  77  249
  79  251
  79  252
  83  256
  83  257
  85  259
  85  260
  88  263
  88  264
  90  266
  90  267
  92  269
  92  270
  95  273
  95  274
  97  276
  97  277
  98  278
  98  279
  99  280
  99  281
 101  283
 101  284
 103  286
 104  286
 109  291
 109  292
 113  296
 113  301
 114  302
 114  306
 115  307
 115  309
 116  310
 116  311
 118  313
 119  313
 125  319
 125  320
 126  320
 128  322
 130  322
 131  323
 141  323
 144  326
 145  325
 160  325
 161  326
 161  327
 162  328
 162  329
 163  330
 163  331
 165  333
 165  334
 167  336
 167  337
 168  338
 168  339
 170  341
 170  342
 173  345
 173  346
 174  347
 174  348
 177  351
 177  352
 179  354
 179  355
 181  357
 181  358
 183  360
 183  361
 184  362
 184  363
 188  367
 189  367
 187  365
 187  363
 185  361
 185  360
 184  359
 184  358
 183  357
 183  356
 181  354
 181  353
 180  352
 180  351
 178  349
 178  347
 176  345
 176  344
 175  343
 175  342
 174  341
 174  340
 172  338
 172  337
 171  336
 171  335
 170  334
 170  333
 168  331
 168  330
 166  328
 166  327
 163  324
 163  323
 162  322
 162  320
 161  319
 161  303
 162  302
 162  301
 163  300
 165  300
 166  299
 169  299
 170  298
 168  296
 168  295
 167  294
 167  293
 166  292
 166  276
 167  275
 167  274
 168  273
 168  272
 171  269
 172  269
 170  267
 170  265
 169  264
 169  248
 170  247
 170  227
 166  223
 165  223
 160  218
 159  218
 156  215
 156  200
 157  199
 162  199
 163  198
 164  198
 165  197
 167  197
 168  196
 169  196
 175  190
 175  189
 176  188
 176  187
 177  186
 177  184
 178  183
 178  180
 179  179
 179  178
 180  177
 180  175
 181  174
 181  170
 182  169
 182  167
 183  166
 183  156
 184  155
 184  152
 185  151
 185  144
 186  143
 186  137
 187  136
 187  126
 188  125
 188  121
 189  120
 189  113
 190  112
 190  110
 191  109
 191  107
 192  106
 192  104
 193  103
 193  101
 194  100
 194   98
 195   97
 195   96
 196   95
 196   93
 197   92
 197   91
 198   90
 198   87
 199   86
 199   85
 200   84
 200   82
 201   81
 201   80
 202   79
 202   76
 203   75
 203   73
 204   72
 204   70
 205   69
 205   66
 206   65
 206   62
 204   60
 203   60
 202   59
 201   59
 200   58
 199   58
 197   56
 196   56
 195   55
 194   55
 193   54
 191   54
 190   53
