 217   25
 216   26
 210   26
 209   27
 206   27
 205   28
 202   28
 201   29
 198   29
 197   30
 195   30
 194   31
 191   31
 190   32
 189   32
 188   33
 186   33
 185   34
 183   34
 182   35
 181   35
 180   36
 179   36
 178   37
 177   37
 176   38
 174   38
 173   39
 172   39
 171   40
 170   40
 169   41
 167   41
 166   42
 165   42
 164   43
 163   43
 161   45
 160   45
 159   46
 158   46
 157   47
 156   47
 155   48
 154   48
 152   50
 151   50
 150   51
 149   51
 148   52
 147   52
 146   53
 145   53
 143   55
 142   55
 140   57
 139   57
 138   58
 137   58
 135   60
 134   60
 132   62
 131   62
 129   64
 128   64
 126   66
 125   66
 122   69
 121   69
 118   72
 117   72
 113   76
 112   76
 106   82
 105   82
  99   88
  98   88
  91   95
  90   95
  82  103
  81  103
  73  111
  72  111
  63  120
  62  120
  57  125
  56  125
  41  140
  41  141
  27  155
  26  155
  15  166
  15  167
  10  172
  10  302
  11  303
  11  304
  12  305
  12  306
  13  307
  13  308
  14  309
  14  310
  15  311
  15  312
  16  313
  16  315
  17  316
  17  317
  18  318
  18  320
  19  321
  19  322
  20  323
  20  324
  21  325
  21  326
  22  327
  22  328
  23  329
  23  331
  24  332
  24  333
  25  334
  25  336
  26  337
  26  338
  27  339
  27  341
  28  342
  28  344
  29  345
  29  347
  30  348
  30  350
  31  351
  31  353
  32  354
  32  356
  33  357
  33  359
  34  360
  34  361
  36  363
  36  364
  39  367
  39  368
  42  371
  43  371
  46  374
  47  374
  49  376
  49  377
  50  378
  50  380
  51  381
  51  388
  52  389
  52  391
  53  392
  53  393
  54  394
  54  395
  59  400
  59  401
  60  402
  61  402
  62  403
  63  403
  64  404
  68  404
  69  405
  71  405
  72  404
 116  404
 117  403
 134  403
 135  402
 137  402
 138  401
 139  401
 141  399
 141  398
 142  397
 142  391
 143  390
 143  388
 149  382
 150  382
 151  381
 153  381
 154  380
 156  380
 157  379
 158  379
 160  377
 161  377
 162  376
 162  375
 164  373
 164  372
 165  371
 165  369
 166  368
 166  343
 167  342
 167  341
 168  340
 168  339
 170  337
 170  336
 177  329
 177  328
 178  327
 178  324
 177  323
 177  322
 175  320
 175  319
 173  317
 173  316
 171  314
 171  313
 170  312
 170  298
 169  297
 169  295
 168  294
 168  293
 167  292
 167  291
 166  290
 166  289
 156  279
 155  279
 136  260
 136  259
 133  256
 133  242
 134  241
 152  241
 153  242
 165  242
 166  243
 167  242
 172  242
 173  241
 175  241
 176  240
 178  240
 179  239
 180  239
 183  236
 184  236
 191  229
 191  228
 205  214
 205  213
 209  209
 209  208
 211  206
 211  205
 212  204
 212  203
 213  202
 213  201
 214  200
 214  199
 216  197
 216  196
 218  194
 218  193
 220  191
 220  190
 225  185
 225  184
 227  182
 227  181
 228  180
 228  179
 230  177
 230  175
 231  174
 231  172
 232  171
 232  166
 233  165
 233  163
 234  162
 234  159
 235  158
 235  157
 236  156
 236  155
 237  154
 237  152
 238  151
 238  150
 239  149
 239  148
 240  147
 240  146
 241  145
 241  144
 242  143
 242  141
 243  140
 243  138
 244  137
 244  135
 245  134
 245  133
 246  132
 246  131
 247  130
 247  129
 248  128
 248  127
 250  125
 250  124
 252  122
 252  121
 253  120
 253  119
 254  118
 254  117
 255  116
 255  114
 256  113
 256  110
 257  109
 257  107
 258  106
 258  105
 259  104
 259  102
 262   99
 264   99
 265   98
 265   36
 264   35
 261   35
 260   34
 259   34
 258   33
 257   33
 256   32
 255   32
 254   31
 252   31
 251   30
 250   30
 249   29
 246   29
 245   28
 242   28
 241   27
 238   27
 237   26
 232   26
 231   25
