 207   45
 206   46
 202   46
 201   47
 199   47
 198   48
 194   48
 193   49
 191   49
 190   50
 188   50
 187   51
 185   51
 184   52
 183   52
 182   53
 181   53
 180   54
 178   54
 177   55
 176   55
 175   56
 174   56
 172   58
 171   58
 170   59
 169   59
 167   61
 166   61
 165   62
 164   62
 162   64
 161   64
 160   65
 159   65
 157   67
 156   67
 154   69
 153   69
 152   70
 151   70
 149   72
 148   72
 146   74
 145   74
 143   76
 142   76
 140   78
 139   78
 136   81
 135   81
 133   83
 132   83
 128   87
 127   87
 124   90
 123   90
 115   98
 114   98
  60  152
  59  152
  57  154
  56  154
  54  156
  53  156
  51  158
  50  158
  49  159
  48  159
  47  160
  46  160
  44  162
  43  162
  42  163
  41  163
  39  165
  38  165
  36  167
  35  167
  33  169
  32  169
  31  170
  31  171
  30  172
  30  338
  32  340
  33  340
  36  343
  37  343
  39  345
  40  345
  43  348
  44  348
  45  349
  46  349
  47  350
  50  350
  51  351
  55  351
  56  352
  61  352
  65  356
  65  357
  67  359
  67  360
  69  362
  69  363
  70  364
  70  365
  73  368
  73  369
  77  373
  78  373
  83  378
  83  379
  85  381
  86  381
  88  383
  91  383
  92  382
  93  382
  95  380
 103  380
 104  379
 107  379
 108  378
 109  378
 110  377
 111  377
 113  375
 114  375
 115  374
 115  373
 118  370
 118  369
 123  364
 124  364
 125  363
 126  363
 127  362
 128  362
 129  361
 130  361
 132  359
 133  359
 135  357
 135  356
 136  355
 136  354
 137  353
 137  352
 138  351
 138  348
 139  347
 139  346
 145  340
 147  340
 148  339
 149  339
 151  337
 152  337
 153  336
 154  336
 155  335
 155  334
 156  333
 156  331
 155  330
 155  312
 156  311
 156  310
 159  307
 159  306
 162  303
 162  301
 161  300
 161  298
 160  297
 160  280
 161  279
 161  278
 163  276
 163  274
 162  273
 162  272
 160  270
 160  269
 147  256
 147  255
 146  254
 146  240
 147  239
 164  239
 165  238
 170  238
 171  237
 173  237
 174  236
 175  236
 177  234
 178  234
 180  232
 180  231
 181  230
 181  229
 182  228
 182  227
 185  224
 185  223
 186  222
 186  220
 187  219
 187  217
 189  215
 189  214
 192  211
 192  209
 193  208
 193  206
 194  205
 194  203
 195  202
 195  196
 196  195
 196  192
 197  191
 197  190
 198  189
 198  188
 199  187
 199  186
 200  185
 200  184
 201  183
 201  182
 202  181
 202  179
 203  178
 203  164
 204  163
 204  160
 206  158
 206  157
 208  155
 208  153
 209  152
 209  151
 210  150
 210  149
 211  148
 211  147
 212  146
 212  142
 213  141
 213  138
 214  137
 214  134
 219  129
 219  128
 220  127
 220  126
 221  125
 221  124
 222  123
 222  122
 224  120
 224  119
 225  118
 225  116
 226  115
 226  114
 227  113
 227  111
 228  110
 228  109
 225  106
 225   90
 226   89
 228   89
 229   88
 233   88
 234   87
 235   87
 236   86
 236   85
 237   84
 237   82
 238   81
 238   79
 239   78
 239   77
 240   76
 240   74
 241   73
 241   72
 242   71
 242   68
 243   67
 243   64
 244   63
 244   62
 243   61
 243   60
 242   59
 242   58
 240   56
 240   55
 239   54
 238   54
 237   53
 236   53
 235   52
 234   52
 233   51
 232   51
 230   49
 229   49
 228   48
 227   48
 226   47
 225   47
 224   46
 221   46
 220   45
