 190   72
 189   73
 184   73
 183   74
 181   74
 180   75
 177   75
 176   76
 175   76
 174   77
 172   77
 171   78
 170   78
 169   79
 168   79
 167   80
 166   80
 165   81
 163   81
 162   82
 161   82
 160   83
 159   83
 157   85
 156   85
 154   87
 153   87
 152   88
 151   88
 149   90
 148   90
 146   92
 145   92
 142   95
 141   95
 139   97
 138   97
 135  100
 134  100
 131  103
 130  103
 125  108
 124  108
 106  126
 106  127
 101  132
 101  133
  97  137
  97  138
  93  142
  93  143
  90  146
  90  147
  77  160
  77  161
  75  163
  75  164
  73  166
  62  166
  62  167
  61  168
  61  169
  59  171
  59  172
  58  173
  58  293
  63  298
  63  299
  66  302
  66  303
  95  332
  95  333
  96  334
  96  335
  98  337
  98  338
 104  344
 104  345
 107  348
 108  348
 115  355
 116  355
 117  356
 125  356
 126  355
 128  355
 129  354
 130  354
 131  353
 132  353
 133  352
 134  352
 136  350
 137  350
 139  348
 140  348
 141  347
 142  347
 143  346
 144  346
 150  340
 150  339
 151  338
 151  337
 152  336
 152  335
 153  334
 153  333
 160  326
 160  325
 162  323
 162  321
 163  320
 163  300
 164  299
 164  298
 163  297
 163  294
 162  293
 162  287
 161  286
 161  283
 159  281
 159  280
 157  278
 157  277
 138  258
 137  258
 135  256
 135  242
 136  241
 144  241
 145  240
 151  240
 152  239
 154  239
 155  238
 157  238
 158  237
 160  237
 161  236
 162  236
 163  235
 165  235
 166  234
 167  234
 169  232
 170  232
 172  230
 173  230
 175  228
 175  227
 177  225
 177  223
 178  222
 178  221
 179  220
 179  217
 180  216
 180  215
 181  214
 181  210
 182  209
 182  208
 183  207
 183  206
 184  205
 184  203
 185  202
 185  200
 186  199
 186  197
 187  196
 187  193
 188  192
 188  191
 189  190
 189  189
 190  188
 190  186
 191  185
 191  184
 192  183
 192  180
 193  179
 193  177
 194  176
 194  169
 195  168
 195  166
 196  165
 196  162
 197  161
 197  159
 198  158
 198  155
 199  154
 199  152
 200  151
 200  148
 201  147
 201  145
 202  144
 202  142
 203  141
 203  140
 204  139
 204  138
 205  137
 205  136
 206  135
 206  134
 207  133
 207  131
 208  130
 208  129
 209  128
 209  125
 210  124
 210  123
 211  122
 211  119
 212  118
 212  116
 213  115
 213  111
 214  110
 214  107
 215  106
 215  103
 216  102
 216   97
 217   96
 217   91
 216   90
 216   87
 215   86
 215   85
 211   81
 210   81
 209   80
 207   80
 204   77
 203   77
 202   76
 201   76
 200   75
 199   75
 198   74
 197   74
 196   73
 191   73
