 170  119
 169  120
 166  120
 165  121
 163  121
 162  122
 160  122
 159  123
 157  123
 156  124
 155  124
 154  125
 153  125
 152  126
 151  126
 150  127
 149  127
 147  129
 146  129
 145  130
 144  130
 143  131
 142  131
 141  132
 140  132
 138  134
 137  134
 134  137
 133  137
 131  139
 130  139
 126  143
 125  143
 122  146
 121  146
 116  151
  99  151
  98  152
  97  152
  96  153
  95  153
  93  155
  92  155
  83  164
  83  165
  80  168
  80  169
  78  171
  78  172
  77  173
  77  174
  76  175
  76  176
  75  177
  75  302
  86  302
  87  303
  87  304
  88  304
  89  305
  90  305
  91  304
  92  304
  93  303
  95  303
  96  302
  97  302
  99  300
 100  300
 101  299
 115  299
 116  300
 117  300
 119  302
 119  303
 120  304
 121  304
 123  302
 134  302
 140  296
 142  296
 143  295
 145  295
 146  294
 147  294
 150  291
 150  284
 152  282
 153  282
 156  279
 156  266
 155  266
 154  265
 154  264
 153  263
 153  258
 152  257
 152  254
 151  253
 151  252
 145  246
 145  232
 146  231
 152  231
 153  230
 155  230
 156  229
 158  229
 159  228
 160  228
 161  227
 162  227
 166  223
 166  222
 175  213
 175  212
 176  211
 176  210
 177  209
 177  208
 178  207
 178  206
 179  205
 179  204
 180  203
 180  202
 181  201
 181  199
 182  198
 182  195
 183  194
 183  191
 184  190
 184  189
 185  188
 185  187
 186  186
 186  184
 187  183
 187  182
 188  181
 188  177
 189  176
 189  175
 191  173
 191  172
 192  171
 192  170
 193  169
 193  168
 194  167
 194  165
 195  164
 195  161
 196  160
 196  158
 197  157
 197  154
 198  153
 198  151
 199  150
 199  139
 198  138
 198  137
 197  136
 197  135
 191  129
 190  129
 188  127
 187  127
 184  124
 183  124
 182  123
 181  123
 180  122
 179  122
 178  121
 176  121
 175  120
 173  120
 172  119
