 226   34
 225   35
 221   35
 220   36
 214   36
 213   37
 210   37
 209   38
 207   38
 206   39
 203   39
 202   40
 201   40
 200   41
 198   41
 197   42
 196   42
 195   43
 193   43
 192   44
 191   44
 190   45
 188   45
 187   46
 186   46
 185   47
 183   47
 182   48
 181   48
 180   49
 179   49
 178   50
 177   50
 176   51
 175   51
 174   52
 173   52
 171   54
 170   54
 169   55
 168   55
 167   56
 166   56
 164   58
 163   58
 162   59
 161   59
 159   61
 158   61
 157   62
 156   62
 155   63
 154   63
 151   66
 150   66
 149   67
 148   67
 146   69
 145   69
 143   71
 142   71
 140   73
 139   73
 137   75
 136   75
 134   77
 133   77
 130   80
 129   80
 127   82
 126   82
 122   86
 121   86
 119   88
 118   88
 115   91
 114   91
 111   94
 110   94
 107   97
 106   97
 103  100
 102  100
  98  104
  97  104
  92  109
  91  109
  84  116
  83  116
  55  144
  54  144
  46  152
  46  153
  44  155
  30  155
  29  154
  29  146
  29  148
  28  149
  28  151
  27  152
  27  154
  25  156
  25  157
  24  158
  24  159
  22  161
  20  161
  19  162
  19  164
  18  165
  18  168
  17  169
  17  170
  16  171
  16  172
  13  175
  13  178
  12  179
  12  322
  13  323
  13  325
  16  328
  16  329
  22  335
  22  336
  30  344
  30  345
  46  361
  47  361
  50  364
  51  364
  55  368
  55  369
  56  370
  56  371
  57  372
  57  373
  59  375
  59  376
  60  377
  60  378
  61  379
  61  381
  63  383
  63  384
  64  385
  64  386
  70  392
  70  393
  71  392
  72  392
  73  391
  90  391
  91  392
  93  390
  94  390
  95  389
  95  388
  98  385
  98  384
 103  379
 104  379
 105  378
 106  378
 107  377
 108  377
 109  376
 110  376
 113  373
 113  372
 114  371
 114  370
 115  369
 115  364
 116  363
 116  361
 117  360
 117  359
 122  354
 123  354
 125  352
 126  352
 127  351
 128  351
 130  349
 130  348
 131  347
 131  346
 132  345
 132  331
 133  330
 133  328
 134  327
 134  326
 142  318
 142  317
 141  316
 141  315
 140  314
 140  313
 139  312
 139  309
 138  308
 138  298
 137  297
 137  295
 135  293
 135  292
 130  287
 130  286
 129  285
 128  285
 123  280
 122  280
 118  276
 118  262
 119  261
 124  261
 125  260
 132  260
 133  259
 137  259
 138  258
 140  258
 141  257
 142  257
 143  256
 144  256
 145  255
 146  255
 147  254
 148  254
 159  243
 159  242
 165  236
 165  235
 167  233
 167  232
 169  230
 169  229
 172  226
 172  225
 175  222
 175  221
 176  220
 176  219
 178  217
 178  216
 180  214
 180  212
 181  211
 181  210
 182  209
 182  208
 183  207
 183  206
 185  204
 185  203
 186  202
 186  201
 187  200
 187  198
 189  196
 189  195
 190  194
 190  193
 191  192
 191  191
 194  188
 194  187
 195  186
 195  185
 197  183
 197  182
 198  181
 198  180
 200  178
 200  177
 201  176
 201  175
 203  173
 203  172
 204  171
 204  170
 206  168
 206  167
 207  166
 207  165
 208  164
 208  163
 209  162
 209  161
 212  158
 212  157
 214  155
 214  154
 215  153
 215  152
 217  150
 217  149
 220  146
 220  145
 221  144
 221  143
 223  141
 223  140
 225  138
 225  137
 226  136
 226  135
 228  133
 228  132
 229  131
 229  130
 231  128
 231  127
 233  125
 233  124
 235  122
 235  121
 236  120
 236  119
 238  117
 238  116
 239  115
 239  114
 241  112
 241  111
 242  110
 242  109
 243  108
 243  107
 245  105
 245  104
 246  103
 246  102
 247  101
 247  100
 249   98
 249   97
 250   96
 250   95
 251   94
 251   93
 252   92
 252   91
 253   90
 253   89
 254   88
 254   86
 255   85
 255   84
 256   83
 256   80
 257   79
 257   77
 258   76
 258   74
 259   73
 259   72
 260   71
 260   70
 261   69
 261   65
 262   64
 262   55
 261   54
 261   53
 260   52
 260   51
 258   49
 258   48
 255   45
 254   45
 252   43
 251   43
 250   42
 249   42
 247   40
 246   40
 245   39
 244   39
 243   38
 242   38
 241   37
 239   37
 238   36
 234   36
 233   35
 229   35
 228   34
