 172  115
 171  116
 168  116
 167  117
 165  117
 164  118
 162  118
 161  119
 160  119
 159  120
 157  120
 156  121
 154  121
 153  122
 152  122
 151  123
 150  123
 149  124
 148  124
 147  125
 145  125
 144  126
 143  126
 142  127
 141  127
 139  129
 138  129
 136  131
 135  131
 134  132
 133  132
 131  134
 130  134
 129  135
 128  135
 126  137
 125  137
 123  139
 122  139
 120  141
 119  141
 116  144
 115  144
 108  151
 107  151
 103  155
  82  155
  82  169
  73  178
  73  179
  72  180
  72  181
  69  184
  69  186
  68  187
  68  257
  69  258
  69  259
  70  260
  70  261
  71  262
  71  263
  72  264
  72  265
  73  266
  73  267
  74  268
  74  269
  75  270
  75  271
  76  272
  76  273
  77  274
  77  275
  79  277
  79  278
  80  279
  80  280
  82  282
  82  283
  85  286
  86  286
 112  312
 127  312
 135  304
 137  304
 138  303
 140  303
 141  302
 142  302
 145  299
 145  298
 146  297
 146  292
 147  291
 147  290
 149  288
 150  288
 151  287
 152  287
 153  286
 154  286
 155  285
 155  267
 157  265
 155  263
 155  262
 151  258
 151  254
 150  253
 150  250
 149  249
 149  248
 145  244
 145  230
 146  229
 147  229
 148  228
 152  228
 153  227
 156  227
 157  226
 158  226
 159  225
 160  225
 161  224
 162  224
 164  222
 165  222
 170  217
 170  216
 177  209
 177  208
 178  207
 178  206
 179  205
 179  204
 180  203
 180  202
 181  201
 181  200
 182  199
 182  198
 183  197
 183  196
 184  195
 184  194
 185  193
 185  192
 187  190
 187  188
 188  187
 188  186
 189  185
 189  183
 190  182
 190  181
 191  180
 191  179
 192  178
 192  177
 193  176
 193  175
 194  174
 194  173
 195  172
 195  170
 196  169
 196  168
 197  167
 197  166
 198  165
 198  163
 199  162
 199  161
 200  160
 200  159
 201  158
 201  156
 202  155
 202  152
 203  151
 203  149
 204  148
 204  147
 205  146
 205  143
 206  142
 206  140
 205  139
 205  135
 204  134
 204  133
 203  132
 203  131
 202  130
 202  129
 199  126
 198  126
 197  125
 196  125
 193  122
 192  122
 190  120
 189  120
 188  119
 187  119
 186  118
 184  118
 183  117
 182  117
 181  116
 179  116
 178  115
