 177   91
 176   92
 174   92
 173   93
 169   93
 168   94
 166   94
 165   95
 163   95
 162   96
 161   96
 160   97
 159   97
 158   98
 156   98
 155   99
 154   99
 153  100
 152  100
 151  101
 150  101
 149  102
 148  102
 147  103
 146  103
 145  104
 143  104
 142  105
 141  105
 139  107
 138  107
 137  108
 136  108
 135  109
 134  109
 133  110
 132  110
 131  111
 130  111
 128  113
 127  113
 126  114
 125  114
 124  115
 123  115
 122  116
 121  116
 119  118
 118  118
 117  119
 116  119
 114  121
 113  121
 111  123
 110  123
 109  124
 108  124
 106  126
 105  126
 103  128
 102  128
 100  130
  99  130
  96  133
  95  133
  92  136
  91  136
  87  140
  86  140
  83  143
  82  143
  74  151
  73  151
  63  161
  62  161
  62  162
  61  163
  61  257
  62  258
  62  261
  63  262
  63  264
  64  265
  64  275
  65  276
  65  279
  66  280
  66  281
  67  282
  67  283
  68  283
  69  284
  70  284
  74  288
  74  289
  75  290
  75  299
  76  300
  76  302
  77  303
  77  305
  78  306
  78  307
  80  309
  80  310
  81  310
  87  316
  87  317
  88  318
  89  318
  91  320
  92  319
  93  319
  94  318
 113  318
 114  319
 126  319
 128  321
 128  322
 130  324
 130  325
 132  327
 133  327
 135  329
 136  329
 139  332
 139  333
 142  336
 142  335
 140  333
 140  331
 138  329
 138  327
 136  325
 136  323
 134  321
 134  320
 133  319
 133  301
 137  297
 138  297
 140  295
 140  294
 141  293
 141  292
 142  291
 142  278
 143  277
 143  276
 147  272
 147  269
 146  268
 146  253
 147  252
 147  248
 145  246
 145  245
 143  243
 143  241
 142  240
 142  239
 140  237
 140  235
 138  233
 138  231
 136  229
 136  228
 135  227
 135  213
 136  212
 145  212
 146  211
 148  211
 149  210
 150  210
 151  209
 152  209
 154  207
 155  207
 162  200
 162  199
 168  193
 168  192
 169  191
 169  190
 170  189
 170  188
 171  187
 171  186
 175  182
 175  181
 177  179
 177  177
 178  176
 178  175
 179  174
 179  170
 180  169
 180  168
 181  167
 181  166
 182  165
 182  164
 183  163
 183  162
 184  161
 184  160
 185  159
 185  158
 186  157
 186  156
 187  155
 187  154
 190  151
 190  150
 192  148
 192  147
 193  146
 193  145
 194  144
 194  143
 195  142
 195  141
 199  137
 199  136
 201  134
 201  133
 202  132
 202  131
 203  130
 203  129
 204  128
 204  127
 206  125
 206  124
 207  123
 207  122
 209  120
 209  119
 210  118
 210  116
 211  115
 211  113
 212  112
 212  109
 213  108
 212  107
 212  105
 211  104
 211  103
 209  101
 208  101
 207  100
 206  100
 204   98
 203   98
 200   95
 199   95
 198   94
 197   94
 196   93
 194   93
 193   92
 192   92
 191   91
