 162  146
 161  147
 160  147
 158  149
 157  149
 156  150
 154  150
 152  152
 151  152
 150  153
 149  153
 148  154
 147  154
 146  155
 145  155
 143  157
 142  157
 139  160
 138  160
 136  162
 135  162
 132  165
 131  165
 128  168
 127  168
 126  169
 125  169
 123  171
 122  171
 121  172
 120  172
 118  174
 117  174
 116  175
 115  175
 114  176
 100  176
  98  178
  98  179
  96  181
  96  182
  95  183
  95  244
  97  246
 103  246
 104  247
 104  248
 105  249
 105  251
 106  252
 106  260
 107  261
 107  262
 110  265
 110  266
 111  267
 111  268
 112  269
 112  270
 113  271
 113  272
 120  279
 121  279
 123  281
 124  281
 125  282
 126  282
 127  283
 129  283
 130  284
 133  284
 134  283
 136  283
 137  282
 138  282
 139  281
 140  281
 143  278
 144  278
 150  272
 150  271
 152  269
 152  268
 154  266
 154  265
 155  264
 155  263
 156  262
 156  260
 157  259
 157  257
 158  256
 158  253
 159  252
 159  249
 158  248
 158  246
 156  244
 156  243
 155  242
 155  241
 154  240
 154  239
 151  236
 151  235
 150  234
 149  234
 147  232
 145  232
 143  230
 143  216
 144  215
 155  215
 156  214
 157  214
 158  213
 160  213
 164  209
 165  209
 170  204
 170  203
 171  202
 171  201
 172  200
 172  197
 175  194
 175  193
 178  190
 178  189
 179  188
 179  172
 178  171
 178  158
 177  157
 177  156
 175  154
 174  154
 172  152
 171  152
 169  150
 168  150
 166  148
 165  148
 163  146
