 192   95
 191   96
 187   96
 186   97
 182   97
 181   98
 178   98
 177   99
 175   99
 174  100
 171  100
 170  101
 169  101
 168  102
 166  102
 165  103
 163  103
 162  104
 160  104
 159  105
 158  105
 157  106
 156  106
 155  107
 153  107
 152  108
 151  108
 149  110
 148  110
 147  111
 145  111
 144  112
 143  112
 142  113
 141  113
 140  114
 139  114
 137  116
 136  116
 135  117
 134  117
 133  118
 132  118
 131  119
 130  119
 129  120
 128  120
 126  122
 125  122
 124  123
 123  123
 121  125
 120  125
 119  126
 118  126
 117  127
 116  127
 114  129
 113  129
 112  130
 111  130
 110  131
 109  131
 107  133
 105  133
 104  134
 101  134
 100  135
  99  135
  98  136
  97  136
  89  144
  88  144
  85  147
  84  147
  82  149
  81  149
  79  151
  78  151
  77  152
  76  152
  74  154
  73  154
  71  156
  66  156
  65  157
  48  157
  47  158
  46  158
  44  160
  44  161
  43  162
  43  270
  44  271
  44  273
  45  274
  45  277
  46  278
  46  293
  45  294
  45  308
  46  309
  46  310
  47  311
  47  312
  55  320
  56  320
  56  305
  57  304
  72  304
  78  310
  79  310
  80  311
  81  311
  82  312
  82  323
  83  324
  83  325
  84  325
  91  332
  95  328
  99  328
 100  327
 104  327
 105  326
 106  326
 107  325
 109  325
 110  324
 111  324
 112  323
 113  323
 117  319
 119  319
 120  318
 122  318
 123  317
 124  317
 124  316
 125  315
 125  314
 126  313
 126  306
 127  305
 133  305
 137  301
 137  300
 136  299
 136  282
 137  281
 143  281
 142  280
 142  279
 141  278
 141  277
 139  275
 139  261
 140  260
 141  260
 140  259
 140  258
 136  254
 136  253
 134  251
 134  250
 126  242
 126  228
 127  227
 146  227
 147  228
 156  228
 157  227
 159  227
 160  226
 161  226
 162  225
 163  225
 167  221
 167  220
 169  218
 169  217
 175  211
 175  210
 177  208
 177  206
 178  205
 178  204
 179  203
 179  202
 180  201
 180  200
 184  196
 184  195
 186  193
 186  192
 188  190
 188  188
 189  187
 189  186
 190  185
 190  183
 191  182
 191  181
 193  179
 193  178
 195  176
 195  175
 197  173
 197  171
 199  169
 199  168
 200  167
 200  166
 201  165
 201  164
 203  162
 203  161
 206  158
 206  157
 208  155
 208  154
 209  153
 209  152
 211  150
 211  149
 218  142
 218  141
 220  139
 220  138
 221  137
 221  136
 222  135
 222  134
 223  133
 223  132
 224  131
 224  130
 225  129
 225  128
 226  127
 226  126
 227  125
 227  124
 228  123
 228  121
 229  120
 229  118
 230  117
 230  115
 231  114
 231  112
 230  111
 230  110
 229  109
 229  108
 227  106
 226  106
 225  105
 224  105
 223  104
 222  104
 221  103
 220  103
 216   99
 215   99
 214   98
 213   98
 212   97
 210   97
 209   96
 207   96
 206   95
