 196   91
 195   92
 189   92
 188   93
 185   93
 184   94
 181   94
 180   95
 178   95
 177   96
 175   96
 174   97
 172   97
 171   98
 170   98
 169   99
 167   99
 166  100
 165  100
 164  101
 163  101
 162  102
 160  102
 159  103
 158  103
 157  104
 156  104
 155  105
 154  105
 153  106
 152  106
 151  107
 150  107
 149  108
 148  108
 147  109
 146  109
 145  110
 144  110
 143  111
 142  111
 141  112
 140  112
 138  114
 137  114
 136  115
 135  115
 134  116
 133  116
 132  117
 131  117
 129  119
 128  119
 127  120
 126  120
 125  121
 124  121
 123  122
 122  122
 121  123
 120  123
 118  125
 117  125
 116  126
 115  126
 113  128
 112  128
 111  129
 110  129
 108  131
 107  131
 105  133
 104  133
 102  135
 101  135
  99  137
  98  137
  96  139
  95  139
  93  141
  92  141
  90  143
  89  143
  88  144
  87  144
  84  147
  83  147
  82  148
  81  148
  78  151
  77  151
  72  156
  71  156
  67  160
  66  160
  62  164
  61  164
  58  167
  57  167
  54  170
  53  170
  52  171
  51  171
  49  173
  48  173
  45  176
  45  177
  42  180
  42  181
  41  182
  41  279
  42  280
  42  281
  43  282
  43  286
  44  287
  44  306
  43  307
  43  310
  54  321
  54  322
  55  323
  55  325
  56  326
  56  327
  57  328
  57  329
  63  335
  64  335
  66  333
  66  332
  67  331
  83  331
  84  332
  85  331
  85  330
  86  329
  86  328
  90  324
 107  324
 108  323
 108  320
 109  319
 109  316
 112  313
 113  313
 114  312
 126  312
 128  310
 128  308
 129  307
 129  297
 132  294
 135  294
 136  293
 137  293
 139  291
 139  290
 140  289
 140  277
 145  272
 145  271
 143  269
 143  268
 142  267
 142  266
 140  264
 140  263
 139  262
 139  261
 137  259
 137  258
 136  257
 136  256
 134  254
 134  253
 129  248
 129  234
 130  233
 146  233
 147  232
 150  232
 151  231
 153  231
 154  230
 155  230
 156  229
 157  229
 169  217
 170  217
 172  215
 172  214
 175  211
 175  209
 176  208
 176  207
 184  199
 184  198
 185  197
 185  196
 186  195
 186  194
 187  193
 187  192
 188  191
 188  189
 189  188
 189  187
 191  185
 191  184
 197  178
 197  177
 198  176
 198  175
 200  173
 200  172
 201  171
 201  170
 202  169
 202  168
 205  165
 205  164
 209  160
 209  159
 211  157
 211  156
 212  155
 212  153
 214  151
 214  150
 215  149
 215  148
 218  145
 218  144
 220  142
 220  141
 221  140
 221  138
 222  137
 222  135
 223  134
 223  132
 224  131
 224  130
 226  128
 226  127
 227  126
 227  125
 228  124
 228  122
 229  121
 229  119
 230  118
 230  117
 231  116
 231  114
 232  113
 232  109
 233  108
 232  107
 232  106
 231  105
 231  104
 228  101
 227  101
 226  100
 225  100
 224   99
 223   99
 220   96
 219   96
 218   95
 217   95
 216   94
 214   94
 213   93
 212   93
 211   92
 207   92
 206   91
