 183   98
 182   99
 179   99
 178  100
 176  100
 175  101
 173  101
 172  102
 171  102
 170  103
 169  103
 168  104
 166  104
 165  105
 164  105
 163  106
 162  106
 161  107
 160  107
 159  108
 158  108
 157  109
 156  109
 155  110
 154  110
 153  111
 152  111
 150  113
 149  113
 147  115
 146  115
 144  117
 143  117
 141  119
 140  119
 138  121
 137  121
 135  123
 134  123
 132  125
 131  125
 126  130
 125  130
 119  136
 118  136
 114  140
 113  140
  96  157
  95  157
  94  158
  93  158
  92  159
  92  160
  89  163
  89  164
  87  166
  87  167
  85  169
  85  170
  84  171
  84  172
  82  174
  82  175
  81  176
  81  177
  80  178
  80  179
  78  181
  78  182
  76  184
  76  185
  75  186
  75  245
  77  247
  77  248
  78  249
  78  252
  79  253
  79  255
  80  256
  80  258
  81  259
  81  260
  82  261
  82  262
  83  263
  83  264
  84  265
  84  266
  85  267
  85  268
  86  269
  86  270
  87  271
  87  272
  89  274
  89  276
  91  278
  91  279
  93  281
  94  281
 106  293
 106  294
 107  295
 107  296
 109  298
 109  299
 120  310
 121  310
 123  312
 125  312
 126  313
 134  313
 135  314
 136  314
 137  315
 144  315
 155  326
 154  325
 154  323
 153  322
 153  321
 152  320
 152  319
 151  318
 151  317
 150  316
 150  315
 149  314
 149  312
 148  311
 148  295
 149  294
 150  294
 151  293
 152  293
 153  292
 154  292
 155  291
 154  290
 154  274
 155  273
 155  272
 157  270
 157  269
 158  268
 158  258
 159  257
 159  254
 158  253
 158  244
 156  242
 156  241
 150  235
 150  220
 152  218
 153  218
 159  212
 159  211
 161  209
 161  208
 168  201
 168  200
 169  199
 169  198
 170  197
 170  196
 171  195
 171  191
 172  190
 172  189
 173  188
 173  186
 174  185
 174  184
 175  183
 175  171
 176  170
 176  168
 177  167
 177  156
 178  155
 178  153
 179  152
 179  151
 180  150
 180  146
 181  145
 181  144
 182  143
 182  141
 186  137
 186  136
 189  133
 189  132
 191  130
 191  128
 192  127
 192  126
 193  125
 193  123
 194  122
 194  121
 195  120
 195  119
 196  118
 196  116
 197  115
 197  113
 198  112
 198  111
 199  110
 199  105
 196  102
 195  102
 194  101
 193  101
 192  100
 191  100
 190   99
 188   99
 187   98
