 201   51
 200   52
 195   52
 194   53
 191   53
 190   54
 187   54
 186   55
 183   55
 182   56
 180   56
 179   57
 176   57
 175   58
 173   58
 172   59
 170   59
 169   60
 167   60
 166   61
 164   61
 163   62
 162   62
 161   63
 160   63
 159   64
 158   64
 157   65
 155   65
 154   66
 153   66
 152   67
 151   67
 150   68
 149   68
 148   69
 147   69
 146   70
 145   70
 144   71
 143   71
 142   72
 141   72
 139   74
 138   74
 137   75
 136   75
 134   77
 133   77
 132   78
 131   78
 129   80
 128   80
 127   81
 126   81
 124   83
 123   83
 121   85
 120   85
 117   88
 116   88
 114   90
 113   90
 111   92
 110   92
 107   95
 106   95
 104   97
 103   97
 100  100
  99  100
  96  103
  95  103
  90  108
  89  108
  86  111
  85  111
  77  119
  76  119
  71  124
  70  124
  54  140
  54  141
  39  156
  39  157
  32  164
  32  165
  26  171
  26  173
  25  174
  25  300
  26  301
  26  303
  27  304
  27  306
  28  307
  28  308
  29  309
  29  311
  30  312
  30  313
  31  314
  31  316
  32  317
  32  318
  33  319
  33  321
  34  322
  34  324
  36  326
  36  328
  37  329
  37  330
  38  331
  38  332
  40  334
  40  335
  46  341
  46  342
  50  346
  50  347
  53  350
  54  350
  56  352
  56  353
  61  358
  61  359
  63  361
  63  362
  65  364
  65  365
  75  375
  76  375
  77  376
  78  376
  79  377
  85  377
  86  376
  91  376
  92  375
  96  375
  97  374
  99  374
 100  373
 101  373
 102  372
 104  372
 106  370
 107  370
 109  368
 110  368
 114  364
 115  364
 117  362
 118  362
 119  361
 120  361
 121  360
 122  360
 127  355
 127  353
 128  352
 128  350
 129  349
 129  348
 130  347
 130  346
 134  342
 135  342
 136  341
 137  341
 139  339
 140  339
 144  335
 144  334
 145  333
 145  329
 146  328
 146  325
 147  324
 147  321
 148  320
 148  318
 149  317
 149  316
 151  314
 151  313
 153  311
 154  311
 154  310
 157  307
 157  303
 156  302
 156  299
 155  298
 155  287
 154  286
 154  284
 153  283
 153  281
 151  279
 151  278
 149  276
 149  275
 143  269
 143  268
 138  263
 138  262
 132  256
 132  241
 133  240
 148  240
 149  239
 152  239
 153  238
 155  238
 156  237
 158  237
 159  236
 160  236
 161  235
 162  235
 163  234
 164  234
 167  231
 168  231
 172  227
 172  226
 174  224
 174  223
 178  219
 178  218
 180  216
 180  215
 183  212
 183  211
 187  207
 187  206
 188  205
 188  204
 190  202
 190  201
 191  200
 191  199
 192  198
 192  197
 193  196
 193  195
 195  193
 195  192
 196  191
 196  190
 197  189
 197  188
 198  187
 198  185
 199  184
 199  183
 200  182
 200  181
 201  180
 201  178
 202  177
 202  175
 203  174
 203  172
 204  171
 204  170
 205  169
 205  168
 206  167
 206  165
 207  164
 207  163
 208  162
 208  161
 209  160
 209  159
 210  158
 210  157
 211  156
 211  155
 212  154
 212  153
 213  152
 213  151
 214  150
 214  149
 215  148
 215  146
 216  145
 216  144
 218  142
 218  141
 219  140
 219  139
 220  138
 220  137
 221  136
 221  135
 222  134
 222  133
 224  131
 224  130
 225  129
 225  127
 226  126
 226  125
 228  123
 228  122
 229  121
 229  120
 230  119
 230  118
 231  117
 231  116
 232  115
 232  114
 233  113
 233  112
 235  110
 235  109
 236  108
 236  107
 237  106
 237  105
 238  104
 238  103
 239  102
 239  101
 240  100
 240   99
 241   98
 241   97
 242   96
 242   94
 243   93
 243   92
 244   91
 244   89
 245   88
 245   86
 246   85
 246   83
 247   82
 247   78
 248   77
 248   71
 247   70
 247   68
 246   67
 246   66
 244   64
 244   63
 243   63
 241   61
 240   61
 239   60
 238   60
 237   59
 236   59
 235   58
 234   58
 233   57
 232   57
 231   56
 230   56
 229   55
 228   55
 227   54
 225   54
 224   53
 221   53
 220   52
 213   52
 212   51
