 169  133
 168  134
 166  134
 165  135
 162  135
 161  136
 160  136
 159  137
 157  137
 156  138
 155  138
 154  139
 153  139
 152  140
 151  140
 150  141
 149  141
 147  143
 146  143
 144  145
 143  145
 141  147
 140  147
 139  148
 138  148
 137  149
 136  149
 135  150
 134  150
 132  152
 131  152
 129  154
 128  154
 126  156
 125  156
 123  158
 122  158
 120  160
 119  160
 116  163
 115  163
 112  166
 111  166
 109  168
 108  168
 103  173
 102  173
  98  177
  85  177
  84  178
  84  179
  83  180
  83  237
  85  239
  88  239
  89  240
  89  241
  90  242
  90  243
  92  245
  92  246
  94  248
  94  249
  95  250
  95  251
  96  252
  96  253
 102  259
 102  261
 103  262
 103  263
 104  264
 104  265
 105  266
 105  267
 106  268
 106  270
 107  271
 107  273
 108  274
 108  275
 111  278
 111  279
 114  282
 114  283
 124  293
 125  293
 127  295
 128  295
 129  296
 134  296
 135  297
 139  297
 140  296
 142  296
 143  295
 144  295
 145  294
 146  294
 147  293
 148  293
 149  292
 151  292
 153  290
 154  290
 156  288
 157  288
 159  286
 160  286
 170  276
 170  275
 171  274
 171  273
 172  272
 172  271
 173  270
 173  269
 174  268
 174  263
 175  262
 175  256
 174  255
 174  252
 173  251
 173  250
 172  249
 172  248
 170  246
 170  245
 168  243
 168  242
 166  240
 166  239
 159  232
 159  231
 158  230
 158  229
 157  228
 157  214
 160  211
 161  211
 163  209
 164  209
 167  206
 168  206
 178  196
 178  195
 180  193
 180  192
 181  191
 181  189
 182  188
 182  187
 183  186
 183  185
 184  184
 184  183
 185  182
 185  180
 186  179
 186  178
 187  177
 187  174
 188  173
 188  171
 189  170
 189  165
 190  164
 190  160
 191  159
 191  151
 190  150
 190  148
 189  147
 189  145
 187  143
 187  142
 185  140
 185  139
 184  139
 182  137
 181  137
 180  136
 179  136
 177  134
 176  134
 175  133
