 166  148
 165  149
 162  149
 161  150
 160  150
 159  151
 157  151
 156  152
 155  152
 154  153
 153  153
 152  154
 151  154
 149  156
 148  156
 147  157
 146  157
 145  158
 144  158
 143  159
 141  159
 138  162
 137  162
 136  163
 135  163
 134  164
 133  164
 132  165
 131  165
 130  166
 129  166
 127  168
 126  168
 124  170
 123  170
 121  172
 120  172
 118  174
 117  174
 115  176
 114  176
 112  178
 111  178
 109  180
 108  180
 105  183
 104  183
 101  186
 100  186
  97  189
  96  189
  91  194
  91  233
  93  235
  94  235
  98  239
  98  240
  99  241
  99  242
 101  244
 101  245
 103  247
 103  248
 104  249
 104  250
 105  251
 105  252
 106  253
 106  254
 107  255
 107  257
 108  258
 108  260
 109  261
 109  263
 111  265
 111  266
 121  276
 122  276
 123  277
 124  277
 125  278
 126  278
 128  280
 129  280
 130  281
 131  280
 134  280
 135  279
 137  279
 138  278
 140  278
 142  276
 143  276
 149  270
 150  270
 151  269
 151  268
 154  265
 154  264
 156  262
 156  261
 158  259
 158  258
 159  257
 159  254
 160  253
 160  248
 159  247
 159  243
 157  241
 157  239
 153  235
 153  221
 154  220
 155  220
 156  219
 157  219
 162  214
 163  214
 170  207
 170  206
 173  203
 173  202
 174  201
 174  200
 175  199
 175  198
 176  197
 176  195
 177  194
 177  193
 178  192
 178  190
 179  189
 179  187
 180  186
 180  183
 181  182
 181  180
 182  179
 182  176
 183  175
 183  171
 184  170
 184  167
 183  166
 183  162
 182  161
 182  160
 181  159
 181  158
 179  156
 178  156
 176  154
 175  154
 171  150
 170  150
 169  149
 168  149
 167  148
