 208   55
 207   56
 203   56
 202   57
 201   57
 200   58
 197   58
 196   59
 194   59
 193   60
 192   60
 191   61
 188   61
 187   62
 186   62
 185   63
 183   63
 182   64
 180   64
 179   65
 178   65
 177   66
 176   66
 175   67
 174   67
 173   68
 172   68
 171   69
 170   69
 169   70
 167   70
 165   72
 164   72
 163   73
 162   73
 161   74
 160   74
 159   75
 158   75
 156   77
 155   77
 154   78
 153   78
 152   79
 151   79
 149   81
 148   81
 147   82
 146   82
 144   84
 143   84
 141   86
 140   86
 137   89
 136   89
 133   92
 132   92
 128   96
 127   96
 122  101
 121  101
 110  112
 109  112
 103  118
 103  119
  83  139
  83  140
  75  148
  75  149
  71  153
  57  153
  56  152
  56  142
  53  145
  53  146
  50  149
  50  150
  47  153
  47  154
  39  162
  39  163
  38  164
  38  308
  39  309
  39  310
  40  311
  40  312
  42  314
  42  315
  44  317
  44  318
  47  321
  47  322
  49  324
  49  325
  51  327
  51  328
  64  341
  65  341
  67  343
  68  343
  70  345
  71  345
  75  349
  75  350
  77  352
  77  353
  79  355
  79  356
  80  357
  80  358
  83  361
  83  362
  93  372
  96  369
 106  369
 107  368
 109  368
 113  364
 113  363
 115  361
 115  360
 118  357
 121  357
 122  356
 123  356
 124  355
 125  355
 126  354
 127  354
 127  353
 129  351
 129  349
 130  348
 130  342
 132  340
 132  339
 133  338
 134  338
 135  337
 136  337
 137  336
 138  336
 139  335
 140  335
 143  332
 143  319
 144  318
 144  317
 145  316
 145  315
 147  313
 147  312
 150  309
 149  308
 149  291
 150  290
 150  287
 137  274
 137  273
 135  271
 135  270
 130  265
 130  251
 131  250
 142  250
 143  249
 150  249
 151  248
 153  248
 154  247
 156  247
 157  246
 158  246
 162  242
 162  241
 163  240
 163  238
 164  237
 164  236
 165  235
 165  233
 167  231
 167  230
 168  229
 168  228
 169  227
 169  225
 170  224
 170  223
 176  217
 176  216
 179  213
 179  212
 180  211
 180  209
 181  208
 181  206
 182  205
 182  201
 183  200
 183  199
 184  198
 184  196
 185  195
 185  194
 186  193
 186  191
 187  190
 187  189
 188  188
 188  186
 189  185
 189  182
 190  181
 190  180
 191  179
 191  174
 192  173
 192  171
 193  170
 193  167
 194  166
 194  164
 195  163
 195  161
 196  160
 196  158
 197  157
 197  156
 198  155
 198  153
 199  152
 199  151
 200  150
 200  149
 201  148
 201  147
 203  145
 203  144
 205  142
 205  141
 209  137
 209  136
 212  133
 212  132
 214  130
 214  129
 216  127
 216  126
 217  125
 217  123
 219  121
 219  120
 220  119
 220  118
 222  116
 222  115
 223  114
 223  113
 224  112
 224  111
 225  110
 225  109
 226  108
 226  106
 227  105
 227  104
 229  102
 229  101
 230  100
 230   99
 231   98
 231   97
 232   96
 232   94
 233   93
 233   90
 234   89
 234   85
 235   84
 235   77
 236   76
 236   74
 237   73
 236   72
 236   71
 235   70
 235   69
 234   68
 234   67
 233   66
 233   65
 230   62
 229   62
 228   61
 227   61
 226   60
 225   60
 224   59
 223   59
 222   58
 221   58
 220   57
 219   57
 218   56
 215   56
 214   55
