 176  112
 175  113
 171  113
 170  114
 167  114
 166  115
 163  115
 162  116
 161  116
 160  117
 158  117
 157  118
 156  118
 155  119
 154  119
 153  120
 151  120
 150  121
 149  121
 148  122
 147  122
 146  123
 145  123
 144  124
 143  124
 141  126
 140  126
 139  127
 138  127
 137  128
 136  128
 134  130
 133  130
 130  133
 129  133
 126  136
 125  136
 122  139
 121  139
 118  142
 117  142
 111  148
 110  148
 100  158
  99  158
  89  168
  89  169
  80  178
  80  179
  78  181
  78  182
  75  185
  75  186
  73  188
  73  189
  71  191
  71  192
  70  193
  70  194
  69  195
  69  290
  70  291
  70  292
  71  293
  71  294
  82  305
  83  305
  84  306
  86  306
  87  305
  88  305
  89  304
 104  304
 108  308
 109  308
 110  309
 111  309
 112  310
 112  311
 113  312
 113  313
 114  314
 129  314
 131  312
 138  312
 139  311
 140  311
 141  310
 142  310
 143  309
 143  297
 144  296
 145  296
 147  294
 148  294
 148  293
 149  292
 149  280
 152  277
 152  276
 149  273
 149  263
 148  262
 148  261
 147  260
 147  259
 145  257
 145  256
 141  252
 140  252
 136  248
 135  248
 133  246
 133  232
 134  231
 139  231
 140  230
 144  230
 145  229
 147  229
 148  228
 149  228
 150  227
 151  227
 153  225
 153  223
 158  218
 158  217
 160  215
 160  214
 162  212
 162  211
 166  207
 166  206
 167  205
 167  204
 168  203
 168  202
 169  201
 169  200
 171  198
 171  197
 172  196
 172  195
 173  194
 173  193
 175  191
 175  189
 177  187
 177  185
 178  184
 178  183
 180  181
 180  180
 183  177
 183  176
 184  175
 184  174
 185  173
 185  172
 186  171
 186  170
 187  169
 187  168
 188  167
 188  166
 190  164
 190  163
 192  161
 192  160
 194  158
 194  156
 195  155
 195  154
 197  152
 197  150
 199  148
 199  147
 200  146
 200  145
 201  144
 201  142
 202  141
 202  140
 203  139
 203  136
 204  135
 204  133
 205  132
 205  131
 204  130
 204  129
 203  128
 203  126
 202  125
 202  124
 201  123
 200  123
 198  121
 196  121
 191  116
 190  116
 189  115
 187  115
 186  114
 185  114
 184  113
 182  113
 181  112
