 220   46
 219   47
 215   47
 214   48
 210   48
 209   49
 206   49
 205   50
 203   50
 202   51
 199   51
 198   52
 196   52
 195   53
 194   53
 193   54
 191   54
 190   55
 189   55
 188   56
 187   56
 186   57
 185   57
 184   58
 183   58
 182   59
 181   59
 180   60
 179   60
 178   61
 177   61
 176   62
 175   62
 174   63
 173   63
 171   65
 170   65
 169   66
 168   66
 166   68
 165   68
 164   69
 163   69
 161   71
 160   71
 157   74
 156   74
 154   76
 153   76
 151   78
 150   78
 147   81
 146   81
 143   84
 142   84
 137   89
 136   89
 131   94
 130   94
 121  103
 120  103
 117  106
 116  106
 106  116
 105  116
  97  124
  96  124
  67  153
  66  153
  49  170
  49  171
  31  189
  31  190
  24  197
  24  198
  23  199
  23  299
  24  300
  24  301
  25  302
  25  303
  26  304
  26  305
  28  307
  28  308
  29  309
  29  310
  30  311
  30  312
  31  313
  31  314
  33  316
  33  317
  34  318
  34  319
  35  320
  35  321
  36  322
  36  323
  37  324
  37  325
  38  326
  38  327
  39  328
  39  329
  40  330
  40  331
  41  332
  41  333
  42  334
  42  335
  43  336
  43  337
  44  338
  44  340
  45  341
  45  342
  46  343
  46  346
  47  347
  47  349
  48  350
  48  351
  49  352
  49  353
  50  354
  50  355
  51  356
  51  357
  61  367
  62  367
  75  380
  77  380
  80  377
  95  377
  99  373
  99  371
 100  370
 100  368
 101  367
 101  365
 102  364
 102  363
 105  360
 109  360
 110  359
 111  359
 112  358
 114  358
 116  356
 117  356
 117  355
 118  354
 118  353
 119  352
 119  351
 120  350
 120  342
 121  341
 121  340
 123  338
 125  338
 126  337
 128  337
 129  336
 130  336
 134  332
 134  331
 135  330
 135  321
 136  320
 136  317
 141  312
 142  312
 144  310
 144  309
 143  308
 143  307
 142  306
 142  288
 140  286
 140  285
 128  273
 128  259
 129  258
 132  258
 133  257
 141  257
 142  256
 145  256
 146  255
 148  255
 149  254
 151  254
 152  253
 153  253
 154  252
 155  252
 157  250
 158  250
 167  241
 167  240
 169  238
 169  237
 171  235
 171  234
 173  232
 173  231
 174  230
 174  229
 176  227
 176  226
 177  225
 177  224
 178  223
 178  222
 179  221
 179  220
 180  219
 180  218
 181  217
 181  216
 182  215
 182  214
 183  213
 183  212
 184  211
 184  210
 185  209
 185  208
 187  206
 187  205
 188  204
 188  203
 189  202
 189  201
 190  200
 190  199
 191  198
 191  197
 193  195
 193  194
 194  193
 194  191
 195  190
 195  189
 196  188
 196  186
 197  185
 197  184
 198  183
 198  181
 199  180
 199  179
 200  178
 200  177
 201  176
 201  175
 202  174
 202  173
 203  172
 203  171
 204  170
 204  169
 205  168
 205  167
 207  165
 207  164
 208  163
 208  162
 209  161
 209  159
 210  158
 210  157
 211  156
 211  155
 212  154
 212  153
 213  152
 213  151
 214  150
 214  149
 215  148
 215  147
 217  145
 217  144
 218  143
 218  142
 221  139
 221  138
 222  137
 222  136
 226  132
 226  131
 227  130
 227  129
 229  127
 229  126
 230  125
 230  124
 231  123
 231  122
 232  121
 232  120
 234  118
 234  117
 235  116
 235  115
 236  114
 236  113
 237  112
 237  111
 238  110
 238  109
 239  108
 239  107
 241  105
 241  104
 242  103
 242  102
 243  101
 243  100
 244   99
 244   98
 245   97
 245   96
 246   95
 246   94
 247   93
 247   92
 248   91
 248   89
 249   88
 249   85
 250   84
 250   82
 251   81
 251   77
 252   76
 252   71
 251   70
 251   67
 250   66
 250   65
 249   64
 249   63
 248   62
 248   61
 246   59
 246   58
 241   53
 240   53
 239   52
 238   52
 237   51
 236   51
 235   50
 234   50
 233   49
 232   49
 231   48
 229   48
 228   47
 225   47
 224   46
