 181   99
 180  100
 178  100
 177  101
 174  101
 173  102
 171  102
 170  103
 168  103
 167  104
 165  104
 164  105
 163  105
 162  106
 161  106
 160  107
 158  107
 157  108
 156  108
 154  110
 153  110
 152  111
 151  111
 150  112
 149  112
 148  113
 147  113
 145  115
 144  115
 143  116
 142  116
 140  118
 139  118
 137  120
 136  120
 134  122
 133  122
 131  124
 130  124
 128  126
 127  126
 123  130
 122  130
 119  133
 118  133
 116  135
 115  135
 112  138
 111  138
 107  142
 106  142
 105  143
  91  143
  90  142
  90  138
  89  137
  89  136
  87  134
  87  135
  86  136
  86  137
  85  138
  85  139
  84  140
  84  141
  83  142
  83  144
  82  145
  82  146
  81  147
  81  148
  80  149
  80  150
  79  151
  79  152
  77  154
  77  155
  76  156
  76  157
  75  158
  75  159
  74  160
  74  161
  73  162
  73  163
  72  164
  72  167
  71  168
  71  254
  72  255
  72  258
  73  259
  73  261
  74  262
  74  264
  75  265
  75  266
  76  267
  76  268
  77  269
  77  270
  78  271
  78  272
  79  273
  79  274
  81  276
  81  277
  84  280
  84  281
  92  289
  92  290
  93  291
  93  292
  94  293
  94  294
  95  295
  95  296
  96  297
  96  298
  97  299
  97  300
  99  302
  99  303
 108  312
 109  312
 110  313
 117  313
 118  314
 119  314
 120  315
 121  315
 122  316
 123  316
 124  317
 131  317
 132  318
 132  319
 141  328
 140  327
 140  325
 138  323
 138  321
 137  320
 137  318
 136  317
 136  299
 138  297
 139  297
 140  296
 142  296
 144  294
 144  279
 146  277
 147  277
 151  273
 151  264
 153  262
 153  251
 152  250
 152  249
 143  240
 142  240
 141  239
 141  225
 143  223
 145  223
 146  222
 148  222
 155  215
 155  214
 166  203
 166  202
 167  201
 167  200
 168  199
 168  196
 169  195
 169  194
 170  193
 170  192
 171  191
 171  190
 172  189
 172  187
 173  186
 173  177
 174  176
 174  174
 175  173
 175  172
 176  171
 176  161
 177  160
 177  159
 178  158
 178  157
 179  156
 179  155
 180  154
 180  153
 181  152
 181  149
 182  148
 182  147
 183  146
 183  145
 186  142
 187  142
 192  137
 192  136
 194  134
 194  132
 196  130
 196  128
 197  127
 197  126
 198  125
 198  124
 199  123
 199  122
 200  121
 200  119
 201  118
 201  116
 202  115
 202  114
 203  113
 203  111
 202  110
 202  109
 199  106
 198  106
 197  105
 196  105
 193  102
 192  102
 190  100
 188  100
 187   99
