 221   21
 220   22
 214   22
 213   23
 211   23
 210   24
 207   24
 206   25
 203   25
 202   26
 201   26
 200   27
 199   27
 198   28
 197   28
 196   29
 195   29
 194   30
 193   30
 192   31
 191   31
 190   32
 189   32
 188   33
 187   33
 186   34
 185   34
 184   35
 183   35
 182   36
 181   36
 179   38
 178   38
 177   39
 176   39
 174   41
 173   41
 172   42
 171   42
 170   43
 169   43
 167   45
 166   45
 164   47
 163   47
 162   48
 161   48
 159   50
 158   50
 155   53
 154   53
 152   55
 151   55
 147   59
 146   59
 142   63
 141   63
 134   70
 133   70
 128   75
 127   75
 115   87
 114   87
  93  108
  93  109
  91  111
  90  111
  89  112
  89  113
  82  120
  82  121
  75  128
  75  129
  71  133
  71  134
  65  140
  65  141
  61  145
  61  146
  58  149
  58  150
  46  162
  46  163
  41  168
  41  169
  39  171
  39  172
  34  177
  34  178
  30  182
  30  183
  27  186
  27  187
  24  190
  24  191
  21  194
  21  195
  19  197
  19  198
  18  199
  18  319
  20  321
  20  322
  23  325
  23  326
  25  328
  25  329
  31  335
  31  336
  34  339
  34  340
  38  344
  38  345
  42  349
  42  350
  49  357
  49  358
  64  373
  65  373
  75  383
  75  384
  76  385
  76  386
  77  387
  77  389
  78  390
  78  391
  80  393
  80  394
  85  399
  86  399
  89  402
  89  403
  93  407
  95  407
  96  406
 115  406
 116  405
 117  405
 121  401
 121  400
 126  395
 128  395
 129  394
 130  394
 131  393
 132  393
 133  392
 134  392
 135  391
 136  391
 136  390
 138  388
 138  386
 139  385
 139  383
 140  382
 140  377
 141  376
 141  374
 145  370
 146  370
 147  369
 148  369
 150  367
 151  367
 154  364
 154  363
 155  362
 155  360
 156  359
 156  343
 157  342
 157  341
 161  337
 161  336
 164  333
 164  330
 163  329
 163  328
 162  327
 162  326
 161  325
 161  324
 160  323
 160  313
 159  312
 159  309
 158  308
 158  307
 155  304
 155  303
 147  295
 146  295
 143  292
 142  292
 139  289
 138  289
 134  285
 133  285
 130  282
 129  282
 128  281
 128  267
 129  266
 132  266
 133  265
 136  265
 137  264
 141  264
 142  263
 146  263
 147  262
 150  262
 151  261
 154  261
 155  260
 156  260
 157  259
 158  259
 159  258
 160  258
 161  257
 162  257
 169  250
 169  249
 171  247
 171  246
 173  244
 173  243
 174  242
 174  241
 177  238
 177  237
 178  236
 178  235
 179  234
 179  233
 181  231
 181  229
 183  227
 183  226
 184  225
 184  224
 185  223
 185  222
 186  221
 186  220
 187  219
 187  218
 188  217
 188  216
 189  215
 189  213
 190  212
 190  211
 191  210
 191  208
 192  207
 192  206
 193  205
 193  204
 194  203
 194  201
 195  200
 195  199
 196  198
 196  196
 197  195
 197  194
 198  193
 198  190
 199  189
 199  188
 200  187
 200  186
 201  185
 201  184
 203  182
 203  181
 204  180
 204  179
 205  178
 205  176
 206  175
 206  174
 207  173
 207  172
 208  171
 208  170
 209  169
 209  168
 210  167
 210  166
 211  165
 211  164
 212  163
 212  162
 213  161
 213  160
 214  159
 214  158
 215  157
 215  156
 216  155
 216  153
 217  152
 217  151
 218  150
 218  149
 219  148
 219  147
 220  146
 220  145
 221  144
 221  143
 222  142
 222  140
 223  139
 223  138
 224  137
 224  136
 225  135
 225  133
 226  132
 226  131
 227  130
 227  129
 228  128
 228  127
 229  126
 229  125
 230  124
 230  123
 231  122
 231  120
 232  119
 232  118
 233  117
 233  116
 234  115
 234  114
 235  113
 235  112
 236  111
 236  110
 237  109
 237  108
 238  107
 238  105
 239  104
 239  103
 240  102
 240  101
 241  100
 241   99
 242   98
 242   97
 243   96
 243   95
 244   94
 244   91
 245   90
 245   89
 246   88
 246   86
 247   85
 247   84
 248   83
 248   81
 249   80
 249   77
 250   76
 250   75
 251   74
 251   71
 252   70
 252   69
 253   68
 253   63
 254   62
 254   59
 255   58
 255   53
 256   52
 256   47
 257   46
 256   45
 256   42
 255   41
 255   39
 254   38
 254   37
 253   36
 253   35
 249   31
 248   31
 247   30
 246   30
 245   29
 244   29
 243   28
 242   28
 241   27
 240   27
 239   26
 238   26
 236   24
 235   24
 234   23
 233   23
 232   22
 229   22
 228   21
