 169  143
 168  144
 163  144
 162  145
 160  145
 159  146
 157  146
 156  147
 154  147
 153  148
 151  148
 150  149
 149  149
 148  150
 146  150
 145  151
 144  151
 143  152
 142  152
 141  153
 139  153
 138  154
 137  154
 136  155
 135  155
 134  156
 133  156
 132  157
 131  157
 130  158
 129  158
 128  159
 127  159
 126  160
 125  160
 124  161
 123  161
 121  163
 120  163
 118  165
 117  165
 116  166
 115  166
 114  167
 113  167
 112  168
 111  168
 110  169
 109  169
 108  170
 106  170
 105  171
 104  171
 103  172
 100  172
  99  173
  93  173
  87  179
  86  179
  84  181
  84  230
  86  232
  87  232
  88  233
  88  234
  91  237
  91  238
  93  240
  93  241
  95  243
  95  244
  97  246
  97  247
  98  248
  98  249
  99  250
  99  253
 100  254
 100  256
 101  257
 101  260
 102  261
 102  263
 103  264
 103  266
 104  267
 104  268
 116  280
 117  280
 118  281
 119  281
 120  282
 121  282
 122  283
 123  283
 124  284
 125  284
 126  285
 128  285
 129  286
 130  286
 131  285
 134  285
 135  284
 139  284
 140  283
 142  283
 143  282
 145  282
 146  281
 147  281
 148  280
 149  280
 151  278
 152  278
 158  272
 158  271
 160  269
 160  266
 161  265
 161  263
 162  262
 162  254
 160  252
 160  251
 158  249
 158  248
 151  241
 151  240
 143  232
 143  217
 144  216
 149  216
 150  215
 151  215
 152  214
 155  214
 156  213
 157  213
 158  212
 159  212
 160  211
 161  211
 162  210
 163  210
 165  208
 166  208
 177  197
 177  196
 179  194
 179  193
 180  192
 180  191
 181  190
 181  189
 182  188
 182  187
 183  186
 183  184
 184  183
 184  181
 185  180
 185  178
 186  177
 186  174
 187  173
 187  171
 188  170
 188  167
 189  166
 189  164
 190  163
 190  159
 189  158
 189  157
 188  156
 188  155
 185  152
 184  152
 182  150
 181  150
 177  146
 176  146
 175  145
 174  145
 173  144
 171  144
 170  143
