 171  121
 170  122
 167  122
 166  123
 164  123
 163  124
 161  124
 160  125
 159  125
 158  126
 157  126
 156  127
 155  127
 154  128
 153  128
 152  129
 151  129
 150  130
 149  130
 147  132
 146  132
 145  133
 144  133
 142  135
 141  135
 139  137
 138  137
 135  140
 134  140
 130  144
 129  144
 126  147
 125  147
 117  155
 116  155
  89  182
  89  183
  84  188
  84  189
  82  191
  81  191
  79  193
  79  194
  78  195
  78  196
  77  197
  77  198
  76  199
  76  290
  78  292
  79  292
  90  303
  91  303
  92  304
  93  304
  94  305
  95  305
  96  306
  98  304
 100  304
 101  303
 102  303
 103  302
 119  302
 124  307
 125  306
 135  306
 136  305
 137  305
 142  300
 143  300
 144  299
 147  299
 148  298
 149  298
 151  296
 151  294
 152  293
 152  289
 158  283
 158  282
 159  281
 159  270
 158  269
 158  268
 157  267
 157  265
 156  264
 156  262
 155  261
 155  256
 153  254
 153  253
 149  249
 148  249
 147  248
 147  234
 148  233
 159  233
 160  232
 161  232
 162  231
 163  231
 164  230
 165  230
 169  226
 169  225
 174  220
 174  219
 177  216
 177  215
 178  214
 178  213
 179  212
 179  210
 180  209
 180  208
 181  207
 181  206
 182  205
 182  204
 183  203
 183  200
 184  199
 184  195
 185  194
 185  191
 186  190
 186  189
 187  188
 187  185
 188  184
 188  181
 189  180
 189  177
 190  176
 190  175
 191  174
 191  173
 192  172
 192  171
 193  170
 193  168
 194  167
 194  162
 195  161
 195  159
 196  158
 196  154
 197  153
 197  150
 198  149
 198  141
 197  140
 197  139
 196  138
 196  137
 195  136
 195  135
 193  133
 193  132
 192  131
 191  131
 189  129
 188  129
 185  126
 184  126
 182  124
 181  124
 180  123
 178  123
 177  122
 176  122
 175  121
