 164  121
 163  122
 161  122
 160  123
 158  123
 157  124
 156  124
 155  125
 153  125
 152  126
 151  126
 150  127
 149  127
 148  128
 147  128
 146  129
 145  129
 144  130
 143  130
 141  132
 140  132
 137  135
 136  135
 134  137
 133  137
 128  142
 127  142
 124  145
 123  145
 120  148
 119  148
 116  151
 115  151
 112  154
 112  155
  93  174
  93  175
  88  180
  88  181
  85  184
  85  185
  82  188
  82  189
  79  192
  79  193
  78  194
  78  268
  79  269
  79  272
  80  273
  80  274
  81  275
  81  279
  82  280
  82  281
  83  282
  83  285
  86  288
  86  289
  87  290
  88  290
  93  295
  94  295
  99  300
 100  300
 107  307
 119  307
 120  306
 122  306
 123  305
 124  305
 126  303
 126  302
 127  301
 129  301
 130  300
 135  300
 137  298
 138  298
 139  297
 139  296
 140  295
 140  294
 141  293
 141  290
 144  287
 145  287
 148  284
 148  283
 149  282
 149  270
 150  269
 150  268
 151  267
 150  266
 150  265
 148  263
 148  261
 147  260
 147  258
 146  257
 146  256
 145  255
 145  254
 144  253
 144  252
 138  246
 138  245
 136  243
 135  243
 133  241
 133  227
 134  226
 147  226
 148  225
 152  225
 153  224
 156  224
 157  223
 158  223
 159  222
 160  222
 162  220
 163  220
 165  218
 166  218
 170  214
 170  213
 172  211
 172  210
 174  208
 174  207
 175  206
 175  205
 176  204
 176  203
 177  202
 177  201
 178  200
 178  199
 179  198
 179  196
 180  195
 180  194
 181  193
 181  191
 182  190
 182  189
 183  188
 183  187
 184  186
 184  185
 185  184
 185  182
 186  181
 186  180
 187  179
 187  176
 188  175
 188  172
 189  171
 189  170
 190  169
 190  167
 191  166
 191  164
 192  163
 192  160
 193  159
 193  157
 194  156
 194  149
 195  148
 195  146
 196  145
 196  143
 195  142
 195  140
 194  139
 194  137
 193  136
 193  135
 192  134
 192  133
 187  128
 186  128
 184  126
 183  126
 181  124
 180  124
 179  123
 178  123
 177  122
 176  122
 175  121
