 178  123
 177  124
 174  124
 173  125
 170  125
 169  126
 168  126
 167  127
 165  127
 164  128
 163  128
 162  129
 161  129
 160  130
 158  130
 157  131
 156  131
 155  132
 154  132
 153  133
 152  133
 150  135
 149  135
 148  136
 147  136
 146  137
 145  137
 143  139
 142  139
 140  141
 139  141
 137  143
 136  143
 133  146
 132  146
 128  150
 127  150
 119  158
 118  158
 110  166
 109  166
 102  173
 101  173
  94  180
  90  180
  90  181
  89  182
  89  183
  88  184
  88  185
  81  192
  80  192
  78  194
  78  256
  80  258
  82  258
  84  260
  84  262
  88  266
  88  267
  90  269
  90  270
  93  273
  93  274
 115  296
 116  296
 119  299
 121  299
 124  302
 139  302
 140  301
 141  301
 141  300
 144  297
 152  297
 153  296
 154  296
 156  294
 156  283
 159  280
 159  264
 158  263
 158  262
 154  258
 154  257
 151  254
 151  250
 150  249
 150  233
 151  232
 151  230
 152  229
 153  229
 154  228
 155  228
 162  221
 162  220
 164  218
 164  217
 165  216
 165  215
 167  213
 167  212
 169  210
 169  209
 170  208
 170  207
 171  206
 171  205
 173  203
 173  201
 175  199
 175  197
 177  195
 177  194
 178  193
 178  192
 179  191
 179  190
 180  189
 180  188
 181  187
 181  185
 182  184
 182  183
 183  182
 183  181
 184  180
 184  178
 185  177
 185  176
 186  175
 186  174
 187  173
 187  171
 188  170
 188  167
 189  166
 189  165
 190  164
 190  161
 191  160
 191  158
 192  157
 192  155
 193  154
 193  151
 194  150
 194  148
 195  147
 195  141
 196  140
 196  137
 197  136
 197  134
 196  133
 196  132
 193  129
 192  129
 190  127
 189  127
 188  126
 187  126
 186  125
 184  125
 183  124
 182  124
 181  123
