 183  109
 182  110
 177  110
 176  111
 173  111
 172  112
 169  112
 168  113
 167  113
 166  114
 164  114
 163  115
 162  115
 161  116
 160  116
 159  117
 157  117
 156  118
 155  118
 154  119
 153  119
 152  120
 151  120
 150  121
 149  121
 148  122
 147  122
 146  123
 145  123
 143  125
 142  125
 139  128
 138  128
 135  131
 134  131
 131  134
 130  134
 127  137
 126  137
 122  141
 121  141
 119  143
 118  143
 116  145
 106  145
 106  146
 102  150
 102  151
 101  152
 101  153
  99  155
  99  156
  98  157
  98  158
  91  165
  91  166
  87  170
  87  171
  78  180
  78  181
  67  192
  67  193
  66  194
  66  259
  67  260
  67  261
  68  262
  68  264
  69  265
  69  266
  70  267
  70  268
  71  269
  71  270
  72  271
  72  272
  74  274
  74  275
  76  277
  76  278
  78  280
  78  281
  80  283
  80  284
  95  299
  96  299
  98  301
  99  301
 101  303
 102  303
 103  304
 105  304
 106  305
 109  305
 111  307
 111  308
 113  310
 114  310
 115  311
 116  311
 119  314
 119  315
 120  316
 121  316
 123  314
 135  314
 136  313
 137  313
 137  312
 138  311
 138  309
 139  308
 139  307
 141  305
 147  305
 148  304
 149  304
 150  303
 151  303
 154  300
 154  288
 155  287
 155  286
 159  282
 159  265
 158  264
 158  263
 156  261
 155  261
 151  257
 151  256
 150  255
 150  253
 149  252
 149  251
 148  250
 148  249
 147  248
 147  247
 146  246
 146  231
 147  230
 153  230
 154  229
 157  229
 158  228
 160  228
 162  226
 163  226
 164  225
 165  225
 168  222
 169  222
 171  220
 171  219
 175  215
 175  214
 177  212
 177  211
 179  209
 179  208
 181  206
 181  205
 182  204
 182  203
 183  202
 183  200
 184  199
 184  198
 185  197
 185  196
 186  195
 186  194
 187  193
 187  191
 188  190
 188  188
 189  187
 189  185
 190  184
 190  179
 191  178
 191  176
 193  174
 193  173
 194  172
 194  171
 195  170
 195  169
 196  168
 196  166
 197  165
 197  163
 198  162
 198  161
 199  160
 199  159
 200  158
 200  157
 201  156
 201  153
 202  152
 202  151
 203  150
 203  148
 204  147
 204  145
 205  144
 205  142
 206  141
 206  138
 207  137
 207  130
 208  129
 208  123
 207  122
 207  121
 204  118
 203  118
 202  117
 201  117
 198  114
 197  114
 196  113
 195  113
 194  112
 192  112
 191  111
 190  111
 189  110
 184  110
