 160  142
 159  143
 158  143
 157  144
 155  144
 154  145
 153  145
 151  147
 150  147
 149  148
 148  148
 147  149
 146  149
 145  150
 144  150
 143  151
 142  151
 139  154
 138  154
 137  155
 136  155
 134  157
 133  157
 129  161
 128  161
 124  165
 123  165
 121  167
 120  167
 113  174
 112  174
 110  176
 109  176
  93  192
  92  192
  90  194
  90  195
  89  196
  89  240
  91  242
  96  242
  97  243
  97  244
  98  245
  98  246
 100  248
 100  249
 101  250
 101  252
 102  253
 102  254
 103  255
 103  256
 104  257
 104  258
 105  259
 105  262
 106  263
 106  264
 107  265
 107  267
 108  268
 108  269
 109  270
 109  271
 110  272
 110  273
 115  278
 115  279
 117  281
 118  281
 119  282
 120  282
 122  284
 123  284
 125  286
 126  286
 127  287
 130  287
 131  288
 132  288
 133  287
 136  287
 137  286
 139  286
 140  285
 141  285
 142  284
 143  284
 145  282
 146  282
 151  277
 152  277
 153  276
 153  275
 154  274
 155  274
 155  273
 157  271
 157  270
 158  269
 158  268
 160  266
 160  265
 161  264
 161  263
 162  262
 162  259
 163  258
 163  256
 164  255
 164  250
 163  249
 163  248
 162  247
 162  245
 161  244
 161  243
 160  242
 160  241
 158  239
 158  238
 152  232
 152  218
 154  216
 155  216
 156  215
 157  215
 158  214
 160  214
 162  212
 163  212
 166  209
 167  209
 175  201
 175  200
 178  197
 178  196
 179  195
 179  194
 180  193
 180  192
 181  191
 181  190
 182  189
 182  188
 183  187
 183  185
 184  184
 184  181
 185  180
 185  176
 186  175
 186  169
 185  168
 185  165
 184  164
 184  161
 183  160
 183  159
 182  158
 182  157
 181  156
 181  155
 173  147
 172  147
 169  144
 168  144
 167  143
 166  143
 165  142
