 203   28
 202   29
 198   29
 197   30
 194   30
 193   31
 191   31
 190   32
 187   32
 186   33
 184   33
 183   34
 181   34
 180   35
 179   35
 178   36
 176   36
 175   37
 173   37
 172   38
 171   38
 170   39
 169   39
 168   40
 167   40
 166   41
 165   41
 164   42
 163   42
 162   43
 161   43
 160   44
 158   44
 157   45
 156   45
 155   46
 154   46
 152   48
 151   48
 150   49
 149   49
 148   50
 147   50
 145   52
 144   52
 142   54
 141   54
 139   56
 138   56
 136   58
 135   58
 134   59
 133   59
 130   62
 129   62
 125   66
 124   66
 119   71
 118   71
 106   83
 105   83
  84  104
  84  105
  75  114
  75  115
  60  130
  57  130
  56  131
  55  131
  55  132
  53  134
  53  136
  52  137
  52  139
  51  140
  51  141
  49  143
  49  144
  45  148
  45  149
  42  152
  42  153
  38  157
  38  158
  22  174
  22  175
  21  176
  21  177
  20  178
  20  321
  21  322
  21  324
  22  325
  22  326
  24  328
  24  329
  25  330
  25  331
  29  335
  29  336
  31  338
  31  339
  35  343
  35  344
  38  347
  39  347
  46  354
  47  354
  52  359
  53  359
  57  363
  58  363
  60  365
  61  365
  64  368
  65  368
  66  369
  66  370
  67  371
  68  371
  70  373
  70  375
  71  376
  71  377
  72  378
  72  379
  73  380
  73  381
  74  382
  74  383
  75  384
  75  385
  77  387
  77  388
  86  397
  87  397
  88  398
  89  398
  90  399
  91  399
  92  400
  94  400
  96  398
  97  398
 101  394
 121  394
 122  395
 124  395
 126  393
 127  393
 127  392
 128  391
 128  390
 129  389
 129  388
 130  387
 130  386
 132  384
 134  384
 135  383
 150  383
 151  382
 152  382
 153  381
 154  381
 157  378
 157  375
 158  374
 158  363
 159  362
 159  361
 163  357
 164  357
 165  356
 166  356
 167  355
 168  355
 169  354
 170  354
 174  350
 174  345
 173  344
 173  342
 172  341
 172  324
 173  323
 173  322
 174  321
 174  320
 177  317
 177  316
 178  315
 178  314
 177  313
 177  312
 176  311
 176  310
 174  308
 174  307
 172  305
 172  304
 170  302
 170  299
 169  298
 169  296
 168  295
 168  293
 166  291
 166  290
 158  282
 157  282
 152  277
 151  277
 150  276
 149  276
 147  274
 147  260
 148  259
 149  259
 150  258
 155  258
 156  257
 159  257
 160  256
 161  256
 162  255
 164  255
 174  245
 174  244
 176  242
 176  241
 179  238
 179  237
 181  235
 181  234
 182  233
 182  232
 185  229
 185  228
 193  220
 193  219
 195  217
 195  216
 197  214
 197  213
 198  212
 198  211
 199  210
 199  209
 200  208
 200  207
 201  206
 201  205
 202  204
 202  203
 203  202
 203  201
 204  200
 204  199
 205  198
 205  197
 207  195
 207  194
 210  191
 210  190
 211  189
 211  187
 212  186
 212  185
 213  184
 213  181
 214  180
 214  178
 215  177
 215  174
 216  173
 216  171
 217  170
 217  169
 218  168
 218  167
 219  166
 219  165
 220  164
 220  162
 221  161
 221  160
 222  159
 222  155
 223  154
 223  152
 224  151
 224  150
 225  149
 225  148
 226  147
 226  144
 227  143
 227  142
 228  141
 228  139
 230  137
 230  135
 231  134
 231  133
 232  132
 232  130
 233  129
 233  127
 234  126
 234  125
 235  124
 235  122
 236  121
 236  120
 237  119
 237  117
 238  116
 238  115
 239  114
 239  112
 240  111
 240  110
 241  109
 241  108
 242  107
 242  106
 243  105
 243  104
 244  103
 244  101
 245  100
 245   98
 246   97
 246   96
 247   95
 247   94
 248   93
 248   91
 249   90
 249   88
 250   87
 250   85
 251   84
 251   82
 252   81
 252   71
 253   70
 253   64
 254   63
 254   58
 253   57
 253   55
 252   54
 252   51
 251   50
 251   49
 250   48
 250   47
 247   44
 246   44
 245   43
 244   43
 243   42
 242   42
 241   41
 240   41
 239   40
 238   40
 237   39
 236   39
 235   38
 234   38
 233   37
 232   37
 231   36
 230   36
 229   35
 228   35
 227   34
 226   34
 225   33
 224   33
 223   32
 221   32
 220   31
 218   31
 217   30
 215   30
 214   29
 210   29
 209   28
