 160  148
 159  149
 157  149
 156  150
 155  150
 154  151
 152  151
 151  152
 150  152
 149  153
 148  153
 147  154
 146  154
 144  156
 143  156
 142  157
 141  157
 139  159
 138  159
 137  160
 136  160
 134  162
 133  162
 131  164
 130  164
 128  166
 127  166
 126  167
 125  167
 124  168
 123  168
 120  171
 119  171
 113  177
 112  177
 111  178
 110  178
 109  179
 108  179
 107  180
 106  180
 105  181
 102  181
 101  182
 100  182
  99  183
  98  183
  95  186
  95  187
  93  189
  93  190
  91  192
  91  193
  90  194
  90  236
  92  238
  98  238
  99  239
 100  239
 102  241
 102  242
 108  248
 108  249
 110  251
 110  252
 112  254
 112  256
 113  257
 113  258
 114  259
 114  260
 115  261
 115  262
 116  263
 116  264
 119  267
 119  268
 124  273
 125  273
 128  276
 129  276
 131  278
 132  278
 133  279
 134  279
 135  280
 139  280
 140  281
 141  281
 142  280
 145  280
 146  279
 147  279
 148  278
 149  278
 150  277
 151  277
 157  271
 157  270
 159  268
 159  267
 160  266
 160  265
 162  263
 162  262
 164  260
 164  259
 165  258
 165  257
 166  256
 166  253
 167  252
 167  245
 166  244
 166  242
 165  241
 165  240
 164  239
 164  238
 159  233
 158  233
 157  232
 157  217
 160  214
 161  214
 162  213
 163  213
 165  211
 166  211
 169  208
 169  207
 171  205
 171  204
 174  201
 174  200
 176  198
 176  197
 177  196
 177  195
 178  194
 178  193
 179  192
 179  190
 180  189
 180  186
 181  185
 181  180
 182  179
 182  174
 183  173
 183  170
 184  169
 184  165
 183  164
 183  162
 181  160
 181  159
 176  154
 175  154
 172  151
 171  151
 169  149
 168  149
 167  148
