 164  139
 163  140
 161  140
 160  141
 159  141
 158  142
 157  142
 156  143
 155  143
 154  144
 153  144
 152  145
 151  145
 149  147
 148  147
 146  149
 145  149
 142  152
 141  152
 138  155
 137  155
 134  158
 133  158
 127  164
 126  164
 124  166
 124  167
 119  172
 118  172
 114  176
 113  176
 107  182
 106  182
 103  185
 101  185
  99  187
  98  187
  93  192
  93  193
  92  194
  92  240
  94  242
  97  242
 103  248
 103  249
 108  254
 108  255
 109  256
 109  257
 110  258
 110  259
 111  260
 111  261
 112  262
 112  263
 113  264
 113  266
 114  267
 114  268
 115  269
 115  270
 116  271
 116  272
 117  273
 117  274
 118  275
 118  276
 120  278
 120  279
 125  284
 126  284
 128  286
 129  286
 130  287
 131  287
 132  288
 133  288
 134  289
 135  289
 136  290
 141  290
 142  289
 144  289
 145  288
 146  288
 147  287
 149  287
 151  285
 152  285
 153  284
 154  284
 163  275
 163  274
 165  272
 165  271
 166  270
 166  269
 167  268
 167  266
 168  265
 168  262
 169  261
 169  260
 170  259
 170  253
 169  252
 169  251
 168  250
 168  249
 167  248
 167  247
 165  245
 165  244
 154  233
 154  218
 155  217
 156  217
 157  216
 158  216
 161  213
 162  213
 172  203
 172  202
 174  200
 174  199
 176  197
 176  196
 177  195
 177  194
 178  193
 178  191
 179  190
 179  189
 180  188
 180  186
 181  185
 181  181
 182  180
 182  177
 183  176
 183  162
 182  161
 182  160
 181  159
 181  156
 180  155
 180  154
 179  153
 179  152
 178  151
 178  150
 176  148
 176  147
 174  145
 173  145
 169  141
 168  141
 167  140
 166  140
 165  139
