 200   38
 199   39
 195   39
 194   40
 191   40
 190   41
 188   41
 187   42
 185   42
 184   43
 182   43
 181   44
 180   44
 179   45
 177   45
 176   46
 175   46
 174   47
 173   47
 172   48
 171   48
 170   49
 168   49
 166   51
 165   51
 164   52
 163   52
 162   53
 161   53
 160   54
 159   54
 157   56
 156   56
 155   57
 154   57
 153   58
 152   58
 150   60
 149   60
 146   63
 145   63
 143   65
 142   65
 139   68
 138   68
 135   71
 134   71
 130   75
 129   75
 125   79
 124   79
 117   86
 116   86
 114   88
 114   89
 100  103
 100  104
  94  110
  94  111
  87  118
  87  119
  83  123
  83  124
  80  127
  80  128
  72  136
  67  136
  66  137
  65  137
  64  138
  63  138
  62  139
  61  139
  60  140
  59  140
  57  142
  56  142
  50  148
  50  149
  46  153
  46  154
  42  158
  42  159
  40  161
  40  162
  37  165
  37  166
  35  168
  35  169
  34  170
  34  310
  35  311
  35  312
  36  313
  36  314
  37  315
  37  316
  38  317
  38  318
  39  319
  39  320
  40  321
  40  323
  41  324
  41  325
  43  327
  43  328
  44  329
  44  330
  45  331
  45  332
  47  334
  47  336
  48  337
  48  338
  49  339
  49  341
  50  342
  50  343
  51  344
  51  345
  52  346
  52  347
  54  349
  54  350
  55  351
  55  352
  57  354
  57  355
  62  360
  62  361
  70  369
  71  369
  73  371
  74  371
  80  377
  80  378
  83  381
  83  382
  84  383
  85  383
  87  385
  87  386
  88  387
  89  387
  91  389
  92  389
  93  390
 117  390
 118  389
 119  389
 120  388
 121  388
 124  385
 125  385
 127  383
 129  383
 130  382
 138  382
 139  381
 141  381
 142  380
 143  380
 145  378
 146  378
 146  377
 149  374
 149  372
 150  371
 150  368
 151  367
 151  365
 152  364
 152  363
 155  360
 156  360
 157  359
 158  359
 159  358
 160  358
 164  354
 164  353
 166  351
 166  349
 165  348
 165  326
 166  325
 166  324
 167  323
 167  322
 168  321
 167  320
 167  318
 165  316
 165  315
 164  314
 164  313
 162  311
 162  310
 161  309
 161  308
 160  307
 160  306
 158  304
 158  302
 157  301
 157  299
 156  298
 156  295
 154  293
 154  292
 152  290
 152  289
 141  278
 140  278
 137  275
 136  275
 132  271
 131  271
 127  267
 126  267
 123  264
 122  264
 118  260
 117  260
 115  258
 114  258
 113  257
 113  242
 114  241
 126  241
 127  240
 137  240
 138  239
 144  239
 145  238
 148  238
 149  237
 153  237
 154  236
 157  236
 158  235
 160  235
 161  234
 164  234
 165  233
 168  233
 169  232
 171  232
 172  231
 174  231
 176  229
 177  229
 179  227
 179  226
 181  224
 181  223
 182  222
 182  221
 183  220
 183  219
 184  218
 184  217
 185  216
 186  216
 187  215
 189  215
 190  214
 191  214
 192  213
 193  213
 198  208
 198  207
 199  206
 199  205
 200  204
 200  202
 201  201
 201  199
 202  198
 202  195
 203  194
 203  193
 205  191
 205  190
 206  189
 206  188
 207  187
 207  186
 208  185
 208  183
 209  182
 209  181
 210  180
 210  177
 211  176
 211  174
 212  173
 212  168
 213  167
 213  165
 214  164
 214  163
 215  162
 215  160
 216  159
 216  158
 217  157
 217  155
 218  154
 218  153
 219  152
 219  149
 220  148
 220  146
 221  145
 221  140
 222  139
 222  138
 223  137
 223  135
 225  133
 225  132
 226  131
 226  130
 227  129
 227  128
 228  127
 228  126
 229  125
 229  123
 230  122
 230  120
 231  119
 231  117
 232  116
 232  112
 233  111
 233  110
 234  109
 234  106
 235  105
 235  104
 236  103
 236  101
 237  100
 237   97
 238   96
 238   90
 239   89
 239   87
 240   86
 240   82
 241   81
 241   67
 240   66
 240   62
 239   61
 239   59
 238   58
 238   56
 237   55
 237   54
 236   53
 236   52
 235   51
 234   51
 233   50
 232   50
 231   49
 230   49
 229   48
 227   48
 226   47
 225   47
 222   44
 221   44
 219   42
 217   42
 216   41
 215   41
 214   40
 212   40
 211   39
 210   39
 209   38
