 173   95
 172   96
 168   96
 167   97
 166   97
 165   98
 162   98
 161   99
 160   99
 159  100
 157  100
 156  101
 155  101
 154  102
 153  102
 152  103
 151  103
 150  104
 149  104
 148  105
 147  105
 145  107
 144  107
 142  109
 141  109
 140  110
 139  110
 137  112
 136  112
 134  114
 133  114
 129  118
 128  118
 123  123
 122  123
 117  128
 102  128
 101  127
 101  124
  99  122
  99  121
  98  121
  96  123
  95  123
  94  124
  94  126
  93  127
  93  131
  92  132
  92  133
  91  134
  91  136
  90  137
  90  138
  88  140
  88  141
  86  143
  86  144
  83  147
  83  148
  79  152
  79  153
  76  156
  76  157
  74  159
  74  160
  73  161
  73  251
  74  252
  74  253
  80  259
  80  260
  87  267
  87  268
  88  269
  88  270
  89  271
  89  272
  90  273
  91  273
  92  274
  93  274
  95  276
  95  280
  96  281
  96  282
  97  283
  97  284
  98  285
  98  286
  99  287
 100  287
 102  289
 102  291
 103  292
 103  296
 104  297
 104  305
 105  306
 105  307
 106  308
 106  309
 113  316
 114  316
 115  315
 136  315
 138  317
 149  317
 148  316
 148  315
 147  314
 147  313
 146  312
 146  296
 150  292
 152  292
 153  291
 154  291
 154  275
 158  271
 159  271
 160  270
 161  270
 158  267
 158  266
 157  265
 157  249
 158  248
 155  245
 155  244
 150  239
 150  238
 149  237
 149  236
 148  235
 148  234
 147  233
 147  232
 146  231
 146  230
 143  227
 143  212
 144  211
 151  211
 152  210
 154  210
 155  209
 158  209
 160  207
 161  207
 168  200
 168  199
 172  195
 172  194
 174  192
 174  191
 175  190
 175  189
 176  188
 176  187
 177  186
 177  185
 178  184
 178  183
 180  181
 180  178
 181  177
 181  176
 182  175
 182  172
 183  171
 183  168
 184  167
 184  165
 185  164
 185  163
 186  162
 186  160
 187  159
 187  157
 188  156
 188  153
 189  152
 189  148
 190  147
 190  146
 191  145
 191  142
 192  141
 192  140
 193  139
 193  136
 194  135
 194  134
 195  133
 195  131
 196  130
 196  129
 197  128
 197  127
 198  126
 198  124
 199  123
 199  122
 200  121
 200  112
 199  111
 199  110
 197  108
 197  107
 196  107
 194  105
 193  105
 191  103
 190  103
 187  100
 186  100
 185   99
 184   99
 183   98
 181   98
 180   97
 179   97
 178   96
 174   96
