 166  121
 165  122
 162  122
 161  123
 160  123
 159  124
 157  124
 155  126
 154  126
 153  127
 152  127
 151  128
 150  128
 147  131
 146  131
 144  133
 143  133
 138  138
 137  138
 106  169
 106  170
 100  176
  99  176
  98  177
  94  177
  86  185
  86  186
  85  187
  85  274
  86  275
  97  275
  99  277
  99  278
 100  279
 100  283
 102  285
 109  285
 110  286
 111  286
 116  291
 116  292
 121  297
 122  297
 125  300
 126  300
 128  302
 129  302
 131  304
 132  304
 133  305
 134  305
 135  306
 137  306
 138  307
 140  307
 141  308
 142  307
 145  307
 146  306
 149  306
 150  305
 151  305
 152  304
 153  304
 154  303
 155  303
 156  302
 157  302
 158  301
 159  301
 160  300
 161  300
 163  298
 164  298
 171  291
 171  290
 172  289
 172  288
 174  286
 174  285
 175  284
 175  283
 176  282
 176  281
 177  280
 177  276
 178  275
 178  271
 179  270
 179  258
 178  257
 178  256
 177  255
 177  254
 176  253
 176  252
 175  251
 175  250
 173  248
 173  247
 167  241
 166  241
 160  235
 160  234
 157  231
 157  217
 158  216
 159  216
 160  215
 161  215
 162  214
 163  214
 165  212
 166  212
 171  207
 171  206
 173  204
 173  203
 175  201
 175  200
 177  198
 177  197
 179  195
 179  194
 181  192
 181  190
 183  188
 183  186
 184  185
 184  184
 185  183
 185  180
 186  179
 186  178
 187  177
 187  174
 188  173
 188  168
 189  167
 189  152
 188  151
 188  145
 187  144
 187  142
 186  141
 186  140
 185  139
 185  138
 184  137
 184  136
 182  134
 182  133
 176  127
 175  127
 173  125
 172  125
 170  123
 169  123
 168  122
 167  122
