 169  115
 168  116
 165  116
 164  117
 162  117
 161  118
 159  118
 158  119
 157  119
 156  120
 154  120
 153  121
 151  121
 150  122
 149  122
 148  123
 147  123
 146  124
 145  124
 144  125
 142  125
 141  126
 140  126
 138  128
 137  128
 136  129
 135  129
 134  130
 133  130
 132  131
 131  131
 129  133
 128  133
 127  134
 126  134
 124  136
 123  136
 122  137
 121  137
 118  140
 117  140
 116  141
 115  141
 112  144
 111  144
 110  145
  96  145
  96  149
  94  151
  93  151
  92  152
  91  152
  85  158
  84  158
  78  164
  77  164
  73  168
  72  168
  68  172
  68  173
  67  174
  67  272
  68  273
  68  274
  69  275
  69  277
  70  278
  70  279
  71  280
  71  281
  74  284
  74  285
  88  299
  89  299
  93  303
  94  303
  95  304
  96  304
  99  307
  99  308
 104  313
 105  313
 106  312
 124  312
 129  307
 133  307
 134  306
 137  306
 138  305
 139  305
 140  304
 141  304
 141  303
 143  301
 143  300
 144  299
 144  296
 146  294
 147  294
 148  293
 149  293
 150  292
 151  292
 153  290
 153  289
 154  288
 154  271
 153  270
 153  269
 151  267
 151  266
 150  265
 150  264
 149  263
 149  260
 148  259
 148  258
 147  257
 147  255
 138  246
 138  232
 139  231
 157  231
 158  230
 159  230
 160  229
 161  229
 163  227
 164  227
 165  226
 166  226
 169  223
 170  223
 174  219
 175  219
 177  217
 177  216
 178  215
 178  214
 179  213
 179  212
 181  210
 181  209
 184  206
 184  205
 187  202
 187  201
 188  200
 188  199
 189  198
 189  196
 190  195
 190  192
 191  191
 191  190
 193  188
 193  187
 194  186
 194  185
 196  183
 196  181
 197  180
 197  179
 198  178
 198  176
 199  175
 199  173
 200  172
 200  171
 201  170
 201  169
 202  168
 202  167
 203  166
 203  164
 204  163
 204  158
 205  157
 205  156
 206  155
 206  154
 207  153
 207  151
 208  150
 208  143
 207  142
 207  139
 206  138
 206  136
 205  135
 205  134
 204  133
 204  132
 203  131
 203  130
 199  126
 198  126
 197  125
 196  125
 195  124
 194  124
 189  119
 188  119
 187  118
 186  118
 185  117
 183  117
 182  116
 180  116
 179  115
