 165  115
 164  116
 161  116
 160  117
 158  117
 157  118
 156  118
 155  119
 153  119
 152  120
 151  120
 150  121
 149  121
 148  122
 147  122
 146  123
 145  123
 144  124
 143  124
 140  127
 139  127
 137  129
 136  129
 134  131
 133  131
 130  134
 129  134
 126  137
 125  137
 106  156
  92  156
  91  155
  91  154
  90  153
  90  152
  90  159
  89  160
  89  162
  88  163
  88  164
  87  165
  87  166
  86  167
  86  168
  77  177
  77  178
  76  179
  76  180
  75  181
  75  257
  76  258
  76  259
  79  262
  79  263
  81  265
  81  266
  84  269
  84  270
  91  277
  91  278
  98  285
  99  285
 109  295
 110  295
 112  297
 112  298
 113  299
 113  300
 114  301
 114  302
 117  305
 117  306
 118  307
 119  307
 125  313
 126  313
 127  312
 127  311
 130  308
 143  308
 144  307
 145  307
 145  306
 147  304
 147  303
 148  302
 148  301
 151  298
 152  298
 153  297
 156  297
 157  296
 159  296
 160  295
 161  295
 161  294
 162  293
 162  292
 163  291
 163  283
 165  281
 166  281
 167  280
 168  280
 168  278
 167  277
 167  263
 169  261
 166  258
 165  258
 161  254
 161  252
 160  251
 160  250
 159  249
 159  248
 156  245
 156  231
 157  230
 158  230
 159  229
 160  229
 161  228
 162  228
 163  227
 165  227
 167  225
 168  225
 175  218
 175  217
 177  215
 177  214
 181  210
 181  209
 183  207
 183  205
 184  204
 184  202
 185  201
 185  200
 187  198
 187  197
 189  195
 189  192
 190  191
 190  188
 191  187
 191  182
 192  181
 192  177
 193  176
 193  174
 194  173
 194  167
 195  166
 195  165
 196  164
 196  162
 197  161
 197  159
 198  158
 198  150
 199  149
 199  144
 198  143
 198  139
 197  138
 197  137
 196  136
 196  134
 195  133
 195  132
 194  131
 194  130
 187  123
 186  123
 184  121
 183  121
 181  119
 180  119
 179  118
 178  118
 177  117
 176  117
 175  116
 173  116
 172  115
