 161  122
 160  123
 158  123
 157  124
 156  124
 155  125
 154  125
 153  126
 152  126
 151  127
 150  127
 148  129
 147  129
 144  132
 143  132
 142  133
 141  133
 138  136
 137  136
 134  139
 133  139
 124  148
 123  148
 117  154
 117  155
 101  171
 100  171
 100  172
  99  173
  98  173
  92  179
  91  179
  90  180
  89  180
  88  181
  87  181
  84  184
  84  252
  86  254
  89  254
  93  258
  93  263
  94  264
  94  265
  95  266
  96  266
  97  267
  98  267
 105  274
 105  275
 109  279
 109  280
 110  281
 110  282
 111  283
 111  284
 112  285
 112  286
 114  288
 114  289
 116  291
 116  292
 124  300
 125  300
 128  303
 129  303
 130  304
 131  304
 132  305
 133  305
 134  306
 135  306
 136  307
 142  307
 143  306
 146  306
 147  305
 148  305
 149  304
 151  304
 152  303
 153  303
 154  302
 155  302
 156  301
 157  301
 161  297
 162  297
 164  295
 164  294
 168  290
 168  289
 171  286
 171  285
 173  283
 173  282
 175  280
 175  279
 176  278
 176  277
 178  275
 178  273
 179  272
 179  271
 180  270
 180  262
 179  261
 179  259
 178  258
 178  256
 177  255
 177  254
 176  253
 176  252
 174  250
 174  249
 166  241
 165  241
 160  236
 158  236
 156  234
 156  220
 158  218
 161  218
 162  217
 164  217
 165  216
 166  216
 168  214
 169  214
 172  211
 173  211
 179  205
 179  204
 181  202
 181  201
 182  200
 182  199
 184  197
 184  196
 185  195
 185  194
 186  193
 186  192
 187  191
 187  190
 188  189
 188  188
 189  187
 189  184
 190  183
 190  182
 191  181
 191  158
 190  157
 190  155
 189  154
 189  149
 188  148
 188  147
 187  146
 187  144
 186  143
 186  142
 185  141
 185  140
 183  138
 183  137
 174  128
 173  128
 171  126
 170  126
 168  124
 167  124
 166  123
 165  123
 164  122
