 166  146
 165  147
 163  147
 162  148
 160  148
 159  149
 157  149
 156  150
 154  150
 153  151
 151  151
 149  153
 148  153
 147  154
 145  154
 144  155
 143  155
 140  158
 139  158
 138  159
 137  159
 135  161
 134  161
 133  162
 132  162
 131  163
 130  163
 129  164
 128  164
 127  165
 126  165
 124  167
 123  167
 119  171
 118  171
 117  172
 116  172
 115  173
 114  173
 113  174
 112  174
 111  175
 110  175
 104  181
  89  181
  89  232
  91  234
  93  234
  94  235
  95  235
 101  241
 101  242
 106  247
 106  248
 107  249
 107  251
 108  252
 108  256
 109  257
 109  262
 110  263
 110  265
 111  266
 111  267
 112  268
 112  269
 113  270
 113  271
 115  273
 115  274
 119  278
 120  278
 121  279
 122  279
 123  280
 124  280
 125  281
 127  281
 128  282
 131  282
 132  283
 134  283
 135  282
 137  282
 138  281
 140  281
 141  280
 142  280
 143  279
 144  279
 145  278
 146  278
 148  276
 149  276
 152  273
 153  273
 154  272
 154  271
 159  266
 159  265
 161  263
 161  262
 163  260
 163  258
 164  257
 164  253
 165  252
 165  251
 164  250
 164  247
 163  246
 163  245
 162  244
 162  243
 160  241
 160  240
 157  237
 157  236
 152  231
 152  217
 153  216
 154  216
 155  215
 157  215
 158  214
 159  214
 160  213
 161  213
 163  211
 164  211
 168  207
 169  207
 170  206
 170  205
 174  201
 174  200
 176  198
 176  196
 177  195
 177  194
 178  193
 178  192
 179  191
 179  188
 180  187
 180  186
 181  185
 181  182
 182  181
 182  180
 183  179
 183  176
 184  175
 184  173
 185  172
 185  165
 184  164
 184  163
 183  162
 183  160
 182  159
 182  158
 181  157
 181  156
 178  153
 177  153
 173  149
 172  149
 171  148
 170  148
 169  147
 168  147
 167  146
