 184   98
 183   99
 180   99
 179  100
 176  100
 175  101
 174  101
 173  102
 171  102
 170  103
 169  103
 168  104
 167  104
 166  105
 165  105
 164  106
 163  106
 161  108
 160  108
 158  110
 157  110
 154  113
 153  113
 150  116
 149  116
 144  121
 143  121
 136  128
 135  128
 122  141
 121  141
 109  153
 108  153
 100  161
 100  162
  98  164
  97  164
  96  165
  96  166
  82  180
  82  181
  79  184
  77  184
  76  185
  75  185
  75  186
  74  187
  74  191
  72  193
  72  194
  71  195
  71  258
  72  259
  72  260
  73  261
  73  262
  74  263
  74  264
  76  266
  76  267
  78  269
  78  270
  81  273
  81  274
  82  275
  82  276
  84  278
  84  279
  86  281
  86  282
  87  283
  87  284
  88  285
  88  287
  89  288
  89  289
  90  290
  90  291
  91  292
  91  293
 104  306
 105  306
 107  308
 107  309
 108  310
 108  313
 110  315
 110  317
 119  326
 119  327
 120  327
 122  329
 124  329
 125  330
 127  330
 128  329
 137  329
 138  328
 139  328
 140  327
 141  327
 144  324
 145  324
 148  321
 149  321
 150  320
 160  320
 160  302
 165  297
 166  297
 167  296
 168  296
 169  295
 169  294
 170  293
 170  280
 171  279
 171  278
 175  274
 175  272
 173  270
 173  269
 171  267
 171  265
 170  264
 170  258
 169  257
 169  253
 168  252
 168  251
 166  249
 166  248
 164  246
 164  245
 159  240
 159  226
 160  225
 162  225
 163  224
 165  224
 166  223
 167  223
 170  220
 171  220
 173  218
 173  217
 175  215
 175  214
 177  212
 177  211
 178  210
 178  209
 179  208
 179  206
 180  205
 180  204
 181  203
 181  202
 183  200
 183  197
 184  196
 184  193
 185  192
 185  190
 186  189
 186  187
 187  186
 187  185
 188  184
 188  180
 189  179
 189  177
 190  176
 190  165
 191  164
 191  162
 192  161
 192  156
 193  155
 193  152
 194  151
 194  148
 195  147
 195  146
 196  145
 196  142
 197  141
 197  133
 198  132
 198  128
 199  127
 199  123
 200  122
 200  120
 201  119
 201  114
 202  113
 202  110
 203  109
 203  108
 200  105
 199  105
 198  104
 197  104
 194  101
 193  101
 192  100
 191  100
 190   99
 188   99
 187   98
