 173  117
 172  118
 170  118
 169  119
 167  119
 166  120
 164  120
 163  121
 162  121
 161  122
 160  122
 159  123
 158  123
 157  124
 156  124
 154  126
 153  126
 152  127
 151  127
 150  128
 149  128
 148  129
 147  129
 146  130
 145  130
 142  133
 141  133
 139  135
 138  135
 136  137
 135  137
 132  140
 131  140
 128  143
 127  143
 124  146
 123  146
 120  149
 119  149
 115  153
 114  153
 107  160
 106  160
 104  162
 103  162
  97  168
  96  168
  86  178
  85  178
  82  181
  82  182
  74  190
  74  191
  73  192
  73  243
  74  244
  74  245
  75  246
  75  247
  76  248
  76  249
  78  251
  78  252
  80  254
  80  255
  82  257
  82  258
  83  259
  83  260
  84  261
  84  262
  85  263
  85  264
  87  266
  87  267
  91  271
  91  272
  92  273
  92  274
  93  275
  93  277
  95  279
  95  280
 101  286
 101  287
 102  288
 102  292
 103  293
 103  297
 104  298
 104  300
 107  303
 107  304
 108  304
 113  309
 113  310
 114  310
 115  311
 118  311
 119  310
 127  310
 128  309
 131  309
 132  308
 133  308
 135  306
 136  306
 138  304
 139  304
 141  302
 142  302
 143  301
 145  301
 147  299
 148  299
 157  290
 158  290
 161  287
 161  286
 162  285
 162  284
 163  283
 163  282
 164  281
 164  278
 165  277
 165  276
 166  275
 166  274
 167  273
 167  272
 168  271
 168  270
 169  269
 169  257
 168  256
 168  254
 167  253
 167  252
 165  250
 165  249
 159  243
 158  243
 151  236
 151  222
 152  221
 154  221
 155  220
 156  220
 158  218
 159  218
 166  211
 166  210
 168  208
 168  207
 170  205
 170  204
 171  203
 171  202
 173  200
 173  199
 174  198
 174  197
 175  196
 175  195
 177  193
 177  192
 178  191
 178  190
 179  189
 179  187
 180  186
 180  185
 181  184
 181  182
 182  181
 182  180
 184  178
 184  176
 186  174
 186  172
 187  171
 187  170
 188  169
 188  168
 189  167
 189  166
 192  163
 192  162
 193  161
 193  160
 194  159
 194  157
 195  156
 195  153
 196  152
 196  151
 197  150
 197  148
 198  147
 198  146
 199  145
 199  142
 200  141
 200  140
 201  139
 201  132
 200  131
 200  130
 199  129
 199  128
 195  124
 194  124
 192  122
 191  122
 189  120
 188  120
 187  119
 186  119
 185  118
 184  118
 183  117
