 201   65
 200   66
 194   66
 193   67
 188   67
 187   68
 185   68
 184   69
 180   69
 179   70
 177   70
 176   71
 175   71
 174   72
 172   72
 171   73
 169   73
 168   74
 167   74
 166   75
 164   75
 163   76
 161   76
 160   77
 159   77
 158   78
 157   78
 156   79
 154   79
 153   80
 152   80
 151   81
 150   81
 149   82
 147   82
 146   83
 145   83
 144   84
 143   84
 142   85
 141   85
 140   86
 139   86
 138   87
 137   87
 136   88
 135   88
 134   89
 133   89
 132   90
 131   90
 130   91
 129   91
 127   93
 126   93
 125   94
 124   94
 123   95
 122   95
 120   97
 119   97
 117   99
 116   99
 114  101
 113  101
 111  103
 110  103
 108  105
 107  105
 106  106
 105  106
 104  107
 103  107
 102  108
 101  108
 100  109
  99  109
  97  111
  96  111
  95  112
  94  112
  92  114
  91  114
  89  116
  88  116
  86  118
  85  118
  83  120
  82  120
  80  122
  79  122
  77  124
  76  124
  73  127
  72  127
  64  135
  63  135
  58  140
  57  140
  55  142
  43  142
  42  143
  41  143
  39  145
  38  145
  36  147
  35  147
  34  148
  34  149
  30  153
  30  154
  26  158
  26  159
  23  162
  23  163
  21  165
  21  166
  18  169
  18  170
  17  171
  17  310
  19  312
  19  313
  21  315
  21  316
  23  318
  23  319
  25  321
  25  322
  26  323
  26  324
  34  332
  34  333
  35  334
  35  335
  36  336
  36  337
  41  342
  41  343
  42  344
  42  346
  43  347
  43  348
  44  349
  44  351
  45  352
  45  353
  46  354
  46  355
  47  356
  48  356
  49  357
  50  357
  51  358
  51  359
  54  362
  73  362
  74  363
  75  362
  76  362
  77  361
  78  361
  80  359
  81  359
  82  358
  84  358
  85  357
  96  357
  97  356
  99  356
 100  355
 101  355
 104  352
 104  351
 105  350
 105  348
 107  346
 107  345
 109  343
 110  343
 112  341
 112  340
 113  339
 113  337
 114  336
 120  336
 121  335
 122  335
 124  333
 124  322
 137  309
 137  307
 136  306
 136  304
 135  303
 135  302
 134  301
 134  300
 133  299
 133  295
 132  294
 132  283
 131  282
 131  279
 129  277
 129  276
 127  274
 127  273
 122  268
 122  254
 123  253
 137  253
 138  252
 142  252
 143  251
 145  251
 146  250
 148  250
 149  249
 150  249
 151  248
 152  248
 160  240
 160  239
 166  233
 166  232
 168  230
 168  229
 169  228
 170  228
 176  222
 176  221
 177  220
 177  219
 179  217
 179  215
 181  213
 181  211
 182  210
 182  209
 184  207
 184  206
 185  205
 185  204
 186  203
 186  202
 190  198
 190  197
 191  196
 191  195
 192  194
 192  193
 194  191
 194  188
 195  187
 195  186
 196  185
 196  183
 199  180
 199  179
 203  175
 203  174
 205  172
 205  171
 207  169
 207  168
 208  167
 208  151
 209  150
 223  150
 228  145
 228  144
 231  141
 231  140
 237  134
 237  133
 239  131
 239  130
 242  127
 242  126
 244  124
 244  123
 246  121
 246  120
 247  119
 247  118
 249  116
 249  115
 250  114
 250  113
 251  112
 251  111
 252  110
 252  109
 253  108
 253  107
 254  106
 254  105
 255  104
 255  102
 256  101
 256   99
 257   98
 257   91
 256   90
 256   89
 255   88
 255   87
 254   86
 254   85
 252   83
 252   82
 250   80
 249   80
 248   79
 247   79
 246   78
 245   78
 244   77
 243   77
 242   76
 241   76
 239   74
 238   74
 237   73
 236   73
 235   72
 234   72
 233   71
 232   71
 231   70
 229   70
 228   69
 225   69
 224   68
 221   68
 220   67
 215   67
 214   66
 208   66
 207   65
