 176   20
 175   21
 173   21
 172   22
 170   22
 169   23
 167   23
 166   24
 165   24
 164   25
 163   25
 162   26
 160   26
 159   27
 158   27
 157   28
 156   28
 155   29
 154   29
 152   31
 151   31
 150   32
 149   32
 148   33
 147   33
 145   35
 144   35
 143   36
 142   36
 139   39
 138   39
 136   41
 135   41
 131   45
 130   45
 124   51
 123   51
 110   64
 110   65
 106   69
 106   70
 103   73
 103   74
  99   78
  99   79
  97   81
  97   82
  93   86
  93   87
  92   88
  92   89
  90   91
  90   92
  88   94
  88   95
  86   97
  86   98
  85   99
  85  100
  82  103
  68  103
  67  102
  66  102
  65  101
  64  102
  64  229
  65  230
  65  231
  66  232
  69  232
  70  233
  71  233
  73  235
  73  236
  74  237
  74  238
  75  239
  75  240
  77  242
  77  244
  78  245
  78  246
  79  247
  79  248
  80  249
  80  250
  81  251
  81  252
  82  253
  82  254
  83  255
  83  257
  84  258
  84  259
  85  260
  85  262
  86  263
  86  264
  87  265
  87  270
  88  271
  88  274
  89  275
  89  278
  90  279
  90  282
  92  284
  92  285
  99  292
 100  292
 101  293
 103  293
 104  294
 107  294
 109  296
 109  300
 110  301
 110  302
 111  303
 111  305
 112  306
 112  307
 120  315
 140  315
 146  321
 159  321
 162  324
 162  325
 163  326
 163  327
 165  329
 165  330
 166  331
 166  332
 167  333
 167  334
 168  335
 168  336
 169  337
 169  338
 170  339
 170  340
 172  342
 172  343
 174  345
 174  346
 176  348
 176  349
 177  350
 177  351
 178  352
 178  353
 179  354
 179  355
 181  357
 181  358
 182  359
 182  360
 184  362
 184  363
 185  364
 185  365
 185  364
 184  363
 184  362
 183  361
 183  359
 182  358
 182  357
 181  356
 181  354
 180  353
 180  352
 179  351
 179  349
 178  348
 178  347
 177  346
 177  345
 176  344
 176  342
 175  341
 175  340
 174  339
 174  337
 173  336
 173  335
 172  334
 172  332
 170  330
 170  327
 168  325
 168  324
 167  323
 167  322
 166  321
 166  320
 164  318
 164  317
 163  316
 163  315
 161  313
 161  294
 162  293
 176  293
 174  291
 174  290
 170  286
 170  285
 169  284
 169  283
 168  282
 168  264
 170  262
 171  262
 172  261
 174  261
 175  260
 176  260
 172  256
 172  237
 175  234
 175  233
 173  231
 173  217
 165  209
 164  209
 161  206
 160  206
 158  204
 157  204
 156  203
 155  203
 153  201
 152  201
 150  199
 149  199
 148  198
 147  198
 146  197
 146  183
 148  181
 152  181
 153  180
 156  180
 157  179
 159  179
 160  178
 161  178
 162  177
 163  177
 164  176
 165  176
 172  169
 172  168
 173  167
 173  165
 174  164
 174  160
 175  159
 175  154
 176  153
 176  125
 177  124
 177  116
 178  115
 178  102
 179  101
 179   94
 180   93
 180   86
 181   85
 181   78
 182   77
 182   76
 183   75
 183   69
 184   68
 184   66
 185   65
 185   60
 186   59
 186   57
 187   56
 187   51
 188   50
 188   46
 189   45
 189   38
 190   37
 190   31
 189   30
 189   28
 187   26
 187   25
 186   25
 185   24
 184   24
 183   23
 182   23
 180   21
 179   21
 178   20
