 165   90
 164   91
 160   91
 159   92
 157   92
 156   93
 153   93
 152   94
 151   94
 150   95
 148   95
 147   96
 146   96
 145   97
 144   97
 143   98
 141   98
 140   99
 139   99
 137  101
 136  101
 135  102
 134  102
 133  103
 132  103
 131  104
 130  104
 128  106
 127  106
 125  108
 124  108
 122  110
 121  110
 117  114
 116  114
 114  116
 113  116
  94  135
  94  136
  89  141
  89  142
  84  147
  84  148
  81  151
  81  152
  79  154
  79  155
  78  156
  78  214
  80  216
  83  216
  84  217
  84  218
  85  219
  85  220
  86  221
  86  222
  87  223
  87  224
  88  225
  88  226
  89  227
  89  228
  91  230
  91  231
  92  232
  92  233
  93  234
  93  235
  94  236
  94  237
  95  238
  95  239
  96  240
  96  241
  97  242
  97  245
  98  246
  98  247
  99  248
  99  250
 102  253
 102  254
 110  262
 110  263
 111  264
 111  266
 112  267
 112  272
 113  273
 113  274
 115  276
 116  276
 120  280
 120  281
 122  283
 123  283
 124  284
 138  284
 141  287
 156  287
 160  291
 160  292
 164  296
 164  297
 167  300
 167  301
 171  305
 169  303
 169  302
 167  300
 167  299
 165  297
 165  296
 164  295
 164  294
 162  292
 162  291
 158  287
 158  286
 156  284
 156  283
 155  282
 155  264
 158  261
 157  260
 157  259
 156  258
 156  257
 154  255
 154  240
 155  239
 156  239
 158  237
 158  222
 160  220
 159  219
 159  204
 155  200
 155  185
 158  182
 158  181
 159  180
 159  179
 160  178
 160  177
 162  175
 162  172
 163  171
 163  170
 164  169
 164  167
 165  166
 165  164
 166  163
 166  162
 167  161
 167  159
 168  158
 168  157
 169  156
 169  154
 170  153
 170  152
 171  151
 171  148
 172  147
 172  146
 173  145
 173  142
 174  141
 174  139
 175  138
 175  136
 176  135
 176  134
 177  133
 177  130
 178  129
 178  128
 179  127
 179  125
 180  124
 180  122
 181  121
 181  120
 182  119
 182  118
 183  117
 183  115
 184  114
 184  111
 185  110
 185  107
 186  106
 186  103
 185  102
 185  101
 183   99
 182   99
 181   98
 180   98
 179   97
 178   97
 174   93
 173   93
 172   92
 171   92
 170   91
 167   91
 166   90
