 202   84
 201   85
 196   85
 195   86
 192   86
 191   87
 188   87
 187   88
 185   88
 184   89
 182   89
 181   90
 179   90
 178   91
 177   91
 176   92
 175   92
 174   93
 171   93
 170   94
 169   94
 168   95
 167   95
 166   96
 164   96
 163   97
 162   97
 161   98
 160   98
 159   99
 158   99
 157  100
 156  100
 155  101
 154  101
 152  103
 151  103
 150  104
 149  104
 148  105
 147  105
 145  107
 144  107
 143  108
 142  108
 140  110
 139  110
 138  111
 137  111
 135  113
 134  113
 132  115
 131  115
 130  116
 129  116
 126  119
 125  119
 124  120
 123  120
 121  122
 120  122
 117  125
 116  125
 114  127
 113  127
 111  129
 110  129
 107  132
 106  132
 104  134
 103  134
 100  137
  99  137
  95  141
  94  141
  89  146
  88  146
  75  159
  74  159
  72  161
  72  162
  70  164
  69  164
  60  173
  60  174
  50  184
  50  185
  46  189
  46  190
  45  191
  45  278
  46  279
  46  280
  47  281
  47  282
  48  283
  48  284
  49  285
  49  286
  52  289
  52  290
  54  292
  54  293
  55  294
  55  295
  57  297
  57  298
  58  299
  58  300
  60  302
  60  303
  63  306
  63  307
  74  318
  74  319
  78  323
  78  324
  79  325
  79  328
  80  329
  80  332
  81  333
  81  334
  84  337
  85  337
  89  341
  89  342
  92  339
 106  339
 110  335
 111  335
 112  334
 120  334
 121  333
 122  333
 123  332
 124  332
 126  330
 126  329
 127  328
 127  326
 131  322
 132  322
 133  321
 138  321
 139  320
 141  320
 142  319
 143  319
 144  318
 145  318
 147  316
 147  302
 148  301
 148  299
 151  296
 152  296
 156  292
 156  276
 160  272
 158  270
 158  269
 157  268
 157  267
 156  266
 156  265
 154  263
 154  262
 143  251
 143  237
 144  236
 147  236
 148  235
 156  235
 157  234
 159  234
 160  233
 161  233
 166  228
 166  227
 167  226
 167  225
 168  224
 168  222
 169  221
 169  220
 170  219
 170  218
 171  217
 171  216
 172  215
 172  214
 173  213
 173  211
 174  210
 174  208
 175  207
 175  205
 176  204
 176  203
 178  201
 178  200
 180  198
 180  197
 183  194
 183  193
 184  192
 184  191
 185  190
 185  188
 186  187
 186  186
 187  185
 187  184
 188  183
 188  182
 190  180
 190  179
 193  176
 193  175
 195  173
 195  172
 197  170
 197  169
 198  168
 198  166
 201  163
 201  162
 209  154
 209  153
 211  151
 211  150
 212  149
 212  148
 213  147
 213  146
 215  144
 215  143
 217  141
 217  140
 218  139
 218  138
 219  137
 219  136
 220  135
 220  134
 221  133
 221  131
 222  130
 222  129
 223  128
 223  127
 224  126
 224  125
 225  124
 225  122
 226  121
 226  119
 227  118
 227  115
 228  114
 228  112
 229  111
 229  105
 230  104
 230  102
 229  101
 229   99
 228   98
 228   97
 224   93
 223   93
 222   92
 221   92
 220   91
 219   91
 216   88
 215   88
 214   87
 213   87
 212   86
 210   86
 209   85
 206   85
 205   84
