 218   47
 217   48
 211   48
 210   49
 208   49
 207   50
 203   50
 202   51
 200   51
 199   52
 197   52
 196   53
 195   53
 194   54
 192   54
 191   55
 190   55
 189   56
 188   56
 187   57
 186   57
 185   58
 184   58
 183   59
 182   59
 181   60
 180   60
 179   61
 178   61
 177   62
 176   62
 175   63
 174   63
 173   64
 172   64
 171   65
 170   65
 168   67
 167   67
 165   69
 164   69
 162   71
 161   71
 159   73
 158   73
 156   75
 155   75
 152   78
 151   78
 148   81
 147   81
 145   83
 144   83
 141   86
 140   86
 138   88
 137   88
 133   92
 132   92
 130   94
 129   94
 125   98
 124   98
 120  102
 119  102
 115  106
 114  106
 106  114
 105  114
  67  152
  66  152
  55  163
  55  164
  53  166
  52  166
  34  184
  34  185
  28  191
  28  192
  26  194
  26  195
  25  196
  25  197
  22  200
  22  201
  21  202
  21  305
  22  306
  22  307
  23  308
  23  309
  24  310
  24  311
  25  312
  25  313
  26  314
  26  315
  27  316
  27  319
  28  320
  28  321
  29  322
  29  324
  30  325
  30  326
  31  327
  31  329
  32  330
  32  331
  33  332
  33  334
  34  335
  34  336
  35  337
  35  339
  36  340
  36  347
  37  348
  37  350
  38  351
  38  352
  39  353
  39  354
  41  356
  41  357
  42  357
  54  369
  54  370
  56  372
  56  373
  60  377
  60  378
  63  381
  64  380
  65  380
  66  379
  68  379
  69  378
  81  378
  82  377
  83  377
  87  373
  87  372
  88  371
  88  370
  89  369
  89  368
  90  367
  90  366
  93  363
  94  363
  95  362
  97  362
  98  361
 100  361
 101  360
 102  360
 103  359
 104  359
 105  358
 105  357
 106  356
 106  355
 107  354
 107  351
 108  350
 108  348
 109  347
 109  345
 111  343
 114  343
 115  342
 120  342
 121  341
 122  341
 125  338
 125  337
 126  336
 126  334
 127  333
 127  324
 130  321
 131  321
 132  320
 133  320
 134  319
 135  319
 138  316
 138  296
 137  295
 137  294
 136  293
 136  292
 134  290
 134  289
 129  284
 129  283
 125  279
 125  278
 123  276
 123  275
 118  270
 118  256
 119  255
 130  255
 131  254
 142  254
 143  253
 147  253
 148  252
 151  252
 152  251
 154  251
 155  250
 156  250
 157  249
 158  249
 159  248
 160  248
 164  244
 165  244
 166  243
 166  242
 170  238
 170  237
 173  234
 173  233
 176  230
 176  229
 177  228
 177  227
 179  225
 179  224
 180  223
 180  222
 181  221
 181  220
 182  219
 182  218
 183  217
 183  216
 184  215
 184  214
 186  212
 186  211
 188  209
 188  208
 190  206
 190  205
 191  204
 191  203
 192  202
 192  201
 193  200
 193  199
 194  198
 194  197
 196  195
 196  193
 198  191
 198  189
 199  188
 199  187
 200  186
 200  185
 201  184
 201  182
 202  181
 202  180
 203  179
 203  178
 204  177
 204  176
 205  175
 205  174
 206  173
 206  172
 207  171
 207  170
 208  169
 208  168
 209  167
 209  166
 211  164
 211  163
 212  162
 212  161
 213  160
 213  159
 214  158
 214  157
 215  156
 215  155
 216  154
 216  152
 217  151
 217  150
 219  148
 219  147
 220  146
 220  145
 222  143
 222  142
 223  141
 223  140
 224  139
 224  138
 226  136
 226  135
 229  132
 229  131
 230  130
 230  129
 232  127
 232  126
 234  124
 234  123
 235  122
 235  120
 236  119
 236  118
 237  117
 237  116
 238  115
 238  114
 239  113
 239  111
 240  110
 240  109
 242  107
 242  106
 243  105
 243  104
 244  103
 244  102
 246  100
 246   99
 247   98
 247   97
 248   96
 248   94
 249   93
 249   91
 250   90
 250   88
 251   87
 251   85
 252   84
 252   82
 253   81
 253   77
 254   76
 253   75
 253   69
 252   68
 252   67
 251   66
 251   65
 250   64
 250   63
 247   60
 247   59
 245   57
 244   57
 242   55
 241   55
 240   54
 239   54
 238   53
 237   53
 235   51
 234   51
 233   50
 232   50
 231   49
 228   49
 227   48
 223   48
 222   47
