 166  114
 165  115
 162  115
 161  116
 159  116
 158  117
 156  117
 155  118
 154  118
 153  119
 151  119
 150  120
 149  120
 148  121
 147  121
 146  122
 145  122
 144  123
 143  123
 141  125
 140  125
 139  126
 138  126
 135  129
 134  129
 133  130
 132  130
 129  133
 128  133
 125  136
 124  136
 117  143
 116  143
 110  149
 109  149
 106  152
 106  153
 101  158
 101  159
  91  169
  91  170
  86  175
  86  176
  82  180
  82  181
  80  183
  80  184
  77  187
  77  188
  75  190
  75  191
  74  192
  74  262
  75  263
  75  264
  84  273
  84  274
  87  277
  87  278
  95  286
  95  287
 105  297
 106  297
 108  299
 108  300
 111  303
 112  303
 113  304
 114  304
 116  306
 117  306
 121  310
 121  311
 124  314
 126  312
 126  311
 129  308
 144  308
 146  306
 146  305
 147  304
 147  302
 149  300
 150  300
 151  299
 157  299
 159  297
 160  297
 161  296
 161  295
 162  294
 162  284
 163  283
 164  283
 165  282
 166  282
 167  281
 167  280
 166  279
 166  261
 162  257
 161  257
 159  255
 159  253
 158  252
 158  250
 157  249
 157  248
 156  247
 156  232
 157  231
 158  231
 159  230
 161  230
 162  229
 163  229
 164  228
 165  228
 166  227
 167  227
 175  219
 175  218
 181  212
 181  211
 183  209
 183  207
 184  206
 184  204
 185  203
 185  202
 186  201
 186  199
 187  198
 187  197
 188  196
 188  195
 189  194
 189  193
 190  192
 190  188
 191  187
 191  181
 192  180
 192  177
 193  176
 193  174
 194  173
 194  168
 196  166
 196  165
 197  164
 197  163
 198  162
 198  159
 199  158
 199  155
 200  154
 200  147
 201  146
 201  144
 200  143
 200  141
 199  140
 199  137
 198  136
 198  134
 197  133
 197  132
 196  131
 196  130
 193  127
 193  126
 189  122
 188  122
 187  121
 186  121
 182  117
 181  117
 180  116
 179  116
 178  115
 177  115
 176  114
