 216   23
 215   24
 211   24
 210   25
 204   25
 203   26
 200   26
 199   27
 196   27
 195   28
 192   28
 191   29
 189   29
 188   30
 185   30
 184   31
 182   31
 181   32
 179   32
 178   33
 177   33
 176   34
 174   34
 173   35
 172   35
 171   36
 169   36
 168   37
 167   37
 166   38
 165   38
 164   39
 162   39
 161   40
 160   40
 159   41
 158   41
 157   42
 156   42
 154   44
 153   44
 152   45
 151   45
 150   46
 149   46
 148   47
 147   47
 145   49
 144   49
 143   50
 142   50
 140   52
 139   52
 138   53
 137   53
 135   55
 134   55
 132   57
 131   57
 130   58
 129   58
 127   60
 126   60
 124   62
 123   62
 122   63
 121   63
 119   65
 118   65
 116   67
 115   67
 113   69
 112   69
 110   71
 109   71
 106   74
 105   74
 102   77
 101   77
  97   81
  96   81
  92   85
  91   85
  86   90
  85   90
  79   96
  78   96
  71  103
  70  103
  66  107
  65  107
  63  109
  61  109
  60  110
  58  110
  57  111
  56  111
  55  112
  54  112
  52  114
  51  114
  44  121
  43  121
  39  125
  38  125
  35  128
  34  128
  32  130
  32  131
  31  132
  30  132
  24  138
  23  138
  22  139
  22  140
  18  144
  17  144
   9  152
   0  152
   0  277
   8  277
   9  278
   9  281
  10  282
  10  283
  11  284
  11  286
  12  287
  12  288
  13  289
  13  290
  14  291
  14  293
  15  294
  15  296
  16  297
  16  299
  17  300
  17  301
  18  302
  18  305
  19  306
  19  307
  20  308
  20  311
  21  312
  21  313
  22  314
  22  317
  23  318
  23  319
  24  320
  24  322
  25  323
  25  324
  26  325
  26  328
  27  329
  27  331
  28  332
  28  334
  29  335
  29  337
  30  338
  30  340
  31  341
  31  343
  32  344
  32  345
  33  346
  33  348
  34  349
  34  350
  35  351
  35  352
  37  354
  37  355
  38  356
  38  357
  40  359
  40  360
  41  361
  42  361
  45  364
  45  365
  48  368
  48  373
  49  374
  49  376
  50  377
  50  379
  51  380
  51  381
  52  382
  52  383
  53  384
  53  385
  55  387
  55  388
  57  390
  58  390
  65  397
  66  397
  67  398
  68  398
  69  399
  72  399
  73  398
  74  398
  75  397
  91  397
  93  399
  94  399
  97  402
  98  402
  99  403
 100  403
 101  404
 102  404
 103  405
 104  405
 105  404
 106  404
 110  400
 110  399
 115  394
 116  394
 117  393
 135  393
 136  394
 138  394
 138  393
 140  391
 140  390
 141  389
 141  387
 142  386
 142  380
 143  379
 143  378
 148  373
 150  373
 151  372
 154  372
 155  371
 156  371
 157  370
 158  370
 159  369
 160  369
 163  366
 163  365
 164  364
 164  363
 165  362
 165  361
 166  360
 166  334
 167  333
 167  331
 172  326
 173  326
 174  325
 175  325
 178  322
 178  319
 176  317
 176  316
 175  315
 175  314
 174  313
 174  312
 172  310
 172  308
 171  307
 171  305
 170  304
 170  293
 169  292
 169  291
 168  290
 168  288
 167  287
 167  286
 165  284
 165  283
 163  281
 163  280
 162  279
 161  279
 151  269
 150  269
 134  253
 133  253
 130  250
 130  236
 131  235
 161  235
 162  234
 165  234
 166  233
 167  233
 168  232
 170  232
 173  229
 174  229
 183  220
 183  219
 187  215
 188  215
 196  207
 196  206
 201  201
 201  200
 203  198
 203  197
 205  195
 205  194
 209  190
 209  189
 212  186
 212  185
 214  183
 214  182
 215  181
 215  180
 217  178
 217  176
 219  174
 219  173
 220  172
 220  170
 221  169
 221  168
 222  167
 222  164
 223  163
 223  162
 224  161
 224  159
 226  157
 226  155
 228  153
 228  151
 230  149
 230  147
 231  146
 231  145
 232  144
 232  143
 233  142
 233  141
 234  140
 234  139
 235  138
 235  136
 236  135
 236  134
 237  133
 237  132
 238  131
 238  130
 239  129
 239  128
 241  126
 241  125
 242  124
 242  123
 243  122
 243  121
 245  119
 245  118
 246  117
 246  116
 247  115
 247  114
 248  113
 248  112
 249  111
 249  110
 250  109
 250  107
 251  106
 251  105
 252  104
 252  102
 253  101
 253  100
 254   99
 254   98
 255   97
 255   96
 256   95
 256   94
 257   93
 257   92
 258   91
 258   90
 259   89
 259   88
 260   87
 260   86
 261   85
 261   84
 262   83
 262   82
 263   81
 263   80
 266   77
 274   77
 274   37
 265   37
 264   36
 263   36
 262   35
 261   35
 260   34
 259   34
 258   33
 257   33
 256   32
 255   32
 254   31
 253   31
 252   30
 250   30
 249   29
 248   29
 247   28
 245   28
 244   27
 241   27
 240   26
 238   26
 237   25
 233   25
 232   24
 227   24
 226   23
