 204   87
 203   88
 199   88
 198   89
 195   89
 194   90
 191   90
 190   91
 188   91
 187   92
 184   92
 183   93
 181   93
 180   94
 178   94
 177   95
 175   95
 174   96
 172   96
 171   97
 170   97
 169   98
 168   98
 167   99
 165   99
 164  100
 163  100
 162  101
 161  101
 160  102
 159  102
 158  103
 157  103
 156  104
 155  104
 154  105
 153  105
 152  106
 151  106
 149  108
 147  108
 145  110
 144  110
 143  111
 142  111
 140  113
 139  113
 138  114
 137  114
 135  116
 134  116
 132  118
 131  118
 130  119
 129  119
 128  120
 127  120
 125  122
 124  122
 123  123
 122  123
 120  125
 119  125
 117  127
 116  127
 115  128
 114  128
 112  130
 111  130
 109  132
 108  132
 106  134
 105  134
 102  137
 101  137
  99  139
  98  139
  94  143
  93  143
  89  147
  88  147
  85  150
  84  150
  79  155
  78  155
  74  159
  73  159
  68  164
  67  164
  55  176
  54  176
  43  187
  43  281
  44  282
  45  282
  46  283
  46  284
  48  286
  48  287
  49  288
  49  289
  51  291
  51  292
  52  293
  52  294
  56  298
  56  299
  58  301
  58  302
  69  313
  69  314
  71  316
  71  317
  72  318
  72  319
  73  320
  73  322
  74  323
  74  328
  75  329
  75  330
  77  332
  77  333
  78  333
  79  334
  80  334
  83  337
  83  338
  85  340
  85  341
  87  339
  98  339
  99  338
 100  338
 104  334
 105  334
 106  333
 107  333
 108  332
 118  332
 119  331
 120  331
 124  327
 124  326
 128  322
 130  322
 131  321
 138  321
 139  320
 141  320
 142  319
 143  319
 144  318
 144  300
 147  297
 148  297
 149  296
 150  296
 152  294
 153  294
 153  293
 154  292
 154  275
 157  272
 157  270
 155  268
 155  267
 154  266
 154  265
 153  264
 153  263
 152  262
 152  261
 151  260
 151  259
 150  258
 150  257
 144  251
 144  237
 145  236
 148  236
 149  235
 154  235
 155  234
 157  234
 158  233
 159  233
 165  227
 165  226
 166  225
 166  224
 167  223
 167  221
 169  219
 169  218
 170  217
 170  216
 172  214
 172  213
 174  211
 174  209
 175  208
 175  207
 176  206
 176  205
 177  204
 177  203
 181  199
 181  198
 185  194
 185  192
 186  191
 186  189
 187  188
 187  186
 189  184
 189  183
 192  180
 192  179
 197  174
 197  173
 198  172
 198  171
 199  170
 199  169
 200  168
 200  167
 202  165
 202  164
 204  162
 205  162
 209  158
 209  157
 212  154
 212  153
 214  151
 214  150
 215  149
 215  148
 217  146
 217  145
 221  141
 221  140
 222  139
 222  138
 223  137
 223  136
 224  135
 224  134
 225  133
 225  131
 226  130
 226  127
 227  126
 227  125
 228  124
 228  121
 229  120
 229  118
 230  117
 230  113
 231  112
 231  106
 232  105
 232  104
 231  103
 231  101
 230  100
 230   99
 228   97
 228   96
 227   96
 226   95
 225   95
 224   94
 223   94
 222   93
 221   93
 218   90
 217   90
 216   89
 214   89
 213   88
 211   88
 210   87
