 161  119
 160  120
 158  120
 157  121
 156  121
 155  122
 154  122
 153  123
 152  123
 149  126
 148  126
 146  128
 145  128
 142  131
 141  131
 132  140
 131  140
  97  174
  92  174
  91  175
  90  175
  89  176
  88  176
  87  177
  87  178
  85  180
  85  181
  84  182
  84  243
  85  244
  85  245
  86  246
  86  247
  90  251
  90  252
  91  253
  91  254
  92  255
  92  256
  93  257
  93  258
  98  263
  98  264
  99  265
  99  267
 101  269
 101  271
 102  272
 102  273
 104  275
 104  276
 105  277
 105  278
 106  279
 106  280
 107  281
 107  283
 108  284
 108  285
 110  287
 110  288
 111  289
 111  290
 112  291
 112  292
 113  293
 113  294
 125  306
 126  306
 127  307
 128  307
 129  308
 130  308
 131  309
 132  309
 133  310
 137  310
 138  309
 142  309
 143  308
 146  308
 147  307
 148  307
 149  306
 150  306
 151  305
 152  305
 153  304
 155  304
 157  302
 158  302
 160  300
 161  300
 167  294
 167  293
 169  291
 169  290
 171  288
 171  287
 173  285
 173  283
 174  282
 174  280
 175  279
 175  274
 176  273
 176  262
 175  261
 175  259
 174  258
 174  256
 173  255
 173  254
 172  253
 172  252
 170  250
 170  249
 168  247
 168  246
 166  244
 166  243
 165  242
 164  242
 156  234
 156  219
 157  218
 158  218
 159  217
 160  217
 161  216
 162  216
 163  215
 164  215
 166  213
 167  213
 174  206
 174  205
 175  204
 175  203
 179  199
 179  198
 180  197
 180  196
 181  195
 181  194
 183  192
 183  190
 184  189
 184  188
 185  187
 185  185
 186  184
 186  182
 187  181
 187  178
 188  177
 188  174
 189  173
 189  171
 190  170
 190  148
 189  147
 189  145
 188  144
 188  141
 187  140
 187  139
 186  138
 186  137
 185  136
 185  135
 183  133
 183  132
 179  128
 178  128
 174  124
 173  124
 170  121
 169  121
 168  120
 167  120
 166  119
