 170  131
 169  132
 167  132
 166  133
 163  133
 162  134
 160  134
 159  135
 157  135
 156  136
 154  136
 153  137
 152  137
 151  138
 150  138
 149  139
 147  139
 146  140
 145  140
 144  141
 142  141
 141  142
 140  142
 139  143
 138  143
 136  145
 135  145
 133  147
 132  147
 130  149
 129  149
 125  153
 124  153
 118  159
 117  159
 111  165
  97  165
  96  164
  96  158
  95  157
  92  157
  90  159
  90  160
  89  161
  89  162
  88  163
  88  164
  87  165
  87  166
  86  167
  86  168
  85  169
  85  170
  83  172
  83  173
  82  174
  82  259
  84  261
  85  261
  87  263
  87  264
  88  265
  88  266
  90  268
  90  269
  92  271
  92  272
 100  280
 101  280
 104  283
 105  283
 118  296
 118  295
 119  294
 132  294
 133  293
 133  292
 134  291
 134  290
 136  288
 144  288
 146  286
 146  278
 147  277
 147  275
 148  274
 149  274
 151  272
 151  260
 150  259
 150  258
 149  257
 149  256
 148  255
 148  254
 147  253
 147  251
 145  249
 144  249
 142  247
 142  246
 141  245
 141  244
 140  243
 140  242
 138  240
 138  226
 139  225
 144  225
 145  224
 146  224
 147  223
 149  223
 151  221
 152  221
 157  216
 158  216
 166  208
 166  207
 170  203
 170  202
 173  199
 173  198
 174  197
 174  196
 175  195
 175  194
 176  193
 176  192
 178  190
 178  189
 179  188
 179  187
 180  186
 180  185
 181  184
 181  183
 182  182
 182  180
 183  179
 183  178
 184  177
 184  176
 185  175
 185  173
 186  172
 186  169
 187  168
 187  166
 188  165
 188  164
 189  163
 189  160
 190  159
 190  157
 191  156
 191  152
 192  151
 192  149
 191  148
 191  145
 190  144
 190  143
 188  141
 188  140
 186  138
 185  138
 183  136
 182  136
 179  133
 178  133
 176  131
