 176  118
 175  119
 171  119
 170  120
 166  120
 165  121
 162  121
 161  122
 159  122
 158  123
 156  123
 155  124
 153  124
 152  125
 150  125
 149  126
 148  126
 147  127
 145  127
 144  128
 143  128
 142  129
 140  129
 139  130
 138  130
 137  131
 136  131
 135  132
 134  132
 133  133
 132  133
 130  135
 129  135
 128  136
 127  136
 125  138
 124  138
 122  140
 121  140
 118  143
 117  143
 114  146
 113  146
 111  148
 110  148
 108  150
 107  150
 105  152
 104  152
  99  157
  98  157
  95  160
  94  160
  91  163
  90  163
  78  175
  77  175
  75  177
  75  178
  71  182
  71  183
  69  185
  69  186
  68  187
  68  259
  69  260
  69  261
  71  263
  71  264
  73  266
  73  268
  74  269
  74  270
  75  271
  75  272
  76  273
  76  274
  78  276
  78  277
  82  281
  82  282
  84  284
  84  285
  95  296
  96  296
  98  298
  99  298
 100  299
 102  299
 103  300
 105  300
 113  308
 114  308
 115  309
 116  308
 132  308
 134  306
 135  306
 135  305
 139  301
 144  301
 145  300
 146  300
 147  299
 148  299
 151  296
 151  293
 152  292
 152  289
 155  286
 156  286
 158  284
 159  284
 159  283
 160  282
 160  268
 161  267
 161  265
 159  263
 159  262
 157  260
 157  259
 156  258
 156  257
 155  256
 155  252
 154  251
 154  250
 153  249
 153  248
 152  247
 152  232
 153  231
 156  231
 157  230
 158  230
 159  229
 160  229
 161  228
 162  228
 163  227
 164  227
 165  226
 166  226
 169  223
 170  223
 172  221
 173  221
 181  213
 181  211
 183  209
 183  208
 185  206
 185  205
 187  203
 187  201
 188  200
 188  199
 189  198
 189  195
 190  194
 190  192
 192  190
 192  189
 194  187
 194  186
 195  185
 195  184
 196  183
 196  181
 197  180
 197  179
 198  178
 198  176
 199  175
 199  174
 200  173
 200  172
 202  170
 202  169
 203  168
 203  165
 204  164
 204  161
 205  160
 205  152
 206  151
 206  150
 207  149
 206  148
 206  144
 205  143
 205  139
 204  138
 204  137
 202  135
 202  134
 200  132
 200  131
 197  128
 196  128
 194  126
 193  126
 191  124
 190  124
 189  123
 188  123
 187  122
 186  122
 185  121
 184  121
 183  120
 181  120
 180  119
 177  119
