 163  123
 162  124
 160  124
 159  125
 158  125
 157  126
 156  126
 155  127
 154  127
 153  128
 152  128
 151  129
 150  129
 149  130
 148  130
 147  131
 146  131
 144  133
 143  133
 142  134
 141  134
 139  136
 138  136
 135  139
 134  139
 132  141
 131  141
 129  143
 128  143
 125  146
 124  146
 120  150
 119  150
 116  153
 115  153
 110  158
 109  158
 108  159
 108  160
  96  172
  95  172
  94  173
  93  173
  91  175
  90  175
  88  177
  87  177
  86  178
  86  179
  85  180
  85  253
  87  255
  91  255
  92  256
  92  257
  93  258
  93  259
  94  260
  94  261
  95  262
  95  263
  97  265
  97  266
  98  267
  98  269
  99  270
  99  272
 100  273
 100  275
 101  276
 101  281
 102  282
 102  283
 103  284
 103  285
 104  286
 104  287
 116  299
 117  299
 119  301
 120  301
 121  302
 122  302
 123  303
 124  303
 125  304
 128  304
 129  305
 132  305
 133  304
 136  304
 137  303
 139  303
 140  302
 141  302
 142  301
 143  301
 144  300
 145  300
 146  299
 147  299
 149  297
 150  297
 152  295
 153  295
 158  290
 159  290
 163  286
 163  285
 166  282
 166  281
 168  279
 168  277
 169  276
 169  275
 170  274
 170  272
 171  271
 171  269
 172  268
 172  265
 173  264
 173  260
 174  259
 174  257
 173  256
 173  248
 172  247
 172  246
 171  245
 170  245
 166  241
 166  240
 165  239
 165  238
 164  238
 163  237
 161  237
 160  236
 159  236
 158  235
 155  235
 154  234
 154  219
 155  218
 156  218
 156  217
 157  216
 157  215
 160  212
 161  212
 162  211
 163  211
 164  210
 165  210
 167  208
 168  208
 176  200
 176  199
 178  197
 178  196
 180  194
 180  193
 182  191
 182  190
 183  189
 183  188
 184  187
 184  186
 185  185
 185  182
 186  181
 186  177
 187  176
 187  174
 188  173
 188  165
 189  164
 189  157
 190  156
 190  155
 189  154
 189  151
 188  150
 188  146
 187  145
 187  144
 186  143
 186  142
 185  141
 185  140
 184  139
 184  138
 180  134
 180  133
 179  133
 176  130
 175  130
 172  127
 171  127
 169  125
 168  125
 167  124
 166  124
 165  123
