 172  125
 171  126
 167  126
 166  127
 164  127
 163  128
 162  128
 161  129
 160  129
 159  130
 158  130
 157  131
 156  131
 155  132
 154  132
 153  133
 152  133
 150  135
 149  135
 148  136
 147  136
 146  137
 145  137
 144  138
 143  138
 142  139
 141  139
 140  140
 139  140
 138  141
 137  141
 135  143
 134  143
 133  144
 132  144
 131  145
 130  145
 125  150
 124  150
 119  155
 118  155
 114  159
 113  159
 106  166
  92  166
  91  167
  91  168
  86  173
  86  174
  82  178
  82  277
  83  277
  84  276
  98  276
 100  278
 100  279
 101  280
 101  282
 102  283
 102  284
 103  285
 103  286
 105  288
 105  289
 114  298
 115  298
 117  300
 118  300
 119  301
 120  301
 121  302
 123  302
 124  303
 131  303
 132  302
 134  302
 135  301
 139  301
 140  300
 142  300
 143  299
 144  299
 145  298
 147  298
 148  297
 149  297
 150  296
 151  296
 152  295
 153  295
 155  293
 156  293
 163  286
 163  285
 165  283
 165  280
 166  279
 166  278
 167  277
 167  274
 169  272
 169  269
 170  268
 170  266
 171  265
 171  262
 172  261
 172  258
 171  257
 171  256
 170  255
 170  254
 169  253
 169  252
 168  251
 168  250
 163  245
 163  244
 156  237
 156  223
 158  221
 160  221
 161  220
 162  220
 163  219
 164  219
 165  218
 167  218
 169  216
 170  216
 174  212
 175  212
 180  207
 180  206
 182  204
 182  203
 183  202
 183  201
 184  200
 184  199
 185  198
 185  197
 186  196
 186  194
 187  193
 187  191
 188  190
 188  188
 189  187
 189  183
 190  182
 190  179
 191  178
 191  170
 192  169
 192  160
 193  159
 193  146
 192  145
 192  144
 191  143
 191  139
 190  138
 190  137
 188  135
 188  134
 187  134
 185  132
 184  132
 180  128
 179  128
 178  127
 177  127
 176  126
 174  126
 173  125
