 174   99
 173  100
 170  100
 169  101
 167  101
 166  102
 164  102
 163  103
 162  103
 161  104
 160  104
 159  105
 158  105
 157  106
 156  106
 155  107
 154  107
 153  108
 152  108
 150  110
 149  110
 148  111
 147  111
 145  113
 144  113
 142  115
 141  115
 139  117
 138  117
 137  118
 136  118
 133  121
 132  121
 130  123
 129  123
 126  126
 125  126
 120  131
 119  131
 113  137
 112  137
 103  146
 102  146
  91  157
  82  157
  81  158
  81  163
  80  164
  80  165
  79  166
  79  167
  78  168
  78  169
  74  173
  74  245
  75  246
  75  249
  76  250
  76  251
  77  252
  77  253
  78  254
  78  255
  79  256
  79  257
  80  258
  80  259
  82  261
  82  262
  83  263
  83  264
  85  266
  85  267
  88  270
  88  271
  89  272
  89  273
  90  274
  90  275
  98  283
  98  295
  99  296
  99  301
 101  303
 101  304
 104  307
 105  307
 109  311
 109  312
 110  313
 111  313
 112  314
 113  313
 127  313
 129  315
 130  315
 134  319
 134  320
 135  320
 135  319
 136  318
 136  315
 138  313
 151  313
 151  312
 147  308
 147  288
 148  287
 153  287
 154  286
 156  286
 157  285
 155  283
 155  282
 154  281
 154  266
 157  263
 158  263
 159  262
 161  262
 162  261
 156  255
 156  240
 154  238
 154  237
 151  234
 151  233
 149  231
 149  230
 148  229
 148  213
 149  212
 151  212
 152  211
 158  211
 159  210
 161  210
 162  209
 164  209
 165  208
 166  208
 167  207
 168  207
 173  202
 173  201
 175  199
 175  198
 177  196
 177  195
 179  193
 179  191
 180  190
 180  189
 181  188
 181  186
 182  185
 182  182
 184  180
 184  178
 185  177
 185  175
 186  174
 186  171
 187  170
 187  168
 188  167
 188  164
 189  163
 189  161
 190  160
 190  157
 191  156
 191  153
 192  152
 192  150
 193  149
 193  148
 194  147
 194  145
 195  144
 195  142
 196  141
 196  137
 197  136
 197  134
 198  133
 198  131
 199  130
 199  124
 200  123
 200  120
 199  119
 199  115
 198  114
 198  113
 197  112
 197  111
 196  110
 196  109
 193  106
 192  106
 189  103
 188  103
 187  102
 186  102
 185  101
 184  101
 183  100
 181  100
 180   99
