 225   26
 224   27
 221   27
 220   28
 218   28
 217   29
 215   29
 214   30
 212   30
 211   31
 209   31
 208   32
 206   32
 205   33
 203   33
 202   34
 201   34
 200   35
 199   35
 198   36
 197   36
 196   37
 195   37
 194   38
 193   38
 191   40
 190   40
 189   41
 188   41
 187   42
 186   42
 185   43
 184   43
 182   45
 181   45
 179   47
 178   47
 176   49
 175   49
 172   52
 171   52
 168   55
 167   55
 162   60
 161   60
 156   65
 155   65
 147   73
 146   73
 134   85
 133   85
 108  110
 108  111
  84  135
  83  135
  82  136
  79  136
  78  137
  77  137
  76  138
  74  138
  73  139
  72  139
  71  140
  70  140
  68  142
  67  142
  66  143
  65  143
  61  147
  60  147
  60  155
  40  175
  40  176
  37  179
  37  180
  33  184
  32  184
  29  187
  29  188
  22  195
  22  197
  21  198
  21  204
  19  206
  19  207
  16  210
  16  211
  15  212
  15  357
  23  365
  24  365
  26  367
  27  367
  30  370
  31  370
  33  372
  34  372
  41  379
  42  379
  47  384
  48  384
  50  386
  51  386
  52  387
  53  387
  54  388
  55  388
  56  389
  57  389
  58  390
  60  390
  61  391
  62  391
  63  392
  65  392
  66  393
  67  393
  69  395
  70  395
  74  399
  75  399
  77  401
  78  401
  79  402
  83  402
  84  401
  85  401
  86  400
  86  399
  91  394
  92  394
  93  393
  95  393
  96  392
  98  392
  99  391
 100  391
 101  390
 102  390
 106  386
 106  385
 107  384
 107  382
 108  381
 108  379
 109  378
 109  375
 110  374
 110  373
 111  372
 112  372
 114  370
 116  370
 117  369
 118  369
 119  368
 120  368
 121  367
 122  367
 127  362
 127  360
 128  359
 128  357
 129  356
 129  347
 130  346
 130  345
 131  344
 131  343
 133  341
 134  341
 136  339
 137  339
 139  337
 140  337
 142  335
 142  331
 141  330
 141  329
 140  328
 140  312
 138  310
 138  309
 136  307
 136  306
 131  301
 131  300
 127  296
 126  296
 122  292
 121  292
 120  291
 120  277
 121  276
 139  276
 140  275
 147  275
 148  274
 151  274
 152  273
 155  273
 156  272
 157  272
 158  271
 159  271
 160  270
 161  270
 163  268
 164  268
 167  265
 168  265
 170  263
 170  262
 173  259
 173  258
 175  256
 175  254
 176  253
 176  252
 178  250
 178  249
 179  248
 179  247
 180  246
 180  245
 181  244
 181  243
 182  242
 182  241
 183  240
 183  239
 185  237
 185  236
 186  235
 186  234
 188  232
 188  231
 190  229
 190  228
 191  227
 191  226
 192  225
 192  224
 193  223
 193  222
 194  221
 194  220
 195  219
 195  218
 196  217
 196  216
 197  215
 197  214
 198  213
 198  212
 199  211
 199  210
 200  209
 200  208
 201  207
 201  206
 202  205
 202  204
 203  203
 203  202
 205  200
 205  199
 207  197
 207  196
 208  195
 208  194
 209  193
 209  192
 210  191
 210  190
 211  189
 211  188
 212  187
 212  186
 213  185
 213  183
 214  182
 214  181
 215  180
 215  179
 216  178
 216  177
 217  176
 217  175
 218  174
 218  173
 219  172
 219  171
 220  170
 220  168
 221  167
 221  166
 222  165
 222  163
 224  161
 224  160
 225  159
 225  158
 226  157
 226  156
 227  155
 227  154
 228  153
 228  152
 229  151
 229  149
 230  148
 230  147
 231  146
 231  145
 232  144
 232  143
 233  142
 233  141
 234  140
 234  139
 235  138
 235  136
 236  135
 236  134
 237  133
 237  132
 238  131
 238  129
 239  128
 239  126
 240  125
 240  124
 241  123
 241  122
 242  121
 242  119
 243  118
 243  117
 244  116
 244  114
 245  113
 245  111
 246  110
 246  108
 247  107
 247  105
 248  104
 248  102
 249  101
 249   98
 250   97
 250   95
 251   94
 251   91
 252   90
 252   89
 253   88
 253   85
 254   84
 254   82
 255   81
 255   78
 256   77
 256   73
 257   72
 257   66
 258   65
 258   60
 259   59
 259   54
 258   53
 258   51
 257   50
 257   47
 256   46
 256   45
 255   44
 255   42
 253   40
 253   39
 246   32
 245   32
 243   30
 242   30
 241   29
 240   29
 239   28
 238   28
 237   27
 235   27
 234   26
