 166  120
 165  121
 161  121
 160  122
 158  122
 157  123
 155  123
 154  124
 153  124
 152  125
 151  125
 150  126
 148  126
 146  128
 145  128
 144  129
 143  129
 142  130
 141  130
 140  131
 139  131
 136  134
 135  134
 132  137
 131  137
 128  140
 127  140
 123  144
 122  144
 113  153
 112  153
 108  157
 107  157
 103  161
 103  162
 100  165
  91  165
  91  175
  88  178
  88  179
  82  185
  81  185
  79  187
  79  258
  80  259
  80  260
  81  261
  81  264
  82  265
  82  266
  83  267
  83  271
  84  272
  84  273
  85  274
  85  278
  86  279
  86  281
  87  282
  87  284
  98  295
  99  295
 101  297
 102  297
 103  298
 104  298
 106  300
 107  300
 115  308
 116  307
 117  307
 118  306
 122  306
 123  305
 126  305
 127  304
 129  304
 134  299
 135  299
 136  298
 140  298
 141  297
 143  297
 147  293
 147  291
 148  290
 148  287
 153  282
 153  267
 155  265
 151  261
 151  260
 150  259
 150  258
 149  257
 149  255
 148  254
 148  252
 145  249
 145  248
 141  244
 140  244
 137  241
 137  227
 138  226
 143  226
 144  225
 147  225
 148  224
 152  224
 153  223
 155  223
 156  222
 157  222
 158  221
 160  221
 162  219
 163  219
 165  217
 166  217
 168  215
 168  214
 170  212
 170  211
 173  208
 173  207
 174  206
 174  205
 176  203
 176  200
 177  199
 177  198
 178  197
 178  196
 179  195
 179  194
 181  192
 181  191
 182  190
 182  189
 183  188
 183  186
 184  185
 184  184
 185  183
 185  180
 186  179
 186  177
 187  176
 187  175
 188  174
 188  172
 189  171
 189  169
 190  168
 190  167
 191  166
 191  164
 192  163
 192  159
 193  158
 193  156
 194  155
 194  147
 195  146
 195  143
 194  142
 194  139
 193  138
 193  137
 192  136
 192  135
 189  132
 189  131
 188  131
 185  128
 184  128
 182  126
 181  126
 179  124
 178  124
 177  123
 176  123
 175  122
 174  122
 173  121
 171  121
 170  120
