 167  119
 166  120
 165  120
 164  121
 162  121
 161  122
 160  122
 159  123
 157  123
 156  124
 155  124
 154  125
 153  125
 152  126
 151  126
 150  127
 149  127
 148  128
 147  128
 146  129
 145  129
 143  131
 142  131
 140  133
 139  133
 134  138
 133  138
 131  140
 130  140
 128  142
 127  142
 124  145
 123  145
 121  147
 120  147
 101  166
 100  166
  85  181
  84  181
  81  184
  81  264
  82  265
  83  265
  84  266
  84  268
  85  269
  85  270
  86  271
  86  276
  87  277
  87  278
  88  279
  88  280
  89  281
  89  283
  90  284
  90  285
  91  286
  91  288
  92  289
  92  290
  93  291
  93  292
 106  305
 107  305
 108  306
 109  306
 111  308
 113  308
 114  309
 116  309
 117  310
 122  310
 123  311
 125  311
 126  310
 129  310
 130  309
 132  309
 133  308
 135  308
 136  307
 137  307
 138  306
 139  306
 140  305
 141  305
 142  304
 143  304
 144  303
 145  303
 147  301
 148  301
 154  295
 154  294
 156  292
 156  291
 158  289
 158  288
 159  287
 159  286
 160  285
 160  284
 161  283
 161  281
 162  280
 162  278
 163  277
 163  275
 164  274
 164  272
 165  271
 165  270
 164  269
 164  268
 163  267
 163  264
 162  263
 162  262
 161  261
 161  260
 160  259
 160  258
 159  257
 159  255
 157  253
 157  252
 155  250
 155  249
 153  247
 153  246
 142  235
 142  220
 145  217
 148  217
 149  216
 154  216
 155  215
 157  215
 158  214
 159  214
 160  213
 162  213
 164  211
 165  211
 168  208
 169  208
 174  203
 175  203
 176  202
 176  201
 180  197
 180  196
 182  194
 182  193
 184  191
 184  190
 185  189
 185  188
 186  187
 186  186
 187  185
 187  182
 188  181
 188  180
 189  179
 189  175
 190  174
 190  173
 191  172
 191  169
 192  168
 192  165
 193  164
 193  156
 194  155
 193  154
 193  143
 192  142
 192  140
 191  139
 191  137
 190  136
 190  135
 189  134
 189  133
 186  130
 186  129
 185  128
 184  128
 180  124
 179  124
 176  121
 175  121
 174  120
 173  120
 172  119
