 189   74
 188   75
 185   75
 184   76
 181   76
 180   77
 179   77
 178   78
 176   78
 175   79
 174   79
 173   80
 172   80
 171   81
 170   81
 168   83
 167   83
 166   84
 165   84
 164   85
 163   85
 160   88
 159   88
 156   91
 155   91
 149   97
 148   97
 131  114
 131  115
 122  124
 122  125
 118  129
 118  130
 114  134
 114  135
 111  138
 111  139
 107  143
 107  144
 104  147
  94  147
  93  148
  93  150
  92  151
  92  152
  91  153
  91  154
  90  155
  90  156
  89  157
  89  158
  87  160
  87  161
  86  162
  86  163
  85  164
  85  165
  81  169
  81  170
  79  172
  79  173
  78  174
  78  175
  74  179
  74  180
  70  184
  70  185
  67  188
  67  189
  64  192
  64  193
  63  194
  63  295
  64  296
  64  297
  65  297
  66  298
  68  298
  69  299
  70  299
  80  309
  80  310
  87  317
  88  317
 106  335
 107  335
 110  338
 111  338
 114  341
 115  341
 117  343
 118  343
 128  353
 129  353
 130  352
 130  351
 133  348
 133  347
 135  345
 135  344
 137  342
 137  341
 138  340
 138  338
 139  337
 139  335
 140  334
 140  333
 141  332
 141  331
 142  330
 142  329
 143  328
 143  327
 145  325
 145  323
 146  322
 146  321
 147  320
 147  318
 148  317
 148  316
 154  310
 154  301
 155  300
 155  299
 156  298
 156  297
 158  295
 158  294
 159  293
 159  291
 160  290
 160  282
 158  280
 158  279
 153  274
 152  274
 144  266
 143  266
 142  265
 142  251
 143  250
 146  250
 147  249
 156  249
 157  248
 160  248
 161  247
 165  247
 166  246
 168  246
 169  245
 170  245
 171  244
 172  244
 176  240
 176  239
 178  237
 178  235
 179  234
 179  232
 180  231
 180  227
 181  226
 181  224
 182  223
 182  219
 183  218
 183  217
 184  216
 184  212
 185  211
 185  208
 186  207
 186  203
 187  202
 187  199
 188  198
 188  196
 189  195
 189  193
 190  192
 190  190
 191  189
 191  185
 192  184
 192  178
 193  177
 193  170
 194  169
 194  168
 195  167
 195  164
 196  163
 196  161
 197  160
 197  156
 198  155
 198  153
 199  152
 199  150
 200  149
 200  147
 201  146
 201  144
 202  143
 202  141
 203  140
 203  137
 204  136
 204  132
 205  131
 205  129
 206  128
 206  123
 207  122
 207  119
 208  118
 208  108
 209  107
 209  103
 210  102
 210   93
 211   92
 211   89
 210   88
 210   86
 209   85
 209   84
 206   81
 205   81
 204   80
 203   80
 202   79
 201   79
 199   77
 198   77
 197   76
 196   76
 195   75
 194   75
 193   74
