 160  133
 159  134
 157  134
 156  135
 154  135
 153  136
 152  136
 151  137
 150  137
 149  138
 148  138
 147  139
 146  139
 144  141
 143  141
 141  143
 140  143
 138  145
 137  145
 136  146
 135  146
 133  148
 132  148
 130  150
 129  150
 127  152
 126  152
 123  155
 122  155
 119  158
 118  158
 112  164
 111  164
 108  167
 107  167
 106  168
 100  168
  99  169
  98  169
  97  170
  96  170
  89  177
  89  178
  88  179
  88  180
  87  181
  87  243
  89  245
  90  245
  91  246
  91  247
  92  248
  92  249
  93  250
  93  253
  94  254
  94  255
  95  256
  95  258
  96  259
  96  262
  97  263
  97  267
  98  268
  98  273
  99  274
  99  276
 100  277
 100  278
 101  279
 101  280
 108  287
 109  287
 111  289
 112  289
 113  290
 114  290
 116  292
 117  292
 118  293
 119  293
 120  294
 121  294
 122  295
 124  295
 125  296
 131  296
 132  295
 134  295
 135  294
 136  294
 137  293
 138  293
 139  292
 140  292
 141  291
 142  291
 143  290
 144  290
 146  288
 147  288
 150  285
 151  285
 157  279
 157  278
 160  275
 160  274
 161  273
 161  272
 162  271
 162  270
 163  269
 163  267
 164  266
 164  264
 165  263
 165  260
 166  259
 166  256
 165  255
 165  253
 164  252
 164  250
 163  249
 163  247
 162  246
 162  245
 161  244
 161  243
 160  242
 160  241
 154  235
 154  234
 152  232
 151  232
 150  231
 149  231
 148  230
 148  215
 150  213
 152  213
 153  212
 155  212
 157  210
 158  210
 161  207
 162  207
 166  203
 167  203
 173  197
 173  196
 177  192
 177  191
 178  190
 178  189
 179  188
 179  187
 180  186
 180  185
 181  184
 181  182
 182  181
 182  180
 183  179
 183  176
 184  175
 184  173
 185  172
 185  168
 186  167
 186  164
 187  163
 187  156
 186  155
 186  154
 185  153
 185  151
 184  150
 184  149
 183  148
 183  147
 182  146
 182  145
 179  142
 178  142
 176  140
 175  140
 171  136
 170  136
 169  135
 168  135
 167  134
 165  134
 164  133
