 158   98
 157   99
 155   99
 154  100
 153  100
 152  101
 150  101
 149  102
 148  102
 147  103
 146  103
 145  104
 144  104
 143  105
 142  105
 141  106
 140  106
 139  107
 138  107
 136  109
 135  109
 132  112
 131  112
 126  117
 125  117
 112  130
 112  131
 108  135
 108  136
 105  139
 105  140
 103  142
 103  143
  99  147
  99  148
  97  150
  97  151
  96  152
  96  153
  94  155
  94  156
  92  158
  92  160
  89  163
  89  164
  88  165
  88  233
  90  235
  92  235
  93  236
  95  236
  96  237
  97  237
 105  245
 105  246
 113  254
 113  257
 114  258
 114  262
 115  263
 115  265
 116  266
 116  267
 124  275
 125  275
 126  276
 128  276
 129  277
 137  277
 138  278
 139  278
 141  280
 142  280
 143  281
 148  281
 149  282
 151  282
 154  285
 154  286
 156  288
 156  289
 159  292
 159  293
 161  295
 160  294
 160  293
 159  292
 159  291
 157  289
 157  288
 155  286
 155  285
 153  283
 153  282
 152  281
 152  280
 151  279
 151  278
 150  277
 150  276
 148  274
 148  258
 150  256
 151  256
 151  241
 152  240
 153  240
 153  239
 152  238
 152  237
 151  236
 151  222
 152  221
 154  221
 155  220
 155  211
 154  210
 154  209
 149  204
 149  189
 150  188
 151  188
 153  186
 154  186
 157  183
 157  182
 159  180
 159  179
 160  178
 160  177
 161  176
 161  175
 162  174
 162  171
 163  170
 163  167
 164  166
 164  161
 165  160
 165  157
 166  156
 166  150
 167  149
 167  146
 168  145
 168  139
 169  138
 169  135
 170  134
 170  131
 171  130
 171  128
 172  127
 172  122
 173  121
 173  118
 174  117
 174  108
 173  107
 173  106
 172  105
 172  104
 171  103
 170  103
 168  101
 167  101
 165   99
 164   99
 163   98
