 196   30
 195   31
 192   31
 191   32
 188   32
 187   33
 185   33
 184   34
 182   34
 181   35
 180   35
 179   36
 177   36
 176   37
 175   37
 174   38
 173   38
 172   39
 171   39
 170   40
 169   40
 168   41
 167   41
 166   42
 165   42
 164   43
 163   43
 162   44
 161   44
 159   46
 158   46
 156   48
 155   48
 152   51
 151   51
 149   53
 148   53
 145   56
 144   56
 142   58
 141   58
 137   62
 136   62
 133   65
 132   65
 122   75
 121   75
 105   91
 105   92
 102   95
 102   96
  98  100
  98  101
  94  105
  94  106
  90  110
  90  111
  85  116
  85  117
  81  121
  81  122
  74  129
  74  130
  70  134
  70  135
  61  144
  60  144
  58  146
  57  146
  56  147
  55  147
  44  158
  44  159
  39  164
  39  165
  37  167
  37  313
  39  315
  39  316
  40  317
  40  318
  41  319
  41  320
  42  321
  42  322
  43  323
  43  324
  44  325
  44  326
  45  327
  45  328
  46  329
  46  330
  47  331
  47  332
  48  333
  48  334
  50  336
  50  337
  52  339
  52  340
  54  342
  54  343
  56  345
  56  346
  58  348
  58  349
  59  350
  59  351
  60  352
  60  354
  61  355
  61  356
  63  358
  63  359
  76  372
  76  373
  77  374
  77  375
  78  376
  78  377
  79  378
  79  379
  80  380
  80  381
  81  382
  81  383
  85  387
  86  387
  96  397
 101  397
 102  396
 120  396
 121  395
 122  395
 123  394
 124  394
 126  392
 127  392
 131  388
 132  388
 133  387
 136  387
 137  386
 142  386
 143  385
 144  385
 145  384
 146  384
 147  383
 148  383
 150  381
 150  380
 152  378
 152  374
 153  373
 153  368
 154  367
 154  364
 158  360
 160  360
 161  359
 162  359
 163  358
 164  358
 166  356
 167  356
 167  355
 168  354
 168  350
 167  349
 167  324
 168  323
 168  322
 171  319
 171  316
 170  315
 170  314
 169  313
 169  312
 167  310
 167  308
 165  306
 165  305
 164  304
 164  303
 163  302
 163  301
 162  300
 162  297
 161  296
 161  293
 160  292
 160  289
 158  287
 158  286
 153  281
 152  281
 148  277
 147  277
 144  274
 143  274
 137  268
 136  268
 133  265
 132  265
 128  261
 127  261
 125  259
 124  259
 120  255
 119  255
 116  252
 115  252
 114  251
 114  237
 115  236
 139  236
 140  237
 151  237
 152  236
 158  236
 159  235
 163  235
 164  234
 167  234
 168  233
 170  233
 171  232
 172  232
 173  231
 174  231
 175  230
 177  230
 178  229
 179  229
 181  227
 182  227
 191  218
 191  217
 192  216
 192  215
 193  214
 193  213
 194  212
 194  211
 195  210
 195  209
 196  208
 196  207
 199  204
 199  203
 201  201
 201  200
 202  199
 202  198
 203  197
 203  195
 204  194
 204  192
 205  191
 205  189
 206  188
 206  183
 207  182
 207  180
 208  179
 208  178
 209  177
 209  176
 210  175
 210  174
 211  173
 211  171
 212  170
 212  168
 213  167
 213  165
 214  164
 214  161
 215  160
 215  154
 216  153
 216  150
 217  149
 217  148
 218  147
 218  145
 219  144
 219  142
 220  141
 220  139
 221  138
 221  134
 222  133
 222  130
 223  129
 223  124
 224  123
 224  122
 225  121
 225  120
 226  119
 226  118
 227  117
 227  116
 228  115
 228  113
 229  112
 229  109
 230  108
 230  105
 231  104
 231   99
 232   98
 232   96
 233   95
 233   93
 234   92
 234   89
 235   88
 235   85
 236   84
 236   78
 237   77
 237   70
 238   69
 238   64
 237   63
 237   60
 236   59
 236   58
 235   57
 235   56
 233   54
 233   51
 232   50
 232   47
 231   46
 231   45
 230   44
 229   44
 227   42
 226   42
 225   41
 224   41
 223   40
 222   40
 221   39
 220   39
 219   38
 218   38
 217   37
 216   37
 215   36
 214   36
 213   35
 212   35
 211   34
 210   34
 209   33
 208   33
 207   32
 205   32
 204   31
 202   31
 201   30
