 162  132
 161  133
 158  133
 157  134
 156  134
 155  135
 154  135
 153  136
 152  136
 151  137
 150  137
 149  138
 148  138
 147  139
 146  139
 142  143
 141  143
 139  145
 138  145
 136  147
 135  147
 129  153
 128  153
 120  161
 119  161
 114  166
 114  167
 103  178
 103  179
  99  183
  92  183
  90  185
  90  254
 102  254
 105  257
 105  259
 106  260
 106  261
 107  262
 107  266
 108  267
 108  269
 109  270
 109  271
 110  272
 110  274
 111  275
 111  276
 112  277
 112  278
 114  280
 114  281
 116  283
 116  284
 118  286
 118  287
 119  288
 120  288
 122  290
 123  290
 125  292
 126  292
 127  293
 129  293
 130  294
 131  294
 132  295
 135  295
 136  296
 139  296
 140  295
 143  295
 144  294
 146  294
 147  293
 148  293
 149  292
 151  292
 153  290
 154  290
 155  289
 156  289
 158  287
 159  287
 161  285
 162  285
 165  282
 165  281
 167  279
 167  278
 168  277
 168  276
 170  274
 170  272
 171  271
 171  270
 172  269
 172  266
 173  265
 173  262
 174  261
 174  257
 173  256
 173  254
 172  253
 172  251
 170  249
 170  248
 168  246
 168  245
 166  243
 166  242
 157  233
 156  233
 154  231
 154  215
 155  214
 156  214
 157  213
 158  213
 161  210
 162  210
 172  200
 172  199
 174  197
 174  196
 176  194
 176  193
 179  190
 179  189
 180  188
 180  186
 181  185
 181  181
 182  180
 182  178
 183  177
 183  172
 184  171
 184  168
 185  167
 185  165
 184  164
 184  159
 183  158
 183  154
 182  153
 182  152
 181  151
 181  149
 179  147
 179  146
 176  143
 176  142
 174  140
 173  140
 168  135
 167  135
 166  134
 165  134
 164  133
 163  133
