 211   27
 210   28
 207   28
 206   29
 203   29
 202   30
 200   30
 199   31
 198   31
 197   32
 195   32
 194   33
 193   33
 192   34
 191   34
 190   35
 189   35
 188   36
 186   36
 185   37
 184   37
 183   38
 182   38
 181   39
 179   39
 178   40
 177   40
 176   41
 175   41
 173   43
 172   43
 171   44
 170   44
 168   46
 167   46
 166   47
 165   47
 163   49
 162   49
 160   51
 159   51
 157   53
 156   53
 154   55
 153   55
 150   58
 149   58
 147   60
 146   60
 143   63
 142   63
 138   67
 137   67
 134   70
 133   70
 129   74
 128   74
 122   80
 121   80
 116   85
 115   85
 109   91
 108   91
  99  100
  98  100
  59  139
  59  140
  51  148
  51  149
  46  154
  46  155
  38  163
  38  164
  35  167
  35  168
  30  173
  30  174
  27  177
  27  178
  24  181
  24  182
  23  183
  23  309
  24  310
  24  311
  25  312
  25  313
  26  314
  26  316
  28  318
  28  320
  29  321
  29  322
  30  323
  30  324
  31  325
  31  326
  33  328
  33  329
  34  330
  34  331
  35  332
  35  333
  36  334
  36  335
  37  336
  37  337
  39  339
  39  340
  40  341
  40  342
  41  343
  41  344
  43  346
  43  347
  44  348
  44  349
  46  351
  46  352
  48  354
  48  355
  50  357
  50  358
  59  367
  59  368
  60  368
  70  378
  71  378
  77  384
  78  384
  86  392
  87  392
  94  399
  95  399
  96  400
  97  400
  98  401
 101  401
 102  400
 103  400
 104  399
 105  399
 106  398
 107  398
 108  397
 110  397
 111  396
 116  396
 117  395
 120  395
 121  394
 122  394
 124  392
 125  392
 127  390
 127  389
 137  379
 139  379
 140  378
 141  378
 142  377
 143  377
 144  376
 145  376
 148  373
 148  372
 149  371
 149  369
 150  368
 150  360
 151  359
 151  358
 152  357
 152  356
 156  352
 157  352
 158  351
 159  351
 163  347
 163  346
 164  345
 163  344
 163  320
 165  318
 165  317
 168  314
 169  314
 170  313
 170  311
 169  310
 169  309
 163  303
 163  302
 162  301
 162  300
 161  299
 161  289
 160  288
 160  287
 159  286
 159  285
 156  282
 156  281
 153  278
 152  278
 147  273
 146  273
 143  270
 143  256
 144  255
 155  255
 156  254
 161  254
 162  253
 164  253
 165  252
 168  252
 169  251
 170  251
 171  250
 172  250
 173  249
 174  249
 177  246
 178  246
 182  242
 182  241
 184  239
 184  238
 186  236
 186  235
 187  234
 187  233
 188  232
 188  231
 189  230
 189  228
 191  226
 191  224
 192  223
 192  222
 193  221
 193  220
 195  218
 195  217
 196  216
 196  215
 197  214
 197  213
 199  211
 199  210
 200  209
 200  208
 201  207
 201  205
 202  204
 202  201
 203  200
 203  198
 204  197
 204  195
 205  194
 205  193
 206  192
 206  191
 207  190
 207  189
 208  188
 208  187
 209  186
 209  185
 210  184
 210  182
 211  181
 211  180
 212  179
 212  177
 213  176
 213  174
 214  173
 214  171
 215  170
 215  166
 216  165
 216  164
 217  163
 217  162
 218  161
 218  160
 219  159
 219  157
 220  156
 220  155
 221  154
 221  152
 222  151
 222  150
 223  149
 223  147
 224  146
 224  145
 225  144
 225  141
 226  140
 226  137
 227  136
 227  134
 228  133
 228  131
 229  130
 229  129
 230  128
 230  127
 231  126
 231  125
 232  124
 232  123
 233  122
 233  121
 234  120
 234  118
 235  117
 235  116
 236  115
 236  114
 237  113
 237  110
 238  109
 238  106
 239  105
 239  104
 240  103
 240  102
 241  101
 241   99
 242   98
 242   97
 243   96
 243   94
 244   93
 244   92
 245   91
 245   89
 246   88
 246   86
 247   85
 247   81
 248   80
 248   77
 249   76
 249   71
 250   70
 250   66
 251   65
 251   62
 252   61
 252   53
 251   52
 251   50
 250   49
 250   47
 249   46
 249   45
 247   43
 247   42
 243   38
 242   38
 240   36
 239   36
 238   35
 237   35
 236   34
 235   34
 234   33
 233   33
 231   31
 230   31
 229   30
 227   30
 226   29
 225   29
 224   28
 221   28
 220   27
