 180   95
 179   96
 175   96
 174   97
 171   97
 170   98
 168   98
 167   99
 166   99
 165  100
 163  100
 162  101
 160  101
 159  102
 158  102
 157  103
 155  103
 154  104
 153  104
 152  105
 150  105
 149  106
 148  106
 147  107
 146  107
 145  108
 144  108
 143  109
 142  109
 141  110
 140  110
 139  111
 138  111
 137  112
 136  112
 135  113
 134  113
 133  114
 132  114
 131  115
 130  115
 129  116
 128  116
 127  117
 126  117
 125  118
 124  118
 122  120
 121  120
 120  121
 119  121
 118  122
 117  122
 115  124
 114  124
 113  125
 112  125
 110  127
 109  127
 108  128
 107  128
 106  129
 105  129
 103  131
 102  131
 100  133
  99  133
  97  135
  96  135
  94  137
  93  137
  91  139
  90  139
  88  141
  87  141
  84  144
  83  144
  79  148
  78  148
  75  151
  74  151
  67  158
  66  158
  61  163
  61  267
  62  268
  62  270
  63  271
  63  278
  64  279
  64  280
  65  281
  65  282
  66  283
  67  283
  74  290
  75  290
  76  291
  76  295
  77  296
  77  300
  78  301
  78  303
  79  304
  79  305
  81  307
  81  308
  84  311
  85  311
  89  315
  89  316
  91  318
  92  318
  93  319
  95  319
  96  318
 126  318
 128  320
 128  321
 139  332
 139  331
 138  330
 138  329
 137  328
 137  327
 135  325
 135  323
 133  321
 133  320
 131  318
 131  299
 134  296
 135  296
 139  292
 139  277
 140  276
 140  275
 145  270
 145  269
 144  268
 144  251
 145  250
 145  247
 144  246
 144  245
 143  244
 143  243
 142  242
 142  241
 140  239
 140  238
 139  237
 139  236
 138  235
 138  234
 137  233
 137  232
 136  231
 136  230
 135  229
 135  228
 134  227
 134  213
 135  212
 144  212
 145  211
 148  211
 149  210
 150  210
 151  209
 152  209
 154  207
 155  207
 157  205
 158  205
 159  204
 159  203
 167  195
 167  194
 168  193
 168  192
 169  191
 169  190
 170  189
 170  188
 174  184
 174  183
 176  181
 176  179
 177  178
 177  177
 178  176
 178  173
 180  171
 180  170
 182  168
 182  167
 183  166
 183  165
 184  164
 184  163
 185  162
 185  161
 187  159
 187  158
 189  156
 189  155
 192  152
 192  151
 194  149
 194  148
 196  146
 196  145
 200  141
 200  140
 202  138
 202  137
 203  136
 203  135
 204  134
 204  133
 206  131
 206  130
 207  129
 207  128
 209  126
 209  124
 210  123
 210  122
 211  121
 211  118
 212  117
 212  116
 213  115
 213  111
 214  110
 213  109
 213  108
 212  107
 212  106
 210  104
 209  104
 208  103
 207  103
 205  101
 204  101
 202   99
 201   99
 200   98
 199   98
 198   97
 197   97
 196   96
 194   96
 193   95
