 200   86
 199   87
 195   87
 194   88
 189   88
 188   89
 185   89
 184   90
 181   90
 180   91
 178   91
 177   92
 176   92
 175   93
 174   93
 173   94
 171   94
 170   95
 169   95
 168   96
 167   96
 166   97
 165   97
 164   98
 163   98
 162   99
 160   99
 159  100
 158  100
 157  101
 156  101
 155  102
 154  102
 152  104
 151  104
 150  105
 149  105
 148  106
 147  106
 145  108
 144  108
 142  110
 141  110
 139  112
 138  112
 137  113
 136  113
 134  115
 133  115
 132  116
 131  116
 129  118
 128  118
 126  120
 125  120
 124  121
 123  121
 121  123
 120  123
 118  125
 117  125
 115  127
 114  127
 111  130
 110  130
 107  133
 106  133
 104  135
 103  135
 100  138
  99  138
  94  143
  93  143
  89  147
  88  147
  82  153
  81  153
  71  163
  70  163
  56  177
  55  177
  47  185
  47  186
  46  187
  46  188
  45  189
  45  264
  46  265
  46  267
  47  268
  47  270
  48  271
  48  272
  49  273
  49  275
  50  276
  50  277
  51  278
  51  280
  52  281
  52  282
  53  283
  53  286
  54  287
  54  288
  55  289
  55  292
  56  293
  56  296
  57  297
  57  313
  58  314
  58  315
  59  316
  59  317
  61  319
  62  319
  69  326
  69  327
  71  329
  71  330
  72  331
  72  332
  73  333
  74  333
  75  334
  76  334
  78  336
  78  337
  81  340
  84  337
  85  337
  86  336
  99  336
 101  334
 101  333
 102  332
 102  331
 105  328
 106  328
 108  326
 122  326
 124  324
 124  323
 125  322
 125  316
 127  314
 128  314
 129  313
 138  313
 139  312
 140  312
 141  311
 142  311
 142  310
 143  309
 143  297
 144  296
 144  295
 147  292
 148  292
 149  291
 150  291
 152  289
 152  288
 153  287
 153  272
 156  269
 156  268
 154  266
 154  265
 149  260
 149  259
 145  255
 145  254
 141  250
 141  249
 138  246
 138  232
 139  231
 144  231
 145  230
 150  230
 151  229
 153  229
 154  228
 155  228
 156  227
 158  227
 160  225
 161  225
 167  219
 167  218
 168  217
 168  216
 171  213
 172  213
 176  209
 176  208
 177  207
 177  206
 179  204
 179  202
 180  201
 180  200
 186  194
 186  193
 188  191
 188  190
 189  189
 189  188
 190  187
 190  184
 191  183
 191  182
 192  181
 192  180
 193  179
 193  178
 197  174
 197  173
 198  172
 198  171
 199  170
 199  169
 200  168
 200  167
 201  166
 201  164
 202  163
 202  162
 203  161
 203  160
 207  156
 207  155
 209  153
 209  152
 210  151
 210  150
 211  149
 211  148
 212  147
 212  145
 213  144
 213  143
 215  141
 215  140
 217  138
 217  137
 218  136
 218  135
 219  134
 219  133
 220  132
 220  130
 221  129
 221  126
 222  125
 222  123
 223  122
 223  120
 224  119
 224  118
 225  117
 225  115
 226  114
 226  112
 227  111
 227  107
 228  106
 228  101
 227  100
 227   99
 226   98
 226   97
 224   95
 223   95
 222   94
 221   94
 220   93
 219   93
 217   91
 216   91
 215   90
 214   90
 213   89
 212   89
 211   88
 208   88
 207   87
 203   87
 202   86
