 173  112
 172  113
 170  113
 169  114
 168  114
 167  115
 165  115
 164  116
 163  116
 162  117
 160  117
 159  118
 158  118
 157  119
 156  119
 155  120
 154  120
 152  122
 151  122
 149  124
 148  124
 146  126
 145  126
 142  129
 141  129
 127  143
 127  144
 124  147
 123  147
 122  148
 122  149
 114  157
 114  158
 111  161
 111  162
 105  168
 105  169
 103  171
 103  172
 102  173
 102  174
  99  177
  99  178
  96  181
  96  182
  92  186
  90  186
  89  187
  88  187
  88  249
  90  251
  93  251
  94  252
  94  253
  95  254
  95  255
  96  256
  96  258
  97  259
  97  260
  98  261
  98  264
  99  265
  99  266
 100  267
 100  268
 101  269
 101  270
 103  272
 103  273
 105  275
 105  276
 108  279
 108  280
 121  293
 121  294
 122  295
 122  296
 124  298
 124  299
 125  300
 125  301
 126  302
 126  303
 128  305
 128  306
 134  312
 134  313
 135  314
 136  314
 137  315
 138  315
 139  316
 141  314
 142  314
 143  313
 145  313
 146  312
 147  312
 147  297
 148  296
 148  295
 151  292
 152  292
 154  290
 154  274
 156  272
 156  271
 158  269
 158  267
 159  266
 159  257
 160  256
 160  247
 159  246
 159  245
 158  244
 157  244
 151  238
 151  223
 152  222
 153  222
 159  216
 159  215
 160  214
 160  213
 161  212
 161  211
 162  210
 162  209
 163  208
 163  206
 164  205
 164  204
 165  203
 165  199
 166  198
 166  196
 167  195
 167  192
 168  191
 168  188
 169  187
 169  182
 170  181
 170  172
 171  171
 171  168
 172  167
 172  160
 173  159
 173  156
 174  155
 174  151
 175  150
 175  149
 176  148
 176  147
 177  146
 177  145
 178  144
 178  142
 179  141
 179  140
 181  138
 181  137
 182  136
 182  135
 183  134
 183  130
 184  129
 184  127
 185  126
 185  122
 186  121
 186  120
 184  118
 184  117
 183  116
 182  116
 179  113
 178  113
 177  112
