 188   40
 187   41
 185   41
 184   42
 181   42
 180   43
 178   43
 177   44
 176   44
 175   45
 173   45
 172   46
 171   46
 170   47
 169   47
 168   48
 166   48
 165   49
 164   49
 163   50
 162   50
 161   51
 160   51
 159   52
 158   52
 157   53
 156   53
 155   54
 154   54
 153   55
 152   55
 151   56
 150   56
 148   58
 147   58
 146   59
 145   59
 143   61
 142   61
 140   63
 139   63
 136   66
 135   66
 132   69
 131   69
 126   74
 125   74
 103   96
 102   96
  93  105
  92  105
  89  108
  88  108
  87  109
  87  110
  86  111
  86  112
  84  114
  84  115
  82  117
  82  118
  81  119
  81  120
  79  122
  79  123
  78  124
  77  124
  77  125
  74  128
  74  129
  70  133
  70  134
  69  135
  69  136
  68  137
  68  217
  70  219
  72  219
  73  220
  73  222
  74  223
  74  224
  75  225
  75  226
  76  227
  76  228
  80  232
  80  233
  81  234
  81  235
  83  237
  83  240
  84  241
  84  242
  85  243
  85  245
  86  246
  86  247
  87  248
  87  250
  88  251
  88  253
  89  254
  89  258
  90  259
  90  268
  91  269
  91  271
  92  272
  92  273
  94  275
  95  275
 100  280
 102  280
 103  281
 105  281
 106  282
 106  289
 107  290
 107  294
 108  295
 108  296
 117  305
 131  305
 133  307
 134  307
 136  309
 136  310
 137  310
 138  311
 150  311
 151  312
 151  313
 153  315
 153  316
 155  318
 155  319
 157  321
 157  323
 159  325
 159  326
 160  327
 160  328
 161  329
 161  330
 163  332
 163  333
 165  335
 165  336
 167  338
 167  339
 169  341
 169  342
 172  345
 172  346
 173  347
 172  346
 172  345
 170  343
 170  341
 168  339
 168  338
 167  337
 167  336
 166  335
 166  334
 165  333
 165  332
 164  331
 164  330
 163  329
 163  328
 162  327
 162  326
 161  325
 161  324
 159  322
 159  321
 157  319
 157  317
 155  315
 155  314
 153  312
 153  311
 152  310
 152  309
 150  307
 150  306
 148  304
 148  303
 147  302
 147  284
 148  283
 148  282
 149  281
 150  281
 151  280
 155  280
 156  279
 161  279
 157  275
 157  274
 155  272
 155  270
 154  269
 154  251
 155  250
 155  249
 156  248
 157  248
 157  246
 156  245
 156  230
 157  229
 157  226
 161  222
 161  210
 162  209
 162  208
 159  205
 158  205
 151  198
 150  198
 149  197
 148  197
 147  196
 146  196
 145  195
 144  195
 143  194
 143  180
 144  179
 166  179
 167  178
 168  178
 170  176
 171  176
 176  171
 176  169
 177  168
 177  167
 178  166
 178  164
 179  163
 179  160
 180  159
 180  157
 181  156
 181  154
 182  153
 182  151
 183  150
 183  141
 184  140
 184  135
 185  134
 185  129
 186  128
 186  125
 187  124
 187  115
 188  114
 188  111
 189  110
 189  107
 190  106
 190   98
 191   97
 191   94
 192   93
 192   90
 193   89
 193   87
 194   86
 194   82
 195   81
 195   80
 196   79
 196   75
 197   74
 197   73
 198   72
 198   67
 199   66
 199   64
 200   63
 200   60
 201   59
 201   56
 202   55
 202   50
 203   49
 203   48
 202   47
 202   46
 199   43
 198   43
 197   42
 196   42
 195   41
 194   41
 193   40
