 179   95
 178   96
 176   96
 175   97
 173   97
 172   98
 170   98
 169   99
 168   99
 167  100
 165  100
 164  101
 162  101
 161  102
 160  102
 159  103
 158  103
 157  104
 156  104
 154  106
 153  106
 152  107
 151  107
 149  109
 148  109
 147  110
 146  110
 144  112
 143  112
 141  114
 140  114
 137  117
 136  117
 133  120
 132  120
 130  122
 129  122
 125  126
 124  126
 120  130
 119  130
 119  131
 117  133
 116  133
  93  156
  93  157
  92  158
  92  159
  91  160
  91  161
  86  166
  86  167
  82  171
  82  172
  80  174
  80  175
  79  176
  79  177
  78  178
  78  179
  77  180
  77  181
  75  183
  75  184
  74  185
  74  264
  76  266
  77  266
  79  268
  79  270
  80  271
  80  272
  81  273
  81  275
  82  276
  82  277
  83  278
  83  281
  84  282
  84  283
  85  284
  85  285
  86  286
  86  287
  87  288
  87  289
  88  290
  88  291
  89  292
  89  294
  90  295
  90  296
  91  297
  91  298
  92  299
  92  300
  95  303
  95  304
  99  308
 100  308
 106  314
 106  315
 111  320
 111  321
 117  327
 118  327
 119  328
 120  328
 121  329
 147  329
 149  331
 149  330
 148  329
 148  328
 147  327
 147  326
 146  325
 146  309
 148  307
 150  307
 153  304
 153  288
 155  286
 156  286
 157  285
 157  284
 158  283
 158  269
 159  268
 159  263
 158  262
 158  257
 157  256
 157  254
 153  250
 152  250
 146  244
 145  244
 143  242
 142  242
 140  240
 140  225
 141  224
 145  224
 146  223
 148  223
 149  222
 150  222
 151  221
 152  221
 157  216
 157  215
 158  214
 158  213
 160  211
 160  210
 162  208
 162  207
 166  203
 166  201
 167  200
 167  198
 168  197
 168  193
 169  192
 169  191
 170  190
 170  188
 171  187
 171  185
 172  184
 172  173
 173  172
 173  170
 174  169
 174  159
 175  158
 175  156
 176  155
 176  154
 177  153
 177  151
 178  150
 178  149
 179  148
 179  147
 180  146
 180  145
 181  144
 181  143
 183  141
 183  140
 188  135
 188  134
 190  132
 190  131
 192  129
 192  128
 194  126
 194  125
 195  124
 195  123
 196  122
 196  120
 197  119
 197  118
 198  117
 198  116
 199  115
 199  112
 200  111
 200  107
 199  106
 199  105
 198  104
 198  103
 195  100
 194  100
 191   97
 190   97
 189   96
 188   96
 187   95
