 175  120
 174  121
 171  121
 170  122
 168  122
 167  123
 165  123
 164  124
 163  124
 162  125
 161  125
 160  126
 159  126
 158  127
 157  127
 155  129
 154  129
 153  130
 152  130
 150  132
 149  132
 148  133
 147  133
 145  135
 144  135
 142  137
 141  137
 139  139
 138  139
 136  141
 135  141
 132  144
 131  144
 128  147
 127  147
 124  150
 123  150
 120  153
 119  153
 117  155
 116  155
 112  159
 111  159
 100  170
  99  170
  96  173
  95  173
  93  175
  92  175
  83  184
  83  185
  81  187
  80  187
  78  189
  78  190
  77  191
  77  238
  79  240
  80  240
  81  241
  81  242
  82  243
  82  244
  86  248
  86  249
  88  251
  88  252
  90  254
  90  255
  94  259
  94  260
  97  263
  97  264
  98  265
  98  267
  99  268
  99  270
 100  271
 100  275
 101  276
 101  280
 102  281
 102  285
 103  286
 103  289
 104  290
 104  291
 105  292
 105  293
 108  296
 108  297
 109  298
 110  298
 114  302
 115  302
 116  303
 117  303
 118  304
 119  304
 120  305
 121  305
 122  306
 124  306
 125  307
 126  307
 127  308
 128  308
 129  309
 138  309
 139  308
 140  308
 141  307
 143  307
 144  306
 145  306
 146  305
 147  305
 148  304
 149  304
 150  303
 151  303
 153  301
 154  301
 165  290
 165  289
 167  287
 167  286
 168  285
 168  284
 169  283
 169  282
 170  281
 170  279
 171  278
 171  276
 172  275
 172  272
 173  271
 173  270
 174  269
 174  259
 173  258
 173  257
 172  256
 172  255
 170  253
 170  252
 167  249
 167  248
 156  237
 155  237
 151  233
 151  219
 152  218
 158  218
 159  217
 160  217
 161  216
 163  216
 164  215
 165  215
 168  212
 169  212
 179  202
 179  201
 181  199
 181  198
 183  196
 183  194
 185  192
 185  191
 186  190
 186  189
 187  188
 187  187
 188  186
 188  185
 189  184
 189  182
 190  181
 190  180
 191  179
 191  177
 192  176
 192  174
 193  173
 193  171
 194  170
 194  162
 195  161
 195  158
 196  157
 196  147
 197  146
 197  145
 196  144
 196  138
 195  137
 195  136
 194  135
 194  134
 193  133
 193  132
 191  130
 191  129
 186  124
 185  124
 183  122
 182  122
 181  121
 180  121
 179  120
