 176  108
 175  109
 173  109
 172  110
 170  110
 169  111
 167  111
 166  112
 164  112
 163  113
 162  113
 161  114
 159  114
 158  115
 157  115
 156  116
 154  116
 153  117
 152  117
 151  118
 149  118
 148  119
 146  119
 145  120
 144  120
 143  121
 142  121
 141  122
 140  122
 139  123
 138  123
 137  124
 134  124
 133  125
 132  125
 131  126
 130  126
 129  127
 128  127
 127  128
 126  128
 124  130
 123  130
 122  131
 121  131
 120  132
 119  132
 118  133
 117  133
 116  134
 115  134
 114  135
 113  135
 112  136
 111  136
 109  138
 108  138
 105  141
 104  141
 102  143
 101  143
  99  145
  98  145
  97  146
  90  146
  87  149
  84  149
  83  150
  82  150
  82  151
  81  152
  81  155
  78  158
  77  158
  75  160
  75  162
  74  163
  74  164
  73  165
  73  232
  74  233
  75  233
  76  234
  76  236
  78  238
  78  239
  79  240
  79  241
  82  244
  82  245
  84  247
  84  248
  88  252
  88  253
  90  255
  90  256
  92  258
  92  259
 101  268
 101  269
 103  271
 103  272
 104  273
 104  274
 105  275
 105  277
 106  278
 106  279
 107  280
 107  283
 108  284
 108  286
 109  287
 109  290
 111  292
 111  294
 112  295
 112  296
 115  299
 116  299
 121  304
 121  305
 123  307
 124  307
 125  306
 126  306
 127  305
 143  305
 145  307
 146  307
 150  311
 150  312
 151  313
 152  313
 152  312
 153  311
 153  310
 155  308
 170  308
 171  309
 173  309
 174  310
 176  310
 177  311
 178  311
 179  312
 180  312
 181  313
 183  313
 181  311
 180  311
 177  308
 176  308
 173  305
 172  305
 168  301
 168  300
 166  298
 166  297
 165  296
 165  277
 168  274
 169  274
 170  273
 167  270
 166  270
 162  266
 161  266
 156  261
 156  245
 155  244
 154  244
 152  242
 151  242
 145  236
 144  236
 141  233
 141  231
 140  230
 140  228
 139  227
 139  226
 134  221
 134  207
 135  206
 136  206
 137  205
 139  205
 140  204
 141  204
 142  203
 144  203
 146  201
 147  201
 148  200
 149  200
 150  199
 156  199
 157  198
 160  198
 161  197
 162  197
 174  185
 174  184
 176  182
 176  181
 179  178
 179  177
 181  175
 181  174
 183  172
 183  171
 187  167
 187  166
 189  164
 189  163
 190  162
 190  161
 192  159
 192  158
 193  157
 193  156
 194  155
 194  154
 195  153
 195  151
 196  150
 196  145
 197  144
 197  141
 198  140
 198  136
 199  135
 199  132
 200  131
 200  124
 199  123
 199  122
 191  114
 190  114
 187  111
 186  111
 185  110
 184  110
 183  109
 182  109
 181  108
