 170  100
 169  101
 165  101
 164  102
 161  102
 160  103
 158  103
 157  104
 154  104
 153  105
 151  105
 150  106
 148  106
 147  107
 146  107
 145  108
 144  108
 143  109
 141  109
 140  110
 139  110
 138  111
 137  111
 136  112
 135  112
 134  113
 133  113
 132  114
 131  114
 130  115
 129  115
 127  117
 125  117
 124  118
 122  118
 121  119
 120  119
 119  120
 118  120
 117  121
 116  121
 114  123
 113  123
 112  124
 111  124
 109  126
 108  126
 106  128
 105  128
 103  130
 102  130
 100  132
  99  132
  95  136
  94  136
  92  138
  91  138
  90  139
  89  139
  88  140
  86  140
  85  141
  78  141
  77  142
  77  143
  76  144
  76  145
  74  147
  74  148
  71  151
  70  151
  66  155
  66  228
  67  229
  67  230
  68  231
  68  233
  70  235
  70  236
  71  237
  71  238
  73  240
  73  241
  74  242
  74  243
  75  244
  75  245
  76  246
  76  247
  85  256
  85  258
  86  259
  86  261
  87  262
  87  264
  88  265
  88  279
  95  279
  96  280
  99  277
 113  277
 115  279
 115  281
 117  283
 118  283
 119  284
 126  284
 127  285
 128  285
 129  286
 131  286
 132  287
 133  287
 134  288
 135  288
 137  290
 138  290
 140  292
 141  292
 143  294
 144  294
 146  296
 148  296
 152  300
 152  301
 154  303
 154  304
 155  305
 155  306
 157  308
 157  310
 159  312
 159  314
 163  318
 164  318
 169  323
 169  324
 172  327
 173  327
 174  328
 175  327
 176  327
 180  323
 180  322
 179  321
 179  320
 173  314
 172  314
 163  305
 162  305
 158  301
 157  301
 149  293
 148  293
 145  290
 145  289
 144  288
 144  269
 147  266
 148  266
 149  265
 151  265
 150  265
 140  255
 139  255
 137  253
 137  240
 127  230
 127  229
 126  228
 126  227
 125  226
 125  208
 126  207
 133  207
 134  206
 135  206
 136  205
 138  205
 140  203
 141  203
 142  202
 143  202
 146  199
 147  199
 148  198
 149  198
 152  195
 153  195
 159  189
 160  189
 174  175
 174  174
 181  167
 181  166
 183  164
 183  163
 186  160
 186  159
 190  155
 190  154
 194  150
 194  149
 196  147
 196  146
 198  144
 198  143
 199  142
 199  141
 201  139
 201  138
 202  137
 202  136
 204  134
 204  133
 205  132
 205  131
 207  129
 207  127
 208  126
 208  124
 207  123
 207  122
 206  121
 206  120
 205  119
 205  118
 200  113
 199  113
 197  111
 196  111
 193  108
 192  108
 190  106
 189  106
 188  105
 187  105
 186  104
 184  104
 183  103
 182  103
 181  102
 178  102
 177  101
 172  101
 171  100
