 170   95
 169   96
 167   96
 166   97
 163   97
 162   98
 160   98
 159   99
 157   99
 156  100
 155  100
 154  101
 153  101
 152  102
 151  102
 150  103
 148  103
 147  104
 146  104
 145  105
 144  105
 143  106
 142  106
 141  107
 140  107
 139  108
 138  108
 137  109
 136  109
 134  111
 133  111
 132  112
 131  112
 129  114
 128  114
 127  115
 126  115
 124  117
 123  117
 122  118
 121  118
 119  120
 118  120
 116  122
 115  122
 112  125
 111  125
 108  128
 107  128
 105  130
 104  130
 102  132
 101  132
  98  135
  97  135
  93  139
  92  139
  78  153
  78  154
  73  159
  73  160
  71  162
  71  163
  68  166
  68  168
  67  169
  67  231
  68  232
  68  233
  69  234
  69  235
  71  237
  71  238
  75  242
  75  243
  79  247
  79  248
  89  258
  89  259
  93  263
  93  264
  94  265
  94  271
  95  272
  95  273
  96  274
  96  275
  97  276
  97  277
  98  278
  98  280
  99  281
  99  285
 100  286
 100  287
 101  288
 101  290
 102  291
 102  292
 105  295
 106  295
 115  304
 116  303
 117  303
 118  302
 133  302
 134  303
 135  303
 142  310
 145  307
 162  307
 163  308
 164  308
 175  319
 175  320
 176  321
 177  321
 187  331
 188  331
 189  332
 190  332
 191  333
 192  332
 193  332
 193  331
 175  313
 174  313
 169  308
 168  308
 160  300
 159  300
 155  296
 155  275
 156  274
 157  274
 146  263
 146  262
 145  261
 145  246
 135  236
 135  234
 134  233
 134  228
 133  227
 133  225
 129  221
 129  207
 130  206
 146  206
 147  205
 148  205
 149  204
 150  204
 153  201
 154  201
 172  183
 172  182
 177  177
 177  176
 179  174
 179  173
 182  170
 182  169
 183  168
 183  167
 185  165
 185  164
 187  162
 187  161
 188  160
 188  159
 189  158
 189  157
 190  156
 190  155
 192  153
 192  151
 193  150
 193  149
 194  148
 194  147
 195  146
 195  145
 196  144
 196  142
 197  141
 197  140
 198  139
 198  138
 199  137
 199  136
 201  134
 201  133
 202  132
 202  130
 203  129
 203  127
 204  126
 204  125
 205  124
 205  122
 206  121
 206  118
 207  117
 207  115
 206  114
 206  113
 205  112
 205  111
 200  106
 199  106
 198  105
 197  105
 196  104
 195  104
 192  101
 191  101
 190  100
 189  100
 188   99
 187   99
 186   98
 185   98
 184   97
 181   97
 180   96
 178   96
 177   95
