 173   96
 172   97
 170   97
 169   98
 166   98
 165   99
 162   99
 161  100
 160  100
 159  101
 156  101
 155  102
 154  102
 153  103
 151  103
 150  104
 149  104
 148  105
 147  105
 146  106
 144  106
 143  107
 142  107
 141  108
 140  108
 139  109
 138  109
 137  110
 136  110
 134  112
 133  112
 132  113
 131  113
 129  115
 128  115
 126  117
 125  117
 123  119
 122  119
 120  121
 119  121
 117  123
 116  123
 114  125
 113  125
 111  127
 110  127
 108  129
 107  129
 105  131
 104  131
 101  134
 100  134
  97  137
  96  137
  92  141
  91  141
  74  158
  74  159
  72  161
  72  162
  70  164
  70  165
  68  167
  68  168
  67  169
  67  170
  66  171
  66  229
  69  232
  69  233
  70  234
  70  235
  72  237
  72  238
  75  241
  75  242
  76  243
  76  244
  77  245
  77  246
  79  248
  79  249
  86  256
  86  257
  87  258
  87  260
  89  262
  89  266
  90  267
  90  268
  91  269
  91  271
  92  272
  92  273
  93  274
  93  276
  94  277
  94  280
  95  281
  95  285
  96  286
  96  288
  97  289
  97  290
  98  291
  98  292
  99  293
  99  294
 101  296
 102  296
 105  299
 105  300
 107  302
 108  301
 125  301
 127  303
 127  304
 128  304
 133  309
 134  309
 135  308
 152  308
 154  310
 154  311
 155  312
 155  313
 156  314
 156  315
 158  317
 158  318
 160  320
 160  321
 161  322
 161  323
 168  330
 171  327
 171  323
 163  315
 163  314
 150  301
 150  300
 149  299
 149  298
 148  297
 148  278
 149  277
 150  277
 151  276
 152  276
 152  275
 150  273
 150  272
 149  271
 148  271
 143  266
 143  265
 141  263
 141  247
 139  245
 139  244
 138  243
 137  243
 135  241
 135  240
 133  238
 133  237
 132  236
 132  228
 131  227
 131  226
 130  225
 130  224
 127  221
 126  221
 124  219
 124  205
 125  204
 139  204
 140  203
 144  203
 145  202
 146  202
 147  201
 148  201
 150  199
 151  199
 174  176
 174  175
 178  171
 178  170
 182  166
 182  165
 184  163
 184  162
 187  159
 187  158
 189  156
 189  155
 191  153
 191  151
 193  149
 193  147
 194  146
 194  145
 195  144
 195  143
 196  142
 196  141
 197  140
 197  139
 199  137
 199  136
 201  134
 201  133
 202  132
 202  131
 203  130
 203  129
 204  128
 204  126
 205  125
 205  124
 206  123
 206  121
 207  120
 207  118
 208  117
 208  116
 207  115
 207  114
 206  113
 206  112
 205  111
 205  110
 202  107
 201  107
 199  105
 198  105
 195  102
 194  102
 193  101
 192  101
 191  100
 189  100
 188   99
 187   99
 186   98
 184   98
 183   97
 181   97
 180   96
