 195   40
 194   41
 191   41
 190   42
 186   42
 185   43
 182   43
 181   44
 180   44
 179   45
 176   45
 175   46
 174   46
 173   47
 171   47
 170   48
 169   48
 168   49
 167   49
 166   50
 165   50
 164   51
 163   51
 162   52
 161   52
 160   53
 159   53
 158   54
 157   54
 156   55
 155   55
 153   57
 152   57
 150   59
 149   59
 146   62
 145   62
 143   64
 142   64
 137   69
 136   69
 132   73
 131   73
 127   77
 126   77
 122   81
 121   81
  82  120
  82  121
  76  127
  76  128
  73  131
  73  132
  69  136
  69  137
  65  141
  65  142
  63  144
  63  145
  60  148
  60  149
  58  151
  58  152
  56  154
  56  155
  55  156
  54  156
  54  158
  52  160
  52  161
  51  162
  51  163
  49  165
  49  166
  48  167
  48  168
  47  169
  47  170
  46  171
  46  172
  45  173
  45  301
  46  302
  46  303
  47  304
  47  305
  48  306
  48  307
  49  308
  49  309
  51  311
  51  312
  53  314
  53  315
  54  315
  55  316
  55  319
  56  320
  56  321
  57  322
  57  323
  58  324
  58  325
  60  327
  60  328
  67  335
  68  335
  71  338
  72  338
  76  342
  77  342
  78  343
  80  343
  81  344
  82  344
  83  345
  84  345
  85  346
  86  346
  87  347
  89  347
  90  348
 110  348
 111  349
 117  349
 119  351
 119  353
 120  354
 120  357
 121  358
 121  359
 122  360
 122  361
 123  362
 123  363
 129  369
 130  369
 135  374
 136  374
 137  375
 139  375
 140  374
 141  374
 142  373
 143  373
 144  372
 160  372
 162  374
 162  375
 171  384
 172  384
 174  386
 175  386
 176  387
 177  386
 178  386
 180  384
 181  384
 182  383
 182  382
 183  381
 183  380
 184  379
 184  378
 185  377
 185  376
 187  374
 201  374
 203  376
 203  377
 206  380
 207  380
 213  386
 214  386
 215  387
 216  387
 217  388
 220  388
 221  387
 222  387
 223  386
 224  386
 227  383
 227  382
 228  381
 228  380
 227  379
 227  378
 225  376
 225  375
 221  371
 221  370
 218  367
 218  366
 214  362
 213  362
 210  359
 209  359
 206  356
 205  356
 203  354
 202  354
 201  353
 200  353
 199  352
 197  352
 196  351
 195  351
 194  350
 192  350
 191  349
 190  349
 188  347
 188  330
 189  329
 189  327
 190  326
 190  325
 194  321
 195  321
 197  319
 198  319
 198  318
 200  316
 200  314
 198  312
 198  311
 192  305
 191  305
 188  302
 187  302
 184  299
 183  299
 181  297
 180  297
 179  296
 178  296
 177  295
 176  295
 175  294
 174  294
 173  293
 171  293
 170  292
 168  292
 167  291
 166  291
 164  289
 164  269
 161  266
 160  266
 157  263
 156  263
 153  260
 152  260
 150  258
 149  258
 148  257
 147  257
 145  255
 144  255
 140  251
 140  248
 138  246
 138  245
 136  243
 136  242
 134  240
 133  240
 130  237
 130  223
 131  222
 134  222
 135  221
 141  221
 142  220
 145  220
 146  219
 147  219
 148  218
 149  218
 150  217
 151  217
 153  215
 154  215
 158  211
 158  210
 162  206
 162  205
 164  203
 164  202
 165  201
 165  200
 166  199
 166  198
 167  197
 167  196
 168  195
 168  194
 169  193
 169  192
 170  191
 170  190
 171  189
 171  188
 172  187
 172  186
 173  185
 173  184
 174  183
 174  181
 175  180
 175  179
 177  177
 177  176
 178  175
 178  174
 179  173
 179  171
 180  170
 180  169
 181  168
 181  167
 182  166
 182  165
 183  164
 183  163
 184  162
 184  161
 185  160
 185  159
 186  158
 186  157
 187  156
 187  155
 188  154
 188  153
 189  152
 189  150
 190  149
 190  147
 191  146
 191  144
 192  143
 192  140
 194  138
 194  136
 196  134
 196  132
 197  131
 197  130
 198  129
 198  128
 199  127
 199  124
 200  123
 200  121
 201  120
 201  115
 202  114
 202  113
 203  112
 203  111
 204  110
 204  109
 205  108
 205  106
 206  105
 206  104
 207  103
 207  101
 208  100
 208   99
 209   98
 209   95
 210   94
 210   93
 211   92
 211   91
 212   90
 212   89
 213   88
 213   87
 214   86
 214   84
 215   83
 215   81
 216   80
 216   76
 217   75
 217   73
 218   72
 218   67
 219   66
 219   63
 220   62
 220   59
 219   58
 219   55
 218   54
 218   52
 217   51
 217   50
 216   49
 216   48
 214   46
 213   46
 211   44
 210   44
 209   43
 208   43
 207   42
 205   42
 204   41
 202   41
 201   40
