 185   81
 184   82
 179   82
 178   83
 174   83
 173   84
 171   84
 170   85
 168   85
 167   86
 165   86
 164   87
 162   87
 161   88
 160   88
 159   89
 158   89
 157   90
 155   90
 154   91
 153   91
 152   92
 151   92
 150   93
 149   93
 148   94
 147   94
 146   95
 145   95
 144   96
 143   96
 142   97
 141   97
 139   99
 138   99
 137  100
 136  100
 135  101
 134  101
 133  102
 132  102
 130  104
 129  104
 127  106
 126  106
 125  107
 124  107
 122  109
 121  109
 119  111
 118  111
 116  113
 115  113
 112  116
 111  116
 109  118
 108  118
 104  122
 103  122
  99  126
  98  126
  92  132
  91  132
  76  147
  76  148
  65  159
  65  160
  61  164
  61  165
  59  167
  59  168
  56  171
  56  172
  55  173
  55  254
  58  257
  58  258
  59  259
  59  260
  60  261
  60  262
  61  263
  61  265
  62  266
  62  267
  63  268
  63  270
  64  271
  64  273
  65  274
  65  276
  66  277
  66  278
  67  279
  67  281
  68  282
  68  283
  69  284
  69  287
  70  288
  70  289
  71  290
  71  292
  72  293
  72  294
  73  295
  73  296
  74  297
  74  299
  75  300
  75  301
  76  302
  76  303
  77  304
  77  305
  79  307
  79  308
  87  316
  88  316
  93  321
  93  322
  94  323
  94  324
  95  325
  95  326
 105  336
 106  336
 106  335
 107  334
 107  333
 110  330
 125  330
 127  332
 127  328
 128  327
 128  325
 130  323
 145  323
 145  306
 146  305
 159  305
 159  303
 158  302
 158  284
 159  283
 160  283
 162  281
 163  281
 164  280
 164  279
 163  278
 163  277
 162  276
 162  258
 163  257
 163  256
 161  254
 161  253
 158  250
 158  249
 153  244
 153  243
 152  242
 152  241
 148  237
 148  236
 144  232
 143  232
 142  231
 142  217
 143  216
 151  216
 152  215
 154  215
 155  214
 157  214
 158  213
 159  213
 160  212
 161  212
 162  211
 163  211
 171  203
 171  202
 173  200
 173  199
 174  198
 174  197
 176  195
 176  194
 177  193
 177  192
 178  191
 178  189
 180  187
 180  185
 181  184
 181  183
 182  182
 182  181
 183  180
 183  179
 184  178
 184  173
 185  172
 185  169
 186  168
 186  166
 187  165
 187  164
 188  163
 188  161
 189  160
 189  157
 190  156
 190  153
 191  152
 191  151
 192  150
 192  149
 194  147
 194  146
 196  144
 196  143
 197  142
 197  141
 199  139
 199  138
 200  137
 200  136
 201  135
 201  134
 203  132
 203  131
 205  129
 205  128
 206  127
 206  126
 207  125
 207  124
 208  123
 208  122
 209  121
 209  120
 212  117
 212  116
 213  115
 213  114
 214  113
 214  112
 215  111
 215  110
 216  109
 216  108
 217  107
 217  105
 218  104
 218  102
 219  101
 219   95
 215   91
 214   91
 212   89
 211   89
 209   87
 208   87
 207   86
 206   86
 205   85
 204   85
 203   84
 202   84
 201   83
 199   83
 198   82
 195   82
 194   81
