 187   63
 186   64
 182   64
 181   65
 179   65
 178   66
 175   66
 174   67
 173   67
 172   68
 170   68
 169   69
 167   69
 166   70
 165   70
 164   71
 162   71
 161   72
 160   72
 158   74
 156   74
 155   75
 154   75
 152   77
 151   77
 150   78
 149   78
 148   79
 147   79
 145   81
 144   81
 142   83
 141   83
 140   84
 139   84
 137   86
 136   86
 135   87
 134   87
 132   89
 131   89
 128   92
 127   92
 124   95
 123   95
 119   99
 118   99
 115  102
 114  102
 104  112
 103  112
  99  116
  99  117
  81  135
  81  136
  77  140
  77  141
  73  145
  73  146
  68  151
  68  152
  66  154
  66  155
  64  157
  64  158
  62  160
  62  161
  60  163
  60  164
  59  165
  59  245
  60  246
  60  247
  61  248
  61  253
  62  254
  62  255
  63  256
  63  259
  64  260
  64  263
  65  264
  65  266
  66  267
  66  270
  67  271
  67  273
  68  274
  68  279
  69  280
  69  282
  70  283
  70  288
  71  289
  71  290
  72  291
  72  295
  73  296
  73  297
  74  298
  74  299
  75  300
  75  301
  76  302
  76  303
  77  303
  87  313
  87  315
  88  316
  88  318
  89  319
  89  320
  90  321
  90  324
  91  325
  91  326
  92  327
  92  328
  93  329
  93  330
 102  339
 120  339
 121  340
 122  340
 122  338
 123  337
 123  335
 125  333
 141  333
 140  332
 140  330
 139  329
 139  312
 140  311
 140  309
 142  307
 143  307
 144  306
 146  306
 148  304
 149  304
 149  303
 150  302
 150  285
 151  284
 151  283
 152  282
 153  282
 154  281
 155  281
 157  279
 158  279
 158  264
 159  263
 159  262
 162  259
 162  258
 161  257
 161  255
 159  253
 159  252
 158  251
 158  250
 157  249
 157  247
 156  246
 156  245
 154  243
 154  242
 151  239
 151  238
 140  227
 139  227
 135  223
 134  223
 132  221
 131  221
 130  220
 129  220
 128  219
 127  219
 125  217
 124  217
 123  216
 122  216
 121  215
 120  215
 119  214
 118  214
 117  213
 117  199
 118  198
 134  198
 135  199
 139  199
 140  200
 150  200
 151  199
 153  199
 154  198
 156  198
 158  196
 159  196
 161  194
 162  194
 166  190
 166  189
 168  187
 168  186
 170  184
 170  183
 172  181
 172  180
 173  179
 173  178
 174  177
 174  176
 175  175
 175  174
 176  173
 176  172
 177  171
 177  170
 178  169
 178  168
 180  166
 180  164
 181  163
 181  157
 182  156
 182  154
 183  153
 183  151
 184  150
 184  149
 185  148
 185  147
 186  146
 186  145
 187  144
 187  140
 188  139
 188  137
 189  136
 189  135
 191  133
 191  131
 192  130
 192  129
 193  128
 193  127
 194  126
 194  124
 195  123
 195  121
 196  120
 196  118
 197  117
 197  116
 198  115
 198  114
 199  113
 199  112
 200  111
 200  110
 201  109
 201  108
 202  107
 202  105
 203  104
 203  103
 204  102
 204  101
 206   99
 206   98
 207   97
 207   96
 208   95
 208   94
 209   93
 209   92
 210   91
 210   90
 211   89
 211   88
 212   87
 212   86
 213   85
 213   83
 214   82
 214   77
 213   76
 213   75
 209   71
 208   71
 207   70
 206   70
 205   69
 204   69
 202   67
 201   67
 200   66
 199   66
 198   65
 196   65
 195   64
 192   64
 191   63
