 197   12
 196   13
 192   13
 191   14
 188   14
 187   15
 184   15
 183   16
 181   16
 180   17
 179   17
 178   18
 176   18
 175   19
 174   19
 173   20
 171   20
 170   21
 169   21
 168   22
 167   22
 166   23
 165   23
 164   24
 163   24
 162   25
 161   25
 160   26
 159   26
 158   27
 157   27
 155   29
 154   29
 153   30
 152   30
 149   33
 148   33
 146   35
 145   35
 143   37
 142   37
 140   39
 139   39
 136   42
 135   42
 132   45
 131   45
 129   47
 128   47
 125   50
 124   50
 119   55
 118   55
 114   59
 113   59
 105   67
 104   67
  90   81
  89   81
  88   82
  88   83
  77   94
  76   94
  72   98
  72   99
  58  113
  58  114
  55  117
  55  118
  53  120
  53  121
  51  123
  51  124
  46  129
  46  130
  43  133
  43  134
  41  136
  41  137
  39  139
  39  140
  37  142
  37  143
  36  144
  36  146
  35  147
  35  254
  36  255
  36  257
  37  258
  37  259
  38  260
  38  261
  39  262
  39  263
  40  264
  40  265
  41  266
  41  267
  42  268
  42  269
  43  270
  43  271
  44  272
  44  273
  45  274
  45  276
  46  277
  46  278
  47  279
  47  281
  48  282
  48  283
  49  284
  49  285
  50  286
  50  287
  51  288
  51  289
  52  290
  52  291
  54  293
  54  294
  56  296
  56  298
  57  299
  57  300
  58  301
  58  302
  59  303
  59  304
  61  306
  61  307
  62  308
  62  309
  64  311
  64  312
  66  314
  66  315
  75  324
  76  324
  81  329
  82  329
  83  330
  84  330
  85  331
  86  331
  87  332
  89  332
  90  333
  92  333
  93  334
  93  335
  94  336
  94  338
  95  339
  95  346
  96  347
  96  353
  97  354
  97  356
  98  357
  98  359
 100  361
 100  362
 101  363
 101  364
 104  367
 105  367
 113  375
 114  375
 116  377
 117  377
 118  378
 119  377
 120  377
 121  376
 137  376
 138  377
 138  379
 139  380
 139  383
 140  384
 140  385
 142  387
 142  388
 145  391
 146  391
 154  399
 155  399
 156  400
 157  400
 158  401
 159  401
 160  402
 161  402
 162  401
 163  401
 169  395
 169  394
 170  393
 184  393
 185  394
 185  395
 186  396
 186  398
 187  399
 187  400
 189  402
 189  403
 191  405
 192  405
 194  407
 195  407
 202  414
 203  414
 204  415
 206  415
 207  416
 214  416
 215  415
 216  415
 217  414
 218  414
 219  413
 220  413
 227  406
 227  405
 228  404
 228  401
 229  400
 229  398
 228  397
 228  394
 227  393
 227  392
 224  389
 224  388
 223  387
 222  387
 218  383
 217  383
 214  380
 213  380
 210  377
 209  377
 207  375
 206  375
 205  374
 204  374
 202  372
 201  372
 199  370
 198  370
 197  369
 196  369
 194  367
 193  367
 192  366
 191  366
 189  364
 188  364
 184  360
 184  359
 183  358
 183  356
 182  355
 182  335
 187  330
 188  330
 190  328
 191  328
 192  327
 193  327
 195  325
 195  324
 197  322
 197  321
 198  320
 197  319
 197  318
 196  317
 196  316
 192  312
 191  312
 186  307
 185  307
 183  305
 182  305
 178  301
 177  301
 175  299
 174  299
 172  297
 171  297
 170  296
 169  296
 167  294
 166  294
 164  292
 163  292
 161  290
 161  289
 160  288
 160  272
 161  271
 161  268
 162  267
 162  266
 163  265
 163  264
 156  257
 155  257
 153  255
 152  255
 146  249
 146  248
 145  247
 145  245
 144  244
 144  242
 143  241
 143  238
 141  236
 141  235
 136  230
 135  230
 132  227
 131  227
 129  225
 129  211
 130  210
 141  210
 142  209
 150  209
 151  208
 154  208
 155  207
 157  207
 158  206
 159  206
 160  205
 161  205
 162  204
 163  204
 165  202
 166  202
 168  200
 168  199
 173  194
 173  193
 176  190
 176  189
 179  186
 179  185
 181  183
 181  182
 189  174
 189  173
 191  171
 191  170
 192  169
 192  168
 193  167
 193  166
 194  165
 194  164
 195  163
 195  161
 196  160
 196  159
 197  158
 197  157
 199  155
 199  154
 201  152
 201  151
 202  150
 202  149
 203  148
 203  147
 204  146
 204  145
 205  144
 205  143
 206  142
 206  140
 207  139
 207  138
 208  137
 208  135
 209  134
 209  133
 210  132
 210  130
 211  129
 211  128
 212  127
 212  126
 213  125
 213  123
 214  122
 214  121
 215  120
 215  119
 216  118
 216  117
 217  116
 217  114
 218  113
 218  112
 219  111
 219  108
 220  107
 220  102
 221  101
 221   99
 222   98
 222   96
 223   95
 223   94
 224   93
 224   91
 225   90
 225   89
 226   88
 226   86
 227   85
 227   83
 228   82
 228   80
 229   79
 229   77
 230   76
 230   75
 231   74
 231   73
 232   72
 232   71
 233   70
 233   68
 234   67
 234   65
 235   64
 235   62
 236   61
 236   59
 237   58
 237   54
 238   53
 238   51
 239   50
 239   37
 238   36
 238   34
 237   33
 237   31
 236   30
 236   29
 234   27
 234   26
 229   21
 228   21
 227   20
 226   20
 225   19
 224   19
 223   18
 222   18
 221   17
 220   17
 219   16
 218   16
 217   15
 216   15
 215   14
 213   14
 212   13
 208   13
 207   12
