 186   71
 185   72
 178   72
 177   73
 174   73
 173   74
 170   74
 169   75
 166   75
 165   76
 164   76
 163   77
 161   77
 160   78
 158   78
 157   79
 156   79
 155   80
 153   80
 152   81
 151   81
 150   82
 149   82
 147   84
 145   84
 143   86
 142   86
 141   87
 140   87
 139   88
 138   88
 137   89
 136   89
 134   91
 133   91
 132   92
 131   92
 129   94
 128   94
 126   96
 125   96
 123   98
 122   98
 120  100
 119  100
 116  103
 115  103
 113  105
 112  105
 109  108
 108  108
 104  112
 103  112
  96  119
  95  119
  86  128
  85  128
  84  129
  83  129
  82  130
  81  130
  80  131
  79  131
  69  141
  68  141
  64  145
  63  145
  56  152
  56  153
  54  155
  54  268
  55  269
  55  273
  56  274
  56  278
  57  279
  57  281
  58  282
  58  287
  59  288
  59  289
  60  290
  60  294
  61  295
  61  296
  65  300
  66  300
  71  305
  71  306
  73  308
  74  308
  76  310
  76  311
  77  312
  77  314
  78  315
  78  316
  79  317
  79  318
  80  319
  80  320
  86  326
  87  326
  89  328
  89  329
  94  334
  95  334
  96  335
  97  334
  98  334
  99  333
 115  333
 119  329
 138  329
 137  328
 137  327
 136  326
 136  305
 138  303
 138  301
 144  295
 144  294
 145  293
 145  280
 147  278
 148  278
 149  277
 150  277
 151  276
 152  276
 154  274
 154  273
 155  272
 155  260
 156  259
 156  257
 158  255
 157  254
 157  253
 155  251
 155  250
 153  248
 153  247
 151  245
 151  243
 150  242
 150  241
 149  240
 149  239
 147  237
 147  236
 135  224
 135  210
 136  209
 150  209
 151  208
 153  208
 154  207
 155  207
 156  206
 157  206
 159  204
 160  204
 169  195
 169  194
 171  192
 171  191
 172  190
 172  188
 173  187
 173  186
 174  185
 174  184
 176  182
 176  181
 177  180
 177  179
 178  178
 178  177
 179  176
 179  171
 180  170
 180  168
 181  167
 181  166
 183  164
 183  163
 184  162
 184  161
 185  160
 185  158
 186  157
 186  154
 187  153
 187  151
 188  150
 188  149
 189  148
 189  147
 190  146
 190  145
 191  144
 191  143
 192  142
 192  140
 193  139
 193  138
 194  137
 194  135
 195  134
 195  132
 196  131
 196  130
 197  129
 197  128
 199  126
 199  125
 200  124
 200  123
 201  122
 201  121
 203  119
 203  118
 206  115
 206  114
 210  110
 210  109
 212  107
 212  106
 214  104
 214  103
 216  101
 216  100
 218   98
 218   96
 219   95
 219   94
 220   93
 220   90
 219   89
 219   88
 218   87
 218   86
 215   83
 214   83
 213   82
 212   82
 211   81
 210   81
 207   78
 206   78
 204   76
 203   76
 202   75
 201   75
 200   74
 198   74
 197   73
 195   73
 194   72
 188   72
 187   71
