 181   82
 180   83
 178   83
 177   84
 174   84
 173   85
 171   85
 170   86
 168   86
 167   87
 166   87
 165   88
 163   88
 162   89
 161   89
 160   90
 158   90
 157   91
 156   91
 155   92
 154   92
 153   93
 152   93
 151   94
 150   94
 148   96
 147   96
 146   97
 145   97
 144   98
 143   98
 142   99
 141   99
 139  101
 138  101
 136  103
 135  103
 134  104
 133  104
 131  106
 130  106
 128  108
 127  108
 125  110
 124  110
 121  113
 120  113
 117  116
 116  116
 113  119
 112  119
 108  123
 107  123
  95  135
  94  135
  91  138
  91  139
  84  146
  84  147
  79  152
  79  153
  75  157
  75  158
  71  162
  71  163
  69  165
  69  166
  66  169
  66  170
  64  172
  64  173
  62  175
  62  176
  60  178
  60  179
  59  180
  59  245
  60  246
  60  247
  62  249
  62  250
  63  251
  63  252
  64  253
  64  254
  65  255
  65  257
  66  258
  66  259
  67  260
  67  261
  68  262
  68  263
  69  264
  69  265
  70  266
  70  267
  71  268
  71  269
  73  271
  73  272
  74  273
  74  275
  75  276
  75  277
  76  278
  76  279
  77  280
  77  281
  78  282
  78  283
  79  284
  79  286
  80  287
  80  288
  81  289
  81  291
  82  292
  82  293
  83  294
  83  296
  84  297
  84  298
  85  299
  85  300
  86  301
  86  302
  87  303
  87  304
  88  305
  88  306
  89  307
  89  308
  91  310
  91  311
  96  316
  97  316
  99  318
  99  319
 100  320
 101  320
 103  322
 104  322
 105  323
 106  323
 108  325
 108  326
 110  328
 110  329
 113  332
 114  332
 118  336
 118  337
 120  339
 121  339
 121  338
 122  337
 122  336
 124  334
 125  334
 126  333
 141  333
 142  334
 143  333
 143  328
 144  327
 144  326
 145  325
 161  325
 161  324
 160  323
 160  309
 161  308
 162  308
 163  307
 171  307
 172  306
 171  305
 171  304
 170  303
 170  286
 171  285
 172  285
 175  282
 176  282
 176  281
 175  280
 175  279
 173  277
 173  259
 172  258
 172  257
 166  251
 166  250
 164  248
 164  247
 161  244
 161  243
 153  235
 152  235
 151  234
 151  220
 152  219
 153  219
 154  218
 159  218
 160  217
 162  217
 163  216
 165  216
 167  214
 168  214
 169  213
 170  213
 175  208
 175  207
 177  205
 177  204
 178  203
 178  202
 180  200
 180  198
 181  197
 181  196
 182  195
 182  193
 183  192
 183  189
 184  188
 184  187
 185  186
 185  183
 186  182
 186  180
 187  179
 187  173
 188  172
 188  169
 189  168
 189  166
 190  165
 190  163
 191  162
 191  158
 192  157
 192  153
 193  152
 193  151
 194  150
 194  148
 196  146
 196  145
 197  144
 197  143
 198  142
 198  141
 199  140
 199  138
 200  137
 200  136
 201  135
 201  134
 202  133
 202  132
 203  131
 203  130
 204  129
 204  128
 205  127
 205  126
 206  125
 206  124
 207  123
 207  121
 208  120
 208  119
 209  118
 209  117
 210  116
 210  115
 211  114
 211  112
 212  111
 212  110
 213  109
 213  106
 214  105
 214  104
 215  103
 215   98
 214   97
 214   96
 213   95
 213   94
 210   91
 209   91
 208   90
 207   90
 205   88
 204   88
 202   86
 201   86
 200   85
 199   85
 198   84
 197   84
 196   83
 193   83
 192   82
