 177  101
 176  102
 173  102
 172  103
 168  103
 167  104
 165  104
 164  105
 162  105
 161  106
 159  106
 158  107
 157  107
 156  108
 154  108
 153  109
 152  109
 151  110
 149  110
 148  111
 147  111
 145  113
 144  113
 143  114
 142  114
 141  115
 140  115
 139  116
 138  116
 137  117
 136  117
 135  118
 134  118
 132  120
 131  120
 130  121
 129  121
 127  123
 126  123
 125  124
 124  124
 122  126
 121  126
 117  130
 116  130
 113  133
 112  133
 110  135
 109  135
 105  139
 104  139
  99  144
  98  144
  87  155
  87  156
  79  164
  79  165
  76  168
  75  168
  72  171
  72  172
  67  177
  67  178
  65  180
  65  244
  66  245
  66  247
  67  248
  67  249
  68  250
  68  251
  69  252
  69  253
  70  254
  70  255
  71  256
  71  257
  72  258
  72  259
  73  260
  73  264
  74  265
  74  267
  75  268
  75  270
  76  271
  76  275
  77  276
  77  278
  78  279
  78  282
  79  283
  79  285
  80  286
  80  287
  81  288
  81  289
  82  290
  82  291
  85  294
  85  295
  86  296
  87  296
  92  301
  92  302
  93  302
  95  304
  96  304
  99  307
  99  309
 100  310
 100  311
 104  315
 105  315
 110  320
 110  321
 111  321
 111  319
 112  318
 112  315
 113  314
 129  314
 131  316
 131  308
 134  305
 148  305
 148  296
 149  295
 159  295
 158  294
 158  279
 160  277
 164  277
 165  276
 166  276
 162  272
 162  256
 163  255
 163  254
 161  252
 160  252
 155  247
 155  246
 154  245
 154  244
 153  243
 153  242
 152  241
 152  239
 147  234
 147  220
 149  218
 153  218
 154  217
 158  217
 159  216
 161  216
 163  214
 164  214
 171  207
 171  206
 173  204
 173  203
 174  202
 174  201
 176  199
 176  198
 177  197
 177  196
 178  195
 178  194
 180  192
 180  190
 181  189
 181  188
 182  187
 182  184
 183  183
 183  175
 184  174
 184  168
 185  167
 185  165
 186  164
 186  159
 187  158
 187  157
 188  156
 188  155
 189  154
 189  153
 191  151
 191  150
 192  149
 192  147
 193  146
 193  144
 194  143
 194  142
 196  140
 196  139
 197  138
 197  137
 198  136
 198  135
 199  134
 199  133
 200  132
 200  131
 202  129
 202  128
 204  126
 204  124
 205  123
 205  122
 206  121
 206  120
 207  119
 207  118
 208  117
 208  116
 209  115
 209  112
 207  110
 206  110
 205  109
 204  109
 201  106
 200  106
 199  105
 198  105
 197  104
 196  104
 195  103
 193  103
 192  102
 189  102
 188  101
