 188   86
 187   87
 185   87
 184   88
 180   88
 179   89
 177   89
 176   90
 174   90
 173   91
 171   91
 170   92
 169   92
 168   93
 166   93
 165   94
 164   94
 163   95
 162   95
 161   96
 159   96
 158   97
 157   97
 156   98
 155   98
 154   99
 153   99
 152  100
 151  100
 150  101
 149  101
 147  103
 146  103
 144  105
 143  105
 142  106
 141  106
 139  108
 138  108
 137  109
 136  109
 133  112
 132  112
 131  113
 130  113
 129  114
 128  114
 125  117
 124  117
 123  118
 122  118
 120  120
 119  120
 117  122
 116  122
 114  124
 113  124
 111  126
 110  126
 107  129
 106  129
 104  131
 103  131
 100  134
  99  134
  97  136
  96  136
  94  138
  93  138
  89  142
  88  142
  84  146
  83  146
  78  151
  77  151
  73  155
  72  155
  63  164
  63  165
  58  170
  58  171
  57  172
  57  249
  58  250
  58  252
  60  254
  60  256
  61  257
  61  258
  62  259
  62  260
  63  261
  63  262
  64  263
  64  265
  65  266
  65  267
  67  269
  67  270
  74  277
  74  278
  76  280
  76  281
  77  282
  77  283
  78  284
  78  285
  79  286
  79  291
  80  292
  80  294
  81  295
  81  296
  82  297
  82  298
  83  299
  83  300
  84  301
  84  302
  87  305
  87  306
  93  312
  94  312
  96  314
  97  314
  98  315
  99  315
 100  314
 117  314
 122  319
 124  319
 126  317
 127  317
 128  316
 143  316
 144  317
 145  317
 147  319
 147  320
 150  323
 150  324
 153  327
 153  328
 154  329
 154  330
 156  332
 156  333
 164  341
 166  341
 168  339
 168  338
 166  336
 166  335
 151  320
 151  319
 149  317
 149  316
 146  313
 146  312
 144  310
 144  309
 142  307
 142  305
 141  304
 141  303
 140  302
 140  287
 141  286
 141  285
 144  282
 144  281
 142  279
 142  278
 140  276
 140  274
 138  272
 138  251
 136  249
 136  248
 134  246
 134  245
 133  244
 133  242
 132  241
 132  229
 131  228
 131  227
 129  225
 129  224
 126  221
 125  221
 121  217
 121  203
 122  202
 135  202
 136  201
 138  201
 140  199
 141  199
 157  183
 157  182
 166  173
 166  172
 169  169
 169  168
 172  165
 172  164
 175  161
 175  160
 177  158
 177  157
 181  153
 181  152
 186  147
 186  146
 188  144
 188  143
 194  137
 194  136
 201  129
 201  128
 205  124
 205  123
 207  121
 207  120
 209  118
 209  117
 212  114
 212  113
 213  112
 213  111
 214  110
 214  108
 215  107
 215  106
 216  105
 216  103
 217  102
 216  101
 216   99
 214   97
 214   96
 213   96
 211   94
 210   94
 208   92
 207   92
 205   90
 204   90
 203   89
 202   89
 201   88
 200   88
 199   87
 198   87
 197   86
