 178   51
 177   52
 167   52
 166   53
 162   53
 161   54
 156   54
 155   55
 152   55
 151   56
 147   56
 146   57
 142   57
 141   58
 139   58
 138   59
 135   59
 134   60
 132   60
 131   61
 129   61
 128   62
 125   62
 124   63
 123   63
 122   64
 120   64
 119   65
 117   65
 116   66
 114   66
 113   67
 111   67
 110   68
 108   68
 107   69
 105   69
 104   70
 102   70
 101   71
 100   71
  99   72
  97   72
  96   73
  95   73
  94   74
  92   74
  91   75
  90   75
  89   76
  88   76
  87   77
  86   77
  85   78
  83   78
  82   79
  81   79
  80   80
  79   80
  78   81
  77   81
  75   83
  74   83
  73   84
  72   84
  71   85
  70   85
  69   86
  68   86
  67   87
  66   87
  64   89
  63   89
  62   90
  61   90
  59   92
  58   92
  56   94
  55   94
  53   96
  52   96
  51   97
  50   97
  48   99
  47   99
  45  101
  44  101
  43  102
  42  102
  40  104
  39  104
  32  111
  31  111
  24  118
  24  303
  25  304
  25  305
  26  305
  30  309
  31  309
  32  310
  33  310
  34  311
  45  311
  46  312
  46  330
  47  331
  47  332
  48  333
  48  334
  49  335
  49  336
  50  337
  51  337
  59  345
  63  345
  64  344
  65  344
  67  342
  82  342
  84  344
  84  348
  85  349
  85  355
  86  356
  86  359
  87  360
  87  361
  88  362
  88  363
  92  367
  93  367
  97  371
  97  372
  98  372
 101  375
 102  375
 103  376
 106  376
 107  375
 108  375
 110  373
 111  373
 113  371
 113  370
 115  368
 115  367
 116  366
 116  365
 117  364
 117  363
 116  362
 116  359
 114  357
 114  356
 112  354
 112  353
 109  350
 109  349
 108  348
 108  347
 107  346
 107  345
 105  343
 105  342
 103  340
 103  338
 101  336
 101  335
 100  334
 100  333
  99  332
  99  330
  98  329
  98  308
  99  307
  99  305
 104  300
 105  300
 106  299
 109  299
 110  298
 113  298
 118  293
 118  292
 119  291
 118  290
 118  288
 116  286
 116  285
 114  283
 114  282
 110  278
 110  277
 107  274
 107  273
 103  269
 103  266
 102  265
 102  249
 103  248
 103  245
 104  244
 104  243
 105  242
 105  241
 106  240
 106  238
 105  237
 105  235
 103  233
 103  231
 101  229
 101  228
 100  227
 100  225
  99  224
  99  209
  98  208
  98  207
  97  206
  97  205
  96  204
  96  203
  94  201
  94  185
  95  184
 110  184
 111  185
 114  185
 115  186
 118  186
 119  187
 123  187
 124  186
 125  186
 126  185
 127  185
 129  183
 130  183
 131  182
 132  182
 133  181
 135  181
 136  180
 137  180
 139  178
 140  178
 141  177
 142  177
 143  176
 144  176
 145  175
 146  175
 147  174
 148  174
 150  172
 151  172
 153  170
 154  170
 155  169
 156  169
 158  167
 159  167
 161  165
 162  165
 164  163
 165  163
 167  161
 168  161
 169  160
 170  160
 171  159
 172  159
 174  157
 175  157
 178  154
 179  154
 184  149
 185  149
 189  145
 190  145
 203  132
 203  131
 214  120
 215  120
 216  119
 216  118
 222  112
 223  112
 233  102
 233  101
 242   92
 242   91
 246   87
 246   86
 248   84
 248   83
 249   82
 249   81
 250   80
 250   79
 251   78
 250   77
 250   75
 248   73
 248   72
 245   69
 244   69
 241   66
 240   66
 239   65
 238   65
 236   63
 235   63
 234   62
 233   62
 232   61
 231   61
 230   60
 229   60
 228   59
 227   59
 226   58
 225   58
 224   57
 222   57
 221   56
 220   56
 219   55
 217   55
 216   54
 213   54
 212   53
 209   53
 208   52
 202   52
 201   51
