 180   72
 179   73
 176   73
 175   74
 173   74
 172   75
 169   75
 168   76
 166   76
 165   77
 163   77
 162   78
 161   78
 160   79
 159   79
 158   80
 157   80
 156   81
 155   81
 154   82
 153   82
 152   83
 151   83
 150   84
 149   84
 148   85
 147   85
 146   86
 145   86
 143   88
 142   88
 141   89
 140   89
 139   90
 138   90
 136   92
 135   92
 133   94
 132   94
 130   96
 129   96
 127   98
 126   98
 124  100
 123  100
 120  103
 119  103
 116  106
 115  106
 112  109
 111  109
 108  112
 107  112
  97  122
  96  122
  89  129
  88  129
  87  130
  86  130
  85  131
  78  131
  72  137
  72  138
  71  139
  71  140
  69  142
  69  143
  67  145
  67  146
  58  155
  58  157
  57  158
  57  253
  58  254
  58  255
  59  256
  59  262
  60  263
  60  264
  61  265
  61  267
  62  268
  62  269
  63  270
  63  273
  64  274
  64  275
  65  276
  65  278
  66  279
  66  281
  67  282
  67  283
  68  284
  68  286
  69  287
  69  288
  70  289
  70  291
  71  292
  71  293
  72  294
  72  296
  73  297
  73  298
  74  299
  74  300
  75  301
  75  302
  79  306
  80  306
  82  308
  82  309
  83  310
  83  311
  85  313
  85  315
  86  316
  86  317
  87  318
  87  320
  88  321
  88  322
  89  323
  89  324
  90  325
  90  326
  92  328
  92  329
  96  333
  97  333
  99  335
  99  336
 102  339
 103  339
 104  340
 105  340
 106  339
 107  339
 108  338
 121  338
 122  337
 122  336
 123  335
 123  334
 126  331
 142  331
 142  330
 140  328
 140  327
 139  326
 139  304
 140  303
 140  302
 142  300
 143  300
 147  296
 147  282
 148  281
 148  280
 150  278
 151  278
 152  277
 153  277
 154  276
 155  276
 156  275
 156  274
 157  273
 157  261
 158  260
 158  256
 157  255
 157  254
 156  253
 156  252
 153  249
 153  248
 152  247
 152  246
 151  245
 151  244
 150  243
 150  242
 148  240
 148  238
 138  228
 137  228
 131  222
 130  222
 129  221
 129  207
 130  206
 145  206
 146  207
 151  207
 152  206
 155  206
 157  204
 158  204
 161  201
 162  201
 170  193
 170  192
 171  191
 171  190
 172  189
 172  186
 173  185
 173  184
 174  183
 174  181
 175  180
 175  179
 176  178
 176  177
 177  176
 177  174
 178  173
 178  168
 179  167
 179  166
 180  165
 180  164
 181  163
 181  162
 182  161
 182  160
 183  159
 183  158
 184  157
 184  155
 185  154
 185  152
 186  151
 186  149
 187  148
 187  147
 188  146
 188  145
 189  144
 189  143
 190  142
 190  141
 191  140
 191  137
 192  136
 192  135
 193  134
 193  133
 194  132
 194  131
 195  130
 195  129
 196  128
 196  127
 198  125
 198  124
 199  123
 199  122
 200  121
 200  120
 201  119
 201  118
 203  116
 203  115
 204  114
 204  113
 206  111
 206  110
 208  108
 208  107
 209  106
 209  105
 211  103
 211  102
 212  101
 212  100
 213   99
 213   98
 215   96
 215   93
 216   92
 216   90
 217   89
 216   88
 216   87
 215   86
 215   85
 212   82
 211   82
 209   80
 208   80
 206   78
 205   78
 204   77
 203   77
 202   76
 201   76
 199   74
 197   74
 196   73
 194   73
 193   72
