 189   52
 188   53
 184   53
 183   54
 181   54
 180   55
 178   55
 177   56
 175   56
 174   57
 172   57
 171   58
 169   58
 168   59
 167   59
 166   60
 164   60
 163   61
 162   61
 161   62
 160   62
 159   63
 158   63
 157   64
 156   64
 155   65
 154   65
 153   66
 152   66
 151   67
 150   67
 149   68
 148   68
 147   69
 146   69
 145   70
 144   70
 143   71
 142   71
 141   72
 140   72
 138   74
 137   74
 135   76
 134   76
 132   78
 131   78
 129   80
 128   80
 126   82
 125   82
 122   85
 121   85
 118   88
 117   88
 111   94
 110   94
  89  115
  89  116
  83  122
  83  123
  80  126
  79  126
  78  127
  65  127
  64  128
  64  129
  63  130
  63  131
  62  132
  62  133
  60  135
  60  136
  57  139
  57  140
  56  141
  56  142
  55  143
  55  144
  54  145
  54  147
  53  148
  53  257
  54  258
  54  259
  55  260
  55  261
  56  261
  61  266
  61  267
  62  267
  64  269
  64  284
  63  285
  63  286
  62  287
  62  288
  63  289
  63  290
  65  292
  65  293
  67  295
  67  296
  68  297
  68  298
  69  299
  69  301
  70  302
  70  303
  71  304
  71  306
  72  307
  72  308
  73  309
  73  311
  74  312
  74  313
  75  314
  75  316
  76  317
  76  318
  77  319
  77  320
  78  321
  78  322
  80  324
  80  325
  82  327
  83  327
  88  332
  88  333
  93  338
  93  340
  94  341
  94  342
  95  343
  95  344
  96  345
  96  347
  97  348
  97  349
  99  351
  99  352
 112  365
 113  365
 115  367
 116  367
 117  368
 135  368
 136  369
 137  369
 141  373
 142  373
 144  375
 145  375
 148  372
 164  372
 165  373
 166  373
 168  375
 169  375
 171  373
 171  370
 170  369
 170  367
 169  366
 169  363
 168  362
 168  361
 167  360
 167  358
 166  357
 166  355
 165  354
 165  352
 164  351
 164  347
 163  346
 163  329
 164  328
 164  323
 166  321
 167  321
 168  320
 169  320
 170  319
 171  319
 172  318
 173  318
 175  316
 175  315
 176  314
 176  311
 175  310
 175  289
 178  286
 179  286
 180  285
 181  285
 183  283
 183  282
 182  281
 182  280
 181  279
 181  278
 180  277
 180  276
 179  275
 179  259
 178  258
 178  257
 177  256
 177  255
 176  254
 176  253
 175  252
 175  251
 173  249
 173  248
 171  246
 171  245
 169  243
 169  242
 167  240
 167  239
 164  236
 164  235
 156  227
 155  227
 152  224
 152  210
 153  209
 154  209
 155  208
 160  208
 161  207
 164  207
 165  206
 167  206
 168  205
 170  205
 171  204
 172  204
 173  203
 174  203
 176  201
 177  201
 184  194
 184  193
 186  191
 186  189
 187  188
 187  187
 188  186
 188  184
 190  182
 190  180
 191  179
 191  177
 192  176
 192  174
 193  173
 193  169
 194  168
 194  166
 195  165
 195  164
 196  163
 196  162
 197  161
 197  159
 198  158
 198  157
 199  156
 199  149
 200  148
 200  143
 201  142
 201  140
 202  139
 202  138
 203  137
 203  136
 204  135
 204  115
 205  114
 205  111
 206  110
 206  104
 207  103
 207  102
 209  100
 209   99
 210   98
 210   96
 211   95
 211   94
 212   93
 212   92
 213   91
 213   90
 214   89
 214   88
 215   87
 215   86
 216   85
 216   84
 217   83
 217   82
 218   81
 218   80
 219   79
 219   77
 220   76
 220   75
 221   74
 221   69
 220   68
 220   67
 219   66
 219   65
 214   60
 213   60
 212   59
 211   59
 209   57
 208   57
 206   55
 204   55
 203   54
 202   54
 201   53
 199   53
 198   52
