 184   90
 183   91
 180   91
 179   92
 176   92
 175   93
 173   93
 172   94
 170   94
 169   95
 167   95
 166   96
 164   96
 163   97
 162   97
 161   98
 159   98
 158   99
 157   99
 156  100
 155  100
 154  101
 153  101
 152  102
 151  102
 150  103
 149  103
 148  104
 147  104
 146  105
 145  105
 144  106
 143  106
 141  108
 140  108
 139  109
 138  109
 136  111
 135  111
 134  112
 133  112
 131  114
 130  114
 128  116
 127  116
 124  119
 123  119
 121  121
 120  121
 117  124
 116  124
 112  128
 111  128
 109  130
 108  130
 104  134
 103  134
  90  147
  89  147
  86  150
  74  150
  74  151
  73  152
  73  153
  72  154
  72  155
  71  156
  71  157
  68  160
  68  161
  67  162
  67  163
  65  165
  65  166
  61  170
  61  171
  58  174
  58  175
  57  176
  57  248
  61  252
  61  253
  63  255
  63  256
  75  268
  75  269
  77  271
  77  272
  78  273
  78  274
  79  275
  79  276
  80  277
  80  278
  81  279
  81  281
  83  283
  83  289
  84  290
  84  292
  85  293
  85  294
  86  295
  86  296
  87  297
  87  299
  88  300
  88  301
  89  302
  89  303
  90  304
  90  306
  92  308
  92  309
  95  312
  96  312
 104  320
 105  320
 107  322
 108  322
 110  324
 110  325
 112  327
 113  327
 115  329
 116  329
 120  333
 120  334
 122  336
 123  336
 123  335
 124  334
 124  333
 125  332
 125  330
 128  327
 140  327
 142  325
 142  318
 145  315
 157  315
 157  298
 159  296
 163  296
 164  295
 166  295
 166  276
 168  274
 170  274
 170  273
 167  270
 167  269
 166  268
 166  254
 164  252
 163  252
 160  249
 159  249
 153  243
 153  242
 151  240
 151  225
 153  223
 155  223
 156  222
 157  222
 158  221
 159  221
 161  219
 162  219
 166  215
 166  214
 168  212
 168  211
 170  209
 170  208
 172  206
 172  204
 174  202
 174  199
 175  198
 175  194
 176  193
 176  190
 177  189
 177  188
 178  187
 178  186
 179  185
 179  179
 180  178
 180  172
 181  171
 181  169
 182  168
 182  167
 183  166
 183  163
 184  162
 184  160
 185  159
 185  157
 186  156
 186  155
 187  154
 187  153
 191  149
 191  148
 194  145
 194  143
 196  141
 196  140
 204  132
 204  131
 205  130
 205  129
 207  127
 207  126
 210  123
 210  122
 211  121
 211  120
 212  119
 212  118
 213  117
 213  115
 214  114
 214  113
 215  112
 215  110
 216  109
 216  104
 215  103
 215  102
 213  100
 212  100
 211   99
 210   99
 209   98
 208   98
 205   95
 204   95
 203   94
 202   94
 201   93
 200   93
 199   92
 198   92
 197   91
 194   91
 193   90
