 204   20
 203   21
 198   21
 197   22
 192   22
 191   23
 188   23
 187   24
 184   24
 183   25
 180   25
 179   26
 177   26
 176   27
 174   27
 173   28
 171   28
 170   29
 169   29
 168   30
 166   30
 165   31
 164   31
 163   32
 162   32
 161   33
 160   33
 158   35
 157   35
 156   36
 155   36
 153   38
 152   38
 151   39
 150   39
 148   41
 147   41
 145   43
 144   43
 142   45
 141   45
 140   46
 139   46
 137   48
 136   48
 134   50
 133   50
 130   53
 129   53
 127   55
 126   55
 122   59
 121   59
 118   62
 117   62
 111   68
 110   68
 104   74
 103   74
  95   82
  94   82
  93   83
  93   84
  89   88
  88   88
  77   99
  76   99
  65  110
  53  110
  52  111
  51  111
  42  120
  42  121
  36  127
  36  128
  34  130
  34  131
  33  132
  33  263
  34  264
  34  265
  35  266
  35  267
  36  268
  36  269
  38  271
  38  272
  40  274
  40  275
  41  276
  41  277
  42  278
  42  279
  43  280
  43  281
  45  283
  45  284
  46  285
  46  286
  48  288
  48  289
  51  292
  51  293
  52  294
  52  295
  53  296
  53  297
  54  298
  54  299
  56  301
  56  302
  57  303
  57  304
  58  305
  58  306
  60  308
  60  309
  61  310
  61  312
  62  313
  62  315
  64  317
  64  318
  65  319
  65  320
  67  322
  67  323
  70  326
  71  326
  78  333
  79  333
  80  334
  82  334
  83  335
  84  335
  85  336
  89  336
  90  337
  93  337
  95  339
  95  343
  96  344
  96  350
  97  351
  97  354
  98  355
  98  357
  99  358
  99  359
 100  360
 100  361
 101  362
 101  363
 102  364
 102  365
 105  368
 106  368
 113  375
 114  375
 115  376
 116  376
 117  377
 119  377
 120  376
 121  376
 122  375
 139  375
 141  377
 141  378
 142  379
 142  381
 144  383
 144  384
 148  388
 149  388
 155  394
 156  394
 157  395
 158  395
 159  396
 160  396
 161  395
 162  395
 163  394
 164  394
 171  387
 186  387
 188  389
 188  391
 189  392
 189  393
 190  394
 190  396
 191  397
 191  398
 193  400
 194  400
 201  407
 203  407
 204  408
 207  408
 208  407
 209  407
 210  406
 211  406
 212  405
 213  405
 215  403
 216  403
 219  400
 219  399
 220  398
 220  397
 222  395
 222  392
 223  391
 223  388
 222  387
 222  385
 221  384
 221  383
 220  382
 220  381
 213  374
 212  374
 208  370
 207  370
 206  369
 205  369
 204  368
 203  368
 201  366
 200  366
 199  365
 198  365
 197  364
 196  364
 195  363
 194  363
 192  361
 190  361
 188  359
 187  359
 185  357
 184  357
 181  354
 181  353
 180  352
 180  334
 181  333
 181  332
 190  323
 191  323
 193  321
 193  320
 195  318
 195  317
 196  316
 194  314
 194  313
 189  308
 188  308
 184  304
 183  304
 180  301
 179  301
 176  298
 175  298
 174  297
 173  297
 172  296
 171  296
 170  295
 169  295
 168  294
 167  294
 166  293
 165  293
 164  292
 163  292
 162  291
 161  291
 160  290
 159  290
 157  288
 156  288
 155  287
 155  271
 156  270
 156  269
 157  268
 157  267
 158  266
 158  265
 159  264
 159  263
 155  259
 154  259
 152  257
 151  257
 148  254
 147  254
 144  251
 143  251
 141  249
 140  249
 138  247
 137  247
 136  246
 136  245
 135  244
 135  242
 134  241
 134  240
 133  239
 133  238
 131  236
 131  235
 128  232
 127  232
 125  230
 124  230
 123  229
 123  215
 124  214
 148  214
 149  213
 151  213
 152  212
 154  212
 155  211
 156  211
 157  210
 158  210
 164  204
 165  204
 168  201
 168  200
 172  196
 172  195
 175  192
 175  191
 177  189
 177  188
 185  180
 185  179
 189  175
 189  174
 191  172
 191  171
 192  170
 192  169
 193  168
 193  167
 194  166
 194  164
 196  162
 196  161
 198  159
 198  158
 200  156
 200  155
 202  153
 202  152
 203  151
 203  150
 204  149
 204  148
 205  147
 205  145
 206  144
 206  143
 207  142
 207  139
 208  138
 208  137
 209  136
 209  135
 210  134
 210  133
 211  132
 211  131
 212  130
 212  129
 213  128
 213  127
 214  126
 214  124
 216  122
 216  120
 217  119
 217  117
 218  116
 218  112
 219  111
 219  110
 220  109
 220  107
 221  106
 221  105
 222  104
 222  102
 224  100
 224   99
 225   98
 225   97
 226   96
 226   95
 227   94
 227   92
 228   91
 228   90
 229   89
 229   86
 230   85
 230   84
 231   83
 231   81
 232   80
 232   79
 233   78
 233   76
 234   75
 234   74
 235   73
 235   70
 236   69
 236   67
 237   66
 237   64
 238   63
 238   60
 239   59
 239   56
 240   55
 240   42
 239   41
 239   40
 238   39
 238   38
 237   37
 237   36
 236   35
 236   34
 231   29
 230   29
 229   28
 228   28
 227   27
 226   27
 225   26
 224   26
 223   25
 222   25
 220   23
 219   23
 218   22
 217   22
 216   21
 214   21
 213   20
