 179   75
 178   76
 175   76
 174   77
 172   77
 171   78
 168   78
 167   79
 166   79
 165   80
 163   80
 162   81
 160   81
 159   82
 158   82
 157   83
 155   83
 154   84
 153   84
 152   85
 150   85
 149   86
 148   86
 147   87
 146   87
 145   88
 143   88
 142   89
 141   89
 140   90
 139   90
 138   91
 137   91
 136   92
 135   92
 134   93
 133   93
 132   94
 131   94
 129   96
 128   96
 127   97
 126   97
 125   98
 124   98
 122  100
 121  100
 120  101
 119  101
 117  103
 116  103
 114  105
 113  105
 112  106
 111  106
 109  108
 108  108
 107  109
 106  109
 104  111
 103  111
 101  113
 100  113
  98  115
  97  115
  95  117
  94  117
  92  119
  91  119
  88  122
  87  122
  86  123
  79  123
  77  125
  76  125
  73  128
  72  128
  71  129
  63  129
  62  130
  62  131
  60  133
  60  134
  59  135
  59  136
  58  137
  58  233
  59  234
  59  241
  60  242
  60  244
  61  245
  61  247
  62  248
  62  250
  63  251
  63  253
  64  254
  64  256
  66  258
  67  258
  71  262
  71  263
  75  267
  75  269
  76  270
  76  271
  77  272
  77  275
  78  276
  78  277
  79  278
  79  286
  80  287
  80  289
  81  290
  81  293
  82  294
  82  295
  84  297
  84  298
  86  300
  87  300
  94  307
  95  307
  96  308
 112  308
 113  309
 113  310
 114  311
 114  312
 115  313
 115  314
 117  316
 117  317
 118  318
 119  318
 123  322
 124  322
 125  321
 126  321
 128  319
 146  319
 147  320
 149  320
 151  322
 152  322
 157  327
 157  328
 159  330
 159  331
 164  336
 164  337
 166  339
 166  340
 168  342
 168  343
 173  348
 174  348
 175  349
 175  350
 176  351
 177  351
 179  353
 182  353
 183  352
 184  352
 187  349
 187  348
 185  346
 185  345
 180  340
 179  340
 167  328
 166  328
 160  322
 159  322
 148  311
 148  310
 145  307
 145  306
 144  305
 144  303
 143  302
 143  301
 142  300
 142  285
 143  284
 143  283
 145  281
 146  281
 147  280
 148  280
 149  279
 149  278
 143  272
 142  272
 137  267
 137  266
 136  265
 136  245
 127  236
 127  235
 125  233
 125  232
 124  231
 124  228
 123  227
 123  223
 122  222
 122  220
 120  218
 120  217
 118  215
 118  214
 115  211
 115  197
 116  196
 128  196
 129  195
 130  195
 131  194
 132  194
 134  192
 135  192
 138  189
 139  189
 142  186
 143  186
 157  172
 157  171
 170  158
 170  157
 174  153
 174  152
 181  145
 181  144
 185  140
 185  139
 189  135
 189  134
 196  127
 196  126
 198  124
 198  123
 203  118
 203  117
 206  114
 206  113
 208  111
 208  110
 209  109
 209  108
 211  106
 211  105
 212  104
 212  103
 213  102
 213  101
 214  100
 214   99
 215   98
 215   96
 216   95
 216   93
 215   92
 215   91
 213   89
 213   88
 212   88
 211   87
 210   87
 208   85
 207   85
 206   84
 204   84
 200   80
 199   80
 198   79
 197   79
 196   78
 194   78
 193   77
 192   77
 191   76
 189   76
 188   75
