 185   81
 184   82
 179   82
 178   83
 175   83
 174   84
 172   84
 171   85
 169   85
 168   86
 166   86
 165   87
 164   87
 163   88
 161   88
 160   89
 159   89
 158   90
 157   90
 156   91
 155   91
 154   92
 152   92
 150   94
 149   94
 148   95
 147   95
 146   96
 145   96
 144   97
 143   97
 142   98
 141   98
 140   99
 139   99
 137  101
 136  101
 135  102
 134  102
 132  104
 131  104
 130  105
 129  105
 127  107
 126  107
 123  110
 122  110
 121  111
 120  111
 118  113
 117  113
 114  116
 113  116
 110  119
 109  119
 105  123
 104  123
  96  131
  95  131
  65  161
  64  161
  61  164
  61  165
  59  167
  59  168
  58  169
  58  170
  57  171
  57  172
  56  173
  56  239
  57  240
  57  241
  58  242
  58  244
  59  245
  59  246
  60  247
  60  248
  61  249
  61  250
  62  251
  62  252
  63  253
  63  254
  64  255
  64  256
  65  257
  65  259
  66  260
  66  261
  67  262
  67  264
  68  265
  68  266
  69  267
  69  271
  70  272
  70  276
  71  277
  71  285
  72  286
  72  289
  73  290
  73  291
  74  292
  74  294
  75  295
  75  297
  76  298
  76  301
  77  302
  77  303
  79  305
  79  306
  80  307
  81  307
  88  314
  89  314
  91  316
  91  317
  92  318
  92  319
  93  320
  93  322
  94  323
  94  324
 106  336
 107  336
 108  337
 109  337
 112  334
 128  334
 129  335
 130  335
 130  333
 131  332
 131  331
 132  330
 132  328
 133  327
 148  327
 152  331
 152  332
 158  338
 156  336
 156  335
 154  333
 154  332
 152  330
 152  329
 150  327
 150  326
 149  325
 149  324
 148  323
 148  321
 147  320
 147  304
 151  300
 152  300
 155  297
 155  281
 162  274
 162  254
 161  253
 161  252
 157  248
 157  247
 156  246
 156  244
 155  243
 155  242
 154  241
 154  240
 153  239
 153  238
 147  232
 147  218
 148  217
 149  217
 150  216
 153  216
 154  215
 155  215
 156  214
 157  214
 167  204
 167  203
 169  201
 169  200
 172  197
 172  196
 173  195
 173  194
 174  193
 174  190
 175  189
 175  188
 176  187
 176  186
 177  185
 177  184
 178  183
 178  182
 180  180
 180  177
 181  176
 181  174
 182  173
 182  164
 183  163
 183  162
 184  161
 184  159
 185  158
 185  156
 186  155
 186  152
 187  151
 187  147
 188  146
 188  145
 190  143
 190  142
 191  141
 191  140
 192  139
 192  138
 193  137
 193  135
 194  134
 194  133
 195  132
 195  131
 199  127
 199  126
 201  124
 201  123
 202  122
 202  121
 203  120
 203  119
 205  117
 206  117
 211  112
 211  111
 213  109
 213  108
 214  107
 214  106
 215  105
 215   98
 216   97
 216   96
 215   95
 215   94
 214   94
 212   92
 211   92
 209   90
 208   90
 206   88
 205   88
 204   87
 203   87
 202   86
 201   86
 200   85
 198   85
 197   84
 196   84
 195   83
 193   83
 192   82
 188   82
 187   81
