 191   51
 190   52
 185   52
 184   53
 181   53
 180   54
 178   54
 177   55
 174   55
 173   56
 171   56
 170   57
 169   57
 168   58
 166   58
 165   59
 164   59
 163   60
 161   60
 160   61
 159   61
 158   62
 157   62
 156   63
 155   63
 154   64
 153   64
 152   65
 151   65
 150   66
 149   66
 148   67
 147   67
 146   68
 145   68
 144   69
 143   69
 142   70
 141   70
 139   72
 138   72
 136   74
 135   74
 134   75
 133   75
 131   77
 130   77
 128   79
 127   79
 124   82
 123   82
 121   84
 120   84
 116   88
 115   88
 112   91
 111   91
 103   99
 102   99
  81  120
  78  120
  76  122
  76  123
  75  124
  75  125
  74  126
  74  127
  73  128
  73  129
  70  132
  70  133
  62  141
  61  141
  59  143
  57  143
  56  144
  55  144
  53  146
  53  147
  52  148
  52  150
  51  151
  51  274
  52  275
  52  276
  53  277
  53  278
  54  279
  54  280
  55  281
  55  282
  56  283
  56  286
  57  287
  57  288
  58  289
  58  291
  59  292
  59  293
  60  294
  60  296
  61  297
  61  300
  62  301
  62  303
  63  304
  63  306
  65  308
  65  311
  66  312
  66  313
  67  314
  67  316
  68  317
  68  318
  69  319
  69  320
  70  321
  70  322
  84  336
  84  341
  85  342
  85  345
  86  346
  86  347
  87  348
  87  350
  90  353
  90  354
  91  355
  92  355
  96  359
  96  360
 100  364
 101  364
 103  366
 105  366
 106  367
 119  367
 120  368
 121  368
 128  375
 129  375
 130  376
 131  376
 134  373
 152  373
 155  376
 156  376
 156  375
 158  373
 158  365
 157  364
 157  362
 156  361
 156  359
 155  358
 155  357
 154  356
 154  355
 153  354
 153  353
 152  352
 152  330
 153  329
 153  328
 154  327
 154  325
 157  322
 158  322
 159  321
 160  321
 161  320
 162  320
 165  317
 165  316
 166  315
 166  292
 167  291
 167  290
 169  288
 170  288
 171  287
 172  287
 175  284
 175  283
 174  282
 174  281
 173  280
 173  279
 172  278
 172  257
 171  256
 171  254
 169  252
 169  251
 167  249
 167  248
 166  247
 166  246
 165  245
 165  244
 163  242
 163  241
 161  239
 161  238
 159  236
 159  235
 149  225
 149  211
 150  210
 152  210
 153  209
 159  209
 160  208
 163  208
 164  207
 167  207
 169  205
 170  205
 171  204
 172  204
 173  203
 174  203
 178  199
 179  199
 180  198
 180  197
 182  195
 182  194
 183  193
 183  192
 184  191
 184  190
 185  189
 185  188
 186  187
 186  186
 187  185
 187  184
 188  183
 188  182
 189  181
 189  178
 190  177
 190  175
 191  174
 191  169
 192  168
 192  167
 193  166
 193  165
 194  164
 194  163
 195  162
 195  161
 196  160
 196  158
 197  157
 197  152
 198  151
 198  144
 199  143
 199  142
 201  140
 201  139
 202  138
 202  137
 203  136
 203  118
 204  117
 204  113
 205  112
 205  109
 206  108
 206  104
 207  103
 207  102
 209  100
 209   99
 210   98
 210   97
 211   96
 211   94
 212   93
 212   92
 213   91
 213   90
 214   89
 214   88
 216   86
 216   85
 217   84
 217   83
 218   82
 218   81
 219   80
 219   79
 220   78
 220   77
 221   76
 221   75
 222   74
 222   72
 223   71
 223   67
 222   66
 222   65
 218   61
 217   61
 216   60
 215   60
 214   59
 213   59
 210   56
 209   56
 208   55
 207   55
 206   54
 205   54
 204   53
 203   53
 202   52
 199   52
 198   51
