 180   57
 179   58
 175   58
 174   59
 171   59
 170   60
 168   60
 167   61
 165   61
 164   62
 163   62
 162   63
 160   63
 159   64
 158   64
 157   65
 156   65
 155   66
 154   66
 153   67
 152   67
 151   68
 150   68
 148   70
 147   70
 146   71
 145   71
 144   72
 143   72
 141   74
 140   74
 138   76
 137   76
 136   77
 135   77
 133   79
 132   79
 130   81
 129   81
 124   86
 123   86
 120   89
 119   89
 114   94
 113   94
 110   97
 109   97
  99  107
  98  107
  91  114
  78  114
  77  115
  77  116
  76  117
  76  118
  75  119
  75  120
  74  121
  74  122
  72  124
  72  125
  69  128
  68  128
  67  129
  66  129
  66  130
  65  131
  65  213
  66  214
  66  215
  67  216
  67  219
  68  220
  68  221
  70  223
  70  224
  71  225
  71  227
  72  228
  72  230
  73  231
  73  233
  74  234
  74  238
  75  239
  75  240
  76  241
  76  245
  77  246
  77  247
  78  248
  78  254
  79  255
  79  259
  80  260
  80  262
  81  263
  81  264
  85  268
  85  270
  87  272
  87  275
  88  276
  88  277
  89  278
  89  282
  90  283
  90  285
  91  286
  91  292
  92  293
  92  294
  93  295
  93  297
  94  298
  94  299
  96  301
  96  302
  98  304
  99  304
 108  313
 109  313
 110  314
 112  314
 113  315
 126  315
 127  316
 128  316
 137  325
 138  325
 139  326
 154  326
 158  330
 158  331
 161  334
 161  335
 165  339
 165  340
 167  342
 167  343
 168  344
 168  345
 170  347
 170  348
 174  352
 174  353
 187  366
 188  366
 192  370
 194  370
 195  371
 199  367
 199  366
 200  365
 199  364
 199  363
 196  360
 196  359
 186  349
 185  349
 184  348
 184  347
 174  337
 174  336
 167  329
 167  328
 163  324
 163  323
 159  319
 159  318
 156  315
 156  314
 154  312
 154  310
 152  308
 152  283
 156  279
 157  279
 154  276
 154  275
 146  267
 146  266
 143  263
 143  246
 144  245
 144  244
 141  241
 141  240
 137  236
 137  235
 135  233
 135  229
 134  228
 134  223
 133  222
 133  220
 130  217
 130  216
 127  213
 126  213
 121  208
 120  208
 115  203
 115  189
 116  188
 119  188
 120  187
 136  187
 137  186
 139  186
 140  185
 142  185
 144  183
 145  183
 148  180
 148  179
 152  175
 152  174
 154  172
 154  171
 157  168
 157  167
 161  163
 161  162
 163  160
 163  159
 165  157
 165  156
 167  154
 167  153
 169  151
 169  149
 170  148
 170  147
 171  146
 171  145
 172  144
 172  142
 173  141
 173  140
 174  139
 174  138
 175  137
 175  136
 176  135
 176  134
 178  132
 178  131
 180  129
 180  127
 182  125
 182  123
 184  121
 184  120
 185  119
 185  118
 186  117
 186  116
 187  115
 187  114
 189  112
 189  111
 191  109
 191  108
 193  106
 193  105
 194  104
 194  103
 196  101
 196  100
 198   98
 198   97
 201   94
 201   93
 202   92
 202   91
 203   90
 203   89
 204   88
 204   87
 206   85
 206   83
 208   81
 208   79
 209   78
 209   75
 208   74
 208   72
 206   70
 206   69
 202   65
 201   65
 200   64
 199   64
 197   62
 196   62
 194   60
 193   60
 192   59
 190   59
 189   58
 183   58
 182   57
