 180  102
 179  103
 174  103
 173  104
 170  104
 169  105
 167  105
 166  106
 164  106
 163  107
 161  107
 160  108
 158  108
 157  109
 156  109
 155  110
 153  110
 152  111
 151  111
 150  112
 149  112
 148  113
 147  113
 146  114
 145  114
 144  115
 143  115
 142  116
 141  116
 139  118
 138  118
 137  119
 136  119
 135  120
 134  120
 132  122
 131  122
 129  124
 128  124
 126  126
 125  126
 123  128
 122  128
 120  130
 119  130
 117  132
 116  132
 112  136
 111  136
 109  138
 108  138
 104  142
 103  142
  96  149
  95  149
  94  150
  93  150
  91  152
  90  152
  88  154
  87  154
  86  155
  86  156
  85  157
  75  157
  73  159
  73  160
  71  162
  71  163
  69  165
  69  166
  66  169
  66  170
  65  171
  65  244
  66  245
  66  246
  67  247
  67  248
  68  249
  68  250
  69  251
  69  252
  70  253
  70  254
  72  256
  72  257
  73  258
  73  260
  74  261
  74  262
  75  263
  75  264
  76  265
  76  267
  77  268
  77  269
  78  270
  78  272
  79  273
  79  274
  80  275
  80  277
  81  278
  81  279
  82  280
  82  283
  83  284
  83  285
  84  286
  84  289
  85  290
  85  292
  87  294
  87  295
  88  296
  88  297
  90  299
  91  299
  99  307
 100  307
 101  308
 102  308
 103  309
 104  309
 106  311
 106  314
 108  316
 108  317
 109  318
 110  318
 112  320
 113  320
 115  322
 115  323
 117  325
 117  321
 118  320
 118  319
 120  317
 136  317
 136  312
 137  311
 137  310
 139  308
 150  308
 150  296
 151  295
 159  295
 159  277
 160  276
 161  276
 162  275
 164  275
 165  274
 166  274
 165  273
 165  272
 162  269
 162  254
 157  249
 156  249
 152  245
 152  243
 146  237
 146  223
 147  222
 154  222
 155  221
 158  221
 159  220
 160  220
 161  219
 162  219
 172  209
 172  208
 173  207
 173  206
 175  204
 175  203
 176  202
 176  201
 177  200
 177  198
 178  197
 178  196
 179  195
 179  193
 180  192
 180  190
 181  189
 181  187
 182  186
 182  176
 183  175
 183  173
 184  172
 184  167
 185  166
 185  162
 186  161
 186  160
 189  157
 189  156
 191  154
 191  152
 192  151
 192  150
 193  149
 193  147
 195  145
 195  144
 197  142
 197  141
 198  140
 198  139
 199  138
 199  136
 200  135
 200  133
 202  131
 202  130
 204  128
 204  126
 205  125
 205  124
 206  123
 206  121
 208  119
 208  118
 209  117
 209  113
 207  111
 206  111
 205  110
 204  110
 203  109
 202  109
 199  106
 198  106
 197  105
 196  105
 195  104
 194  104
 193  103
 191  103
 190  102
