 184   88
 183   89
 179   89
 178   90
 173   90
 172   91
 170   91
 169   92
 166   92
 165   93
 163   93
 162   94
 161   94
 160   95
 158   95
 157   96
 156   96
 155   97
 153   97
 152   98
 151   98
 150   99
 149   99
 148  100
 147  100
 146  101
 145  101
 144  102
 143  102
 142  103
 141  103
 139  105
 138  105
 137  106
 136  106
 135  107
 134  107
 132  109
 131  109
 130  110
 129  110
 127  112
 126  112
 124  114
 123  114
 122  115
 121  115
 119  117
 118  117
 116  119
 115  119
 112  122
 111  122
 110  123
 109  123
 106  126
 105  126
 103  128
 102  128
  99  131
  98  131
  92  137
  91  137
  90  138
  80  138
  79  139
  78  139
  77  140
  77  141
  76  142
  76  144
  75  145
  75  146
  73  148
  73  149
  71  151
  71  152
  69  154
  69  155
  62  162
  62  163
  60  165
  59  165
  59  166
  56  169
  56  170
  55  171
  55  252
  56  253
  56  254
  57  255
  57  258
  58  259
  58  260
  59  261
  59  264
  60  265
  60  267
  61  268
  61  271
  62  272
  62  275
  63  276
  63  278
  64  279
  64  282
  65  283
  65  284
  66  285
  66  289
  67  290
  67  292
  68  293
  68  296
  69  297
  69  298
  70  299
  70  300
  71  301
  71  302
  73  304
  73  305
  75  307
  75  308
  76  308
  82  314
  82  315
  83  315
  87  319
  87  320
  88  321
  88  322
  89  323
  89  324
  90  325
  90  326
  92  328
  92  329
  94  331
  95  331
 100  336
 100  337
 101  337
 102  338
 103  337
 103  336
 106  333
 122  333
 124  335
 125  335
 125  334
 126  333
 126  329
 127  328
 127  327
 128  326
 144  326
 149  331
 148  330
 148  329
 146  327
 146  325
 145  324
 145  307
 147  305
 150  305
 151  304
 152  304
 153  303
 153  286
 157  282
 159  282
 161  280
 162  280
 162  278
 156  272
 156  271
 155  270
 155  260
 154  259
 154  258
 153  257
 153  256
 146  249
 146  248
 144  246
 144  245
 142  243
 142  242
 136  236
 136  222
 138  220
 145  220
 146  219
 149  219
 150  218
 151  218
 152  217
 153  217
 154  216
 155  216
 157  214
 158  214
 170  202
 170  201
 173  198
 173  197
 175  195
 175  194
 176  193
 176  192
 179  189
 179  188
 181  186
 181  185
 182  184
 182  183
 183  182
 183  180
 184  179
 184  178
 185  177
 185  173
 186  172
 186  171
 187  170
 187  168
 188  167
 188  166
 189  165
 189  163
 190  162
 190  160
 191  159
 191  156
 192  155
 192  153
 193  152
 193  151
 195  149
 195  148
 196  147
 196  146
 197  145
 197  144
 198  143
 198  142
 199  141
 199  140
 201  138
 201  137
 204  134
 204  133
 207  130
 207  129
 212  124
 212  123
 215  120
 215  119
 216  118
 216  117
 217  116
 217  115
 218  114
 218  112
 219  111
 219  110
 220  109
 219  108
 219  107
 217  105
 217  104
 214  101
 213  101
 212  100
 211  100
 210   99
 209   99
 205   95
 204   95
 203   94
 202   94
 201   93
 200   93
 199   92
 198   92
 197   91
 196   91
 195   90
 192   90
 191   89
 189   89
 188   88
