 193   67
 192   68
 188   68
 187   69
 185   69
 184   70
 180   70
 179   71
 177   71
 176   72
 174   72
 173   73
 170   73
 169   74
 167   74
 166   75
 164   75
 163   76
 161   76
 160   77
 159   77
 158   78
 156   78
 155   79
 154   79
 153   80
 152   80
 151   81
 149   81
 148   82
 147   82
 146   83
 145   83
 144   84
 143   84
 142   85
 141   85
 140   86
 139   86
 138   87
 137   87
 135   89
 134   89
 133   90
 132   90
 131   91
 130   91
 129   92
 128   92
 126   94
 125   94
 124   95
 123   95
 121   97
 120   97
 117  100
 116  100
 112  104
 111  104
 108  107
 107  107
 104  110
 103  110
  98  115
  97  115
  93  119
  92  119
  89  122
  88  122
  84  126
  83  126
  80  129
  79  129
  75  133
  74  133
  71  136
  70  136
  58  148
  57  148
  51  154
  51  155
  47  159
  47  160
  43  164
  43  165
  41  167
  41  242
  43  244
  44  244
  46  246
  46  248
  47  249
  47  250
  49  252
  49  253
  51  255
  51  256
  53  258
  53  259
  56  262
  56  263
  60  267
  60  268
  74  282
  74  283
  75  284
  75  286
  76  287
  76  290
  77  291
  77  302
  78  303
  78  304
  79  305
  79  308
  80  309
  80  310
  81  311
  81  312
  82  313
  82  314
  92  324
  93  324
  95  326
 111  326
 112  327
 112  328
 113  329
 113  330
 124  341
 125  340
 126  340
 127  339
 128  339
 128  338
 129  337
 129  336
 131  334
 131  329
 135  325
 136  325
 138  323
 139  323
 140  322
 153  322
 151  320
 151  301
 152  300
 152  299
 153  298
 153  297
 155  295
 155  294
 156  293
 157  293
 161  289
 154  282
 153  282
 149  278
 148  278
 143  273
 143  257
 144  256
 144  255
 145  254
 145  253
 141  249
 140  249
 136  245
 135  245
 133  243
 132  243
 130  241
 129  241
 127  239
 126  239
 123  236
 123  232
 122  231
 122  230
 120  228
 120  227
 118  225
 117  225
 114  222
 113  222
 111  220
 111  206
 112  205
 122  205
 123  204
 125  204
 126  203
 127  203
 128  202
 129  202
 130  201
 131  201
 132  200
 133  200
 135  198
 136  198
 137  197
 138  197
 140  195
 141  195
 142  194
 143  194
 145  192
 146  192
 148  190
 149  190
 152  187
 153  187
 155  185
 156  185
 159  182
 160  182
 168  174
 168  173
 172  169
 173  169
 174  168
 174  167
 179  162
 179  161
 196  144
 196  143
 203  136
 203  135
 212  126
 212  125
 217  120
 217  119
 220  116
 220  115
 224  111
 224  110
 226  108
 226  107
 227  106
 227  105
 228  104
 228  103
 229  102
 229  101
 230  100
 230   99
 231   98
 231   96
 232   95
 232   93
 233   92
 233   88
 232   87
 232   86
 230   84
 230   83
 228   81
 228   80
 226   78
 225   78
 223   76
 222   76
 221   75
 220   75
 219   74
 218   74
 217   73
 216   73
 215   72
 214   72
 213   71
 212   71
 211   70
 209   70
 208   69
 205   69
 204   68
 200   68
 199   67
