 182   76
 181   77
 178   77
 177   78
 175   78
 174   79
 171   79
 170   80
 168   80
 167   81
 165   81
 164   82
 163   82
 162   83
 160   83
 159   84
 158   84
 157   85
 156   85
 155   86
 153   86
 152   87
 151   87
 150   88
 149   88
 148   89
 147   89
 146   90
 145   90
 144   91
 143   91
 142   92
 141   92
 140   93
 139   93
 138   94
 137   94
 136   95
 135   95
 133   97
 132   97
 131   98
 130   98
 128  100
 127  100
 126  101
 125  101
 123  103
 122  103
 119  106
 118  106
 117  107
 116  107
 114  109
 113  109
 111  111
 110  111
 108  113
 107  113
 105  115
 104  115
 102  117
 101  117
  97  121
  96  121
  93  124
  92  124
  74  142
  74  143
  69  148
  69  149
  62  156
  62  157
  61  158
  61  231
  62  232
  62  234
  63  235
  63  236
  65  238
  65  239
  66  240
  66  241
  68  243
  68  244
  70  246
  70  247
  74  251
  74  252
  76  254
  76  255
  77  256
  77  257
  79  259
  79  260
  80  261
  81  261
  85  265
  85  266
  86  267
  86  268
  88  270
  88  271
  89  272
  89  273
  90  274
  90  275
  91  276
  91  278
  92  279
  92  280
  93  281
  93  284
  95  286
  95  288
  96  289
  96  290
  98  292
  98  293
  99  294
 100  294
 106  300
 107  300
 109  302
 110  302
 111  303
 123  303
 124  304
 125  304
 130  309
 130  310
 137  317
 138  317
 141  314
 158  314
 159  315
 161  315
 162  316
 163  316
 165  318
 166  318
 175  327
 175  328
 178  331
 178  332
 182  336
 182  337
 184  339
 184  340
 187  343
 188  343
 196  351
 199  351
 200  350
 201  350
 202  349
 202  348
 203  347
 201  345
 201  343
 199  341
 199  340
 187  328
 186  328
 183  325
 182  325
 176  319
 175  319
 170  314
 169  314
 163  308
 162  308
 160  306
 160  305
 154  299
 154  297
 153  296
 153  294
 152  293
 152  278
 153  277
 153  276
 157  272
 150  265
 149  265
 143  259
 143  257
 142  256
 142  241
 141  240
 141  239
 137  235
 136  235
 132  231
 132  230
 130  228
 130  226
 129  225
 129  221
 128  220
 128  217
 126  215
 126  200
 127  199
 129  199
 130  198
 132  198
 134  196
 135  196
 140  191
 141  191
 154  178
 154  177
 160  171
 160  170
 167  163
 167  162
 169  160
 169  159
 173  155
 173  154
 175  152
 175  151
 180  146
 180  145
 182  143
 182  142
 184  140
 184  139
 186  137
 186  136
 188  134
 188  133
 189  132
 189  131
 191  129
 191  128
 195  124
 195  123
 197  121
 197  120
 200  117
 200  116
 202  114
 202  113
 203  112
 203  111
 205  109
 205  108
 206  107
 206  106
 207  105
 207  104
 209  102
 209  101
 210  100
 210   98
 211   97
 211   96
 212   95
 212   89
 208   85
 207   85
 206   84
 205   84
 203   82
 202   82
 200   80
 199   80
 198   79
 196   79
 195   78
 193   78
 192   77
 189   77
 188   76
