 185   74
 184   75
 178   75
 177   76
 175   76
 174   77
 171   77
 170   78
 168   78
 167   79
 166   79
 165   80
 163   80
 162   81
 161   81
 160   82
 159   82
 158   83
 157   83
 156   84
 155   84
 154   85
 153   85
 152   86
 151   86
 150   87
 149   87
 148   88
 147   88
 146   89
 145   89
 143   91
 142   91
 141   92
 140   92
 138   94
 137   94
 135   96
 134   96
 132   98
 131   98
 129  100
 128  100
 125  103
 124  103
 121  106
 120  106
 117  109
 116  109
 106  119
 105  119
 105  120
  92  133
  92  134
  82  144
  82  145
  79  148
  79  149
  74  154
  74  155
  71  158
  71  159
  69  161
  69  162
  66  165
  66  166
  64  168
  64  169
  61  172
  61  243
  62  244
  62  245
  63  246
  63  248
  64  249
  64  250
  65  251
  65  254
  66  255
  66  256
  67  257
  67  260
  68  261
  68  263
  69  264
  69  266
  70  267
  70  271
  71  272
  71  273
  72  274
  72  278
  73  279
  73  281
  74  282
  74  286
  75  287
  75  288
  76  289
  76  292
  77  293
  77  294
  78  295
  78  297
  79  298
  79  299
  80  300
  80  301
  81  302
  81  303
  90  312
  91  312
  95  316
  95  317
  96  318
  96  321
  98  323
  98  325
 101  328
 101  329
 102  329
 109  336
 112  333
 128  333
 129  332
 129  331
 134  326
 148  326
 147  325
 147  324
 146  323
 146  304
 148  302
 149  302
 150  301
 152  301
 153  300
 154  300
 155  299
 155  280
 157  278
 161  278
 162  277
 164  277
 165  276
 165  261
 168  258
 168  256
 166  254
 166  253
 165  252
 165  251
 161  247
 161  245
 159  243
 159  241
 158  240
 158  239
 156  237
 156  236
 154  234
 154  233
 145  224
 144  224
 142  222
 142  208
 143  207
 146  207
 147  206
 155  206
 156  205
 157  205
 158  204
 160  204
 161  203
 162  203
 164  201
 165  201
 172  194
 172  193
 174  191
 174  190
 176  188
 176  185
 177  184
 177  182
 178  181
 178  180
 179  179
 179  178
 180  177
 180  175
 181  174
 181  172
 182  171
 182  167
 183  166
 183  163
 184  162
 184  161
 185  160
 185  159
 186  158
 186  156
 187  155
 187  151
 188  150
 188  149
 189  148
 189  147
 191  145
 191  144
 194  141
 194  140
 195  139
 195  137
 196  136
 196  131
 197  130
 197  129
 198  128
 198  127
 199  126
 199  125
 200  124
 200  123
 201  122
 201  121
 202  120
 202  118
 203  117
 203  116
 204  115
 204  113
 205  112
 205  111
 206  110
 206  109
 208  107
 208  106
 209  105
 209  103
 210  102
 210  101
 211  100
 211   98
 212   97
 212   96
 213   95
 213   90
 212   89
 212   88
 207   83
 206   83
 204   81
 203   81
 201   79
 200   79
 199   78
 198   78
 197   77
 195   77
 194   76
 192   76
 191   75
 186   75
