 192   66
 191   67
 187   67
 186   68
 182   68
 181   69
 178   69
 177   70
 175   70
 174   71
 172   71
 171   72
 170   72
 169   73
 167   73
 166   74
 164   74
 163   75
 162   75
 161   76
 160   76
 159   77
 158   77
 157   78
 155   78
 154   79
 153   79
 152   80
 151   80
 150   81
 149   81
 148   82
 147   82
 146   83
 145   83
 144   84
 143   84
 142   85
 141   85
 139   87
 138   87
 137   88
 136   88
 134   90
 133   90
 131   92
 130   92
 128   94
 127   94
 123   98
 122   98
 120  100
 119  100
 117  102
 116  102
 113  105
 112  105
 108  109
 107  109
 102  114
 101  114
  96  119
  95  119
  84  130
  83  130
  78  135
  78  136
  75  139
  60  139
  59  138
  59  137
  58  138
  58  140
  57  141
  57  143
  56  144
  56  146
  55  147
  55  244
  56  245
  56  246
  57  247
  57  249
  58  250
  58  251
  60  253
  60  254
  61  255
  61  256
  62  257
  62  258
  63  259
  63  260
  64  261
  64  262
  65  263
  65  264
  66  265
  66  270
  67  271
  67  273
  68  274
  68  276
  69  277
  69  278
  70  279
  70  280
  71  281
  71  282
  73  284
  73  285
  75  287
  76  287
  80  291
  80  292
  82  294
  82  311
  83  312
  83  316
  84  317
  84  318
  93  327
  96  324
 111  324
 112  325
 112  333
 113  334
 113  335
 114  336
 114  337
 121  344
 122  344
 123  343
 123  342
 124  341
 124  340
 125  339
 125  336
 126  335
 126  334
 127  333
 144  333
 148  337
 148  338
 149  339
 149  340
 150  341
 150  342
 151  343
 151  344
 152  345
 152  346
 153  347
 153  348
 154  349
 154  350
 156  352
 156  353
 163  360
 164  360
 165  361
 166  360
 167  360
 170  357
 170  356
 171  355
 171  353
 170  352
 170  351
 167  348
 166  348
 163  345
 162  345
 158  341
 157  341
 155  339
 154  339
 151  336
 150  336
 148  334
 147  334
 142  329
 142  328
 140  326
 140  325
 139  324
 139  307
 142  304
 153  304
 154  303
 156  303
 157  302
 158  302
 159  301
 160  301
 161  300
 160  299
 159  299
 155  295
 154  295
 151  292
 150  292
 149  291
 148  291
 146  289
 144  289
 142  287
 140  287
 135  282
 135  266
 137  264
 138  264
 139  263
 140  263
 141  262
 141  261
 139  259
 138  259
 134  255
 133  255
 130  252
 129  252
 127  250
 126  250
 125  249
 125  235
 119  229
 118  229
 116  227
 116  226
 115  225
 115  224
 114  223
 114  222
 112  220
 112  219
 111  218
 111  217
 103  209
 103  195
 104  194
 120  194
 121  195
 125  195
 126  196
 130  196
 131  197
 140  197
 141  196
 144  196
 145  195
 147  195
 148  194
 149  194
 151  192
 152  192
 155  189
 156  189
 159  186
 160  186
 166  180
 167  180
 171  176
 172  176
 177  171
 177  170
 179  168
 179  167
 181  165
 181  164
 185  160
 185  159
 187  157
 187  156
 188  155
 188  154
 189  153
 189  152
 190  151
 190  150
 191  149
 191  148
 192  147
 192  146
 193  145
 193  144
 196  141
 196  140
 198  138
 198  137
 199  136
 199  135
 200  134
 200  132
 201  131
 201  130
 202  129
 202  127
 203  126
 203  124
 204  123
 204  122
 205  121
 205  120
 207  118
 207  116
 208  115
 208  114
 209  113
 209  110
 210  109
 210  108
 211  107
 211  106
 212  105
 212  104
 213  103
 213  102
 214  101
 214  100
 215   99
 215   98
 216   97
 216   96
 217   95
 217   94
 218   93
 218   90
 219   89
 219   87
 220   86
 220   84
 219   83
 219   82
 218   81
 218   80
 217   79
 217   78
 214   75
 213   75
 212   74
 211   74
 209   72
 208   72
 207   71
 206   71
 205   70
 203   70
 202   69
 201   69
 200   68
 197   68
 196   67
 194   67
 193   66
