 193   72
 192   73
 189   73
 188   74
 184   74
 183   75
 180   75
 179   76
 177   76
 176   77
 173   77
 172   78
 171   78
 170   79
 168   79
 167   80
 164   80
 163   81
 162   81
 161   82
 159   82
 158   83
 157   83
 156   84
 155   84
 154   85
 153   85
 152   86
 151   86
 150   87
 149   87
 148   88
 147   88
 145   90
 144   90
 142   92
 141   92
 139   94
 138   94
 136   96
 135   96
 133   98
 132   98
 131   99
 130   99
 127  102
 126  102
 124  104
 123  104
 120  107
 119  107
 117  109
 116  109
 113  112
 112  112
 109  115
 108  115
 105  118
 104  118
 102  120
 101  120
  97  124
  96  124
  92  128
  91  128
  88  131
  87  131
  84  134
  83  134
  75  142
  74  142
  53  163
  53  164
  48  169
  48  170
  46  172
  46  173
  45  174
  45  232
  46  233
  46  234
  47  235
  47  236
  50  239
  50  240
  51  241
  51  242
  52  243
  52  244
  54  246
  54  247
  57  250
  57  251
  59  253
  59  254
  61  256
  61  257
  63  259
  63  260
  64  261
  64  262
  66  264
  66  265
  69  268
  69  269
  71  271
  71  272
  73  274
  73  275
  74  276
  74  277
  75  278
  75  281
  76  282
  76  284
  77  285
  77  307
  78  308
  78  311
  80  313
  80  314
  81  315
  81  316
  82  316
  87  321
  87  322
  89  324
  90  324
  91  325
  92  325
  93  326
  94  326
  95  325
 111  325
 114  328
 114  329
 116  331
 116  332
 117  332
 124  339
 126  337
 126  336
 127  335
 127  331
 128  330
 128  328
 131  325
 132  325
 133  324
 134  324
 135  323
 149  323
 149  307
 150  306
 150  305
 151  304
 151  303
 153  301
 154  301
 156  299
 157  299
 159  297
 160  297
 162  295
 153  286
 152  286
 148  282
 147  282
 144  279
 144  263
 145  262
 145  259
 141  255
 140  255
 136  251
 135  251
 131  247
 130  247
 128  245
 127  245
 126  244
 125  244
 123  242
 123  241
 122  240
 122  235
 121  234
 121  232
 115  226
 114  226
 112  224
 112  210
 113  209
 130  209
 131  208
 132  208
 133  207
 134  207
 136  205
 137  205
 138  204
 139  204
 141  202
 142  202
 143  201
 144  201
 146  199
 147  199
 148  198
 149  198
 150  197
 151  197
 152  196
 153  196
 154  195
 155  195
 156  194
 157  194
 161  190
 162  190
 175  177
 175  176
 182  169
 182  168
 184  166
 184  165
 186  163
 186  162
 188  160
 188  159
 189  158
 189  157
 193  153
 193  152
 195  150
 195  149
 197  147
 197  146
 201  142
 201  141
 202  140
 202  139
 204  137
 204  136
 213  127
 213  126
 214  125
 214  124
 216  122
 216  121
 217  120
 217  119
 218  118
 218  117
 220  115
 220  114
 221  113
 221  112
 222  111
 222  110
 223  109
 223  108
 224  107
 224  106
 225  105
 225  103
 226  102
 226  101
 227  100
 227   98
 228   97
 228   95
 229   94
 229   92
 228   91
 228   90
 227   89
 227   88
 226   87
 226   86
 224   84
 223   84
 221   82
 220   82
 219   81
 218   81
 215   78
 214   78
 213   77
 212   77
 211   76
 210   76
 209   75
 207   75
 206   74
 204   74
 203   73
 200   73
 199   72
