 184   59
 183   60
 178   60
 177   61
 174   61
 173   62
 171   62
 170   63
 168   63
 167   64
 166   64
 165   65
 162   65
 161   66
 160   66
 159   67
 158   67
 157   68
 155   68
 154   69
 153   69
 151   71
 150   71
 149   72
 148   72
 146   74
 145   74
 143   76
 142   76
 139   79
 138   79
 135   82
 134   82
 131   85
 130   85
 127   88
 126   88
 123   91
 122   91
 119   94
 118   94
 115   97
 114   97
 111  100
 110  100
 106  104
 105  104
 101  108
 100  108
  97  111
  96  111
  89  118
  88  118
  75  131
  74  131
  70  135
  69  135
  68  136
  68  137
  63  142
  63  143
  61  145
  61  146
  59  148
  59  149
  57  151
  57  152
  56  153
  56  154
  54  156
  54  157
  52  159
  52  160
  51  161
  51  162
  50  163
  50  247
  52  249
  52  250
  54  252
  54  253
  55  254
  55  255
  56  256
  56  257
  57  258
  57  259
  58  260
  58  261
  59  262
  59  263
  60  264
  60  265
  62  267
  62  268
  63  269
  63  270
  65  272
  65  273
  67  275
  67  276
  69  278
  69  279
  71  281
  71  282
  76  287
  76  288
  78  290
  78  291
  79  292
  80  292
  85  297
  85  298
  87  300
  87  301
  88  302
  88  315
  89  316
  89  319
  90  320
  90  323
  92  325
  92  326
  95  329
  96  329
 101  334
 101  335
 102  335
 104  337
 105  337
 106  338
 108  336
 109  336
 110  335
 124  335
 125  336
 125  338
 126  339
 126  340
 127  341
 127  342
 131  346
 132  346
 137  351
 137  352
 139  354
 140  354
 141  355
 142  354
 143  354
 145  352
 145  351
 146  350
 146  348
 147  347
 147  345
 148  344
 148  343
 149  342
 165  342
 168  345
 168  346
 170  348
 170  349
 173  352
 173  353
 175  355
 175  356
 178  359
 179  359
 181  361
 182  361
 185  364
 185  365
 187  367
 188  367
 190  369
 191  369
 195  365
 195  364
 197  362
 197  361
 198  360
 197  359
 197  358
 194  355
 194  354
 193  353
 192  353
 188  349
 187  349
 182  344
 181  344
 178  341
 177  341
 175  339
 174  339
 173  338
 172  338
 170  336
 169  336
 166  333
 166  332
 164  330
 164  311
 165  310
 165  309
 167  307
 168  307
 169  306
 171  306
 172  305
 174  305
 175  304
 176  304
 177  303
 178  303
 179  302
 180  302
 181  301
 181  298
 178  295
 177  295
 175  293
 174  293
 172  291
 171  291
 166  286
 165  286
 164  285
 163  285
 162  284
 161  284
 160  283
 158  283
 157  282
 156  282
 155  281
 155  266
 157  264
 157  263
 158  262
 152  256
 151  256
 147  252
 146  252
 142  248
 142  236
 140  234
 140  233
 138  231
 137  231
 133  227
 132  227
 129  224
 128  224
 126  222
 126  208
 127  207
 148  207
 149  206
 153  206
 154  205
 155  205
 156  204
 158  204
 159  203
 160  203
 172  191
 172  190
 177  185
 177  184
 179  182
 179  181
 182  178
 182  177
 183  176
 183  175
 185  173
 185  172
 187  170
 187  169
 188  168
 188  167
 190  165
 190  164
 191  163
 191  162
 192  161
 192  160
 194  158
 194  157
 195  156
 195  155
 196  154
 196  152
 197  151
 197  150
 198  149
 198  148
 199  147
 199  145
 200  144
 200  143
 201  142
 201  140
 202  139
 202  138
 203  137
 203  135
 204  134
 204  133
 205  132
 205  130
 206  129
 206  128
 207  127
 207  126
 209  124
 209  123
 210  122
 210  121
 211  120
 211  119
 212  118
 212  117
 213  116
 213  114
 214  113
 214  110
 215  109
 215  108
 216  107
 216  106
 217  105
 217  104
 218  103
 218  100
 219   99
 219   98
 220   97
 220   94
 221   93
 221   92
 222   91
 222   88
 223   87
 223   86
 224   85
 224   82
 225   81
 224   80
 224   78
 223   77
 223   76
 222   75
 222   74
 220   72
 219   72
 218   71
 217   71
 216   70
 215   70
 214   69
 213   69
 211   67
 210   67
 209   66
 208   66
 207   65
 206   65
 205   64
 204   64
 203   63
 201   63
 200   62
 199   62
 198   61
 197   61
 196   60
 193   60
 192   59
