 185   66
 184   67
 180   67
 179   68
 176   68
 175   69
 173   69
 172   70
 170   70
 169   71
 167   71
 166   72
 164   72
 163   73
 162   73
 161   74
 160   74
 159   75
 158   75
 157   76
 155   76
 154   77
 153   77
 152   78
 151   78
 150   79
 149   79
 148   80
 147   80
 146   81
 145   81
 144   82
 143   82
 141   84
 140   84
 139   85
 138   85
 137   86
 136   86
 135   87
 134   87
 132   89
 131   89
 130   90
 129   90
 127   92
 126   92
 124   94
 123   94
 121   96
 120   96
 117   99
 116   99
 113  102
 112  102
 109  105
 108  105
 104  109
 103  109
  93  119
  92  119
  64  147
  64  148
  60  152
  60  153
  57  156
  57  157
  56  158
  56  245
  57  246
  57  249
  58  250
  58  254
  59  255
  59  257
  60  258
  60  266
  61  267
  61  272
  62  273
  62  281
  63  282
  63  284
  64  285
  64  289
  65  290
  65  291
  67  293
  67  294
  69  296
  70  296
  80  306
  80  307
  81  308
  81  310
  82  311
  82  313
  83  314
  83  315
  84  316
  84  317
  85  318
  85  319
  96  330
  97  330
  98  331
  99  331
 100  332
 101  332
 102  333
 113  333
 115  335
 116  334
 116  333
 119  330
 133  330
 134  331
 134  332
 135  333
 135  334
 136  335
 136  337
 137  338
 137  339
 138  340
 138  342
 139  343
 139  344
 140  345
 140  347
 142  349
 142  350
 143  351
 143  352
 144  353
 145  353
 153  361
 154  361
 154  359
 153  358
 153  357
 151  355
 151  354
 149  352
 149  351
 148  350
 148  349
 147  348
 147  347
 145  345
 145  344
 142  341
 142  340
 138  336
 138  335
 137  334
 137  333
 136  332
 136  330
 135  329
 135  328
 134  327
 134  308
 135  307
 135  306
 138  303
 139  303
 141  301
 142  301
 145  298
 145  281
 146  280
 146  279
 148  277
 149  277
 150  276
 151  276
 154  273
 154  272
 155  271
 155  259
 160  254
 160  252
 158  250
 158  249
 157  248
 157  247
 156  246
 156  244
 155  243
 155  241
 154  240
 154  239
 153  238
 153  237
 151  235
 151  234
 149  232
 149  231
 138  220
 137  220
 133  216
 132  216
 129  213
 129  199
 130  198
 149  198
 150  197
 154  197
 155  196
 156  196
 157  195
 159  195
 161  193
 162  193
 169  186
 169  185
 173  181
 173  180
 175  178
 175  177
 176  176
 176  175
 177  174
 177  173
 178  172
 178  171
 179  170
 179  169
 181  167
 181  165
 182  164
 182  163
 183  162
 183  159
 184  158
 184  154
 186  152
 186  151
 187  150
 187  149
 188  148
 188  146
 189  145
 189  143
 190  142
 190  138
 191  137
 191  136
 192  135
 192  134
 193  133
 193  132
 194  131
 194  130
 195  129
 195  128
 196  127
 196  125
 197  124
 197  122
 198  121
 198  119
 200  117
 200  116
 201  115
 201  114
 202  113
 202  112
 203  111
 203  110
 204  109
 204  108
 205  107
 205  106
 207  104
 207  103
 208  102
 208  101
 209  100
 209   99
 211   97
 211   96
 213   94
 213   93
 215   91
 215   90
 216   89
 216   88
 217   87
 217   86
 218   85
 218   80
 217   79
 217   78
 215   76
 214   76
 212   74
 211   74
 209   72
 208   72
 207   71
 206   71
 205   70
 204   70
 203   69
 202   69
 201   68
 199   68
 198   67
 196   67
 195   66
