 183   84
 182   85
 178   85
 177   86
 175   86
 174   87
 171   87
 170   88
 169   88
 168   89
 166   89
 165   90
 163   90
 162   91
 161   91
 160   92
 159   92
 158   93
 157   93
 156   94
 155   94
 154   95
 153   95
 152   96
 151   96
 150   97
 149   97
 148   98
 147   98
 146   99
 145   99
 143  101
 142  101
 140  103
 139  103
 137  105
 136  105
 135  106
 134  106
 132  108
 131  108
 128  111
 127  111
 125  113
 124  113
 122  115
 121  115
 118  118
 117  118
 115  120
 114  120
 108  126
 107  126
 102  131
 101  131
  85  147
  69  147
  67  145
  64  148
  64  149
  62  151
  62  152
  61  153
  61  248
  62  249
  62  251
  63  252
  63  253
  66  256
  66  257
  67  258
  67  260
  68  261
  68  262
  69  263
  69  264
  70  265
  70  267
  71  268
  71  269
  72  270
  72  271
  73  272
  73  273
  74  274
  74  275
  75  276
  75  279
  76  280
  76  281
  77  282
  77  285
  78  286
  78  287
  79  288
  79  292
  80  293
  80  294
  81  295
  81  297
  82  298
  82  300
  83  301
  83  302
  84  303
  84  304
  85  305
  85  306
  87  308
  87  309
  92  314
  93  314
 103  324
 103  325
 106  328
 106  329
 110  333
 111  333
 120  342
 121  341
 121  340
 122  339
 122  338
 123  337
 123  336
 125  334
 142  334
 143  335
 144  334
 144  329
 145  328
 145  327
 147  325
 164  325
 162  323
 162  321
 161  320
 161  304
 162  303
 162  302
 163  301
 166  301
 167  300
 169  300
 168  299
 168  281
 172  277
 173  277
 174  276
 174  275
 168  269
 168  261
 167  260
 167  258
 166  257
 166  256
 165  255
 165  254
 159  248
 158  248
 153  243
 153  242
 148  237
 147  237
 145  235
 145  221
 146  220
 147  220
 148  219
 151  219
 152  218
 154  218
 155  217
 156  217
 157  216
 158  216
 159  215
 160  215
 162  213
 163  213
 171  205
 171  204
 173  202
 173  201
 175  199
 175  198
 177  196
 177  195
 179  193
 179  191
 181  189
 181  187
 182  186
 182  185
 183  184
 183  183
 184  182
 184  181
 185  180
 185  178
 186  177
 186  176
 187  175
 187  173
 188  172
 188  166
 189  165
 189  163
 190  162
 190  160
 191  159
 191  157
 192  156
 192  152
 193  151
 193  149
 194  148
 194  145
 195  144
 195  143
 196  142
 196  140
 197  139
 197  138
 198  137
 198  135
 199  134
 199  133
 200  132
 200  131
 201  130
 201  129
 203  127
 203  126
 204  125
 204  124
 206  122
 206  121
 208  119
 208  118
 210  116
 210  115
 211  114
 211  113
 212  112
 212  110
 213  109
 213  107
 214  106
 214  102
 213  101
 213  100
 212   99
 212   98
 211   97
 211   96
 208   93
 207   93
 206   92
 205   92
 204   91
 203   91
 200   88
 199   88
 198   87
 197   87
 196   86
 194   86
 193   85
 191   85
 190   84
