 181   62
 180   63
 176   63
 175   64
 173   64
 172   65
 169   65
 168   66
 167   66
 166   67
 165   67
 164   68
 162   68
 161   69
 160   69
 159   70
 158   70
 157   71
 156   71
 155   72
 154   72
 152   74
 151   74
 150   75
 149   75
 148   76
 147   76
 145   78
 144   78
 140   82
 139   82
 136   85
 135   85
 131   89
 130   89
 124   95
 123   95
 104  114
 104  115
  98  121
  98  122
  93  127
  93  128
  91  130
  91  131
  86  136
  86  137
  83  140
  83  141
  80  144
  80  145
  79  146
  79  147
  77  149
  77  150
  76  151
  76  152
  75  153
  75  154
  74  155
  74  157
  73  158
  73  159
  72  160
  72  161
  71  162
  71  163
  70  164
  70  165
  69  166
  69  167
  68  168
  68  169
  66  171
  66  173
  65  174
  65  175
  64  176
  64  260
  65  261
  65  262
  66  263
  66  264
  67  265
  67  266
  68  267
  68  269
  69  270
  69  271
  70  272
  70  274
  71  275
  71  276
  72  277
  72  278
  73  279
  73  280
  74  281
  74  282
  75  283
  75  284
  76  285
  76  286
  77  287
  77  288
  78  289
  78  290
  79  291
  79  292
  80  293
  80  294
  81  295
  81  296
  82  297
  82  298
  83  299
  83  300
  84  301
  84  302
  86  304
  86  305
  87  306
  87  307
  88  308
  88  309
  90  311
  90  313
  91  314
  91  315
  92  316
  92  317
  93  318
  93  319
  94  320
  94  321
  95  322
  95  323
  96  324
  96  325
  98  327
  98  328
 110  340
 111  340
 112  341
 113  341
 114  342
 115  342
 116  343
 117  343
 118  344
 118  345
 120  347
 120  349
 123  352
 123  353
 124  354
 125  354
 130  359
 130  360
 132  362
 133  362
 134  363
 135  363
 136  364
 153  364
 154  365
 156  365
 157  364
 158  364
 161  361
 169  361
 170  360
 172  360
 173  359
 174  359
 175  358
 175  354
 174  353
 174  351
 172  349
 172  346
 171  345
 171  344
 170  343
 170  317
 174  313
 175  313
 176  312
 177  312
 178  311
 178  310
 180  308
 180  307
 179  306
 179  284
 181  282
 182  282
 184  280
 185  280
 185  279
 186  278
 186  277
 184  275
 184  274
 181  271
 181  255
 183  253
 182  252
 182  251
 179  248
 179  247
 175  243
 175  242
 173  240
 173  239
 164  230
 163  230
 159  226
 158  226
 155  223
 155  209
 157  207
 163  207
 164  206
 167  206
 168  205
 170  205
 171  204
 173  204
 175  202
 176  202
 178  200
 179  200
 181  198
 181  197
 183  195
 183  194
 184  193
 184  191
 185  190
 185  186
 186  185
 186  184
 187  183
 187  181
 188  180
 188  179
 189  178
 189  176
 190  175
 190  173
 191  172
 191  170
 192  169
 192  165
 193  164
 193  163
 194  162
 194  159
 195  158
 195  140
 196  139
 196  130
 197  129
 197  120
 198  119
 198  112
 199  111
 199  109
 200  108
 200  106
 201  105
 201  100
 202   99
 202   97
 203   96
 203   95
 204   94
 204   93
 205   92
 205   90
 206   89
 206   88
 207   87
 207   85
 208   84
 208   83
 209   82
 209   79
 210   78
 210   77
 209   76
 209   74
 206   71
 205   71
 204   70
 203   70
 201   68
 200   68
 198   66
 197   66
 195   64
 194   64
 193   63
 191   63
 190   62
