 183   89
 182   90
 178   90
 177   91
 175   91
 174   92
 172   92
 171   93
 169   93
 168   94
 166   94
 165   95
 164   95
 163   96
 161   96
 160   97
 159   97
 158   98
 157   98
 156   99
 155   99
 154  100
 153  100
 152  101
 151  101
 150  102
 149  102
 148  103
 147  103
 145  105
 144  105
 143  106
 142  106
 141  107
 140  107
 138  109
 137  109
 135  111
 134  111
 132  113
 131  113
 128  116
 127  116
 124  119
 123  119
 119  123
 118  123
 113  128
 112  128
 107  133
 106  133
  99  140
  98  140
  93  145
  93  146
  87  152
  74  152
  72  154
  72  155
  71  156
  71  157
  70  158
  70  159
  69  160
  69  161
  68  162
  68  163
  67  164
  67  165
  66  166
  66  167
  65  168
  65  169
  64  170
  64  171
  63  172
  63  174
  62  175
  62  254
  64  256
  65  256
  68  259
  69  259
  74  264
  75  264
  81  270
  82  270
  87  275
  87  276
  90  279
  90  280
  91  281
  91  282
  92  283
  92  284
  93  285
  93  287
  94  288
  94  289
  95  290
  95  292
  96  293
  96  294
  97  295
  97  296
  98  297
  98  298
  99  299
  99  300
 100  301
 100  302
 101  303
 101  305
 102  306
 102  308
 103  309
 103  310
 104  311
 104  312
 105  313
 105  314
 110  319
 111  319
 113  321
 113  322
 114  322
 116  324
 117  324
 118  325
 121  325
 122  326
 123  326
 133  336
 133  335
 134  334
 135  334
 136  333
 136  332
 138  330
 138  329
 140  327
 141  327
 142  326
 151  326
 152  325
 153  325
 154  324
 154  316
 158  312
 167  312
 168  311
 168  295
 170  293
 171  293
 172  292
 175  292
 175  291
 174  290
 174  276
 175  275
 175  273
 176  272
 177  272
 178  271
 179  271
 179  270
 178  269
 177  269
 175  267
 175  255
 169  249
 168  249
 166  247
 165  247
 158  240
 158  239
 157  238
 157  224
 159  222
 160  222
 161  221
 162  221
 167  216
 167  215
 171  211
 171  210
 172  209
 172  208
 173  207
 173  206
 175  204
 175  202
 176  201
 176  200
 177  199
 177  195
 178  194
 178  190
 179  189
 179  187
 180  186
 180  183
 181  182
 181  171
 182  170
 182  168
 183  167
 183  164
 184  163
 184  158
 185  157
 185  156
 186  155
 186  154
 187  153
 187  152
 188  151
 188  150
 190  148
 190  147
 191  146
 191  145
 192  144
 192  143
 193  142
 193  141
 195  139
 195  138
 199  134
 199  133
 201  131
 201  130
 202  129
 202  128
 203  127
 203  126
 204  125
 204  124
 205  123
 205  122
 207  120
 207  119
 208  118
 208  116
 209  115
 209  114
 210  113
 210  110
 211  109
 211  107
 212  106
 212  104
 211  103
 211  102
 210  101
 210  100
 207   97
 206   97
 204   95
 203   95
 201   93
 200   93
 199   92
 198   92
 197   91
 195   91
 194   90
 192   90
 191   89
