 183   65
 182   66
 178   66
 177   67
 175   67
 174   68
 172   68
 171   69
 168   69
 167   70
 166   70
 165   71
 164   71
 163   72
 161   72
 160   73
 159   73
 158   74
 157   74
 156   75
 155   75
 153   77
 152   77
 151   78
 150   78
 149   79
 148   79
 147   80
 146   80
 144   82
 143   82
 141   84
 140   84
 138   86
 137   86
 135   88
 134   88
 132   90
 131   90
 128   93
 127   93
 124   96
 123   96
 119  100
 118  100
  94  124
  94  125
  89  130
  89  131
  87  133
  87  134
  82  139
  82  140
  81  141
  81  142
  79  144
  79  145
  76  148
  76  149
  74  151
  74  152
  72  154
  72  155
  70  157
  70  158
  69  159
  69  160
  67  162
  67  163
  65  165
  65  166
  64  167
  64  168
  63  169
  63  170
  61  172
  61  173
  60  174
  60  261
  61  262
  61  263
  62  264
  62  266
  63  267
  63  268
  64  269
  64  271
  65  272
  65  273
  66  274
  66  275
  67  276
  67  278
  68  279
  68  280
  69  281
  69  283
  70  284
  70  285
  71  286
  71  287
  72  288
  72  289
  73  290
  73  291
  74  292
  74  293
  75  294
  75  295
  76  296
  76  297
  77  298
  77  299
  78  300
  78  301
  79  302
  79  303
  80  304
  80  306
  81  307
  81  308
  82  309
  82  311
  83  312
  83  313
  84  314
  84  315
  85  316
  85  317
  86  318
  86  319
  87  320
  87  321
  89  323
  89  324
  98  333
  99  333
 101  335
 102  335
 105  338
 105  339
 106  340
 106  342
 108  344
 108  345
 120  357
 121  357
 122  358
 123  358
 124  359
 140  359
 144  363
 145  363
 146  362
 147  362
 148  361
 162  361
 163  360
 164  360
 164  359
 165  358
 165  357
 164  356
 164  354
 163  353
 163  351
 162  350
 162  348
 161  347
 161  345
 160  344
 160  316
 162  314
 164  314
 165  313
 166  313
 167  312
 168  312
 172  308
 172  283
 179  276
 178  275
 178  274
 177  273
 177  272
 175  270
 175  248
 174  247
 174  246
 173  245
 173  244
 172  243
 172  242
 171  241
 171  240
 169  238
 169  237
 167  235
 167  234
 166  233
 166  232
 160  226
 159  226
 157  224
 156  224
 153  221
 153  207
 154  206
 156  206
 157  205
 163  205
 164  204
 166  204
 167  203
 169  203
 170  202
 171  202
 173  200
 174  200
 180  194
 180  193
 182  191
 182  190
 183  189
 183  188
 184  187
 184  184
 185  183
 185  182
 186  181
 186  180
 187  179
 187  178
 188  177
 188  175
 189  174
 189  172
 190  171
 190  167
 191  166
 191  165
 192  164
 192  162
 193  161
 193  159
 194  158
 194  146
 195  145
 195  138
 196  137
 196  122
 197  121
 197  116
 198  115
 198  113
 199  112
 199  110
 200  109
 200  108
 201  107
 201  105
 202  104
 202  102
 203  101
 203  100
 204   99
 204   98
 205   97
 205   96
 206   95
 206   94
 208   92
 208   91
 209   90
 209   89
 211   87
 211   86
 212   85
 212   83
 213   82
 213   81
 214   80
 214   79
 212   77
 212   76
 210   74
 209   74
 207   72
 206   72
 204   70
 203   70
 202   69
 201   69
 200   68
 199   68
 198   67
 197   67
 196   66
 192   66
 191   65
