 194   64
 193   65
 171   65
 170   66
 167   66
 166   67
 165   67
 164   68
 162   68
 161   69
 160   69
 159   70
 158   70
 157   71
 156   71
 155   72
 154   72
 153   73
 152   73
 151   74
 150   74
 149   75
 148   75
 147   76
 146   76
 145   77
 144   77
 143   78
 142   78
 141   79
 140   79
 139   80
 138   80
 136   82
 135   82
 134   83
 133   83
 131   85
 130   85
 128   87
 127   87
 125   89
 124   89
 121   92
 120   92
 116   96
 115   96
 111  100
 110  100
 106  104
 105  104
  98  111
  97  111
  71  137
  71  138
  68  141
  68  142
  62  148
  62  149
  55  156
  55  252
  58  255
  58  256
  60  258
  60  259
  61  260
  61  261
  63  263
  63  264
  64  265
  64  266
  66  268
  66  269
  67  270
  67  271
  69  273
  69  274
  71  276
  71  277
  73  279
  73  280
  76  283
  77  283
  80  286
  80  287
  83  290
  84  290
  88  294
  88  295
  89  296
  90  296
  91  297
  92  297
  94  299
  94  300
  98  304
  99  304
 100  305
 101  305
 102  306
 103  306
 107  310
 107  312
 109  314
 109  315
 112  318
 112  319
 113  320
 114  320
 121  327
 121  328
 122  329
 122  330
 123  331
 123  332
 124  333
 124  336
 125  337
 125  338
 126  339
 126  340
 130  344
 131  344
 134  347
 134  348
 137  351
 138  351
 139  350
 139  349
 140  348
 140  346
 141  345
 141  342
 143  340
 158  340
 159  341
 159  343
 160  344
 160  345
 161  346
 161  347
 163  349
 163  350
 168  355
 169  355
 178  364
 179  364
 180  365
 181  364
 182  364
 183  363
 184  363
 186  361
 187  361
 187  360
 188  359
 188  357
 183  352
 182  352
 174  344
 173  344
 171  342
 170  342
 168  340
 167  340
 166  339
 165  339
 163  337
 162  337
 161  336
 160  336
 159  335
 158  335
 155  332
 154  332
 152  330
 152  329
 151  328
 151  327
 150  326
 150  308
 152  306
 156  306
 157  305
 161  305
 162  304
 164  304
 165  303
 166  303
 167  302
 168  302
 170  300
 169  299
 168  299
 166  297
 165  297
 159  291
 158  291
 157  290
 156  290
 155  289
 154  289
 153  288
 152  288
 151  287
 149  287
 148  286
 147  286
 146  285
 144  285
 142  283
 142  269
 146  265
 144  263
 143  263
 141  261
 140  261
 134  255
 133  255
 130  252
 130  240
 125  235
 124  235
 121  232
 120  232
 114  226
 114  225
 109  220
 109  206
 110  205
 133  205
 134  206
 137  206
 138  205
 141  205
 142  204
 143  204
 144  203
 145  203
 146  202
 147  202
 149  200
 150  200
 155  195
 156  195
 176  175
 176  174
 177  173
 177  172
 179  170
 179  168
 181  166
 181  165
 185  161
 185  160
 187  158
 187  157
 188  156
 188  155
 189  154
 189  153
 190  152
 190  150
 191  149
 191  148
 192  147
 192  146
 193  145
 193  144
 196  141
 196  140
 198  138
 198  136
 199  135
 199  133
 200  132
 200  130
 201  129
 201  127
 202  126
 202  124
 203  123
 203  122
 205  120
 205  119
 206  118
 206  117
 207  116
 207  115
 208  114
 208  113
 209  112
 209  109
 210  108
 210  107
 211  106
 211  105
 212  104
 212  103
 213  102
 213  100
 214   99
 214   98
 215   97
 215   96
 216   95
 216   94
 217   93
 217   92
 218   91
 218   87
 219   86
 219   83
 218   82
 218   80
 217   79
 217   78
 215   76
 215   75
 214   75
 212   73
 211   73
 210   72
 209   72
 208   71
 207   71
 205   69
 204   69
 202   67
 201   67
 200   66
 199   66
 198   65
 196   65
 195   64
