 181   69
 180   70
 175   70
 174   71
 172   71
 171   72
 169   72
 168   73
 165   73
 164   74
 163   74
 162   75
 160   75
 159   76
 157   76
 156   77
 155   77
 154   78
 153   78
 152   79
 151   79
 150   80
 149   80
 148   81
 147   81
 146   82
 145   82
 144   83
 143   83
 142   84
 141   84
 140   85
 139   85
 138   86
 137   86
 136   87
 135   87
 134   88
 133   88
 132   89
 131   89
 129   91
 128   91
 127   92
 126   92
 124   94
 123   94
 121   96
 120   96
 118   98
 117   98
 115  100
 114  100
 112  102
 111  102
 109  104
 108  104
 105  107
 104  107
 100  111
  99  111
  91  119
  90  119
  87  122
  77  122
  77  124
  76  125
  76  129
  75  130
  75  131
  74  132
  74  134
  70  138
  70  139
  61  148
  61  149
  55  155
  55  156
  53  158
  53  279
  54  280
  54  286
  55  287
  55  288
  56  289
  56  291
  57  292
  57  293
  58  294
  58  295
  62  299
  63  299
  66  302
  66  303
  71  308
  71  311
  72  312
  72  315
  73  316
  73  317
  74  318
  74  319
  75  320
  75  321
  77  323
  78  323
  83  328
  83  329
  85  331
  88  331
  89  330
 105  330
 106  331
 107  331
 107  330
 108  329
 108  328
 109  327
 110  327
 111  326
 126  326
 128  328
 128  331
 129  332
 129  333
 130  334
 130  337
 131  338
 131  339
 132  340
 132  341
 133  342
 133  343
 135  345
 135  346
 139  350
 140  350
 144  354
 144  355
 146  357
 147  357
 148  358
 148  355
 146  353
 146  352
 144  350
 144  349
 141  346
 141  345
 137  341
 137  340
 133  336
 133  335
 130  332
 130  331
 129  330
 129  329
 128  328
 128  327
 126  325
 126  306
 129  303
 130  303
 131  302
 133  302
 134  301
 136  301
 138  299
 138  282
 141  279
 142  279
 143  278
 146  278
 147  277
 148  277
 150  275
 150  261
 151  260
 152  260
 155  257
 155  256
 154  255
 154  254
 153  253
 153  252
 152  251
 152  250
 151  249
 151  248
 150  247
 150  246
 149  245
 149  244
 148  243
 148  240
 147  239
 147  238
 146  237
 146  236
 145  235
 145  234
 144  233
 144  232
 142  230
 142  229
 129  216
 129  202
 130  201
 146  201
 147  202
 151  202
 152  201
 154  201
 155  200
 156  200
 157  199
 158  199
 160  197
 161  197
 169  189
 169  188
 172  185
 172  184
 173  183
 173  181
 174  180
 174  178
 176  176
 176  175
 178  173
 178  171
 179  170
 179  168
 180  167
 180  161
 181  160
 181  159
 182  158
 182  157
 184  155
 184  153
 185  152
 185  149
 186  148
 186  146
 187  145
 187  144
 188  143
 188  142
 191  139
 191  138
 193  136
 193  133
 194  132
 194  130
 195  129
 195  128
 196  127
 196  126
 198  124
 198  123
 200  121
 200  120
 202  118
 202  117
 205  114
 205  113
 210  108
 210  107
 212  105
 212  104
 214  102
 214  101
 215  100
 215   99
 217   97
 217   96
 218   95
 218   94
 219   93
 219   92
 220   91
 220   89
 221   88
 221   87
 220   86
 220   85
 217   82
 216   82
 215   81
 214   81
 213   80
 212   80
 210   78
 209   78
 207   76
 206   76
 205   75
 204   75
 203   74
 202   74
 201   73
 200   73
 199   72
 198   72
 197   71
 194   71
 193   70
 190   70
 189   69
