 188   67
 187   68
 183   68
 182   69
 180   69
 179   70
 176   70
 175   71
 173   71
 172   72
 171   72
 170   73
 168   73
 167   74
 165   74
 164   75
 163   75
 162   76
 161   76
 160   77
 159   77
 158   78
 157   78
 156   79
 155   79
 154   80
 153   80
 152   81
 151   81
 149   83
 148   83
 147   84
 146   84
 144   86
 143   86
 141   88
 140   88
 139   89
 138   89
 135   92
 134   92
 132   94
 131   94
 128   97
 127   97
 124  100
 123  100
 118  105
 117  105
 101  121
 100  121
  96  125
  96  126
  88  134
  85  134
  82  137
  82  138
  81  139
  81  141
  79  143
  79  144
  76  147
  76  148
  73  151
  73  152
  71  154
  71  155
  69  157
  69  158
  68  159
  68  160
  67  161
  67  162
  66  163
  66  164
  63  167
  63  168
  62  169
  62  170
  61  171
  61  259
  65  263
  65  265
  66  266
  66  267
  67  268
  67  269
  69  271
  69  272
  70  273
  70  274
  71  275
  71  276
  72  277
  72  278
  73  279
  73  280
  74  281
  74  283
  75  284
  75  289
  76  290
  76  292
  77  293
  77  294
  78  295
  78  297
  79  298
  79  299
  80  300
  80  301
  81  302
  81  303
  82  304
  82  305
  83  306
  83  307
  84  308
  84  310
  85  311
  85  312
  86  313
  86  314
  87  315
  87  316
  89  318
  89  319
  98  328
  98  329
 102  333
 102  334
 103  335
 103  336
 104  337
 104  339
 106  341
 106  342
 107  343
 107  344
 118  355
 119  355
 120  356
 121  356
 122  357
 140  357
 141  358
 142  358
 144  360
 147  360
 148  359
 162  359
 163  358
 164  358
 167  355
 167  354
 166  353
 166  351
 165  350
 165  348
 164  347
 164  345
 163  344
 163  342
 162  341
 162  339
 161  338
 161  336
 160  335
 160  318
 161  317
 161  315
 162  314
 162  313
 163  312
 163  311
 169  305
 169  304
 170  303
 169  302
 169  299
 168  298
 168  280
 169  279
 169  278
 174  273
 174  271
 173  270
 173  247
 171  245
 171  243
 169  241
 169  240
 167  238
 167  236
 166  235
 166  234
 165  233
 165  232
 160  227
 160  226
 159  225
 159  211
 160  210
 161  210
 162  209
 165  209
 166  208
 168  208
 169  207
 170  207
 172  205
 173  205
 178  200
 178  199
 179  198
 179  197
 180  196
 180  195
 181  194
 181  192
 183  190
 183  189
 184  188
 184  187
 185  186
 185  185
 186  184
 186  181
 187  180
 187  178
 188  177
 188  175
 189  174
 189  171
 191  169
 191  167
 192  166
 192  163
 193  162
 193  152
 194  151
 194  149
 195  148
 195  145
 196  144
 196  141
 197  140
 197  128
 198  127
 198  124
 199  123
 199  118
 200  117
 200  115
 201  114
 201  112
 202  111
 202  109
 203  108
 203  105
 204  104
 204  102
 205  101
 205  100
 206   99
 206   98
 207   97
 207   96
 208   95
 208   93
 209   92
 209   91
 210   90
 210   88
 211   87
 211   85
 212   84
 212   80
 213   79
 213   78
 212   77
 212   76
 210   74
 209   74
 207   72
 206   72
 205   71
 204   71
 203   70
 202   70
 201   69
 200   69
 199   68
 196   68
 195   67
