 200   38
 199   39
 194   39
 193   40
 189   40
 188   41
 186   41
 185   42
 182   42
 181   43
 179   43
 178   44
 176   44
 175   45
 173   45
 172   46
 171   46
 170   47
 169   47
 168   48
 167   48
 166   49
 165   49
 164   50
 163   50
 162   51
 161   51
 159   53
 158   53
 157   54
 156   54
 155   55
 154   55
 153   56
 152   56
 150   58
 149   58
 148   59
 147   59
 145   61
 144   61
 143   62
 142   62
 140   64
 139   64
 137   66
 136   66
 134   68
 133   68
 130   71
 129   71
 126   74
 125   74
 122   77
 121   77
 117   81
 116   81
 112   85
 111   85
 106   90
 105   90
  97   98
  96   98
  92  102
  91  102
  85  108
  84  108
  75  117
  74  117
  69  122
  69  123
  62  130
  62  131
  56  137
  56  138
  51  143
  51  144
  49  146
  49  147
  45  151
  45  152
  42  155
  42  156
  40  158
  40  308
  41  309
  41  310
  42  311
  42  312
  43  313
  43  314
  44  315
  44  316
  45  317
  45  318
  47  320
  47  321
  49  323
  50  323
  59  332
  60  332
  61  333
  62  333
  63  334
  64  334
  65  335
  66  335
  68  337
  69  337
  70  338
  71  338
  72  339
  73  339
  74  340
  75  340
  76  341
  78  341
  79  342
  82  342
  83  343
 100  343
 102  345
 102  347
 103  348
 103  349
 104  350
 104  351
 105  352
 105  353
 106  354
 106  355
 110  359
 111  359
 121  369
 122  369
 123  370
 124  370
 125  371
 126  370
 128  370
 129  369
 145  369
 146  370
 146  371
 147  372
 147  373
 150  376
 151  376
 153  378
 154  378
 162  386
 163  386
 165  388
 166  388
 167  389
 170  389
 171  388
 172  388
 174  386
 174  384
 175  383
 175  379
 177  377
 191  377
 195  381
 195  382
 198  385
 199  385
 200  386
 201  386
 202  387
 203  387
 204  388
 205  388
 206  389
 209  389
 210  388
 211  388
 212  387
 213  387
 213  386
 215  384
 215  383
 216  382
 216  378
 215  377
 215  375
 213  373
 213  371
 211  369
 211  368
 208  365
 207  365
 205  363
 204  363
 199  358
 198  358
 196  356
 195  356
 193  354
 192  354
 190  352
 189  352
 188  351
 187  351
 186  350
 185  350
 184  349
 183  349
 181  347
 180  347
 179  346
 179  345
 178  344
 178  327
 179  326
 179  325
 181  323
 181  322
 183  320
 184  320
 185  319
 186  319
 188  317
 189  317
 191  315
 191  314
 192  313
 191  312
 191  311
 190  310
 190  309
 184  303
 183  303
 180  300
 179  300
 177  298
 176  298
 172  294
 171  294
 169  292
 168  292
 167  291
 166  291
 165  290
 164  290
 163  289
 161  289
 160  288
 159  288
 158  287
 156  287
 155  286
 155  269
 156  268
 156  267
 155  266
 155  265
 153  263
 152  263
 147  258
 146  258
 144  256
 143  256
 139  252
 138  252
 135  249
 135  248
 134  247
 134  246
 133  245
 133  242
 132  241
 132  240
 131  239
 131  238
 127  234
 127  220
 128  219
 130  219
 131  218
 137  218
 138  217
 141  217
 142  216
 143  216
 144  215
 145  215
 147  213
 148  213
 154  207
 154  206
 157  203
 157  202
 160  199
 160  198
 163  195
 163  194
 165  192
 165  191
 167  189
 167  188
 170  185
 170  184
 172  182
 172  181
 175  178
 175  177
 176  176
 176  175
 178  173
 178  172
 180  170
 180  169
 181  168
 181  167
 184  164
 184  163
 186  161
 186  160
 188  158
 188  157
 189  156
 189  155
 190  154
 190  153
 191  152
 191  151
 192  150
 192  149
 193  148
 193  147
 194  146
 194  145
 195  144
 195  143
 196  142
 196  141
 197  140
 197  139
 199  137
 199  136
 200  135
 200  134
 201  133
 201  132
 202  131
 202  130
 203  129
 203  128
 204  127
 204  126
 205  125
 205  123
 206  122
 206  120
 207  119
 207  118
 208  117
 208  116
 210  114
 210  113
 212  111
 212  110
 213  109
 213  108
 214  107
 214  106
 215  105
 215  104
 216  103
 216  102
 217  101
 217  100
 219   98
 219   97
 221   95
 221   94
 223   92
 223   91
 224   90
 224   89
 225   88
 225   87
 226   86
 226   84
 227   83
 227   82
 228   81
 228   79
 229   78
 229   76
 230   75
 230   73
 231   72
 231   70
 232   69
 232   67
 233   66
 233   62
 234   61
 234   55
 233   54
 233   53
 232   52
 232   51
 230   49
 229   49
 228   48
 227   48
 226   47
 225   47
 224   46
 223   46
 221   44
 220   44
 219   43
 218   43
 217   42
 216   42
 215   41
 214   41
 213   40
 211   40
 210   39
 204   39
 203   38
