 173   54
 172   55
 166   55
 165   56
 159   56
 158   57
 151   57
 150   58
 148   58
 147   59
 143   59
 142   60
 139   60
 138   61
 136   61
 135   62
 132   62
 131   63
 129   63
 128   64
 125   64
 124   65
 122   65
 121   66
 119   66
 118   67
 115   67
 114   68
 113   68
 112   69
 109   69
 108   70
 106   70
 105   71
 103   71
 102   72
  99   72
  98   73
  96   73
  95   74
  94   74
  93   75
  90   75
  89   76
  88   76
  87   77
  85   77
  84   78
  83   78
  82   79
  80   79
  79   80
  78   80
  77   81
  76   81
  75   82
  73   82
  72   83
  71   83
  70   84
  69   84
  68   85
  67   85
  66   86
  65   86
  64   87
  63   87
  61   89
  60   89
  59   90
  58   90
  57   91
  56   91
  55   92
  54   92
  52   94
  51   94
  50   95
  49   95
  48   96
  47   96
  46   97
  45   97
  43   99
  42   99
  39  102
  38  102
  36  104
  35  104
  32  107
  31  107
  27  111
  26  111
  24  113
  24  115
  23  116
  23  308
  24  309
  24  311
  25  312
  26  312
  27  313
  29  313
  30  314
  41  314
  42  315
  42  332
  41  333
  42  334
  42  335
  43  336
  43  337
  44  338
  44  339
  47  342
  48  342
  52  346
  53  346
  54  347
  55  347
  56  346
  57  346
  59  344
  60  344
  62  342
  78  342
  80  344
  80  354
  81  355
  81  360
  82  361
  82  363
  83  364
  83  365
  85  367
  85  368
  88  371
  89  371
  91  373
  92  373
  93  374
  97  374
  98  373
  99  373
 100  372
 101  372
 102  371
 103  371
 108  366
 108  365
 110  363
 110  362
 111  361
 111  358
 110  357
 110  356
 108  354
 108  353
 104  349
 104  348
 101  345
 101  344
 100  343
 100  342
  98  340
  98  339
  97  338
  97  337
  96  336
  96  335
  95  334
  95  333
  94  332
  94  331
  93  330
  93  309
  95  307
  95  305
  99  301
 101  301
 102  300
 107  300
 108  299
 110  299
 115  294
 115  292
 114  291
 114  289
 112  287
 112  286
 108  282
 108  281
 104  277
 104  276
 101  273
 101  272
  99  270
  99  248
 101  246
 101  245
 104  242
 104  240
 103  239
 103  238
 102  237
 102  236
 101  235
 101  234
  99  232
  99  230
  98  229
  98  228
  97  227
  97  210
  96  209
  96  208
  95  207
  95  205
  93  203
  93  189
  94  188
 110  188
 111  189
 114  189
 115  190
 116  190
 117  189
 119  189
 120  188
 122  188
 123  187
 124  187
 125  186
 126  186
 128  184
 129  184
 130  183
 132  183
 134  181
 135  181
 136  180
 137  180
 138  179
 139  179
 140  178
 141  178
 143  176
 144  176
 145  175
 147  175
 149  173
 150  173
 151  172
 152  172
 153  171
 154  171
 157  168
 158  168
 159  167
 160  167
 162  165
 163  165
 164  164
 165  164
 166  163
 167  163
 169  161
 170  161
 173  158
 174  158
 177  155
 178  155
 182  151
 183  151
 185  149
 186  149
 190  145
 191  145
 195  141
 196  141
 201  136
 202  136
 206  132
 207  132
 215  124
 216  124
 223  117
 224  117
 230  111
 231  111
 238  104
 238  103
 240  101
 240   99
 244   95
 245   95
 246   94
 246   93
 248   91
 248   90
 249   89
 249   86
 250   85
 250   83
 251   82
 250   81
 250   80
 249   79
 249   78
 243   72
 242   72
 240   70
 239   70
 237   68
 236   68
 235   67
 234   67
 233   66
 232   66
 231   65
 230   65
 229   64
 228   64
 227   63
 226   63
 225   62
 224   62
 223   61
 222   61
 221   60
 219   60
 218   59
 216   59
 215   58
 214   58
 213   57
 210   57
 209   56
 204   56
 203   55
 199   55
 198   54
