 187   81
 186   82
 183   82
 182   83
 179   83
 178   84
 176   84
 175   85
 173   85
 172   86
 170   86
 169   87
 168   87
 167   88
 165   88
 164   89
 163   89
 162   90
 161   90
 160   91
 159   91
 158   92
 157   92
 156   93
 155   93
 154   94
 153   94
 152   95
 151   95
 149   97
 148   97
 147   98
 146   98
 144  100
 143  100
 141  102
 140  102
 138  104
 137  104
 136  105
 135  105
 132  108
 131  108
 128  111
 127  111
 123  115
 122  115
 119  118
 118  118
 113  123
 112  123
 104  131
 103  131
 100  134
 100  135
  82  153
  82  154
  69  167
  69  168
  65  172
  65  173
  60  178
  60  179
  59  180
  59  238
  60  239
  60  240
  62  242
  62  244
  63  245
  63  246
  64  247
  64  248
  65  249
  65  250
  66  251
  66  253
  67  254
  67  255
  68  256
  68  257
  69  258
  69  259
  71  261
  71  263
  72  264
  72  265
  73  266
  73  268
  74  269
  74  270
  75  271
  75  274
  76  275
  76  276
  77  277
  77  284
  78  285
  78  287
  79  288
  79  293
  80  294
  80  295
  81  296
  81  298
  82  299
  82  300
  83  301
  83  303
  84  304
  84  305
  85  306
  85  307
  90  312
  91  312
  96  317
  97  317
  98  318
  99  318
 102  321
 102  322
 103  323
 103  324
 104  325
 104  326
 110  332
 111  332
 118  339
 120  337
 137  337
 137  336
 138  335
 138  331
 141  328
 156  328
 157  329
 157  328
 155  326
 155  325
 154  324
 154  323
 153  322
 153  304
 156  301
 157  301
 158  300
 159  300
 161  298
 161  285
 162  284
 162  283
 168  277
 168  276
 166  274
 166  257
 162  253
 162  252
 160  250
 160  248
 159  247
 159  246
 158  245
 158  244
 157  243
 157  242
 148  233
 148  219
 149  218
 153  218
 154  217
 156  217
 157  216
 158  216
 159  215
 160  215
 162  213
 163  213
 168  208
 168  207
 170  205
 170  204
 171  203
 171  202
 173  200
 173  199
 174  198
 174  196
 175  195
 175  194
 176  193
 176  191
 177  190
 177  186
 178  185
 178  184
 179  183
 179  182
 180  181
 180  180
 181  179
 181  177
 182  176
 182  174
 183  173
 183  165
 184  164
 184  162
 185  161
 185  159
 186  158
 186  157
 187  156
 187  153
 188  152
 188  146
 189  145
 189  144
 190  143
 190  142
 191  141
 191  140
 192  139
 192  138
 193  137
 193  136
 194  135
 194  133
 195  132
 195  131
 196  130
 196  129
 198  127
 198  126
 199  125
 199  124
 201  122
 201  121
 202  120
 202  119
 204  117
 204  116
 208  112
 208  111
 211  108
 211  107
 212  106
 212  105
 213  104
 213  103
 214  102
 214  101
 213  100
 213   99
 210   96
 210   92
 209   91
 209   90
 207   88
 206   88
 205   87
 204   87
 202   85
 201   85
 200   84
 198   84
 197   83
 195   83
 194   82
 192   82
 191   81
