 179   73
 178   74
 175   74
 174   75
 171   75
 170   76
 169   76
 168   77
 166   77
 165   78
 163   78
 162   79
 161   79
 160   80
 159   80
 158   81
 157   81
 156   82
 155   82
 154   83
 153   83
 152   84
 151   84
 149   86
 148   86
 147   87
 146   87
 144   89
 143   89
 141   91
 140   91
 138   93
 137   93
 135   95
 134   95
 132   97
 131   97
 128  100
 127  100
 125  102
 124  102
 120  106
 119  106
 115  110
 114  110
 110  114
 109  114
 104  119
 103  119
 100  122
  99  122
  96  125
  95  125
  92  128
  91  128
  88  131
  87  131
  85  133
  71  133
  70  134
  69  134
  64  139
  63  139
  61  141
  60  141
  59  142
  59  143
  53  149
  53  150
  52  151
  51  151
  49  153
  49  155
  48  156
  48  238
  51  241
  51  242
  56  247
  56  248
  60  252
  60  253
  62  255
  62  256
  63  257
  63  258
  64  259
  64  260
  67  263
  67  264
  80  277
  80  278
  81  279
  81  280
  82  281
  82  282
  83  283
  83  284
  84  285
  84  287
  85  288
  85  291
  86  292
  86  296
  87  297
  87  299
  88  300
  88  303
  89  304
  89  305
  90  306
  90  309
  91  310
  91  311
  92  312
  92  313
  93  314
  93  315
  95  317
  95  318
  96  319
  97  319
 102  324
 102  325
 103  325
 105  327
 106  327
 107  328
 108  327
 109  327
 110  326
 124  326
 128  330
 129  330
 134  335
 134  336
 135  336
 137  338
 142  333
 142  325
 146  321
 147  321
 148  320
 159  320
 158  319
 158  304
 159  303
 159  301
 164  296
 165  296
 167  294
 168  294
 169  293
 169  292
 165  288
 164  288
 159  283
 158  283
 155  280
 154  280
 149  275
 149  257
 144  252
 143  252
 140  249
 139  249
 137  247
 136  247
 135  246
 134  246
 132  244
 131  244
 129  242
 128  242
 125  239
 125  234
 123  232
 123  231
 120  228
 119  228
 115  224
 115  210
 116  209
 132  209
 133  208
 134  208
 135  207
 136  207
 140  203
 140  202
 143  199
 144  199
 145  198
 146  198
 148  196
 150  196
 153  193
 154  193
 157  190
 158  190
 170  178
 170  177
 174  173
 174  172
 181  165
 181  164
 185  160
 185  159
 186  158
 186  157
 188  155
 188  154
 189  153
 189  152
 194  147
 194  146
 198  142
 198  141
 200  139
 200  138
 202  136
 202  135
 204  133
 204  132
 209  127
 209  126
 213  122
 213  121
 214  120
 214  119
 215  118
 215  117
 217  115
 217  114
 219  112
 219  111
 220  110
 220  109
 221  108
 221  107
 222  106
 222  104
 223  103
 223  101
 224  100
 224   98
 225   97
 225   95
 226   94
 226   90
 225   89
 225   88
 224   87
 224   86
 223   85
 223   84
 218   79
 217   79
 216   78
 215   78
 213   76
 212   76
 211   75
 210   75
 209   74
 207   74
 206   73
