 180   32
 179   33
 173   33
 172   34
 168   34
 167   35
 163   35
 162   36
 159   36
 158   37
 155   37
 154   38
 151   38
 150   39
 147   39
 146   40
 143   40
 142   41
 140   41
 139   42
 137   42
 136   43
 133   43
 132   44
 131   44
 130   45
 128   45
 127   46
 125   46
 124   47
 122   47
 121   48
 119   48
 118   49
 117   49
 116   50
 115   50
 114   51
 112   51
 111   52
 110   52
 109   53
 107   53
 106   54
 105   54
 104   55
 103   55
 102   56
 101   56
 100   57
  99   57
  98   58
  96   58
  94   60
  93   60
  92   61
  91   61
  90   62
  89   62
  88   63
  87   63
  86   64
  85   64
  84   65
  83   65
  81   67
  80   67
  77   70
  76   70
  74   72
  73   72
  71   74
  70   74
  67   77
  66   77
  63   80
  62   80
  58   84
  57   84
  28  113
  28  114
  23  119
  23  120
  19  124
  19  125
  14  130
  14  131
  12  133
  12  134
  10  136
  10  243
  11  244
  11  246
  12  247
  12  250
  13  251
  13  253
  14  254
  14  258
  15  259
  15  262
  16  263
  16  269
  17  270
  17  273
  18  274
  18  277
  19  278
  19  280
  20  281
  20  291
  21  292
  21  296
  22  297
  22  305
  23  306
  23  309
  24  310
  24  315
  25  316
  25  325
  26  326
  26  332
  27  333
  27  338
  28  339
  28  340
  29  341
  29  343
  30  344
  30  345
  35  350
  36  350
  40  354
  40  355
  41  356
  42  356
  44  358
  45  358
  46  359
  47  359
  48  360
  50  360
  51  361
  54  361
  55  362
  55  363
  56  364
  56  366
  57  367
  57  377
  58  378
  58  380
  59  381
  59  382
  60  383
  60  384
  61  384
  62  385
  63  385
  64  386
  65  386
  66  387
  67  387
  68  388
  68  389
  69  390
  69  391
  70  392
  70  393
  71  394
  72  394
  73  395
  75  395
  76  394
  99  394
 100  395
 103  395
 105  393
 106  393
 106  392
 113  385
 129  385
 130  384
 131  384
 132  383
 133  383
 133  382
 135  380
 135  358
 143  350
 144  350
 145  349
 146  349
 147  348
 148  348
 149  347
 150  347
 152  345
 153  345
 156  342
 156  341
 157  340
 157  339
 158  338
 158  337
 157  336
 157  308
 160  305
 161  305
 162  304
 163  304
 164  303
 165  303
 166  302
 167  302
 170  299
 170  298
 169  297
 169  296
 168  295
 168  292
 167  291
 167  288
 166  287
 166  269
 167  268
 167  267
 170  264
 170  263
 171  262
 171  261
 172  260
 172  259
 170  257
 170  256
 168  254
 168  253
 166  251
 166  250
 164  248
 164  247
 162  245
 162  242
 161  241
 161  237
 160  236
 160  235
 159  234
 159  233
 157  231
 157  230
 150  223
 150  209
 151  208
 166  208
 167  207
 170  207
 171  206
 173  206
 174  205
 175  205
 176  204
 177  204
 182  199
 183  199
 185  197
 186  197
 188  195
 189  195
 192  192
 193  192
 196  189
 196  188
 197  187
 197  186
 198  185
 198  184
 199  183
 199  182
 200  181
 200  179
 202  177
 202  176
 204  174
 204  173
 206  171
 206  170
 207  169
 207  168
 208  167
 208  166
 209  165
 209  162
 210  161
 210  159
 211  158
 211  155
 216  150
 216  149
 217  148
 217  147
 218  146
 218  145
 219  144
 219  143
 220  142
 220  136
 221  135
 221  134
 230  125
 230  124
 231  123
 231  122
 233  120
 233  118
 234  117
 234  116
 235  115
 235  114
 244  105
 244  104
 246  102
 246  101
 247  100
 247   99
 248   98
 248   97
 250   95
 250   94
 255   89
 255   88
 256   87
 256   86
 257   85
 257   84
 259   82
 259   81
 260   80
 260   79
 261   78
 261   76
 262   75
 262   74
 263   73
 263   70
 264   69
 264   63
 263   62
 263   61
 262   60
 262   59
 261   58
 261   57
 256   52
 255   52
 253   50
 252   50
 250   48
 249   48
 248   47
 247   47
 246   46
 245   46
 244   45
 243   45
 242   44
 241   44
 240   43
 239   43
 238   42
 237   42
 236   41
 235   41
 234   40
 233   40
 232   39
 231   39
 230   38
 228   38
 227   37
 225   37
 224   36
 222   36
 221   35
 217   35
 216   34
 212   34
 211   33
 206   33
 205   32
