 197   41
 196   42
 191   42
 190   43
 186   43
 185   44
 182   44
 181   45
 180   45
 179   46
 177   46
 176   47
 174   47
 173   48
 172   48
 171   49
 170   49
 169   50
 168   50
 167   51
 165   51
 164   52
 163   52
 162   53
 161   53
 160   54
 158   54
 157   55
 156   55
 155   56
 154   56
 153   57
 152   57
 151   58
 150   58
 149   59
 147   59
 146   60
 145   60
 144   61
 143   61
 142   62
 141   62
 140   63
 139   63
 138   64
 137   64
 136   65
 135   65
 134   66
 133   66
 132   67
 131   67
 130   68
 129   68
 127   70
 126   70
 125   71
 124   71
 123   72
 122   72
 121   73
 120   73
 118   75
 117   75
 115   77
 114   77
 112   79
 111   79
 109   81
 108   81
 104   85
 103   85
  99   89
  98   89
  93   94
  92   94
  85  101
  84  101
  74  111
  73  111
  72  112
  72  113
  63  122
  63  123
  58  128
  57  128
  52  133
  52  134
  49  137
  49  138
  47  140
  47  141
  45  143
  45  144
  41  148
  41  149
  36  154
  36  156
  35  157
  35  283
  36  284
  36  294
  37  295
  37  300
  38  301
  38  310
  39  311
  39  315
  40  316
  40  331
  41  332
  41  337
  42  338
  42  340
  43  341
  43  343
  44  344
  44  345
  45  346
  45  347
  49  351
  50  351
  56  357
  56  358
  57  359
  57  360
  58  361
  58  365
  59  366
  59  367
  60  368
  60  370
  61  371
  61  372
  63  374
  63  375
  74  386
  75  386
  76  387
  78  387
  79  386
  80  386
  81  385
  96  385
  97  384
  99  384
 100  383
 101  383
 107  377
 107  376
 111  372
 118  372
 119  371
 121  371
 122  370
 123  370
 124  369
 125  369
 125  368
 127  366
 127  362
 128  361
 128  356
 129  355
 129  353
 130  352
 130  351
 133  348
 134  348
 135  347
 136  347
 137  346
 138  346
 139  345
 140  345
 141  344
 142  344
 144  342
 144  341
 145  340
 145  338
 144  337
 144  335
 143  334
 143  319
 144  318
 144  316
 145  315
 145  314
 146  313
 147  313
 148  312
 150  312
 154  308
 153  307
 153  287
 159  281
 158  280
 158  279
 153  274
 153  273
 149  269
 149  266
 148  265
 148  264
 147  263
 147  259
 146  258
 146  256
 145  255
 145  254
 142  251
 142  250
 135  243
 134  243
 127  236
 126  236
 122  232
 122  218
 123  217
 130  217
 131  216
 138  216
 139  215
 143  215
 144  214
 147  214
 148  213
 149  213
 150  212
 152  212
 153  211
 154  211
 155  210
 156  210
 164  202
 164  201
 166  199
 166  198
 169  195
 169  194
 172  191
 172  190
 177  185
 177  184
 178  183
 178  182
 179  181
 179  178
 180  177
 180  173
 181  172
 181  167
 182  166
 183  166
 184  165
 185  165
 186  164
 186  162
 187  161
 187  155
 188  154
 188  153
 190  151
 190  150
 191  149
 191  147
 192  146
 192  144
 193  143
 193  142
 195  140
 195  138
 196  137
 196  136
 197  135
 197  132
 198  131
 198  130
 200  128
 200  127
 203  124
 203  123
 204  122
 204  121
 205  120
 205  119
 206  118
 206  116
 208  114
 208  113
 212  109
 212  108
 215  105
 215  104
 217  102
 217  101
 219   99
 219   98
 223   94
 223   93
 225   91
 225   90
 227   88
 227   87
 230   84
 230   83
 233   80
 233   79
 235   77
 235   76
 236   75
 236   73
 237   72
 237   71
 238   70
 237   69
 236   69
 234   67
 234   54
 232   52
 231   52
 230   51
 228   51
 227   50
 226   50
 223   47
 222   47
 221   46
 220   46
 219   45
 218   45
 217   44
 214   44
 213   43
 210   43
 209   42
 204   42
 203   41
