 180   49
 179   50
 175   50
 174   51
 173   51
 172   52
 169   52
 168   53
 167   53
 166   54
 164   54
 163   55
 162   55
 161   56
 160   56
 159   57
 158   57
 156   59
 155   59
 153   61
 152   61
 150   63
 149   63
 147   65
 146   65
 143   68
 142   68
 137   73
 136   73
 111   98
 111   99
 104  106
 104  107
  99  112
  99  113
  96  116
  96  117
  93  120
  93  121
  90  124
  90  125
  88  127
  88  128
  86  130
  86  131
  85  132
  85  133
  83  135
  83  136
  81  138
  81  139
  80  140
  80  141
  78  143
  78  144
  76  146
  76  147
  75  148
  75  149
  73  151
  73  152
  72  153
  72  154
  71  155
  71  156
  70  157
  70  158
  69  159
  69  160
  67  162
  67  163
  65  165
  65  166
  63  168
  63  169
  62  170
  62  171
  61  172
  61  173
  60  174
  60  241
  61  242
  61  243
  63  245
  63  246
  64  247
  64  248
  66  250
  66  251
  67  252
  67  253
  71  257
  71  258
  73  260
  73  261
  74  262
  74  263
  78  267
  78  268
  80  270
  80  271
  81  272
  81  273
  82  274
  82  275
  83  276
  83  277
  84  278
  84  280
  85  281
  85  282
  86  283
  86  285
  87  286
  87  287
  88  288
  88  291
  89  292
  89  294
  90  295
  90  299
  91  300
  91  303
  92  304
  92  308
  93  309
  93  310
  94  311
  94  313
  95  314
  95  315
  96  316
  96  318
  97  319
  97  320
 100  323
 100  324
 101  325
 102  325
 108  331
 109  331
 110  332
 111  332
 112  333
 113  333
 114  334
 115  334
 116  335
 116  339
 117  340
 117  341
 118  342
 118  345
 120  347
 120  348
 121  349
 121  350
 134  363
 135  363
 137  365
 138  365
 139  366
 140  366
 141  367
 142  367
 143  368
 161  368
 162  369
 165  369
 165  368
 166  367
 166  366
 167  365
 167  364
 168  363
 168  360
 170  358
 184  358
 185  359
 185  360
 186  361
 186  362
 188  364
 188  365
 191  368
 192  368
 200  376
 201  376
 203  378
 204  378
 205  379
 207  379
 208  378
 209  378
 213  374
 213  373
 214  372
 214  370
 213  369
 213  368
 211  366
 211  365
 205  359
 204  359
 202  357
 201  357
 196  352
 195  352
 193  350
 192  350
 190  348
 188  348
 186  346
 185  346
 184  345
 182  345
 181  344
 180  344
 178  342
 178  325
 183  320
 184  320
 186  318
 187  318
 188  317
 189  317
 193  313
 192  312
 192  311
 188  307
 187  307
 185  305
 184  305
 183  304
 182  304
 181  303
 181  302
 180  301
 179  301
 176  298
 175  298
 174  297
 173  297
 172  296
 170  296
 169  295
 169  278
 170  277
 170  276
 171  275
 170  274
 169  274
 167  272
 166  272
 165  271
 164  271
 159  266
 158  266
 157  265
 156  265
 155  264
 154  264
 151  261
 151  250
 149  248
 148  248
 147  247
 146  247
 144  245
 143  245
 140  242
 140  241
 139  240
 139  239
 138  238
 138  236
 135  233
 134  233
 132  231
 131  231
 128  228
 127  228
 126  227
 126  213
 127  212
 128  212
 129  211
 133  211
 134  210
 139  210
 140  209
 142  209
 143  208
 145  208
 146  207
 147  207
 149  205
 150  205
 151  204
 152  204
 162  194
 162  193
 166  189
 166  188
 168  186
 168  185
 169  184
 169  183
 170  182
 170  181
 172  179
 172  178
 174  176
 174  175
 175  174
 175  173
 177  171
 177  170
 179  168
 179  167
 181  165
 181  164
 182  163
 182  162
 183  161
 183  160
 184  159
 184  158
 185  157
 185  155
 186  154
 186  153
 187  152
 187  150
 188  149
 188  148
 189  147
 189  145
 190  144
 190  143
 191  142
 191  141
 192  140
 192  139
 193  138
 193  137
 194  136
 194  133
 195  132
 195  131
 196  130
 196  128
 197  127
 197  126
 198  125
 198  124
 199  123
 199  122
 200  121
 200  119
 201  118
 201  116
 202  115
 202  114
 203  113
 203  112
 204  111
 204  110
 205  109
 205  108
 206  107
 206  106
 207  105
 207  104
 208  103
 208  102
 209  101
 209   99
 210   98
 210   96
 211   95
 211   92
 212   91
 212   86
 213   85
 213   81
 214   80
 214   69
 213   68
 213   67
 212   66
 212   63
 211   62
 211   61
 208   58
 207   58
 206   57
 205   57
 204   56
 203   56
 201   54
 200   54
 199   53
 198   53
 196   51
 195   51
 194   50
 191   50
 190   49
