 169   93
 168   94
 166   94
 165   95
 164   95
 163   96
 162   96
 161   97
 160   97
 159   98
 158   98
 157   99
 156   99
 155  100
 154  100
 153  101
 152  101
 150  103
 149  103
 147  105
 146  105
 144  107
 143  107
 139  111
 138  111
 135  114
 134  114
 127  121
 126  121
 123  124
 122  124
 120  126
 120  127
 114  133
 113  133
 112  134
 112  135
 109  138
  93  138
  92  137
  91  137
  91  139
  90  140
  90  141
  89  142
  89  143
  86  146
  86  147
  85  148
  85  149
  84  150
  84  237
  86  239
  93  239
  96  242
  96  243
  97  244
  97  245
  98  246
  98  247
  99  248
  99  249
 100  250
 100  251
 101  252
 101  253
 102  254
 102  255
 103  256
 103  257
 105  259
 105  260
 106  261
 106  262
 108  264
 108  265
 112  269
 112  270
 120  278
 120  279
 121  280
 121  289
 122  290
 122  292
 131  301
 161  301
 161  300
 159  298
 159  297
 158  296
 158  279
 160  277
 159  276
 159  275
 158  274
 158  273
 157  272
 157  257
 158  256
 158  254
 159  253
 159  252
 161  250
 161  231
 162  230
 161  229
 161  221
 160  220
 160  218
 159  217
 159  216
 154  211
 154  196
 156  194
 157  194
 158  193
 159  193
 166  186
 166  185
 167  184
 167  183
 168  182
 168  181
 169  180
 169  179
 170  178
 170  177
 171  176
 171  174
 172  173
 172  168
 173  167
 173  165
 174  164
 174  159
 175  158
 175  156
 176  155
 176  149
 177  148
 177  146
 178  145
 178  140
 179  139
 179  137
 180  136
 180  134
 181  133
 181  132
 182  131
 182  129
 183  128
 183  125
 184  124
 184  122
 185  121
 185  117
 186  116
 186  114
 187  113
 187  109
 188  108
 188  107
 189  106
 189  101
 186   98
 185   98
 183   96
 182   96
 181   95
 180   95
 179   94
 178   94
 177   93
