 189   48
 188   49
 183   49
 182   50
 178   50
 177   51
 172   51
 171   52
 169   52
 168   53
 165   53
 164   54
 161   54
 160   55
 159   55
 158   56
 155   56
 154   57
 153   57
 152   58
 150   58
 149   59
 147   59
 146   60
 145   60
 144   61
 142   61
 141   62
 140   62
 139   63
 138   63
 137   64
 136   64
 135   65
 134   65
 133   66
 131   66
 130   67
 129   67
 128   68
 127   68
 126   69
 125   69
 124   70
 123   70
 122   71
 121   71
 119   73
 118   73
 117   74
 116   74
 115   75
 114   75
 112   77
 111   77
 110   78
 109   78
 107   80
 106   80
 105   81
 104   81
 102   83
 101   83
  99   85
  98   85
  96   87
  95   87
  93   89
  92   89
  90   91
  89   91
  87   93
  86   93
  83   96
  82   96
  79   99
  78   99
  75  102
  74  102
  70  106
  69  106
  60  115
  59  115
  46  128
  45  128
  37  136
  37  137
  30  144
  30  145
  29  146
  29  147
  28  148
  28  248
  29  249
  29  252
  30  253
  30  254
  31  255
  31  257
  32  258
  32  260
  33  261
  33  263
  34  264
  34  268
  35  269
  35  271
  36  272
  36  276
  37  277
  37  278
  38  279
  38  283
  39  284
  39  286
  40  287
  40  290
  41  291
  41  292
  42  293
  42  294
  43  295
  43  296
  44  297
  44  298
  45  299
  45  300
  46  301
  46  302
  47  303
  47  304
  48  305
  48  306
  49  307
  49  308
  50  309
  50  310
  52  312
  52  313
  54  315
  54  316
  55  316
  65  326
  65  327
  66  328
  66  329
  67  330
  67  331
  68  332
  68  333
  69  334
  69  336
  72  339
  72  340
  74  342
  75  342
  81  348
  82  348
  83  349
  84  349
  85  348
  86  348
  87  347
  88  347
  89  346
  90  346
  91  345
  92  345
  93  344
  96  344
  97  343
  99  343
 100  342
 102  342
 103  341
 104  341
 105  340
 106  340
 107  339
 108  339
 110  337
 111  337
 112  336
 113  336
 114  335
 131  335
 133  337
 133  338
 134  339
 134  340
 135  341
 135  342
 136  343
 136  344
 137  345
 137  346
 138  347
 138  348
 139  349
 139  350
 140  351
 140  352
 142  354
 142  356
 144  358
 144  359
 145  360
 145  361
 148  364
 148  365
 151  368
 152  368
 160  376
 161  376
 163  378
 164  378
 165  379
 166  379
 167  380
 168  380
 169  379
 170  379
 175  374
 175  368
 173  366
 173  365
 161  353
 160  353
 155  348
 154  348
 150  344
 149  344
 146  341
 145  341
 138  334
 138  333
 134  329
 134  327
 133  326
 133  324
 132  323
 132  304
 134  302
 134  300
 136  298
 136  297
 141  292
 141  291
 142  290
 141  289
 141  269
 142  268
 142  267
 143  266
 143  265
 147  261
 147  259
 144  256
 144  255
 142  253
 142  235
 140  233
 140  232
 137  229
 136  229
 133  226
 132  226
 129  223
 129  209
 130  208
 134  208
 135  207
 137  207
 138  206
 142  206
 143  205
 144  205
 146  203
 147  203
 153  197
 153  196
 158  191
 158  190
 164  184
 164  183
 165  182
 165  181
 168  178
 168  177
 171  174
 171  173
 172  172
 172  171
 174  169
 174  168
 176  166
 176  165
 177  164
 177  163
 178  162
 178  161
 179  160
 179  159
 180  158
 180  157
 181  156
 181  155
 183  153
 183  152
 184  151
 184  150
 185  149
 185  148
 186  147
 186  146
 188  144
 188  142
 190  140
 190  139
 191  138
 191  137
 193  135
 193  134
 197  130
 197  129
 206  120
 206  119
 208  117
 208  116
 210  114
 211  114
 213  112
 214  112
 217  109
 218  109
 232   95
 232   94
 235   91
 235   90
 238   87
 238   86
 240   84
 240   83
 242   81
 242   80
 243   79
 243   77
 244   76
 244   75
 245   74
 245   71
 244   70
 244   69
 243   68
 243   67
 240   64
 239   64
 237   62
 236   62
 235   61
 234   61
 233   60
 232   60
 231   59
 230   59
 228   57
 227   57
 226   56
 225   56
 223   54
 222   54
 221   53
 219   53
 218   52
 217   52
 216   51
 214   51
 213   50
 211   50
 210   49
 207   49
 206   48
