 190   77
 189   78
 185   78
 184   79
 180   79
 179   80
 177   80
 176   81
 173   81
 172   82
 170   82
 169   83
 168   83
 167   84
 165   84
 164   85
 162   85
 161   86
 160   86
 159   87
 158   87
 157   88
 155   88
 153   90
 152   90
 151   91
 150   91
 149   92
 148   92
 147   93
 146   93
 145   94
 144   94
 143   95
 142   95
 141   96
 140   96
 138   98
 137   98
 136   99
 135   99
 133  101
 132  101
 130  103
 129  103
 128  104
 127  104
 126  105
 125  105
 122  108
 121  108
 119  110
 118  110
 115  113
 114  113
 111  116
 110  116
 107  119
 106  119
 102  123
 101  123
  97  127
  96  127
  91  132
  90  132
  88  134
  87  134
  80  141
  80  142
  77  145
  77  146
  75  148
  75  149
  72  152
  72  153
  69  156
  69  157
  67  159
  67  160
  65  162
  65  163
  63  165
  63  166
  61  168
  61  169
  60  170
  60  171
  58  173
  58  174
  56  176
  56  177
  55  178
  55  244
  56  245
  56  246
  58  248
  58  249
  60  251
  60  253
  61  254
  61  255
  62  256
  62  258
  63  259
  63  260
  64  261
  64  264
  65  265
  65  266
  66  267
  66  270
  67  271
  67  272
  68  273
  68  275
  69  276
  69  279
  70  280
  70  282
  71  283
  71  286
  72  287
  72  288
  73  289
  73  291
  74  292
  74  293
  75  294
  75  297
  76  298
  76  299
  77  300
  77  303
  78  304
  78  305
  79  306
  79  307
  80  308
  80  310
  82  312
  82  313
  84  315
  85  315
  86  316
  87  316
  90  319
  90  320
  91  321
  91  322
  92  323
  93  323
  94  324
  95  324
 100  329
 100  330
 101  331
 101  332
 104  335
 104  336
 108  340
 109  340
 116  347
 117  347
 119  349
 121  349
 122  350
 123  350
 124  351
 135  351
 136  350
 138  350
 139  349
 140  349
 141  348
 142  348
 143  347
 144  347
 145  346
 148  346
 149  345
 150  345
 151  344
 153  344
 156  341
 156  340
 157  339
 157  332
 158  331
 158  328
 161  325
 161  324
 163  322
 163  321
 162  320
 162  318
 161  317
 161  316
 160  315
 160  313
 159  312
 159  310
 158  309
 158  292
 159  291
 159  290
 160  289
 160  286
 159  285
 159  269
 158  268
 158  267
 153  262
 153  261
 151  259
 151  258
 149  256
 149  253
 148  252
 148  251
 147  250
 147  249
 136  238
 135  238
 131  234
 130  234
 126  230
 125  230
 124  229
 124  214
 125  213
 129  213
 130  212
 133  212
 134  211
 140  211
 141  210
 144  210
 145  209
 147  209
 148  208
 151  208
 153  206
 154  206
 158  202
 158  201
 160  199
 160  198
 162  196
 162  195
 164  193
 164  192
 166  190
 166  189
 168  187
 168  186
 170  184
 170  183
 171  182
 171  180
 172  179
 172  178
 173  177
 173  176
 175  174
 175  173
 176  172
 176  171
 177  170
 177  169
 179  167
 179  165
 180  164
 180  163
 181  162
 181  160
 182  159
 182  158
 184  156
 184  155
 186  153
 186  152
 188  150
 188  148
 190  146
 190  143
 192  141
 192  139
 194  137
 194  136
 197  133
 197  132
 198  131
 198  130
 199  129
 199  128
 200  127
 200  126
 201  125
 201  124
 205  120
 205  119
 207  117
 207  116
 209  114
 209  113
 210  112
 210  111
 211  110
 211  109
 213  107
 213  106
 214  105
 214  104
 216  102
 216  100
 217   99
 217   98
 218   97
 218   95
 219   94
 219   91
 218   90
 218   89
 214   85
 213   85
 212   84
 211   84
 209   82
 208   82
 207   81
 206   81
 205   80
 204   80
 203   79
 201   79
 200   78
 198   78
 197   77
