 168   88
 167   89
 164   89
 163   90
 162   90
 161   91
 158   91
 157   92
 156   92
 155   93
 154   93
 153   94
 152   94
 151   95
 150   95
 149   96
 148   96
 147   97
 146   97
 145   98
 144   98
 143   99
 142   99
 140  101
 139  101
 137  103
 136  103
 133  106
 132  106
 129  109
 128  109
 123  114
 122  114
  99  137
  99  138
  94  143
  94  144
  91  147
  91  148
  87  152
  87  153
  80  160
  79  160
  75  164
  75  244
  76  245
  76  250
  77  251
  77  254
  78  255
  78  260
  79  261
  79  263
  80  264
  80  265
  81  266
  81  268
  82  269
  82  270
  83  271
  83  275
  84  276
  84  277
  85  278
  85  282
  86  283
  86  284
  87  285
  87  287
  88  288
  88  289
  89  290
  89  291
  90  292
  90  293
  92  295
  93  295
 100  302
 101  302
 104  305
 104  306
 106  308
 106  309
 107  310
 107  311
 116  320
 117  320
 118  321
 120  319
 151  319
 153  321
 153  322
 154  323
 154  325
 155  326
 155  327
 157  329
 157  330
 160  333
 161  333
 168  340
 169  339
 170  339
 171  338
 171  336
 170  335
 170  334
 165  329
 164  329
 152  317
 152  316
 151  315
 151  314
 150  313
 150  298
 151  297
 151  294
 152  293
 152  292
 155  289
 155  268
 156  267
 156  266
 157  265
 158  265
 159  264
 159  248
 160  247
 158  245
 157  245
 150  238
 150  235
 149  234
 149  232
 148  231
 148  230
 145  227
 144  227
 143  226
 142  226
 140  224
 140  210
 142  208
 145  208
 146  207
 151  207
 152  206
 154  206
 155  205
 157  205
 158  204
 159  204
 162  201
 162  200
 165  197
 165  196
 166  195
 166  194
 167  193
 167  192
 170  189
 170  188
 172  186
 172  185
 173  184
 173  182
 174  181
 174  177
 176  175
 176  174
 178  172
 178  170
 179  169
 179  166
 180  165
 180  161
 182  159
 182  158
 183  157
 183  155
 184  154
 184  152
 185  151
 185  146
 186  145
 186  144
 188  142
 188  141
 189  140
 189  137
 190  136
 190  132
 191  131
 191  130
 194  127
 194  125
 195  124
 195  122
 196  121
 196  118
 197  117
 197  116
 198  115
 198  113
 199  112
 199  109
 200  108
 200  107
 199  106
 199  105
 198  104
 198  102
 197  101
 197  100
 195   98
 195   97
 194   97
 193   96
 192   96
 191   95
 190   95
 187   92
 186   92
 184   90
 183   90
 182   89
 180   89
 179   88
