 193   48
 192   49
 182   49
 181   50
 178   50
 177   51
 171   51
 170   52
 166   52
 165   53
 163   53
 162   54
 159   54
 158   55
 157   55
 156   56
 154   56
 153   57
 152   57
 151   58
 150   58
 149   59
 147   59
 146   60
 145   60
 144   61
 143   61
 142   62
 141   62
 140   63
 139   63
 138   64
 137   64
 136   65
 135   65
 134   66
 133   66
 132   67
 131   67
 130   68
 129   68
 127   70
 126   70
 125   71
 124   71
 123   72
 122   72
 121   73
 120   73
 119   74
 118   74
 117   75
 116   75
 115   76
 114   76
 112   78
 111   78
 110   79
 109   79
 107   81
 106   81
 103   84
 102   84
 100   86
  99   86
  97   88
  96   88
  93   91
  92   91
  91   92
  89   92
  88   93
  85   93
  84   94
  83   94
  82   95
  81   95
  80   96
  79   96
  77   98
  76   98
  73  101
  73  102
  67  108
  67  109
  57  119
  57  120
  35  142
  35  143
  32  146
  32  225
  38  231
  39  231
  41  233
  41  234
  42  234
  45  237
  47  237
  48  238
  50  238
  51  239
  53  239
  54  240
  56  240
  57  241
  58  241
  59  242
  60  242
  62  244
  62  264
  60  266
  60  275
  61  276
  61  279
  62  280
  62  285
  63  286
  63  289
  64  290
  64  293
  65  294
  65  295
  66  296
  66  297
  67  298
  67  299
  68  300
  68  301
  69  302
  69  303
  70  304
  70  305
  71  306
  71  307
  72  308
  72  309
  73  310
  73  311
  74  312
  74  314
  75  315
  75  323
  76  324
  76  334
  77  335
  77  336
  78  337
  78  338
  79  339
  79  340
  80  341
  80  344
  81  345
  81  347
  82  348
  82  353
  83  354
  83  355
  84  356
  84  357
  86  359
  87  359
  90  362
  90  363
  91  364
  92  364
  93  365
  94  365
  95  366
  97  366
  98  367
 101  367
 102  368
 106  368
 107  369
 109  369
 115  375
 116  375
 117  376
 120  376
 121  377
 122  377
 123  378
 125  378
 126  379
 127  379
 128  378
 129  378
 131  376
 131  375
 132  374
 132  373
 133  372
 133  371
 134  370
 134  366
 135  365
 149  365
 150  366
 152  366
 153  365
 153  364
 154  363
 154  362
 155  361
 155  350
 156  349
 156  344
 157  343
 157  342
 164  335
 165  335
 167  333
 168  333
 169  332
 169  331
 171  329
 171  300
 172  299
 172  298
 180  290
 180  287
 179  286
 179  285
 178  284
 178  266
 181  263
 181  262
 183  260
 183  259
 182  258
 182  256
 181  255
 181  254
 180  253
 180  252
 178  250
 178  249
 176  247
 176  246
 175  245
 175  244
 174  243
 174  242
 173  241
 173  237
 172  236
 172  234
 171  233
 171  232
 164  225
 164  210
 165  209
 166  209
 167  208
 170  208
 171  207
 173  207
 174  206
 176  206
 177  205
 178  205
 179  204
 180  204
 189  195
 189  194
 190  193
 190  192
 191  191
 191  190
 192  189
 192  188
 193  187
 193  186
 194  185
 194  184
 196  182
 196  181
 198  179
 198  178
 199  177
 199  176
 200  175
 200  174
 201  173
 201  172
 202  171
 202  170
 203  169
 203  167
 204  166
 204  164
 205  163
 205  161
 206  160
 206  158
 207  157
 207  156
 208  155
 208  154
 209  153
 209  152
 210  151
 210  149
 211  148
 211  147
 212  146
 212  143
 213  142
 213  139
 214  138
 214  133
 215  132
 215  131
 216  130
 216  129
 217  128
 217  127
 218  126
 218  125
 219  124
 219  122
 220  121
 220  120
 221  119
 221  118
 222  117
 222  116
 224  114
 224  113
 225  112
 225  111
 227  109
 227  108
 228  107
 228  106
 229  105
 229  104
 230  103
 230  102
 231  101
 231  100
 232   99
 232   98
 233   97
 233   96
 234   95
 234   93
 235   92
 235   90
 236   89
 236   88
 237   87
 237   86
 238   85
 238   83
 239   82
 239   81
 240   80
 240   78
 241   77
 241   75
 242   74
 242   72
 243   71
 243   69
 242   68
 242   66
 239   63
 238   63
 236   61
 235   61
 233   59
 232   59
 231   58
 230   58
 229   57
 228   57
 227   56
 225   56
 224   55
 223   55
 222   54
 221   54
 220   53
 219   53
 218   52
 215   52
 214   51
 211   51
 210   50
 207   50
 206   49
 194   49
