 209   51
 208   52
 202   52
 201   53
 198   53
 197   54
 195   54
 194   55
 191   55
 190   56
 189   56
 188   57
 186   57
 185   58
 183   58
 182   59
 181   59
 180   60
 178   60
 177   61
 176   61
 175   62
 174   62
 173   63
 172   63
 171   64
 170   64
 169   65
 168   65
 167   66
 166   66
 165   67
 164   67
 162   69
 161   69
 160   70
 159   70
 157   72
 156   72
 155   73
 154   73
 153   74
 152   74
 150   76
 149   76
 147   78
 146   78
 144   80
 143   80
 142   81
 141   81
 139   83
 138   83
 136   85
 135   85
 132   88
 131   88
 128   91
 127   91
 122   96
 121   96
 114  103
 113  103
 101  115
 100  115
  92  123
  92  124
  74  142
  74  143
  59  158
  59  159
  53  165
  53  166
  49  170
  49  171
  46  174
  46  175
  36  185
  36  186
  35  187
  35  188
  34  189
  34  323
  35  324
  35  327
  36  328
  36  329
  37  330
  37  331
  47  341
  48  341
  50  343
  51  343
  53  345
  55  345
  56  346
  57  346
  59  348
  59  349
  60  350
  60  351
  61  352
  61  354
  62  355
  62  356
  65  359
  66  359
  67  360
  68  360
  70  362
  70  363
  73  366
  74  366
  75  367
  76  367
  77  368
  79  368
  80  369
  82  369
  83  370
  84  370
  85  371
  88  371
  89  372
  90  372
  91  373
  92  373
  94  375
  95  375
  97  377
  98  377
  99  376
 108  376
 109  375
 111  375
 112  374
 113  374
 114  373
 115  373
 116  372
 117  372
 121  368
 123  368
 124  367
 128  367
 129  366
 133  366
 134  365
 135  365
 136  364
 137  364
 139  362
 139  361
 140  360
 140  359
 141  358
 141  354
 142  353
 142  352
 143  351
 143  350
 147  346
 148  346
 150  344
 151  344
 152  343
 153  343
 157  339
 157  338
 158  337
 158  336
 159  335
 159  322
 160  321
 160  319
 161  318
 161  317
 167  311
 167  310
 166  309
 166  308
 165  307
 165  287
 164  286
 164  285
 161  282
 161  281
 156  276
 155  276
 150  271
 149  271
 147  269
 146  269
 145  268
 145  254
 147  252
 154  252
 155  251
 159  251
 160  250
 162  250
 163  249
 165  249
 166  248
 167  248
 168  247
 170  247
 171  246
 172  246
 174  244
 175  244
 178  241
 179  241
 187  233
 187  232
 188  231
 188  230
 189  229
 189  228
 190  227
 190  226
 191  225
 191  223
 192  222
 192  221
 193  220
 193  219
 194  218
 194  217
 195  216
 195  215
 196  214
 196  213
 197  212
 197  211
 198  210
 198  207
 199  206
 199  204
 200  203
 200  200
 201  199
 201  198
 202  197
 202  195
 203  194
 203  193
 204  192
 204  191
 205  190
 205  189
 206  188
 206  187
 207  186
 207  185
 208  184
 208  182
 209  181
 209  178
 210  177
 210  175
 211  174
 211  172
 212  171
 212  170
 213  169
 213  168
 214  167
 214  166
 215  165
 215  164
 217  162
 217  161
 218  160
 218  159
 219  158
 219  157
 220  156
 220  155
 221  154
 221  152
 222  151
 222  150
 223  149
 223  147
 224  146
 224  144
 225  143
 225  141
 226  140
 226  139
 227  138
 227  137
 228  136
 228  134
 229  133
 229  132
 230  131
 230  130
 231  129
 231  128
 232  127
 232  124
 233  123
 233  120
 234  119
 234  115
 235  114
 235  109
 236  108
 236  104
 237  103
 237   96
 238   95
 238   90
 239   89
 239   82
 240   81
 240   74
 239   73
 239   68
 238   67
 238   66
 237   65
 237   64
 236   63
 236   62
 235   61
 235   60
 234   59
 233   59
 232   58
 231   58
 230   57
 229   57
 228   56
 227   56
 226   55
 225   55
 224   54
 223   54
 222   53
 220   53
 219   52
 215   52
 214   51
