 186   65
 185   66
 178   66
 177   67
 173   67
 172   68
 169   68
 168   69
 166   69
 165   70
 163   70
 162   71
 161   71
 160   72
 158   72
 157   73
 156   73
 155   74
 154   74
 153   75
 152   75
 151   76
 150   76
 149   77
 148   77
 147   78
 146   78
 145   79
 144   79
 143   80
 142   80
 140   82
 139   82
 138   83
 137   83
 135   85
 134   85
 132   87
 131   87
 130   88
 129   88
 127   90
 126   90
 123   93
 122   93
 118   97
 117   97
 113  101
 112  101
 103  110
 102  110
  95  117
  95  118
  82  131
  82  132
  80  134
  79  134
  69  144
  69  146
  65  150
  65  151
  53  163
  53  164
  52  165
  52  266
  53  267
  53  268
  55  270
  55  276
  56  277
  56  280
  57  281
  57  285
  58  286
  58  287
  59  288
  59  291
  60  292
  60  293
  61  294
  61  295
  62  296
  62  297
  63  298
  63  300
  64  301
  64  302
  65  303
  65  304
  66  305
  66  307
  67  308
  67  309
  68  310
  68  311
  69  312
  69  313
  71  315
  71  316
  72  317
  72  319
  73  320
  73  321
  75  323
  75  324
  76  325
  77  325
  81  329
  81  330
  84  333
  84  334
  85  335
  85  336
  86  337
  86  339
  88  341
  88  342
  89  343
  89  344
  90  345
  90  346
 102  358
 103  358
 104  359
 105  359
 106  360
 122  360
 123  361
 124  361
 125  362
 126  362
 130  358
 130  357
 131  356
 131  355
 134  352
 150  352
 150  351
 151  350
 151  349
 152  348
 152  331
 153  330
 153  329
 154  328
 156  328
 157  327
 159  327
 160  326
 161  326
 165  322
 165  320
 166  319
 166  304
 169  301
 170  301
 171  300
 173  300
 174  299
 175  299
 178  296
 178  295
 177  294
 177  276
 179  274
 179  273
 180  272
 180  271
 179  270
 179  269
 178  268
 178  267
 177  266
 177  265
 176  264
 176  263
 175  262
 175  261
 173  259
 173  258
 171  256
 171  255
 170  254
 170  253
 169  252
 169  250
 168  249
 168  248
 167  247
 167  246
 166  245
 166  244
 158  236
 158  222
 160  220
 165  220
 166  219
 167  219
 168  218
 169  218
 170  217
 171  217
 172  216
 173  216
 174  215
 175  215
 186  204
 186  203
 188  201
 188  200
 189  199
 189  198
 190  197
 190  196
 191  195
 191  193
 192  192
 192  190
 193  189
 193  188
 194  187
 194  186
 195  185
 195  184
 196  183
 196  182
 197  181
 197  180
 198  179
 198  176
 199  175
 199  171
 200  170
 200  162
 201  161
 201  158
 202  157
 202  155
 203  154
 203  151
 204  150
 204  147
 205  146
 205  140
 206  139
 206  138
 207  137
 207  135
 208  134
 208  133
 209  132
 209  130
 210  129
 210  127
 211  126
 211  123
 212  122
 212  120
 213  119
 213  118
 214  117
 214  116
 215  115
 215  113
 216  112
 216  108
 217  107
 217  104
 218  103
 218  100
 219   99
 219   97
 220   96
 220   91
 221   90
 221   84
 220   83
 220   81
 219   80
 219   79
 217   77
 217   76
 216   75
 215   75
 214   74
 213   74
 211   72
 210   72
 208   70
 207   70
 206   69
 205   69
 204   68
 203   68
 202   67
 201   67
 200   66
 197   66
 196   65
