 182   77
 181   78
 178   78
 177   79
 174   79
 173   80
 171   80
 170   81
 168   81
 167   82
 165   82
 164   83
 163   83
 162   84
 160   84
 159   85
 158   85
 157   86
 156   86
 155   87
 153   87
 152   88
 151   88
 150   89
 149   89
 147   91
 146   91
 145   92
 144   92
 143   93
 142   93
 141   94
 140   94
 138   96
 137   96
 136   97
 135   97
 133   99
 132   99
 130  101
 129  101
 127  103
 126  103
 124  105
 123  105
 121  107
 120  107
 116  111
 115  111
 108  118
 107  118
  94  131
  94  132
  88  138
  88  139
  85  142
  85  143
  83  145
  83  146
  79  150
  79  151
  70  160
  70  161
  66  165
  66  166
  63  169
  63  170
  61  172
  61  173
  60  174
  60  284
  61  285
  61  297
  62  298
  62  299
  63  300
  63  303
  64  304
  64  305
  65  306
  65  307
  72  314
  72  317
  73  318
  73  321
  74  322
  74  324
  75  325
  75  326
  77  328
  77  329
  82  334
  83  334
  85  336
  85  337
  86  338
  87  338
  89  340
  90  340
  91  341
  92  341
  93  342
  95  342
  96  343
 104  343
 111  350
 112  349
 113  349
 114  348
 114  347
 117  344
 134  344
 135  345
 136  345
 138  347
 139  347
 140  348
 141  348
 141  347
 142  346
 142  329
 146  325
 148  325
 149  324
 151  324
 152  323
 153  323
 154  322
 155  322
 157  320
 157  307
 158  306
 158  305
 159  304
 163  304
 164  303
 166  303
 167  302
 168  302
 170  300
 170  285
 172  283
 173  283
 176  280
 176  276
 174  274
 174  272
 172  270
 172  269
 170  267
 170  266
 169  265
 169  263
 168  262
 168  260
 167  259
 167  257
 166  256
 166  255
 165  254
 165  253
 163  251
 163  250
 161  248
 161  247
 155  241
 154  241
 152  239
 152  224
 153  223
 159  223
 160  222
 165  222
 166  221
 167  221
 168  220
 169  220
 170  219
 171  219
 172  218
 173  218
 176  215
 177  215
 187  205
 187  203
 188  202
 188  201
 189  200
 189  198
 190  197
 190  195
 191  194
 191  192
 192  191
 192  190
 193  189
 193  188
 194  187
 194  185
 195  184
 195  182
 196  181
 196  174
 197  173
 197  172
 198  171
 198  169
 199  168
 199  167
 200  166
 200  164
 201  163
 201  160
 202  159
 202  149
 203  148
 203  147
 204  146
 204  143
 205  142
 205  135
 206  134
 206  132
 207  131
 207  130
 208  129
 208  127
 209  126
 209  122
 210  121
 210  118
 211  117
 211  115
 212  114
 212  112
 213  111
 213  103
 214  102
 214   97
 213   96
 213   93
 212   92
 212   91
 211   90
 211   89
 208   86
 207   86
 206   85
 204   85
 201   82
 200   82
 198   80
 197   80
 196   79
 195   79
 194   78
 192   78
 191   77
