 187   77
 186   78
 182   78
 181   79
 178   79
 177   80
 174   80
 173   81
 172   81
 171   82
 169   82
 168   83
 166   83
 165   84
 164   84
 163   85
 162   85
 161   86
 159   86
 158   87
 157   87
 156   88
 155   88
 154   89
 153   89
 152   90
 151   90
 150   91
 149   91
 148   92
 147   92
 145   94
 144   94
 143   95
 142   95
 141   96
 140   96
 139   97
 138   97
 137   98
 136   98
 134  100
 133  100
 132  101
 131  101
 129  103
 128  103
 126  105
 125  105
 123  107
 122  107
 120  109
 119  109
 117  111
 116  111
 114  113
 113  113
 111  115
 110  115
 107  118
 106  118
 102  122
 101  122
  97  126
  96  126
  88  134
  87  134
  72  149
  72  150
  60  162
  60  163
  56  167
  56  169
  55  170
  55  248
  56  249
  56  250
  59  253
  59  255
  60  256
  60  257
  62  259
  62  260
  63  261
  63  262
  64  263
  64  264
  65  265
  65  266
  66  267
  66  268
  67  269
  67  270
  68  271
  68  273
  69  274
  69  276
  70  277
  70  278
  71  279
  71  280
  72  281
  72  284
  73  285
  73  286
  74  287
  74  289
  75  290
  75  291
  76  292
  76  294
  77  295
  77  296
  78  297
  78  299
  79  300
  79  302
  80  303
  80  305
  81  306
  81  308
  82  309
  82  310
  84  312
  84  313
  86  315
  86  316
  87  317
  88  317
  96  325
  97  325
  98  326
 100  326
 101  327
 102  327
 104  329
 104  330
 106  332
 106  333
 108  335
 108  336
 113  341
 114  341
 121  348
 122  348
 123  349
 124  349
 125  350
 126  350
 127  351
 140  351
 141  350
 144  350
 145  349
 146  349
 147  348
 148  348
 149  347
 150  347
 151  346
 152  346
 153  345
 155  345
 156  344
 158  344
 159  343
 160  343
 162  341
 162  340
 163  339
 163  326
 164  325
 164  324
 167  321
 167  320
 168  319
 168  318
 167  317
 167  316
 165  314
 165  312
 163  310
 163  306
 162  305
 162  288
 161  287
 161  285
 159  283
 159  267
 157  265
 157  264
 152  259
 152  258
 150  256
 150  253
 149  252
 149  251
 148  250
 148  248
 140  240
 139  240
 135  236
 134  236
 132  234
 131  234
 129  232
 129  218
 130  217
 132  217
 133  216
 137  216
 138  215
 140  215
 141  214
 143  214
 144  213
 145  213
 146  212
 147  212
 148  211
 149  211
 154  206
 154  205
 156  203
 156  202
 158  200
 158  199
 161  196
 161  195
 163  193
 163  192
 166  189
 166  188
 167  187
 167  186
 168  185
 168  184
 169  183
 169  182
 170  181
 170  179
 171  178
 171  177
 174  174
 174  173
 175  172
 175  171
 176  170
 176  169
 177  168
 177  167
 178  166
 178  164
 179  163
 179  162
 180  161
 180  160
 181  159
 181  158
 185  154
 185  153
 187  151
 187  150
 188  149
 188  147
 189  146
 189  144
 190  143
 190  142
 191  141
 191  140
 192  139
 192  138
 194  136
 194  135
 196  133
 196  132
 197  131
 197  130
 198  129
 198  128
 200  126
 200  125
 205  120
 205  119
 206  118
 206  117
 208  115
 208  114
 210  112
 210  111
 212  109
 212  108
 214  106
 214  105
 215  104
 215  103
 217  101
 217   99
 218   98
 218   97
 219   96
 219   92
 218   91
 218   90
 214   86
 213   86
 212   85
 211   85
 209   83
 208   83
 207   82
 206   82
 205   81
 204   81
 203   80
 201   80
 200   79
 198   79
 197   78
 193   78
 192   77
