 183   60
 182   61
 177   61
 176   62
 171   62
 170   63
 166   63
 165   64
 162   64
 161   65
 158   65
 157   66
 156   66
 155   67
 153   67
 152   68
 150   68
 149   69
 148   69
 147   70
 145   70
 144   71
 143   71
 142   72
 141   72
 140   73
 138   73
 137   74
 136   74
 135   75
 134   75
 133   76
 132   76
 131   77
 130   77
 129   78
 128   78
 127   79
 126   79
 125   80
 124   80
 123   81
 122   81
 120   83
 119   83
 118   84
 117   84
 116   85
 115   85
 113   87
 112   87
 110   89
 109   89
 107   91
 106   91
 102   95
 101   95
  96  100
  95  100
  93  102
  92  102
  87  107
  87  108
  85  110
  85  111
  69  127
  69  128
  60  137
  60  138
  58  140
  58  141
  55  144
  55  146
  54  147
  54  227
  55  228
  55  231
  56  232
  56  233
  57  234
  57  235
  58  236
  58  239
  59  240
  59  242
  60  243
  60  248
  61  249
  61  250
  62  251
  62  258
  63  259
  63  262
  64  263
  64  268
  65  269
  65  272
  66  273
  66  278
  67  279
  67  284
  68  285
  68  289
  69  290
  69  294
  70  295
  70  296
  71  297
  71  298
  72  299
  72  300
  77  305
  78  305
  80  307
  80  308
  81  308
  83  310
  84  310
  88  314
  88  315
  89  316
  89  317
  90  318
  90  319
  91  320
  91  321
  93  323
  93  324
  96  327
  97  327
 103  333
 105  333
 106  332
 107  332
 108  331
 125  331
 126  332
 127  332
 128  333
 131  330
 148  330
 149  331
 149  332
 151  334
 151  335
 152  336
 152  337
 153  338
 153  339
 154  340
 154  341
 155  342
 155  343
 156  344
 156  345
 157  346
 157  347
 158  348
 158  349
 159  350
 159  351
 160  352
 160  353
 163  356
 163  357
 166  360
 167  360
 173  366
 174  366
 175  367
 178  367
 180  365
 181  365
 181  364
 183  362
 183  361
 184  360
 184  357
 183  356
 183  355
 182  354
 182  353
 174  345
 173  345
 170  342
 169  342
 167  340
 166  340
 164  338
 163  338
 161  336
 160  336
 152  328
 152  327
 151  326
 151  324
 150  323
 150  308
 151  307
 151  305
 153  303
 154  303
 155  302
 156  302
 157  301
 158  301
 161  298
 161  297
 162  296
 162  280
 166  276
 167  276
 168  275
 169  275
 171  273
 172  273
 172  272
 173  271
 172  270
 172  254
 173  253
 173  251
 175  249
 175  248
 176  247
 175  246
 175  244
 174  243
 174  242
 171  239
 171  238
 168  235
 168  234
 167  233
 167  232
 166  231
 166  228
 165  227
 165  226
 164  225
 164  224
 162  222
 162  221
 159  218
 158  218
 153  213
 153  198
 154  197
 156  197
 157  196
 160  196
 161  195
 162  195
 163  194
 164  194
 165  193
 166  193
 168  191
 168  190
 170  188
 170  187
 171  186
 171  185
 173  183
 173  182
 174  181
 174  180
 175  179
 175  178
 176  177
 176  176
 177  175
 177  172
 178  171
 178  169
 179  168
 179  166
 180  165
 180  164
 181  163
 181  161
 182  160
 182  159
 183  158
 183  155
 184  154
 184  148
 185  147
 185  144
 186  143
 186  141
 187  140
 187  139
 188  138
 188  134
 189  133
 189  130
 190  129
 190  127
 191  126
 191  125
 193  123
 193  122
 194  121
 194  120
 195  119
 195  118
 196  117
 196  116
 197  115
 197  113
 199  111
 199  110
 202  107
 202  106
 205  103
 205  102
 206  101
 206  100
 208   98
 208   97
 210   95
 210   94
 212   92
 212   91
 214   89
 214   88
 216   86
 216   84
 217   83
 217   82
 218   81
 218   79
 219   78
 219   75
 218   74
 218   73
 217   72
 216   72
 214   70
 213   70
 212   69
 211   69
 209   67
 208   67
 207   66
 206   66
 205   65
 204   65
 203   64
 201   64
 200   63
 198   63
 197   62
 194   62
 193   61
 189   61
 188   60
