 182   70
 181   71
 177   71
 176   72
 174   72
 173   73
 172   73
 171   74
 170   74
 169   75
 167   75
 166   76
 165   76
 164   77
 163   77
 162   78
 161   78
 160   79
 159   79
 158   80
 157   80
 155   82
 154   82
 153   83
 152   83
 150   85
 149   85
 148   86
 147   86
 145   88
 144   88
 142   90
 141   90
 139   92
 138   92
 136   94
 135   94
 132   97
 131   97
 126  102
 125  102
 120  107
 119  107
 100  126
 100  127
  91  136
  76  136
  74  138
  74  139
  73  140
  73  142
  72  143
  72  144
  71  145
  71  146
  70  147
  70  148
  69  149
  69  150
  68  151
  68  152
  67  153
  67  154
  66  155
  66  257
  67  258
  67  259
  68  260
  68  261
  69  262
  69  265
  70  266
  70  268
  71  269
  71  271
  72  272
  72  273
  74  275
  74  276
  75  277
  75  279
  76  280
  76  281
  77  282
  77  284
  78  285
  78  287
  79  288
  79  290
  80  291
  80  293
  81  294
  81  295
  82  296
  82  299
  83  300
  83  301
  84  302
  84  305
  85  306
  85  307
  86  308
  86  310
  87  311
  87  312
  88  313
  88  314
  89  315
  89  316
  90  317
  90  318
  92  320
  92  321
  95  324
  96  324
 104  332
 105  332
 107  334
 108  334
 112  338
 112  339
 114  341
 114  342
 117  345
 117  346
 120  349
 121  349
 129  357
 130  357
 131  358
 133  358
 134  357
 153  357
 154  358
 157  355
 157  354
 158  353
 158  352
 160  350
 175  350
 175  348
 174  347
 174  345
 173  344
 173  328
 174  327
 174  325
 181  318
 181  299
 185  295
 186  295
 188  293
 189  293
 190  292
 189  291
 189  274
 190  273
 190  271
 189  270
 189  269
 188  268
 188  267
 186  265
 186  264
 184  262
 184  261
 182  259
 182  258
 180  256
 180  255
 178  253
 178  252
 177  251
 177  250
 175  248
 175  247
 164  236
 163  236
 160  233
 159  233
 158  232
 158  218
 159  217
 162  217
 163  216
 169  216
 170  215
 173  215
 174  214
 175  214
 176  213
 177  213
 178  212
 179  212
 183  208
 183  207
 186  204
 186  203
 187  202
 187  201
 189  199
 189  198
 191  196
 191  195
 193  193
 193  191
 194  190
 194  187
 195  186
 195  178
 196  177
 196  175
 197  174
 197  152
 198  151
 198  138
 199  137
 199  134
 200  133
 200  131
 201  130
 201  123
 202  122
 202  117
 203  116
 203  115
 204  114
 204  111
 205  110
 205  107
 206  106
 206  102
 207  101
 207   99
 208   98
 208   88
 207   87
 207   86
 206   85
 206   84
 205   83
 205   82
 202   79
 201   79
 200   78
 199   78
 198   77
 197   77
 194   74
 193   74
 192   73
 191   73
 190   72
 189   72
 188   71
 186   71
 185   70
