 171   94
 170   95
 166   95
 165   96
 164   96
 163   97
 161   97
 160   98
 158   98
 157   99
 156   99
 155  100
 154  100
 152  102
 151  102
 149  104
 148  104
 147  105
 146  105
 144  107
 143  107
 142  108
 141  108
 138  111
 137  111
 133  115
 132  115
 129  118
 128  118
 124  122
 123  122
 121  124
 120  124
 116  128
 115  128
 106  137
 105  137
 104  138
  97  138
  96  139
  95  139
  92  142
  92  143
  91  144
  91  151
  90  152
  90  153
  87  156
  87  157
  86  158
  86  159
  85  160
  85  161
  84  162
  84  163
  83  164
  83  230
  85  232
  87  232
  90  235
  90  236
  91  237
  91  238
  92  239
  92  240
  93  241
  93  242
  96  245
  96  246
  97  247
  97  248
  99  250
  99  251
 102  254
 102  257
 103  258
 103  262
 104  263
 104  282
 113  291
 127  291
 128  292
 136  292
 137  293
 137  294
 139  296
 139  298
 140  299
 140  300
 141  301
 141  302
 141  301
 140  300
 140  299
 139  298
 139  296
 138  295
 138  294
 137  293
 137  272
 139  270
 139  269
 140  268
 140  267
 141  266
 141  253
 142  252
 142  251
 144  249
 144  248
 146  246
 146  243
 147  242
 147  240
 148  239
 148  235
 149  234
 149  232
 150  231
 150  230
 149  229
 149  227
 148  226
 148  223
 146  221
 146  219
 144  217
 144  216
 135  207
 135  193
 136  192
 148  192
 149  191
 154  191
 155  190
 157  190
 159  188
 159  186
 169  176
 169  175
 170  174
 170  173
 172  171
 172  169
 173  168
 173  166
 174  165
 174  161
 175  160
 175  158
 176  157
 176  152
 177  151
 177  148
 178  147
 178  143
 179  142
 179  140
 180  139
 180  137
 181  136
 181  133
 182  132
 182  129
 183  128
 183  124
 184  123
 184  122
 185  121
 185  118
 186  117
 186  116
 187  115
 187  113
 188  112
 188  110
 189  109
 189  108
 190  107
 190  104
 186  100
 185  100
 183   98
 182   98
 181   97
 180   97
 179   96
 178   96
 177   95
 175   95
 174   94
