 196   49
 195   50
 191   50
 190   51
 185   51
 184   52
 182   52
 181   53
 179   53
 178   54
 175   54
 174   55
 173   55
 172   56
 169   56
 168   57
 167   57
 166   58
 165   58
 164   59
 162   59
 161   60
 160   60
 159   61
 158   61
 157   62
 156   62
 155   63
 153   63
 151   65
 150   65
 149   66
 148   66
 147   67
 146   67
 145   68
 144   68
 142   70
 141   70
 140   71
 139   71
 138   72
 137   72
 135   74
 134   74
 133   75
 132   75
 130   77
 129   77
 127   79
 126   79
 124   81
 123   81
 121   83
 120   83
 118   85
 117   85
 115   87
 114   87
 111   90
 110   90
 107   93
 106   93
 103   96
 102   96
  95  103
  94  103
  90  107
  89  107
  83  113
  82  113
  81  114
  81  115
  79  117
  78  117
  70  125
  69  125
  61  133
  61  134
  56  139
  56  140
  51  145
  51  146
  40  157
  40  158
  37  161
  37  292
  38  293
  38  296
  39  297
  39  300
  40  301
  40  303
  41  304
  41  308
  42  309
  42  312
  43  313
  43  318
  44  319
  44  321
  45  322
  45  326
  46  327
  46  330
  47  331
  47  336
  48  337
  48  338
  49  339
  49  342
  50  343
  50  344
  51  345
  51  346
  52  347
  52  348
  54  350
  54  351
  66  363
  67  363
  68  364
  70  364
  83  377
  84  377
  85  378
  86  378
  87  379
  91  379
  92  378
  98  378
  99  377
 106  377
 107  376
 108  376
 109  375
 111  375
 113  373
 114  373
 116  371
 116  370
 120  366
 121  366
 123  364
 125  364
 126  363
 128  363
 129  362
 132  362
 133  361
 134  361
 135  360
 136  360
 137  359
 138  359
 138  358
 140  356
 140  355
 141  354
 141  353
 142  352
 142  350
 143  349
 143  348
 144  347
 144  346
 150  340
 151  340
 158  333
 158  332
 160  330
 160  313
 162  311
 162  310
 163  309
 164  309
 166  307
 167  307
 168  306
 168  305
 169  304
 168  303
 168  302
 167  301
 167  283
 168  282
 168  281
 167  280
 167  279
 166  278
 166  277
 163  274
 163  273
 158  268
 158  267
 156  265
 156  264
 154  262
 154  261
 153  260
 153  259
 151  257
 151  256
 148  253
 147  253
 142  248
 141  248
 136  243
 136  229
 138  227
 141  227
 142  226
 146  226
 147  225
 148  225
 149  224
 151  224
 152  223
 153  223
 155  221
 156  221
 162  215
 162  214
 164  212
 164  211
 165  210
 165  209
 166  208
 166  207
 167  206
 167  205
 168  204
 168  203
 171  200
 171  199
 172  198
 172  197
 173  196
 173  195
 174  194
 174  193
 175  192
 175  190
 177  188
 177  185
 179  183
 179  182
 180  181
 180  180
 183  177
 183  176
 184  175
 184  174
 185  173
 185  172
 186  171
 186  167
 187  166
 187  164
 188  163
 188  160
 190  158
 190  156
 192  154
 192  153
 193  152
 193  150
 194  149
 194  148
 195  147
 195  145
 196  144
 196  142
 197  141
 197  140
 207  130
 207  129
 209  127
 209  126
 210  125
 210  123
 211  122
 211  121
 212  120
 212  119
 214  117
 214  116
 217  113
 217  112
 219  110
 219  109
 221  107
 221  105
 222  104
 222  103
 223  102
 223  101
 224  100
 224   99
 225   98
 225   97
 226   96
 226   95
 228   93
 228   92
 230   90
 230   89
 231   88
 231   87
 232   86
 232   85
 233   84
 233   83
 234   82
 234   80
 235   79
 235   77
 236   76
 236   73
 237   72
 237   70
 238   69
 238   66
 237   65
 237   64
 236   63
 236   62
 233   59
 232   59
 230   57
 229   57
 228   56
 227   56
 226   55
 225   55
 223   53
 221   53
 220   52
 219   52
 218   51
 216   51
 215   50
 211   50
 210   49
