 178   75
 177   76
 172   76
 171   77
 168   77
 167   78
 165   78
 164   79
 162   79
 161   80
 159   80
 158   81
 156   81
 155   82
 154   82
 153   83
 152   83
 151   84
 149   84
 148   85
 147   85
 146   86
 145   86
 144   87
 143   87
 142   88
 141   88
 140   89
 139   89
 138   90
 137   90
 136   91
 135   91
 133   93
 131   93
 130   94
 129   94
 128   95
 127   95
 125   97
 124   97
 123   98
 122   98
 120  100
 119  100
 117  102
 116  102
 113  105
 112  105
 108  109
 107  109
 102  114
 101  114
  90  125
  89  125
  83  131
  83  132
  79  136
  78  136
  74  140
  73  140
  72  141
  72  142
  69  145
  69  146
  64  151
  64  152
  61  155
  61  156
  59  158
  59  159
  58  160
  58  250
  59  251
  59  252
  62  255
  62  256
  64  258
  64  259
  66  261
  66  262
  68  264
  68  265
  69  266
  69  267
  70  268
  70  269
  71  270
  71  271
  73  273
  73  274
  74  275
  74  276
  75  277
  75  278
  76  279
  76  282
  77  283
  77  284
  78  285
  78  287
  79  288
  79  290
  80  291
  80  293
  81  294
  81  297
  82  298
  82  299
  83  300
  83  303
  84  304
  84  305
  85  306
  85  307
  86  308
  86  309
  88  311
  88  312
  92  316
  92  317
  94  319
  95  319
  97  321
  97  322
 111  336
 111  337
 125  351
 126  351
 127  352
 132  352
 133  351
 136  351
 137  350
 145  350
 146  349
 147  349
 148  348
 149  348
 151  346
 151  345
 152  344
 152  343
 158  337
 159  337
 160  336
 162  336
 163  335
 165  335
 166  334
 167  334
 167  333
 168  332
 168  320
 169  319
 169  318
 171  316
 173  316
 174  315
 175  315
 177  313
 178  313
 178  312
 177  311
 177  310
 176  309
 176  307
 175  306
 175  289
 176  288
 178  288
 179  287
 180  287
 181  286
 181  285
 180  284
 180  283
 178  281
 178  280
 177  279
 177  263
 178  262
 179  262
 180  261
 180  259
 174  253
 174  252
 170  248
 170  246
 169  245
 169  243
 168  242
 168  241
 158  231
 158  217
 159  216
 160  216
 161  215
 162  215
 163  214
 164  214
 166  212
 167  212
 177  202
 177  201
 180  198
 180  197
 181  196
 181  195
 182  194
 182  193
 183  192
 183  191
 185  189
 185  187
 187  185
 187  184
 188  183
 188  182
 189  181
 189  180
 190  179
 190  178
 191  177
 191  174
 192  173
 192  170
 193  169
 193  166
 194  165
 194  163
 195  162
 195  161
 196  160
 196  158
 197  157
 197  155
 198  154
 198  149
 199  148
 199  146
 200  145
 200  143
 201  142
 201  141
 202  140
 202  139
 203  138
 203  137
 204  136
 204  133
 205  132
 205  130
 206  129
 206  128
 207  127
 207  126
 209  124
 209  123
 210  122
 210  121
 211  120
 211  117
 212  116
 212  115
 213  114
 213  111
 214  110
 214  109
 215  108
 215  106
 216  105
 216  101
 217  100
 216   99
 216   97
 215   96
 215   95
 214   94
 214   93
 212   91
 212   90
 209   87
 208   87
 206   85
 205   85
 204   84
 203   84
 201   82
 200   82
 198   80
 197   80
 196   79
 195   79
 194   78
 192   78
 191   77
 190   77
 189   76
 186   76
 185   75
