 165  103
 164  104
 161  104
 160  105
 158  105
 157  106
 155  106
 154  107
 153  107
 152  108
 150  108
 149  109
 148  109
 147  110
 146  110
 145  111
 144  111
 143  112
 142  112
 141  113
 140  113
 139  114
 138  114
 137  115
 136  115
 135  116
 134  116
 133  117
 132  117
 131  118
 130  118
 129  119
 128  119
 126  121
 125  121
 123  123
 122  123
 120  125
 119  125
 117  127
 116  127
 114  129
 113  129
 109  133
 108  133
 100  141
  99  141
  95  145
  94  145
  93  146
  92  146
  90  148
  89  148
  88  149
  82  149
  82  151
  81  152
  81  154
  80  155
  80  156
  79  157
  79  158
  78  159
  78  160
  76  162
  76  163
  73  166
  73  167
  72  168
  72  249
  73  250
  73  251
  74  252
  74  253
  75  254
  75  255
  76  256
  76  260
  77  261
  77  263
  78  264
  78  265
  80  267
  80  268
  81  269
  81  271
  82  272
  82  273
  83  274
  83  275
  84  276
  84  277
  85  278
  85  279
  86  280
  86  282
  87  283
  87  288
  88  289
  88  291
  89  292
  89  294
  91  296
  91  297
  92  297
  97  302
  97  303
  98  304
  99  304
 118  323
 119  323
 120  324
 121  324
 122  325
 127  325
 128  324
 130  324
 131  323
 133  323
 134  322
 135  322
 141  316
 145  316
 146  315
 148  315
 149  314
 150  314
 151  313
 152  313
 152  312
 153  311
 153  304
 154  303
 154  302
 157  299
 158  299
 160  297
 161  297
 161  296
 162  295
 162  278
 163  277
 163  276
 165  274
 165  273
 166  272
 165  271
 165  254
 164  253
 164  252
 162  250
 162  249
 153  240
 153  239
 151  237
 151  236
 148  233
 148  219
 151  216
 152  216
 153  215
 154  215
 158  211
 159  211
 166  204
 166  203
 168  201
 168  199
 170  197
 170  196
 172  194
 172  193
 174  191
 174  190
 175  189
 175  187
 176  186
 176  183
 177  182
 177  180
 178  179
 178  178
 179  177
 179  176
 180  175
 180  174
 181  173
 181  171
 182  170
 182  168
 183  167
 183  164
 185  162
 185  161
 186  160
 186  159
 187  158
 187  157
 188  156
 188  155
 189  154
 189  153
 190  152
 190  151
 194  147
 194  146
 197  143
 197  142
 198  141
 198  140
 199  139
 199  138
 200  137
 200  136
 201  135
 201  133
 202  132
 202  131
 203  130
 203  125
 202  124
 202  123
 201  122
 201  121
 200  120
 200  119
 199  118
 199  117
 196  114
 195  114
 194  113
 193  113
 192  112
 191  112
 187  108
 186  108
 185  107
 184  107
 183  106
 182  106
 181  105
 180  105
 179  104
 177  104
 176  103
