 169   97
 168   98
 165   98
 164   99
 162   99
 161  100
 159  100
 158  101
 157  101
 156  102
 155  102
 154  103
 153  103
 152  104
 151  104
 150  105
 149  105
 148  106
 147  106
 146  107
 145  107
 143  109
 142  109
 140  111
 139  111
 134  116
 133  116
 132  117
 131  117
 130  118
 129  118
 128  119
 127  119
 126  120
 125  120
 124  121
 123  121
 121  123
 120  123
 118  125
 117  125
 114  128
 113  128
 110  131
 109  131
 106  134
 105  134
 102  137
  90  137
  89  138
  88  138
  86  140
  86  141
  83  144
  83  145
  82  146
  82  147
  81  148
  81  249
  83  251
  88  251
  96  259
  97  259
  99  261
  99  262
 101  264
 101  265
 102  266
 102  279
 103  280
 103  281
 104  282
 104  283
 106  285
 107  285
 108  286
 109  286
 111  288
 111  289
 112  290
 112  291
 114  293
 138  293
 139  294
 139  295
 140  296
 139  295
 139  294
 138  293
 138  292
 137  291
 137  272
 139  270
 139  269
 140  268
 140  253
 141  252
 141  251
 142  250
 142  249
 146  245
 146  241
 147  240
 147  238
 148  237
 148  235
 150  233
 150  224
 149  223
 149  222
 144  217
 144  216
 139  211
 139  197
 140  196
 145  196
 146  195
 148  195
 150  193
 151  193
 153  191
 154  191
 157  188
 158  188
 159  187
 159  186
 165  180
 165  179
 167  177
 167  176
 168  175
 168  174
 169  173
 169  171
 170  170
 170  168
 171  167
 171  165
 172  164
 172  162
 173  161
 173  160
 174  159
 174  156
 175  155
 175  153
 176  152
 176  149
 178  147
 178  144
 179  143
 179  142
 180  141
 180  139
 181  138
 181  135
 182  134
 182  133
 183  132
 183  130
 184  129
 184  127
 185  126
 185  124
 186  123
 186  122
 187  121
 187  119
 189  117
 189  115
 190  114
 190  113
 191  112
 191  111
 192  110
 192  109
 190  107
 189  107
 187  105
 186  105
 185  104
 184  104
 180  100
 179  100
 178   99
 177   99
 176   98
 174   98
 173   97
