 197   30
 196   31
 190   31
 189   32
 185   32
 184   33
 181   33
 180   34
 178   34
 177   35
 175   35
 174   36
 172   36
 171   37
 169   37
 168   38
 167   38
 166   39
 164   39
 163   40
 162   40
 161   41
 160   41
 159   42
 157   42
 156   43
 155   43
 153   45
 152   45
 151   46
 150   46
 149   47
 148   47
 147   48
 146   48
 144   50
 143   50
 141   52
 140   52
 139   53
 138   53
 136   55
 135   55
 133   57
 132   57
 130   59
 129   59
 128   60
 127   60
 124   63
 123   63
 121   65
 120   65
 118   67
 117   67
 115   69
 114   69
 111   72
 110   72
 106   76
 105   76
 101   80
 100   80
  95   85
  94   85
  86   93
  85   93
  81   97
  80   97
  78   99
  77   99
  73  103
  73  104
  69  108
  69  109
  65  113
  65  114
  63  116
  62  116
  62  117
  60  119
  60  120
  58  122
  58  123
  54  127
  54  128
  53  129
  53  130
  51  132
  51  133
  50  134
  50  135
  48  137
  48  138
  47  139
  47  140
  45  142
  45  143
  44  144
  44  249
  45  250
  45  252
  49  256
  49  264
  50  265
  50  279
  51  280
  51  289
  52  290
  52  295
  53  296
  53  298
  54  299
  54  302
  55  303
  55  304
  56  305
  56  308
  57  309
  57  310
  58  311
  58  313
  59  314
  59  315
  60  316
  60  317
  61  318
  61  319
  63  321
  64  321
  74  331
  74  332
  75  333
  75  334
  76  335
  76  336
  77  337
  77  338
  78  339
  78  340
  79  341
  79  342
  81  344
  81  345
  82  346
  82  347
  83  348
  83  349
  87  353
  88  353
  95  360
  96  360
  97  361
  98  361
  99  362
 100  362
 101  363
 121  363
 122  364
 123  364
 124  365
 125  365
 126  364
 143  364
 144  365
 144  366
 146  368
 146  369
 148  371
 148  372
 150  374
 150  375
 155  380
 155  381
 163  389
 164  389
 167  392
 167  393
 169  395
 170  395
 172  397
 173  397
 174  396
 175  396
 177  394
 177  393
 178  392
 178  391
 179  390
 179  389
 178  388
 178  387
 177  386
 177  385
 176  384
 176  383
 174  381
 174  380
 171  377
 171  376
 169  374
 169  373
 167  371
 167  370
 163  366
 163  365
 161  363
 161  362
 158  359
 158  358
 156  356
 156  355
 155  354
 155  353
 154  352
 154  351
 153  350
 153  331
 159  325
 160  325
 162  323
 162  322
 164  320
 164  316
 163  315
 163  314
 162  313
 162  311
 161  310
 161  294
 162  293
 162  292
 166  288
 167  288
 169  286
 169  285
 170  284
 170  283
 169  282
 169  281
 167  279
 167  278
 166  277
 166  276
 165  275
 165  258
 167  256
 167  254
 168  253
 167  252
 167  251
 166  250
 166  249
 163  246
 163  245
 158  240
 158  239
 157  238
 157  237
 156  236
 156  235
 155  234
 155  233
 153  231
 153  230
 144  221
 143  221
 137  215
 136  215
 133  212
 132  212
 130  210
 130  196
 132  194
 135  194
 136  193
 139  193
 140  192
 143  192
 144  191
 145  191
 146  190
 148  190
 150  188
 151  188
 156  183
 156  182
 161  177
 161  176
 167  170
 167  169
 169  167
 169  166
 170  165
 170  164
 171  163
 171  162
 172  161
 172  160
 173  159
 173  158
 175  156
 175  155
 176  154
 176  153
 177  152
 177  151
 178  150
 178  149
 179  148
 179  147
 180  146
 180  145
 181  144
 181  143
 182  142
 182  140
 183  139
 183  138
 184  137
 184  135
 185  134
 185  133
 186  132
 186  131
 187  130
 187  129
 188  128
 188  126
 189  125
 189  124
 190  123
 190  121
 191  120
 191  117
 192  116
 192  115
 193  114
 193  113
 194  112
 194  111
 195  110
 195  109
 196  108
 196  107
 197  106
 197  105
 198  104
 198  103
 199  102
 199  101
 200  100
 200   99
 201   98
 201   97
 202   96
 202   95
 204   93
 204   92
 206   90
 206   89
 208   87
 208   86
 209   85
 209   84
 210   83
 210   82
 211   81
 211   80
 212   79
 212   78
 213   77
 213   76
 215   74
 215   73
 217   71
 217   70
 219   68
 219   67
 220   66
 220   65
 222   63
 222   62
 223   61
 223   60
 225   58
 225   57
 227   55
 227   54
 228   53
 228   51
 229   50
 229   48
 230   47
 230   45
 229   44
 229   43
 227   41
 227   40
 226   39
 225   39
 224   38
 223   38
 222   37
 221   37
 219   35
 218   35
 217   34
 215   34
 214   33
 213   33
 212   32
 210   32
 209   31
 205   31
 204   30
