 171  102
 170  103
 167  103
 166  104
 163  104
 162  105
 160  105
 159  106
 157  106
 156  107
 155  107
 154  108
 152  108
 151  109
 150  109
 149  110
 148  110
 147  111
 146  111
 145  112
 144  112
 143  113
 142  113
 141  114
 140  114
 138  116
 137  116
 136  117
 135  117
 133  119
 132  119
 130  121
 129  121
 127  123
 126  123
 123  126
 122  126
 121  127
 120  127
 118  129
 117  129
 115  131
 114  131
 112  133
 111  133
 109  135
 108  135
 104  139
 103  139
  88  154
  88  155
  84  159
  84  160
  81  163
  81  164
  78  167
  78  168
  77  169
  77  170
  75  172
  75  173
  73  175
  73  176
  72  177
  72  178
  71  179
  71  263
  72  264
  72  274
  73  275
  73  281
  74  282
  74  287
  75  288
  75  290
  76  291
  76  292
  77  293
  77  294
  78  295
  78  296
  87  305
  87  306
  88  307
  88  309
  89  310
  89  311
  90  312
  90  313
  92  315
  92  316
  95  319
  95  320
  96  320
 101  325
 102  325
 103  326
 104  326
 105  327
 113  327
 114  326
 115  326
 117  324
 118  324
 119  323
 120  323
 121  322
 126  322
 127  321
 129  321
 130  320
 131  320
 134  317
 134  316
 135  315
 135  312
 136  311
 136  310
 138  308
 139  308
 140  307
 142  307
 143  306
 144  306
 148  302
 148  288
 150  286
 151  286
 152  285
 153  285
 156  282
 156  264
 157  263
 157  261
 155  259
 155  258
 153  256
 153  255
 152  254
 152  253
 150  251
 150  250
 149  249
 149  248
 148  247
 148  246
 147  245
 147  244
 142  239
 141  239
 137  235
 136  235
 133  232
 133  218
 134  217
 141  217
 142  216
 145  216
 146  215
 148  215
 149  214
 151  214
 152  213
 153  213
 155  211
 156  211
 168  199
 168  198
 169  197
 169  196
 170  195
 170  194
 171  193
 171  192
 173  190
 173  189
 174  188
 174  187
 175  186
 175  185
 176  184
 176  182
 177  181
 177  179
 178  178
 178  176
 179  175
 179  174
 181  172
 181  171
 182  170
 182  169
 183  168
 183  166
 184  165
 184  164
 185  163
 185  161
 186  160
 186  159
 188  157
 188  156
 190  154
 190  153
 191  152
 191  151
 192  150
 192  149
 194  147
 194  146
 196  144
 196  143
 198  141
 198  139
 199  138
 199  137
 200  136
 200  134
 201  133
 201  131
 202  130
 202  129
 203  128
 203  122
 202  121
 202  120
 201  119
 201  118
 200  117
 200  116
 199  115
 199  114
 197  112
 196  112
 193  109
 192  109
 190  107
 189  107
 188  106
 187  106
 186  105
 185  105
 184  104
 182  104
 181  103
 179  103
 178  102
