 190   52
 189   53
 184   53
 183   54
 178   54
 177   55
 176   55
 175   56
 171   56
 170   57
 168   57
 167   58
 166   58
 165   59
 162   59
 161   60
 160   60
 159   61
 157   61
 156   62
 155   62
 154   63
 153   63
 152   64
 151   64
 150   65
 149   65
 148   66
 147   66
 146   67
 145   67
 144   68
 143   68
 142   69
 141   69
 140   70
 139   70
 138   71
 137   71
 135   73
 134   73
 133   74
 132   74
 131   75
 130   75
 128   77
 127   77
 125   79
 124   79
 123   80
 122   80
 120   82
 119   82
 116   85
 115   85
 112   88
 111   88
 108   91
 107   91
 105   93
 104   93
  99   98
  98   98
  93  103
  92  103
  86  109
  85  109
  68  126
  67  126
  64  129
  63  129
  63  130
  57  136
  57  137
  54  140
  54  141
  51  144
  51  145
  49  147
  49  148
  47  150
  47  151
  45  153
  45  154
  44  155
  44  156
  43  157
  43  158
  42  159
  42  247
  43  248
  43  249
  45  251
  45  252
  46  253
  46  254
  47  255
  47  256
  48  257
  48  258
  49  259
  49  260
  50  261
  50  262
  51  263
  51  264
  53  266
  53  267
  54  268
  54  269
  55  270
  55  271
  56  272
  56  273
  57  274
  57  275
  58  276
  58  277
  59  278
  59  281
  60  282
  60  283
  61  284
  61  287
  62  288
  62  291
  63  292
  63  295
  64  296
  64  298
  65  299
  65  301
  66  302
  66  306
  67  307
  67  309
  68  310
  68  314
  69  315
  69  316
  70  317
  70  320
  71  321
  71  322
  72  323
  72  326
  73  327
  73  328
  74  329
  74  331
  75  332
  75  333
  76  334
  76  335
  77  336
  77  337
  78  338
  78  339
  79  340
  79  341
  83  345
  84  345
  91  352
  92  352
  93  353
  94  353
  99  358
  99  359
 101  361
 102  361
 111  370
 112  370
 115  373
 116  373
 117  374
 118  374
 120  376
 122  376
 123  377
 124  376
 126  376
 127  375
 129  375
 130  374
 133  374
 134  373
 137  373
 138  372
 140  372
 141  371
 142  371
 143  370
 144  370
 145  369
 146  369
 149  366
 149  365
 153  361
 154  361
 155  360
 167  360
 168  359
 169  359
 168  358
 168  357
 166  355
 166  353
 165  352
 165  335
 166  334
 166  333
 169  330
 170  330
 172  328
 173  328
 174  327
 174  326
 176  324
 176  303
 177  302
 177  301
 182  296
 182  295
 183  294
 182  293
 182  292
 181  291
 181  269
 180  268
 180  267
 179  266
 179  265
 177  263
 177  262
 172  257
 172  256
 166  250
 166  249
 165  248
 165  247
 164  246
 164  245
 159  240
 159  239
 154  234
 153  234
 148  229
 147  229
 146  228
 146  214
 148  212
 150  212
 151  211
 153  211
 154  210
 155  210
 156  209
 158  209
 159  208
 160  208
 162  206
 163  206
 164  205
 165  205
 168  202
 169  202
 172  199
 172  198
 179  191
 179  190
 183  186
 183  185
 185  183
 185  182
 187  180
 187  179
 188  178
 188  177
 189  176
 189  174
 190  173
 190  172
 191  171
 191  170
 192  169
 192  168
 193  167
 193  165
 194  164
 194  163
 195  162
 195  160
 196  159
 196  154
 197  153
 197  150
 198  149
 198  145
 199  144
 199  143
 200  142
 200  139
 201  138
 201  136
 202  135
 202  132
 203  131
 203  130
 204  129
 204  128
 205  127
 205  126
 206  125
 206  124
 207  123
 207  121
 208  120
 208  119
 209  118
 209  117
 211  115
 211  114
 213  112
 213  111
 216  108
 216  107
 218  105
 218  104
 220  102
 220  101
 221  100
 221   99
 223   97
 223   96
 225   94
 225   93
 226   92
 226   91
 227   90
 227   89
 228   88
 228   87
 229   86
 229   83
 230   82
 230   81
 231   80
 231   79
 232   78
 232   73
 231   72
 231   70
 230   69
 230   68
 229   67
 229   66
 228   65
 227   65
 225   63
 224   63
 223   62
 222   62
 221   61
 220   61
 218   59
 217   59
 216   58
 215   58
 214   57
 213   57
 212   56
 210   56
 209   55
 208   55
 207   54
 204   54
 203   53
 199   53
 198   52
