 173  104
 172  105
 169  105
 168  106
 165  106
 164  107
 162  107
 161  108
 160  108
 159  109
 157  109
 156  110
 155  110
 154  111
 153  111
 152  112
 151  112
 150  113
 149  113
 148  114
 147  114
 146  115
 145  115
 144  116
 143  116
 141  118
 140  118
 139  119
 138  119
 137  120
 136  120
 133  123
 132  123
 130  125
 129  125
 127  127
 126  127
 122  131
 121  131
 117  135
 116  135
 108  143
 107  143
 106  144
 106  145
 103  148
 102  148
  95  155
  95  156
  90  161
  89  161
  88  162
  88  163
  87  164
  87  166
  86  167
  86  168
  84  170
  84  171
  77  178
  77  179
  75  181
  75  182
  74  183
  74  246
  75  247
  75  248
  76  249
  76  250
  78  252
  78  253
  79  254
  79  255
  80  256
  80  257
  81  258
  81  259
  82  260
  82  261
  83  262
  83  263
  84  264
  84  265
  86  267
  86  268
  87  269
  87  270
  88  271
  88  272
  89  273
  89  274
  90  275
  90  277
  92  279
  92  280
  94  282
  94  283
  95  284
  95  285
  96  286
  96  287
  97  288
  97  289
  98  290
  98  291
 100  293
 100  294
 103  297
 104  297
 107  300
 107  301
 108  302
 108  306
 109  307
 109  310
 111  312
 111  313
 113  315
 114  315
 119  320
 119  321
 120  322
 121  322
 122  323
 123  323
 124  322
 133  322
 134  321
 135  321
 138  318
 138  316
 140  314
 148  314
 149  313
 150  313
 151  312
 151  311
 152  310
 152  297
 154  295
 155  295
 156  294
 157  294
 158  293
 159  293
 160  292
 160  291
 161  290
 161  289
 162  288
 162  278
 164  276
 165  276
 166  275
 167  275
 168  274
 168  273
 169  272
 169  257
 168  256
 168  255
 166  253
 166  252
 164  250
 164  248
 163  247
 163  246
 162  245
 162  244
 160  242
 160  241
 155  236
 154  236
 150  232
 149  232
 148  231
 148  216
 149  215
 158  215
 159  214
 161  214
 162  213
 163  213
 164  212
 165  212
 166  211
 167  211
 171  207
 171  206
 173  204
 173  203
 176  200
 176  198
 177  197
 177  194
 178  193
 178  192
 179  191
 179  189
 180  188
 180  187
 181  186
 181  183
 182  182
 182  172
 183  171
 183  168
 184  167
 184  160
 185  159
 185  157
 187  155
 187  153
 188  152
 188  148
 189  147
 189  146
 190  145
 190  144
 192  142
 192  140
 193  139
 193  137
 194  136
 194  134
 195  133
 195  132
 196  131
 196  130
 197  129
 197  126
 198  125
 198  123
 199  122
 199  119
 200  118
 199  117
 199  116
 196  113
 195  113
 193  111
 192  111
 189  108
 188  108
 187  107
 186  107
 185  106
 183  106
 182  105
 180  105
 179  104
