 177   64
 176   65
 171   65
 170   66
 167   66
 166   67
 163   67
 162   68
 160   68
 159   69
 156   69
 155   70
 152   70
 151   71
 150   71
 149   72
 147   72
 146   73
 144   73
 143   74
 142   74
 141   75
 139   75
 138   76
 137   76
 136   77
 134   77
 133   78
 131   78
 130   79
 129   79
 128   80
 127   80
 126   81
 125   81
 124   82
 122   82
 121   83
 120   83
 119   84
 118   84
 116   86
 115   86
 114   87
 113   87
 111   89
 110   89
 109   90
 108   90
 105   93
 104   93
 102   95
 101   95
  99   97
  98   97
  97   98
  96   98
  94  100
  81  100
  81  101
  74  108
  73  108
  59  122
  59  123
  53  129
  50  129
  49  130
  49  131
  48  132
  48  237
  49  238
  49  239
  50  240
  50  244
  51  245
  51  246
  52  247
  52  252
  53  253
  53  254
  54  255
  54  259
  55  260
  55  265
  56  266
  56  267
  57  268
  57  270
  58  271
  58  273
  59  274
  59  279
  60  280
  60  282
  61  283
  61  286
  62  287
  62  288
  63  289
  63  291
  64  292
  64  293
  65  294
  65  295
  66  296
  66  297
  68  299
  69  299
  77  307
  77  308
  78  309
  78  315
  79  316
  79  317
  80  318
  80  320
  81  321
  81  322
  82  323
  82  324
  85  327
  86  327
  90  331
  91  331
  92  332
  93  331
 111  331
 112  332
 113  331
 114  331
 115  330
 134  330
 137  333
 137  334
 138  335
 138  336
 140  338
 140  339
 142  341
 142  342
 143  343
 143  344
 145  346
 145  347
 146  348
 146  349
 149  352
 149  353
 152  356
 153  356
 159  362
 160  362
 161  363
 162  363
 164  361
 165  361
 167  359
 167  358
 168  357
 165  354
 165  353
 164  352
 163  352
 157  346
 157  345
 154  342
 154  341
 151  338
 150  338
 141  329
 141  328
 139  326
 139  325
 138  324
 138  304
 139  303
 140  303
 141  302
 142  302
 144  300
 145  300
 145  299
 146  298
 146  281
 148  279
 149  279
 151  277
 152  277
 153  276
 154  276
 158  272
 158  256
 159  255
 159  254
 161  252
 161  251
 164  248
 164  246
 163  245
 163  243
 161  241
 161  240
 159  238
 159  237
 155  233
 155  232
 154  231
 154  226
 153  225
 153  223
 152  222
 152  221
 150  219
 150  218
 143  211
 142  211
 137  206
 137  192
 138  191
 153  191
 154  190
 158  190
 159  189
 160  189
 161  188
 162  188
 168  182
 168  181
 172  177
 172  176
 174  174
 174  173
 175  172
 175  171
 176  170
 176  168
 177  167
 177  166
 180  163
 180  162
 182  160
 182  159
 183  158
 183  156
 184  155
 184  152
 185  151
 185  147
 186  146
 186  145
 188  143
 188  142
 189  141
 189  140
 190  139
 190  138
 191  137
 191  131
 192  130
 192  129
 195  126
 195  125
 198  122
 198  121
 199  120
 199  119
 201  117
 201  116
 211  106
 211  105
 221   95
 221   94
 223   92
 223   91
 224   90
 224   89
 225   88
 225   87
 226   86
 225   85
 225   84
 224   83
 224   81
 223   80
 223   79
 221   77
 221   76
 220   76
 219   75
 218   75
 217   74
 216   74
 214   72
 213   72
 212   71
 211   71
 209   69
 208   69
 207   68
 206   68
 205   67
 203   67
 202   66
 200   66
 199   65
 194   65
 193   64
