 156   92
 155   93
 152   93
 151   94
 149   94
 148   95
 147   95
 146   96
 145   96
 144   97
 143   97
 142   98
 141   98
 139  100
 138  100
 135  103
 134  103
 129  108
 128  108
 114  122
 114  123
 107  130
 107  131
 104  134
 104  135
 101  138
 101  139
  98  142
  98  143
  97  144
  97  145
  95  147
  95  148
  93  150
  93  151
  91  153
  91  154
  88  157
  88  158
  86  160
  86  161
  85  162
  85  163
  84  164
  84  165
  81  168
  81  169
  80  170
  80  171
  79  172
  79  173
  77  175
  77  252
  90  252
  94  256
  94  257
  97  260
  97  261
  99  263
  99  264
 118  283
 119  283
 122  286
 122  287
 123  288
 123  292
 124  293
 124  297
 127  300
 127  301
 128  301
 130  303
 131  303
 134  306
 134  307
 136  309
 152  309
 153  308
 154  308
 155  307
 167  307
 166  306
 166  305
 164  303
 164  302
 163  301
 163  284
 161  282
 161  281
 160  280
 160  279
 159  278
 159  260
 160  259
 160  257
 159  256
 159  237
 158  236
 158  235
 157  234
 157  231
 156  230
 156  228
 155  227
 155  226
 154  225
 154  224
 150  220
 149  220
 147  218
 146  218
 142  214
 142  200
 143  199
 148  199
 149  198
 151  198
 152  197
 153  197
 155  195
 156  195
 157  194
 157  193
 158  192
 158  191
 159  190
 159  189
 161  187
 161  185
 162  184
 162  183
 163  182
 163  178
 164  177
 164  172
 165  171
 165  161
 166  160
 166  148
 167  147
 167  140
 168  139
 168  131
 169  130
 169  126
 170  125
 170  118
 171  117
 171  113
 172  112
 172  107
 173  106
 173  102
 171  100
 170  100
 169   99
 168   99
 167   98
 166   98
 163   95
 162   95
 161   94
 160   94
 159   93
 158   93
 157   92
