 185   50
 184   51
 179   51
 178   52
 174   52
 173   53
 171   53
 170   54
 168   54
 167   55
 166   55
 165   56
 164   56
 163   57
 161   57
 159   59
 158   59
 157   60
 156   60
 155   61
 154   61
 153   62
 152   62
 150   64
 149   64
 147   66
 146   66
 144   68
 143   68
 141   70
 140   70
 136   74
 135   74
 132   77
 131   77
 127   81
 126   81
 121   86
 120   86
  99  107
  99  108
  92  115
  92  116
  87  121
  78  121
  77  122
  76  122
  69  129
  63  129
  63  140
  61  142
  61  143
  60  144
  59  144
  57  146
  57  242
  58  243
  58  244
  62  248
  62  249
  64  251
  64  252
  66  254
  66  255
  68  257
  68  258
  70  260
  70  261
  72  263
  72  265
  73  266
  73  267
  74  268
  74  270
  75  271
  75  272
  76  273
  76  275
  77  276
  77  278
  78  279
  78  283
  79  284
  79  286
  80  287
  80  289
  81  290
  81  293
  82  294
  82  297
  83  298
  83  302
  84  303
  84  305
  85  306
  85  309
  87  311
  87  313
  88  314
  88  315
  90  317
  90  318
  92  320
  93  320
  94  321
  95  321
  98  324
  98  325
 101  328
 102  328
 106  332
 106  333
 107  334
 107  337
 108  338
 108  339
 109  340
 109  343
 111  345
 111  346
 125  360
 126  360
 127  361
 128  361
 129  362
 131  362
 132  363
 133  363
 134  364
 149  364
 150  365
 151  365
 152  366
 153  365
 154  365
 155  364
 155  363
 157  361
 157  360
 158  359
 158  358
 159  357
 173  357
 176  360
 176  361
 189  374
 190  374
 192  376
 193  376
 194  377
 196  377
 197  376
 198  376
 201  373
 201  372
 202  371
 202  370
 203  369
 203  368
 202  367
 202  365
 200  363
 200  362
 198  360
 198  359
 197  358
 196  358
 191  353
 190  353
 184  347
 183  347
 182  346
 181  346
 180  345
 179  345
 178  344
 177  344
 176  343
 175  343
 174  342
 173  342
 172  341
 171  341
 169  339
 169  321
 172  318
 173  318
 174  317
 175  317
 176  316
 178  316
 179  315
 180  315
 182  313
 183  313
 183  312
 184  311
 183  310
 183  309
 176  302
 175  302
 171  298
 170  298
 167  295
 166  295
 165  294
 164  294
 163  293
 163  276
 164  275
 164  274
 165  273
 161  269
 160  269
 159  268
 158  268
 153  263
 152  263
 151  262
 150  262
 148  260
 147  260
 146  259
 146  248
 144  246
 144  245
 143  244
 142  244
 140  242
 139  242
 135  238
 135  237
 134  236
 134  234
 133  233
 133  231
 129  227
 128  227
 126  225
 126  211
 127  210
 128  210
 129  209
 133  209
 134  208
 137  208
 138  207
 141  207
 142  206
 143  206
 144  205
 146  205
 147  204
 148  204
 150  202
 151  202
 155  198
 156  198
 157  197
 157  196
 162  191
 162  190
 166  186
 166  185
 170  181
 170  180
 172  178
 172  177
 175  174
 175  173
 177  171
 177  170
 178  169
 178  168
 180  166
 180  165
 181  164
 181  163
 182  162
 182  161
 183  160
 183  159
 184  158
 184  157
 186  155
 186  153
 187  152
 187  151
 188  150
 188  149
 189  148
 189  147
 190  146
 190  145
 191  144
 191  143
 193  141
 193  139
 194  138
 194  137
 195  136
 195  135
 196  134
 196  132
 197  131
 197  130
 198  129
 198  128
 199  127
 199  126
 201  124
 201  123
 202  122
 202  120
 203  119
 203  118
 204  117
 204  116
 205  115
 205  114
 206  113
 206  112
 208  110
 208  109
 209  108
 209  107
 210  106
 210  105
 211  104
 211  102
 212  101
 212  100
 213   99
 213   96
 214   95
 214   93
 215   92
 215   88
 216   87
 216   84
 217   83
 217   77
 218   76
 218   73
 217   72
 217   68
 216   67
 216   66
 215   65
 215   64
 211   60
 210   60
 209   59
 208   59
 206   57
 205   57
 203   55
 202   55
 201   54
 200   54
 199   53
 198   53
 197   52
 194   52
 193   51
 188   51
 187   50
