 207   50
 206   51
 201   51
 200   52
 197   52
 196   53
 194   53
 193   54
 190   54
 189   55
 187   55
 186   56
 184   56
 183   57
 181   57
 180   58
 178   58
 177   59
 175   59
 174   60
 173   60
 172   61
 170   61
 169   62
 168   62
 167   63
 165   63
 164   64
 163   64
 162   65
 161   65
 160   66
 159   66
 158   67
 157   67
 155   69
 154   69
 153   70
 152   70
 151   71
 150   71
 149   72
 148   72
 146   74
 145   74
 144   75
 143   75
 142   76
 141   76
 139   78
 138   78
 137   79
 136   79
 134   81
 133   81
 131   83
 130   83
 129   84
 128   84
 127   85
 126   85
 124   87
 123   87
 122   88
 121   88
 119   90
 118   90
 116   92
 115   92
 112   95
 111   95
 109   97
 108   97
 105  100
 104  100
 100  104
  99  104
  96  107
  95  107
  92  110
  91  110
  88  113
  87  113
  79  121
  78  121
  73  126
  72  126
  66  132
  65  132
  60  137
  59  137
  57  139
  56  139
  55  140
  54  140
  40  154
  40  155
  33  162
  33  163
  30  166
  30  167
  27  170
  27  171
  26  172
  26  173
  25  174
  25  354
  26  355
  26  356
  28  358
  29  358
  31  360
  32  360
  35  363
  36  363
  39  366
  40  366
  42  368
  43  368
  44  369
  45  369
  46  370
  47  370
  48  371
  49  371
  50  372
  53  372
  54  373
  59  373
  60  374
  70  374
  71  375
  73  375
  74  376
  75  376
  76  377
  77  377
  78  378
  80  378
  81  379
  86  379
  87  378
  89  378
  90  377
  92  377
  94  375
  95  375
  96  374
  97  374
 101  370
 102  370
 104  368
 105  368
 106  367
 107  367
 109  365
 110  365
 112  363
 113  363
 116  360
 116  359
 118  357
 118  356
 119  355
 119  354
 120  353
 120  352
 121  351
 121  350
 123  348
 123  347
 124  346
 124  345
 127  342
 127  341
 129  339
 129  338
 130  337
 130  336
 131  335
 131  330
 132  329
 132  325
 133  324
 133  317
 134  316
 134  313
 135  312
 135  306
 136  305
 136  301
 135  300
 135  288
 133  286
 133  285
 132  284
 132  283
 130  281
 130  280
 127  277
 127  276
 119  268
 119  253
 120  252
 126  252
 127  251
 133  251
 134  250
 141  250
 142  249
 146  249
 147  248
 150  248
 151  247
 153  247
 154  246
 157  246
 158  245
 159  245
 160  244
 162  244
 164  242
 165  242
 166  241
 167  241
 168  240
 169  240
 171  238
 172  238
 186  224
 186  223
 188  221
 188  220
 189  219
 189  218
 191  216
 191  214
 193  212
 193  211
 194  210
 194  209
 195  208
 195  207
 196  206
 196  205
 198  203
 198  202
 199  201
 199  200
 200  199
 200  198
 201  197
 201  196
 202  195
 202  194
 203  193
 203  192
 204  191
 204  190
 205  189
 205  188
 206  187
 206  185
 207  184
 207  183
 208  182
 208  181
 209  180
 209  179
 210  178
 210  177
 211  176
 211  175
 212  174
 212  173
 213  172
 213  171
 214  170
 214  169
 215  168
 215  167
 216  166
 216  165
 217  164
 217  163
 218  162
 218  161
 219  160
 219  159
 220  158
 220  157
 221  156
 221  154
 222  153
 222  151
 223  150
 223  149
 224  148
 224  146
 225  145
 225  143
 226  142
 226  141
 227  140
 227  139
 228  138
 228  137
 230  135
 230  134
 231  133
 231  132
 232  131
 232  129
 233  128
 233  127
 235  125
 235  124
 236  123
 236  122
 237  121
 237  120
 238  119
 238  118
 239  117
 239  116
 240  115
 240  113
 241  112
 241  111
 242  110
 242  108
 243  107
 243  105
 244  104
 244  103
 245  102
 245  100
 246   99
 246   97
 247   96
 247   94
 248   93
 248   89
 249   88
 249   76
 250   75
 250   74
 249   73
 249   71
 248   70
 248   68
 246   66
 246   65
 244   63
 243   63
 241   61
 240   61
 239   60
 238   60
 237   59
 236   59
 235   58
 234   58
 232   56
 231   56
 230   55
 229   55
 228   54
 227   54
 226   53
 225   53
 224   52
 222   52
 221   51
 218   51
 217   50
