 170   94
 169   95
 165   95
 164   96
 162   96
 161   97
 159   97
 158   98
 156   98
 155   99
 154   99
 153  100
 151  100
 150  101
 149  101
 148  102
 147  102
 146  103
 145  103
 144  104
 143  104
 142  105
 141  105
 140  106
 139  106
 138  107
 137  107
 136  108
 135  108
 134  109
 133  109
 131  111
 130  111
 129  112
 128  112
 126  114
 125  114
 123  116
 122  116
 120  118
 119  118
 117  120
 116  120
 113  123
 112  123
 109  126
 108  126
 104  130
 103  130
  85  148
  85  149
  81  153
  81  154
  79  156
  79  157
  77  159
  77  160
  75  162
  75  163
  74  164
  74  165
  72  167
  72  168
  71  169
  71  170
  70  171
  70  172
  69  173
  69  174
  68  175
  68  252
  71  255
  71  257
  72  258
  72  259
  73  260
  73  261
  74  262
  74  263
  75  264
  75  265
  76  266
  76  268
  78  270
  78  272
  79  273
  79  274
  80  275
  80  278
  81  279
  81  280
  82  281
  82  285
  83  286
  83  287
  84  288
  84  291
  85  292
  85  295
  86  296
  86  297
  87  298
  87  300
  88  301
  88  302
  89  303
  89  304
  90  305
  90  306
  93  309
  94  309
  98  313
  98  314
 100  316
 101  316
 107  322
 107  323
 108  324
 109  324
 118  333
 119  333
 120  334
 127  334
 128  333
 133  333
 134  332
 135  332
 136  331
 137  331
 138  330
 139  330
 140  329
 141  329
 142  328
 145  328
 146  327
 148  327
 149  326
 150  326
 151  325
 152  325
 154  323
 154  322
 155  321
 155  318
 156  317
 156  313
 157  312
 157  311
 160  308
 161  308
 161  307
 163  305
 163  287
 164  286
 164  285
 167  282
 167  281
 169  279
 169  277
 168  276
 168  258
 169  257
 169  255
 167  253
 167  252
 165  250
 165  249
 163  247
 163  246
 162  245
 162  244
 161  243
 161  242
 160  241
 160  240
 153  233
 152  233
 150  231
 150  216
 151  215
 152  215
 153  214
 155  214
 156  213
 157  213
 158  212
 159  212
 161  210
 162  210
 169  203
 170  203
 172  201
 172  200
 174  198
 174  197
 176  195
 176  194
 177  193
 177  191
 178  190
 178  189
 179  188
 179  187
 180  186
 180  185
 182  183
 182  182
 183  181
 183  179
 184  178
 184  174
 185  173
 185  171
 186  170
 186  168
 187  167
 187  166
 188  165
 188  163
 189  162
 189  161
 190  160
 190  157
 191  156
 191  155
 192  154
 192  153
 193  152
 193  150
 195  148
 195  145
 196  144
 196  143
 197  142
 197  141
 198  140
 198  139
 199  138
 199  137
 200  136
 200  134
 201  133
 201  132
 202  131
 202  129
 203  128
 203  127
 204  126
 204  122
 205  121
 205  119
 206  118
 206  114
 205  113
 205  112
 204  111
 204  110
 203  109
 203  108
 201  106
 201  105
 199  103
 198  103
 196  101
 195  101
 193   99
 192   99
 191   98
 190   98
 189   97
 188   97
 187   96
 185   96
 184   95
 179   95
 178   94
