 203   25
 202   26
 197   26
 196   27
 190   27
 189   28
 186   28
 185   29
 181   29
 180   30
 177   30
 176   31
 173   31
 172   32
 170   32
 169   33
 166   33
 165   34
 164   34
 163   35
 160   35
 159   36
 158   36
 157   37
 155   37
 154   38
 152   38
 151   39
 150   39
 149   40
 147   40
 146   41
 145   41
 144   42
 142   42
 141   43
 140   43
 139   44
 138   44
 137   45
 135   45
 134   46
 133   46
 132   47
 131   47
 130   48
 129   48
 128   49
 127   49
 126   50
 124   50
 123   51
 122   51
 121   52
 120   52
 119   53
 118   53
 117   54
 116   54
 114   56
 113   56
 112   57
 111   57
 110   58
 109   58
 107   60
 106   60
 105   61
 104   61
 103   62
 102   62
 100   64
  99   64
  98   65
  97   65
  95   67
  94   67
  93   68
  92   68
  90   70
  89   70
  86   73
  85   73
  82   76
  81   76
  79   78
  78   78
  75   81
  74   81
  71   84
  70   84
  66   88
  65   88
  62   91
  61   91
  60   92
  55   92
  54   93
  52   93
  51   94
  48   94
  47   95
  46   95
  45   96
  44   96
  43   97
  42   97
  40   99
  39   99
  38  100
  37  100
  35  102
  33  102
  31  104
  30  104
  29  105
  28  105
  26  107
  25  107
  24  108
  23  108
  21  110
  20  110
  15  115
  14  115
  13  116
  13  119
  12  120
  12  246
  13  247
  13  249
  14  250
  14  251
  15  252
  15  253
  16  254
  16  255
  17  256
  17  257
  18  258
  18  259
  20  261
  20  262
  21  263
  21  264
  23  266
  23  267
  24  268
  24  269
  25  270
  25  271
  26  272
  26  273
  27  274
  27  276
  28  277
  28  280
  29  281
  29  283
  30  284
  30  286
  31  287
  31  290
  32  291
  32  294
  33  295
  33  301
  34  302
  34  304
  35  305
  35  310
  36  311
  36  315
  37  316
  37  324
  38  325
  38  329
  39  330
  39  337
  40  338
  40  342
  41  343
  41  345
  42  346
  42  347
  43  348
  43  349
  44  350
  44  351
  48  355
  49  355
  57  363
  58  363
  61  366
  61  368
  62  369
  62  370
  63  371
  63  374
  64  375
  64  376
  65  377
  65  379
  66  380
  66  381
  67  382
  67  383
  68  384
  68  385
  82  399
  83  399
  85  401
  86  401
  87  402
  89  402
  90  401
  91  401
  92  400
  93  400
  94  399
  96  399
  97  398
 114  398
 115  397
 116  397
 121  392
 121  391
 125  387
 140  387
 141  388
 142  388
 143  389
 145  389
 145  388
 144  387
 144  386
 143  385
 143  384
 142  383
 142  358
 144  356
 144  355
 146  353
 147  353
 148  352
 149  352
 150  351
 151  351
 153  349
 154  349
 154  348
 156  346
 156  345
 157  344
 157  340
 156  339
 156  322
 157  321
 157  318
 159  316
 160  316
 161  315
 162  315
 163  314
 164  314
 165  313
 166  313
 169  310
 169  309
 168  308
 168  306
 167  305
 167  303
 166  302
 166  301
 165  300
 165  299
 164  298
 164  297
 163  296
 163  278
 164  277
 164  276
 165  275
 165  274
 167  272
 166  271
 166  270
 163  267
 163  266
 160  263
 159  263
 155  259
 154  259
 150  255
 150  253
 149  252
 149  251
 148  250
 148  246
 147  245
 147  244
 146  243
 146  242
 134  230
 133  230
 129  226
 129  212
 130  211
 138  211
 139  210
 147  210
 148  209
 152  209
 153  208
 156  208
 157  207
 158  207
 161  204
 162  204
 170  196
 170  195
 174  191
 174  190
 183  181
 183  180
 185  178
 185  177
 187  175
 187  174
 189  172
 189  170
 191  168
 191  167
 192  166
 192  165
 194  163
 194  162
 198  158
 198  157
 200  155
 200  154
 201  153
 201  152
 202  151
 202  149
 203  148
 203  147
 204  146
 204  144
 205  143
 205  142
 206  141
 206  140
 208  138
 208  137
 210  135
 210  134
 213  131
 213  130
 214  129
 214  128
 215  127
 215  125
 216  124
 216  122
 217  121
 217  120
 218  119
 218  118
 219  117
 219  116
 222  113
 222  112
 226  108
 226  107
 228  105
 228  104
 230  102
 230  101
 231  100
 231   99
 241   89
 241   88
 244   85
 244   84
 245   83
 245   82
 246   81
 246   80
 247   79
 247   78
 249   76
 249   75
 252   72
 252   71
 254   69
 254   68
 256   66
 256   65
 257   64
 257   63
 258   62
 258   61
 259   60
 259   58
 260   57
 260   55
 261   54
 261   47
 260   46
 260   45
 259   44
 259   43
 253   37
 252   37
 251   36
 250   36
 249   35
 248   35
 247   34
 246   34
 245   33
 244   33
 243   32
 242   32
 241   31
 240   31
 239   30
 238   30
 237   29
 236   29
 235   28
 234   28
 233   27
 229   27
 228   26
 223   26
 222   25
