 178   62
 177   63
 171   63
 170   64
 167   64
 166   65
 163   65
 162   66
 159   66
 158   67
 156   67
 155   68
 152   68
 151   69
 150   69
 149   70
 147   70
 146   71
 144   71
 143   72
 142   72
 141   73
 139   73
 138   74
 137   74
 136   75
 135   75
 134   76
 132   76
 131   77
 130   77
 129   78
 128   78
 127   79
 126   79
 125   80
 124   80
 123   81
 122   81
 121   82
 120   82
 119   83
 118   83
 117   84
 116   84
 115   85
 114   85
 113   86
 112   86
 111   87
 110   87
 108   89
 107   89
 104   92
 103   92
 101   94
 100   94
  97   97
  96   97
  93  100
  92  100
  89  103
  88  103
  85  106
  84  106
  83  107
  82  107
  76  113
  76  114
  74  116
  74  117
  70  121
  70  122
  64  128
  64  129
  61  132
  61  133
  57  137
  57  138
  53  142
  53  143
  52  144
  52  245
  53  246
  53  247
  54  248
  54  252
  55  253
  55  255
  56  256
  56  259
  57  260
  57  261
  58  262
  58  265
  59  266
  59  267
  60  268
  60  272
  61  273
  61  275
  62  276
  62  278
  63  279
  63  283
  64  284
  64  286
  65  287
  65  289
  66  290
  66  291
  67  292
  67  294
  68  295
  68  296
  69  297
  69  298
  70  299
  70  300
  73  303
  74  303
  81  310
  82  310
  84  312
  84  314
  85  315
  85  318
  86  319
  86  320
  87  321
  87  323
  89  325
  89  326
  91  328
  92  328
 100  336
 101  336
 102  335
 123  335
 124  334
 126  334
 127  333
 142  333
 145  336
 145  337
 147  339
 147  340
 149  342
 149  343
 151  345
 151  346
 152  347
 152  348
 154  350
 154  351
 157  354
 157  355
 159  357
 160  357
 166  363
 167  363
 169  365
 170  365
 171  366
 172  365
 173  365
 177  361
 177  358
 176  357
 176  356
 168  348
 167  348
 161  342
 160  342
 155  337
 154  337
 148  331
 148  330
 145  327
 145  308
 148  305
 149  305
 150  304
 151  304
 152  303
 153  303
 154  302
 154  284
 161  277
 162  277
 162  276
 164  274
 164  255
 169  250
 169  248
 167  246
 167  244
 165  242
 165  241
 161  237
 161  236
 160  235
 160  234
 159  233
 159  232
 158  231
 158  229
 157  228
 157  227
 156  226
 156  224
 154  222
 154  221
 149  216
 148  216
 143  211
 142  211
 139  208
 138  208
 137  207
 137  193
 138  192
 146  192
 147  191
 156  191
 157  190
 159  190
 160  189
 161  189
 163  187
 164  187
 165  186
 165  185
 169  181
 169  180
 171  178
 171  177
 175  173
 175  171
 176  170
 176  168
 177  167
 177  165
 178  164
 178  163
 180  161
 180  160
 182  158
 182  155
 183  154
 183  150
 184  149
 184  146
 185  145
 185  144
 186  143
 186  142
 188  140
 188  138
 189  137
 189  135
 190  134
 190  131
 191  130
 191  128
 193  126
 193  125
 195  123
 195  122
 196  121
 196  120
 197  119
 197  118
 199  116
 199  115
 202  112
 202  111
 207  106
 207  105
 209  103
 209  102
 215   96
 215   95
 217   93
 217   92
 218   91
 218   90
 219   89
 219   88
 220   87
 220   86
 221   85
 221   83
 222   82
 222   81
 221   80
 221   78
 220   77
 220   76
 216   72
 215   72
 214   71
 213   71
 211   69
 210   69
 209   68
 208   68
 207   67
 206   67
 205   66
 204   66
 203   65
 201   65
 200   64
 198   64
 197   63
 193   63
 192   62
