 208   43
 207   44
 196   44
 195   45
 190   45
 189   46
 185   46
 184   47
 180   47
 179   48
 176   48
 175   49
 172   49
 171   50
 169   50
 168   51
 166   51
 165   52
 163   52
 162   53
 160   53
 159   54
 157   54
 156   55
 155   55
 154   56
 153   56
 152   57
 150   57
 149   58
 148   58
 147   59
 146   59
 145   60
 143   60
 142   61
 141   61
 140   62
 139   62
 138   63
 137   63
 136   64
 135   64
 134   65
 133   65
 132   66
 131   66
 130   67
 129   67
 127   69
 126   69
 125   70
 124   70
 123   71
 122   71
 121   72
 120   72
 118   74
 117   74
 116   75
 115   75
 113   77
 112   77
 110   79
 109   79
 108   80
 107   80
 104   83
 103   83
 101   85
 100   85
  98   87
  97   87
  94   90
  93   90
  88   95
  87   95
  83   99
  82   99
  79  102
  78  102
  72  108
  71  108
  39  140
  38  140
  35  143
  35  144
  29  150
  29  151
  28  152
  28  153
  27  154
  27  155
  26  156
  26  262
  27  263
  27  264
  28  265
  28  266
  29  267
  29  269
  30  270
  30  271
  31  272
  31  274
  32  275
  32  276
  33  277
  33  279
  34  280
  34  282
  35  283
  35  284
  36  285
  36  287
  37  288
  37  290
  38  291
  38  294
  39  295
  39  297
  40  298
  40  302
  41  303
  41  306
  42  307
  42  309
  43  310
  43  315
  44  316
  44  319
  45  320
  45  321
  46  322
  46  324
  47  325
  47  331
  48  332
  48  333
  49  334
  49  337
  50  338
  50  339
  51  340
  51  342
  56  347
  57  347
  61  351
  61  352
  64  355
  65  355
  68  358
  68  359
  69  360
  69  361
  70  362
  70  363
  71  364
  71  365
  72  366
  72  367
  73  368
  73  369
  86  382
  87  382
  89  384
  90  384
  91  385
  93  385
  94  386
  97  386
  98  385
 104  385
 105  384
 113  384
 114  383
 116  383
 117  382
 118  382
 120  380
 121  380
 127  374
 128  374
 130  372
 146  372
 147  373
 148  372
 148  371
 147  370
 147  368
 146  367
 146  347
 151  342
 152  342
 153  341
 154  341
 160  335
 160  328
 159  327
 159  309
 162  306
 163  306
 168  301
 168  300
 169  299
 168  298
 168  297
 166  295
 166  294
 165  293
 165  292
 164  291
 164  289
 163  288
 163  273
 165  271
 165  270
 167  268
 167  267
 166  266
 166  265
 164  263
 164  262
 160  258
 160  257
 159  256
 158  256
 152  250
 152  249
 151  248
 151  246
 150  245
 150  243
 149  242
 149  241
 148  240
 148  239
 144  235
 143  235
 140  232
 140  218
 141  217
 142  217
 143  216
 145  216
 146  215
 150  215
 151  214
 153  214
 154  213
 155  213
 156  212
 158  212
 160  210
 161  210
 180  191
 180  190
 183  187
 183  186
 184  185
 184  184
 186  182
 186  181
 187  180
 187  179
 188  178
 188  177
 192  173
 192  172
 195  169
 195  168
 196  167
 196  166
 197  165
 197  164
 198  163
 198  162
 199  161
 199  158
 200  157
 200  155
 201  154
 201  152
 202  151
 202  150
 203  149
 203  147
 205  145
 205  144
 206  143
 206  142
 207  141
 207  139
 208  138
 208  136
 209  135
 209  134
 211  132
 211  131
 214  128
 214  127
 216  125
 216  124
 217  123
 217  122
 218  121
 218  120
 220  118
 220  117
 221  116
 221  115
 222  114
 222  113
 223  112
 223  111
 227  107
 227  106
 230  103
 230  102
 231  101
 231  100
 232   99
 232   98
 233   97
 233   96
 234   95
 234   94
 235   93
 235   92
 238   89
 238   88
 242   84
 242   83
 244   81
 244   80
 245   79
 245   78
 246   77
 246   75
 247   74
 247   72
 248   71
 248   65
 247   64
 247   63
 246   62
 246   61
 241   56
 240   56
 239   55
 238   55
 237   54
 236   54
 235   53
 234   53
 232   51
 231   51
 230   50
 229   50
 228   49
 226   49
 225   48
 224   48
 223   47
 222   47
 221   46
 220   46
 219   45
 217   45
 216   44
 213   44
 212   43
