 188   59
 187   60
 183   60
 182   61
 177   61
 176   62
 172   62
 171   63
 169   63
 168   64
 165   64
 164   65
 162   65
 161   66
 159   66
 158   67
 155   67
 154   68
 152   68
 151   69
 149   69
 148   70
 147   70
 146   71
 144   71
 143   72
 141   72
 140   73
 139   73
 138   74
 137   74
 136   75
 134   75
 133   76
 132   76
 131   77
 130   77
 129   78
 128   78
 127   79
 126   79
 125   80
 124   80
 123   81
 122   81
 121   82
 120   82
 118   84
 117   84
 116   85
 115   85
 114   86
 113   86
 111   88
 110   88
 109   89
 108   89
 107   90
 106   90
 104   92
 103   92
 101   94
 100   94
  97   97
  96   97
  94   99
  93   99
  92  100
  91  100
  89  102
  88  102
  86  104
  85  104
  81  108
  80  108
  76  112
  75  112
  73  114
  72  114
  68  118
  67  118
  62  123
  61  123
  57  127
  56  127
  51  132
  50  132
  44  138
  43  138
  38  143
  38  220
  39  221
  39  222
  40  222
  41  223
  41  225
  42  226
  42  240
  43  241
  43  275
  44  276
  44  281
  45  282
  45  287
  46  288
  46  289
  48  291
  48  292
  49  292
  50  293
  51  293
  52  294
  52  295
  53  296
  53  314
  52  315
  53  316
  53  317
  54  318
  54  320
  55  321
  55  322
  56  323
  56  324
  57  325
  57  326
  59  328
  59  329
  63  333
  64  333
  71  340
  72  340
  74  342
  75  342
  76  343
  77  343
  78  344
  88  344
  93  349
  94  349
  99  344
  99  343
 102  340
 116  340
 117  341
 117  347
 118  348
 118  350
 119  351
 119  353
 121  355
 121  356
 126  361
 127  361
 134  368
 135  368
 137  366
 138  366
 141  363
 141  362
 143  360
 143  355
 141  353
 141  352
 139  350
 139  349
 136  346
 136  345
 124  333
 124  332
 123  331
 123  329
 122  328
 122  309
 123  308
 123  307
 124  306
 125  306
 126  305
 127  305
 128  304
 132  304
 133  303
 135  303
 136  302
 137  302
 138  301
 139  301
 141  299
 141  298
 139  296
 139  295
 133  289
 132  289
 129  286
 128  286
 123  281
 123  265
 126  262
 127  262
 129  260
 123  254
 122  254
 120  252
 119  252
 115  248
 115  234
 113  232
 113  231
 110  228
 110  227
 109  226
 109  224
 108  223
 108  214
 106  212
 106  211
 103  208
 103  194
 104  193
 120  193
 121  194
 124  194
 125  195
 128  195
 129  194
 131  194
 132  193
 134  193
 135  192
 136  192
 137  191
 138  191
 139  190
 140  190
 142  188
 143  188
 144  187
 145  187
 147  185
 148  185
 150  183
 151  183
 153  181
 154  181
 156  179
 157  179
 161  175
 162  175
 165  172
 166  172
 169  169
 170  169
 173  166
 174  166
 187  153
 188  153
 195  146
 195  145
 198  142
 198  141
 202  137
 203  137
 204  136
 204  135
 221  118
 221  117
 224  114
 224  113
 226  111
 226  110
 228  108
 228  107
 230  105
 230  104
 232  102
 232  101
 234   99
 234   97
 235   96
 235   95
 236   94
 236   90
 237   89
 237   86
 236   85
 236   84
 235   83
 235   82
 231   78
 230   78
 228   76
 227   76
 225   74
 224   74
 223   73
 222   73
 220   71
 219   71
 218   70
 217   70
 215   68
 214   68
 213   67
 212   67
 211   66
 210   66
 209   65
 208   65
 206   63
 204   63
 203   62
 202   62
 201   61
 198   61
 197   60
 193   60
 192   59
