 210   48
 209   49
 207   49
 206   50
 203   50
 202   51
 199   51
 198   52
 196   52
 195   53
 193   53
 192   54
 191   54
 190   55
 188   55
 187   56
 185   56
 184   57
 182   57
 181   58
 180   58
 179   59
 178   59
 177   60
 175   60
 174   61
 173   61
 172   62
 171   62
 170   63
 169   63
 168   64
 167   64
 166   65
 165   65
 164   66
 163   66
 161   68
 160   68
 159   69
 158   69
 156   71
 155   71
 153   73
 152   73
 151   74
 150   74
 147   77
 146   77
 144   79
 143   79
 139   83
 138   83
 135   86
 134   86
 131   89
 130   89
 127   92
 126   92
 121   97
 120   97
 113  104
 112  104
 105  111
 104  111
  94  121
  85  121
  85  129
  83  131
  82  131
  79  134
  77  134
  76  135
  71  135
  67  139
  67  140
  65  142
  65  143
  62  146
  62  147
  60  149
  60  150
  54  156
  54  157
  52  159
  52  160
  50  162
  50  163
  48  165
  48  166
  45  169
  45  170
  43  172
  43  173
  41  175
  41  176
  39  178
  39  179
  37  181
  37  182
  36  183
  36  184
  35  185
  35  186
  33  188
  33  189
  32  190
  32  191
  31  192
  31  194
  30  195
  30  341
  31  342
  31  343
  34  346
  34  347
  40  353
  40  354
  48  362
  49  362
  51  364
  52  364
  53  365
  54  365
  56  367
  57  367
  58  368
  59  368
  61  370
  62  370
  63  371
  65  371
  66  372
  67  372
  68  373
  70  373
  71  374
  75  374
  76  375
  82  375
  85  378
  86  378
  87  379
  88  379
  89  380
  90  380
  91  379
  94  379
  95  378
  96  378
  97  377
  99  377
 100  376
 101  376
 103  374
 104  374
 107  371
 108  371
 110  369
 111  369
 112  368
 113  368
 114  367
 115  367
 116  366
 117  366
 123  360
 123  359
 124  358
 124  357
 126  355
 126  353
 129  350
 129  349
 134  344
 134  343
 135  342
 135  341
 136  340
 136  339
 137  338
 137  332
 138  331
 138  328
 139  327
 139  322
 140  321
 140  319
 141  318
 141  315
 142  314
 142  312
 143  311
 143  306
 144  305
 144  294
 143  293
 143  292
 141  290
 141  289
 139  287
 139  286
 128  275
 128  274
 127  273
 126  273
 122  269
 121  269
 119  267
 119  253
 120  252
 122  252
 123  251
 129  251
 130  250
 138  250
 139  249
 143  249
 144  248
 147  248
 148  247
 151  247
 152  246
 154  246
 155  245
 156  245
 157  244
 159  244
 160  243
 161  243
 162  242
 164  242
 166  240
 167  240
 168  239
 169  239
 171  237
 172  237
 174  235
 175  235
 180  230
 181  230
 185  226
 185  225
 191  219
 191  218
 193  216
 193  215
 194  214
 194  213
 195  212
 195  211
 196  210
 196  209
 197  208
 197  207
 198  206
 198  204
 199  203
 199  202
 200  201
 200  200
 201  199
 201  198
 202  197
 202  195
 203  194
 203  193
 204  192
 204  188
 205  187
 205  185
 206  184
 206  182
 207  181
 207  179
 208  178
 208  177
 209  176
 209  174
 210  173
 210  172
 211  171
 211  169
 212  168
 212  167
 213  166
 213  164
 214  163
 214  162
 215  161
 215  158
 216  157
 216  155
 217  154
 217  152
 218  151
 218  149
 219  148
 219  144
 220  143
 220  141
 221  140
 221  138
 222  137
 222  134
 223  133
 223  132
 224  131
 224  129
 225  128
 225  126
 226  125
 226  123
 227  122
 227  121
 229  119
 229  118
 230  117
 230  116
 231  115
 231  114
 232  113
 232  112
 233  111
 233  110
 234  109
 234  107
 235  106
 235  103
 236  102
 236  100
 237   99
 237   97
 238   96
 238   95
 239   94
 239   93
 240   92
 240   90
 241   89
 241   86
 242   85
 242   82
 243   81
 243   72
 244   71
 243   70
 243   69
 241   67
 241   66
 240   65
 240   63
 239   62
 239   60
 238   59
 238   58
 235   55
 234   55
 233   54
 232   54
 230   52
 229   52
 228   51
 227   51
 226   50
 224   50
 223   49
 221   49
 220   48
