 196   38
 195   39
 188   39
 187   40
 184   40
 183   41
 180   41
 179   42
 176   42
 175   43
 173   43
 172   44
 170   44
 169   45
 167   45
 166   46
 165   46
 164   47
 162   47
 161   48
 160   48
 159   49
 158   49
 157   50
 156   50
 155   51
 154   51
 153   52
 152   52
 151   53
 150   53
 149   54
 148   54
 147   55
 146   55
 145   56
 144   56
 143   57
 142   57
 141   58
 140   58
 139   59
 138   59
 137   60
 136   60
 134   62
 133   62
 131   64
 130   64
 128   66
 127   66
 125   68
 124   68
 122   70
 121   70
 117   74
 116   74
 113   77
 112   77
 101   88
 100   88
  90   98
  90   99
  68  121
  68  122
  53  137
  53  138
  46  145
  46  146
  45  147
  45  148
  44  149
  44  258
  45  259
  45  277
  46  278
  46  279
  47  280
  47  286
  48  287
  48  291
  49  292
  49  296
  50  297
  50  301
  51  302
  51  303
  52  304
  52  305
  53  306
  53  307
  66  320
  66  322
  67  323
  67  326
  68  327
  68  328
  69  329
  69  330
  70  331
  70  332
  71  333
  71  334
  78  341
  79  341
  81  343
  81  344
  82  345
  83  345
  85  347
  86  347
  87  348
  88  348
  89  349
  90  349
  91  348
 107  348
 108  349
 109  349
 111  347
 112  347
 115  344
 129  344
 130  345
 130  346
 132  348
 132  350
 133  351
 133  352
 134  353
 134  354
 135  355
 135  356
 136  357
 136  358
 137  359
 137  360
 138  361
 138  362
 140  364
 140  365
 141  366
 141  367
 142  368
 142  369
 143  370
 143  372
 145  374
 145  375
 146  376
 146  377
 147  378
 148  378
 156  386
 157  386
 159  388
 160  388
 161  389
 162  389
 164  387
 165  387
 166  386
 166  385
 168  383
 167  382
 167  380
 166  379
 166  378
 163  375
 163  374
 156  367
 155  367
 145  357
 145  356
 143  354
 143  353
 140  350
 140  349
 138  347
 138  346
 137  345
 137  344
 136  343
 136  342
 135  341
 135  340
 134  339
 134  320
 138  316
 139  316
 140  315
 141  315
 142  314
 143  314
 144  313
 145  313
 149  309
 149  307
 150  306
 150  293
 151  292
 151  291
 152  290
 152  289
 155  286
 156  286
 157  285
 158  285
 162  281
 162  276
 161  275
 161  260
 162  259
 162  257
 163  256
 163  255
 165  253
 165  252
 164  251
 164  250
 163  249
 163  248
 162  247
 162  246
 160  244
 160  243
 158  241
 158  240
 154  236
 154  235
 152  233
 152  232
 151  231
 151  229
 150  228
 150  227
 148  225
 148  224
 140  216
 139  216
 136  213
 136  199
 137  198
 155  198
 156  197
 159  197
 160  196
 161  196
 162  195
 163  195
 164  194
 165  194
 166  193
 167  193
 169  191
 170  191
 174  187
 175  187
 178  184
 178  183
 181  180
 181  179
 183  177
 183  176
 184  175
 184  173
 185  172
 185  171
 186  170
 186  168
 187  167
 187  166
 188  165
 188  164
 189  163
 189  162
 190  161
 190  160
 191  159
 191  158
 192  157
 192  155
 193  154
 193  151
 194  150
 194  148
 195  147
 195  141
 196  140
 196  139
 197  138
 197  137
 198  136
 198  134
 199  133
 199  128
 200  127
 200  121
 201  120
 201  119
 202  118
 202  117
 203  116
 203  115
 204  114
 204  113
 205  112
 205  111
 206  110
 206  106
 207  105
 207  103
 208  102
 208   99
 209   98
 209   97
 211   95
 211   94
 212   93
 212   92
 213   91
 213   90
 214   89
 214   88
 215   87
 215   86
 216   85
 216   84
 217   83
 217   82
 219   80
 219   79
 221   77
 221   76
 222   75
 222   74
 223   73
 223   72
 224   71
 224   70
 225   69
 225   68
 226   67
 226   66
 227   65
 227   64
 228   63
 228   61
 229   60
 229   58
 230   57
 229   56
 229   55
 228   54
 228   53
 227   52
 227   51
 225   49
 224   49
 222   47
 221   47
 220   46
 219   46
 218   45
 217   45
 215   43
 214   43
 213   42
 212   42
 211   41
 209   41
 208   40
 206   40
 205   39
 199   39
 198   38
