 180   80
 179   81
 175   81
 174   82
 172   82
 171   83
 169   83
 168   84
 166   84
 165   85
 163   85
 162   86
 161   86
 160   87
 159   87
 158   88
 156   88
 155   89
 154   89
 153   90
 152   90
 151   91
 149   91
 148   92
 147   92
 146   93
 145   93
 144   94
 143   94
 142   95
 141   95
 140   96
 139   96
 138   97
 137   97
 135   99
 134   99
 133  100
 132  100
 131  101
 130  101
 128  103
 127  103
 124  106
 123  106
 121  108
 120  108
 116  112
 115  112
 112  115
 111  115
 105  121
 104  121
  81  144
  81  145
  74  152
  73  152
  70  155
  70  156
  67  159
  67  160
  65  162
  65  163
  61  167
  59  167
  58  168
  58  255
  59  256
  59  257
  60  258
  60  260
  61  261
  61  263
  62  264
  62  269
  63  270
  63  278
  64  279
  64  281
  65  282
  65  291
  66  292
  66  296
  67  297
  67  303
  68  304
  68  305
  69  306
  69  308
  70  309
  70  310
  74  314
  75  314
  77  316
  77  317
  80  320
  80  323
  81  324
  81  325
  82  326
  82  329
  83  330
  83  331
  84  332
  84  333
  85  334
  85  335
  89  339
  90  339
  92  341
  92  342
  95  345
  96  345
  98  347
 116  347
 118  345
 118  344
 119  343
 119  342
 121  340
 136  340
 139  343
 139  342
 140  341
 140  322
 141  321
 141  320
 144  317
 146  317
 147  316
 148  316
 149  315
 150  315
 153  312
 153  311
 154  310
 154  300
 155  299
 155  297
 156  296
 156  295
 159  292
 160  292
 161  291
 162  291
 163  290
 164  290
 167  287
 167  266
 168  265
 168  264
 169  263
 169  261
 167  259
 167  257
 160  250
 160  249
 158  247
 158  245
 157  244
 157  243
 156  242
 156  241
 154  239
 154  238
 152  236
 152  235
 147  230
 146  230
 145  229
 145  215
 146  214
 159  214
 160  213
 162  213
 163  212
 165  212
 167  210
 168  210
 171  207
 172  207
 174  205
 174  204
 182  196
 182  195
 184  193
 184  191
 185  190
 185  189
 186  188
 186  186
 187  185
 187  184
 189  182
 189  181
 190  180
 190  179
 191  178
 191  177
 192  176
 192  174
 193  173
 193  163
 194  162
 194  161
 195  160
 195  157
 196  156
 196  155
 197  154
 197  150
 198  149
 198  144
 199  143
 199  142
 201  140
 201  139
 202  138
 202  136
 203  135
 203  134
 204  133
 204  130
 206  128
 206  127
 207  126
 207  125
 208  124
 208  123
 209  122
 209  121
 210  120
 210  118
 211  117
 211  115
 212  114
 212  113
 213  112
 213  111
 214  110
 214  109
 215  108
 215  105
 216  104
 216  101
 217  100
 216   99
 216   98
 215   97
 215   95
 214   94
 214   93
 208   87
 207   87
 205   85
 204   85
 203   84
 202   84
 201   83
 199   83
 198   82
 197   82
 196   81
 194   81
 193   80
