 196   41
 195   42
 191   42
 190   43
 185   43
 184   44
 181   44
 180   45
 177   45
 176   46
 173   46
 172   47
 170   47
 169   48
 167   48
 166   49
 164   49
 163   50
 162   50
 161   51
 159   51
 158   52
 157   52
 156   53
 154   53
 153   54
 152   54
 151   55
 150   55
 149   56
 148   56
 147   57
 146   57
 145   58
 144   58
 143   59
 141   59
 140   60
 139   60
 137   62
 136   62
 135   63
 134   63
 133   64
 132   64
 131   65
 130   65
 128   67
 127   67
 126   68
 125   68
 124   69
 123   69
 121   71
 120   71
 119   72
 118   72
 117   73
 116   73
 114   75
 113   75
 111   77
 110   77
 107   80
 106   80
 104   82
 103   82
 100   85
  99   85
  96   88
  95   88
  91   92
  90   92
  85   97
  84   97
  78  103
  77  103
  67  113
  67  114
  54  127
  54  128
  45  137
  45  138
  42  141
  42  142
  39  145
  39  146
  37  148
  37  149
  35  151
  35  152
  34  153
  34  154
  32  156
  32  157
  31  158
  31  261
  32  262
  32  263
  33  264
  33  265
  34  266
  34  267
  36  269
  36  270
  37  271
  37  272
  38  273
  38  274
  39  275
  39  276
  40  277
  40  278
  41  279
  41  280
  42  281
  42  283
  43  284
  43  285
  44  286
  44  287
  45  288
  45  289
  46  290
  46  291
  47  292
  47  293
  49  295
  49  296
  50  297
  50  317
  51  318
  51  321
  53  323
  53  326
  54  327
  54  328
  55  329
  55  334
  56  335
  56  338
  57  339
  57  342
  58  343
  58  344
  59  345
  59  346
  60  347
  60  348
  61  348
  64  351
  65  351
  67  353
  67  354
  71  358
  72  358
  77  363
  77  364
  78  365
  78  366
  80  368
  80  369
  82  371
  82  372
  86  376
  87  376
  96  385
  97  385
  98  386
  99  386
 100  387
 101  387
 102  388
 105  388
 106  387
 109  387
 110  386
 123  386
 124  385
 126  385
 127  384
 128  384
 129  383
 130  383
 131  382
 132  382
 135  379
 135  378
 140  373
 158  373
 158  371
 157  370
 157  368
 156  367
 156  365
 155  364
 155  348
 156  347
 156  345
 159  342
 160  342
 162  340
 163  340
 164  339
 165  339
 170  334
 170  330
 169  329
 169  325
 168  324
 168  309
 169  308
 169  306
 172  303
 173  303
 179  297
 179  295
 177  293
 177  292
 175  290
 175  289
 173  287
 173  268
 174  267
 174  266
 175  265
 174  264
 174  263
 173  262
 173  261
 170  258
 170  257
 165  252
 164  252
 157  245
 157  244
 156  243
 156  242
 155  241
 155  240
 150  235
 149  235
 146  232
 146  217
 147  216
 149  216
 150  215
 151  215
 152  214
 154  214
 155  213
 156  213
 157  212
 158  212
 159  211
 160  211
 170  201
 170  200
 172  198
 172  197
 177  192
 177  191
 182  186
 182  185
 183  184
 183  183
 184  182
 184  181
 185  180
 185  179
 187  177
 187  176
 188  175
 188  174
 189  173
 189  172
 190  171
 190  170
 192  168
 192  167
 193  166
 193  165
 194  164
 194  163
 195  162
 195  161
 196  160
 196  158
 197  157
 197  156
 198  155
 198  152
 199  151
 199  149
 200  148
 200  147
 201  146
 201  144
 202  143
 202  142
 203  141
 203  140
 204  139
 204  138
 205  137
 205  135
 206  134
 206  133
 207  132
 207  131
 208  130
 208  129
 210  127
 210  126
 212  124
 212  123
 214  121
 214  120
 215  119
 215  118
 216  117
 216  116
 217  115
 217  114
 218  113
 218  112
 219  111
 219  110
 220  109
 220  108
 221  107
 221  106
 225  102
 225  101
 227   99
 227   98
 228   97
 228   96
 229   95
 229   94
 230   93
 230   92
 231   91
 231   90
 232   89
 232   88
 233   87
 233   86
 235   84
 235   83
 237   81
 237   80
 239   78
 239   77
 240   76
 240   75
 241   74
 241   73
 242   72
 242   70
 243   69
 243   67
 244   66
 244   64
 243   63
 243   62
 242   61
 242   59
 241   58
 241   57
 238   54
 237   54
 235   52
 234   52
 232   50
 231   50
 230   49
 229   49
 228   48
 227   48
 226   47
 225   47
 224   46
 223   46
 222   45
 221   45
 220   44
 219   44
 218   43
 216   43
 215   42
 212   42
 211   41
