 205   16
 204   17
 200   17
 199   18
 195   18
 194   19
 190   19
 189   20
 186   20
 185   21
 182   21
 181   22
 179   22
 178   23
 176   23
 175   24
 173   24
 172   25
 170   25
 169   26
 167   26
 166   27
 164   27
 163   28
 162   28
 161   29
 160   29
 159   30
 157   30
 156   31
 154   31
 153   32
 152   32
 151   33
 150   33
 149   34
 148   34
 147   35
 146   35
 145   36
 144   36
 143   37
 142   37
 141   38
 140   38
 139   39
 138   39
 136   41
 135   41
 134   42
 133   42
 131   44
 130   44
 128   46
 127   46
 126   47
 125   47
 124   48
 123   48
 121   50
 120   50
 117   53
 116   53
 114   55
 113   55
 110   58
 109   58
 107   60
 106   60
 103   63
 102   63
 100   65
  99   65
  95   69
  94   69
  90   73
  89   73
  77   85
  76   85
  75   86
  75   87
  73   89
  72   89
  69   92
  59   92
  58   93
  58   94
  57   95
  57   97
  56   98
  56   99
  55  100
  55  101
  52  104
  52  105
  47  110
  47  111
  45  113
  45  114
  39  120
  39  121
  35  125
  35  126
  30  131
  30  132
  29  133
  29  261
  30  262
  30  271
  31  272
  31  280
  32  281
  32  284
  33  285
  33  292
  34  293
  34  296
  35  297
  35  302
  36  303
  36  304
  37  305
  37  306
  38  307
  38  308
  39  309
  39  310
  41  312
  41  313
  43  315
  44  315
  46  317
  53  317
  54  318
  54  334
  52  336
  52  337
  53  338
  53  339
  54  340
  54  341
  55  342
  55  343
  56  344
  56  345
  57  346
  57  347
  68  358
  69  358
  70  359
  71  359
  72  360
  73  360
  74  361
  94  361
  95  362
  96  362
  97  361
  98  361
  99  360
 100  360
 102  358
 117  358
 118  359
 118  363
 119  364
 119  366
 120  367
 120  371
 121  372
 121  374
 123  376
 123  377
 124  377
 128  381
 128  395
 130  397
 130  398
 141  409
 142  409
 144  411
 145  411
 146  412
 148  412
 149  411
 150  411
 151  410
 152  410
 154  408
 154  395
 155  394
 155  393
 152  390
 152  389
 151  388
 151  387
 148  384
 148  383
 146  381
 146  380
 143  377
 143  376
 141  374
 141  373
 139  371
 139  370
 138  369
 138  368
 137  367
 137  366
 136  365
 136  364
 135  363
 135  362
 134  361
 134  360
 133  359
 133  357
 132  356
 132  355
 131  354
 131  351
 130  350
 130  348
 129  347
 129  331
 132  328
 133  328
 134  327
 137  327
 138  326
 140  326
 141  325
 142  325
 143  324
 144  324
 145  323
 146  323
 147  322
 147  321
 149  319
 149  318
 150  317
 150  315
 151  314
 151  298
 152  297
 152  296
 153  295
 154  295
 155  294
 156  294
 157  293
 158  293
 159  292
 160  292
 162  290
 163  290
 165  288
 165  287
 166  286
 166  285
 167  284
 166  283
 166  281
 165  280
 165  278
 164  277
 164  259
 166  257
 166  256
 167  255
 167  254
 166  253
 166  252
 165  251
 165  249
 164  248
 164  247
 162  245
 162  244
 161  243
 161  242
 159  240
 159  239
 157  237
 157  236
 154  233
 154  232
 152  230
 152  229
 150  227
 150  226
 149  225
 149  224
 147  222
 147  221
 142  216
 142  215
 136  209
 135  209
 132  206
 132  192
 133  191
 145  191
 146  190
 153  190
 154  189
 157  189
 158  188
 159  188
 160  187
 162  187
 163  186
 164  186
 165  185
 166  185
 173  178
 174  178
 183  169
 183  168
 187  164
 187  163
 189  161
 189  160
 190  159
 190  158
 192  156
 192  155
 196  151
 196  150
 197  149
 197  148
 198  147
 198  144
 199  143
 199  140
 200  139
 200  134
 202  132
 202  131
 204  129
 204  128
 205  127
 205  125
 206  124
 206  123
 207  122
 207  111
 208  110
 208  109
 209  108
 209  107
 214  102
 214  101
 215  100
 215   99
 216   98
 216   97
 217   96
 217   94
 218   93
 218   91
 219   90
 219   89
 220   88
 220   86
 222   84
 222   83
 225   80
 225   79
 227   77
 227   76
 228   75
 228   74
 229   73
 229   72
 230   71
 230   70
 231   69
 231   68
 233   66
 233   65
 236   62
 236   61
 237   60
 237   59
 238   58
 238   57
 239   56
 239   55
 240   54
 240   53
 241   52
 241   51
 242   50
 242   48
 243   47
 243   46
 244   45
 244   43
 245   42
 245   41
 246   40
 246   38
 245   37
 245   36
 244   35
 244   34
 243   33
 243   32
 237   26
 236   26
 235   25
 234   25
 232   23
 231   23
 230   22
 229   22
 228   21
 227   21
 226   20
 225   20
 224   19
 223   19
 222   18
 220   18
 219   17
 215   17
 214   16
