 188   70
 187   71
 184   71
 183   72
 179   72
 178   73
 176   73
 175   74
 173   74
 172   75
 170   75
 169   76
 168   76
 167   77
 165   77
 164   78
 163   78
 162   79
 160   79
 159   80
 158   80
 157   81
 156   81
 155   82
 154   82
 153   83
 152   83
 151   84
 150   84
 148   86
 147   86
 146   87
 145   87
 143   89
 142   89
 141   90
 140   90
 138   92
 137   92
 135   94
 134   94
 133   95
 132   95
 130   97
 129   97
 127   99
 126   99
 123  102
 122  102
 120  104
 119  104
 116  107
 115  107
 110  112
 109  112
  91  130
  85  130
  84  131
  83  131
  83  132
  82  133
  82  134
  80  136
  80  137
  79  138
  79  139
  78  140
  78  141
  75  144
  75  145
  71  149
  71  150
  70  151
  70  152
  66  156
  66  157
  63  160
  63  161
  61  163
  61  164
  59  166
  59  168
  58  169
  58  258
  59  259
  59  261
  61  263
  61  266
  62  267
  62  268
  63  269
  63  272
  64  273
  64  274
  65  275
  65  276
  66  277
  66  278
  67  279
  67  283
  68  284
  68  294
  69  295
  69  299
  70  300
  70  301
  71  302
  71  304
  72  305
  72  306
  74  308
  74  309
  75  310
  75  311
  86  322
  86  323
  87  324
  87  325
  88  326
  88  327
  89  328
  89  330
  90  331
  90  332
  91  333
  91  334
  92  335
  92  336
  95  339
  95  340
 106  351
 107  351
 109  353
 110  353
 111  354
 127  354
 129  356
 130  356
 133  353
 133  352
 135  350
 152  350
 152  347
 151  346
 151  330
 152  329
 152  327
 153  326
 153  325
 156  322
 157  322
 158  321
 159  321
 162  318
 162  301
 164  299
 165  299
 166  298
 167  298
 168  297
 169  297
 169  296
 167  294
 167  293
 165  291
 165  276
 166  275
 172  275
 173  274
 174  274
 175  273
 175  272
 176  271
 176  270
 175  269
 175  267
 174  266
 174  265
 172  263
 172  262
 171  261
 171  260
 168  257
 168  256
 167  255
 167  253
 165  251
 165  249
 163  247
 163  246
 162  245
 162  244
 153  235
 152  235
 149  232
 148  232
 147  231
 147  217
 148  216
 159  216
 160  215
 163  215
 164  214
 168  214
 169  213
 170  213
 171  212
 172  212
 187  197
 187  196
 188  195
 188  193
 189  192
 189  191
 190  190
 190  188
 191  187
 191  183
 192  182
 192  181
 193  180
 193  179
 194  178
 194  177
 195  176
 195  174
 196  173
 196  159
 197  158
 197  156
 198  155
 198  148
 199  147
 199  141
 200  140
 200  139
 201  138
 201  137
 202  136
 202  134
 203  133
 203  131
 204  130
 204  126
 205  125
 205  123
 206  122
 206  121
 207  120
 207  119
 208  118
 208  116
 209  115
 209  113
 210  112
 210  110
 211  109
 211  107
 212  106
 212  104
 213  103
 213  101
 214  100
 214   98
 215   97
 215   86
 214   85
 214   84
 212   82
 212   81
 211   81
 209   79
 208   79
 207   78
 206   78
 205   77
 204   77
 201   74
 200   74
 199   73
 198   73
 197   72
 195   72
 194   71
 192   71
 191   70
