 173   81
 172   82
 167   82
 166   83
 164   83
 163   84
 160   84
 159   85
 157   85
 156   86
 155   86
 154   87
 152   87
 151   88
 150   88
 149   89
 147   89
 146   90
 145   90
 144   91
 143   91
 142   92
 141   92
 140   93
 139   93
 138   94
 137   94
 136   95
 135   95
 134   96
 133   96
 132   97
 131   97
 130   98
 129   98
 126  101
 125  101
 123  103
 122  103
 120  105
 119  105
 116  108
 115  108
 111  112
 110  112
 106  116
 105  116
 101  120
 100  120
  98  122
  83  122
  80  125
  80  126
  78  128
  78  129
  77  130
  77  131
  76  132
  76  133
  75  134
  75  136
  74  137
  74  138
  73  139
  73  141
  72  142
  72  144
  71  145
  71  146
  70  147
  70  148
  69  149
  69  150
  68  151
  68  152
  67  153
  67  155
  66  156
  66  157
  64  159
  64  160
  63  161
  63  162
  62  163
  62  286
  63  287
  63  290
  64  291
  64  301
  65  302
  65  304
  66  305
  66  308
  67  309
  67  310
  69  312
  69  313
  70  314
  70  315
  84  329
  84  330
  85  331
  85  332
  87  334
  87  335
  98  346
  99  346
 100  347
 101  347
 102  348
 119  348
 120  347
 121  347
 123  345
 124  345
 126  343
 127  343
 128  342
 134  342
 135  341
 137  341
 139  339
 140  339
 141  338
 141  337
 142  336
 142  335
 143  334
 143  331
 144  330
 144  327
 146  325
 148  325
 149  324
 150  324
 152  322
 153  322
 154  321
 154  320
 155  319
 155  317
 156  316
 156  310
 157  309
 157  305
 159  303
 159  302
 161  300
 162  300
 164  298
 165  298
 167  296
 167  295
 168  294
 168  290
 167  289
 167  272
 168  271
 168  270
 169  269
 169  268
 170  267
 169  266
 169  265
 168  264
 168  262
 166  260
 166  258
 164  256
 164  254
 163  253
 163  252
 162  251
 162  250
 161  249
 161  247
 160  246
 160  245
 158  243
 158  242
 153  237
 152  237
 149  234
 148  234
 147  233
 147  219
 148  218
 150  218
 151  217
 153  217
 154  216
 156  216
 157  215
 159  215
 160  214
 161  214
 163  212
 164  212
 167  209
 168  209
 171  206
 171  205
 173  203
 174  203
 175  202
 175  201
 181  195
 181  194
 183  192
 183  190
 184  189
 184  188
 185  187
 185  186
 187  184
 187  183
 189  181
 189  180
 190  179
 190  178
 191  177
 191  175
 192  174
 192  172
 193  171
 193  168
 194  167
 194  164
 195  163
 195  162
 196  161
 196  160
 197  159
 197  157
 198  156
 198  154
 199  153
 199  147
 200  146
 200  145
 201  144
 201  142
 202  141
 202  139
 203  138
 203  135
 204  134
 204  132
 205  131
 205  130
 206  129
 206  127
 207  126
 207  125
 208  124
 208  122
 209  121
 209  118
 210  117
 210  115
 211  114
 211  112
 212  111
 212  106
 211  105
 211  103
 210  102
 210  100
 209   99
 209   98
 208   97
 208   96
 207   95
 207   94
 203   90
 202   90
 200   88
 199   88
 197   86
 196   86
 195   85
 194   85
 193   84
 191   84
 190   83
 188   83
 187   82
 184   82
 183   81
