 190   50
 189   51
 181   51
 180   52
 177   52
 176   53
 174   53
 173   54
 170   54
 169   55
 167   55
 166   56
 164   56
 163   57
 161   57
 160   58
 158   58
 157   59
 156   59
 155   60
 154   60
 153   61
 151   61
 150   62
 149   62
 148   63
 147   63
 146   64
 145   64
 144   65
 143   65
 142   66
 141   66
 140   67
 139   67
 138   68
 137   68
 136   69
 134   69
 133   70
 132   70
 131   71
 130   71
 128   73
 127   73
 126   74
 125   74
 123   76
 122   76
 121   77
 120   77
 119   78
 118   78
 117   79
 116   79
 114   81
 113   81
 111   83
 110   83
 109   84
 108   84
 105   87
 104   87
 101   90
 100   90
  98   92
  97   92
  94   95
  93   95
  89   99
  88   99
  84  103
  83  103
  75  111
  74  111
  70  115
  69  115
  56  128
  56  129
  52  133
  52  134
  48  138
  48  139
  46  141
  46  142
  44  144
  44  145
  41  148
  41  149
  39  151
  39  153
  38  154
  38  250
  39  251
  39  252
  40  253
  40  254
  42  256
  42  257
  44  259
  44  260
  45  261
  45  262
  46  263
  46  264
  47  265
  47  266
  48  267
  48  268
  49  269
  49  272
  50  273
  50  291
  51  292
  51  293
  52  294
  52  299
  53  300
  53  302
  54  303
  54  308
  55  309
  55  311
  56  312
  56  315
  57  316
  57  319
  58  320
  58  322
  59  323
  59  325
  60  326
  60  327
  61  328
  61  330
  62  331
  62  332
  63  333
  63  335
  64  336
  64  337
  66  339
  66  340
  68  342
  68  343
  69  344
  70  344
  79  353
  80  353
  82  355
  83  355
  93  365
  94  365
 103  374
 104  374
 106  376
 107  376
 108  377
 109  377
 110  378
 115  378
 116  377
 119  377
 120  376
 123  376
 124  375
 127  375
 128  374
 129  374
 130  373
 131  373
 133  371
 134  371
 138  367
 139  367
 142  364
 152  364
 153  363
 154  363
 155  362
 156  362
 155  361
 155  360
 154  359
 154  357
 153  356
 153  337
 154  336
 154  335
 157  332
 158  332
 159  331
 160  331
 163  328
 163  327
 165  325
 165  307
 166  306
 166  304
 167  303
 167  302
 172  297
 172  296
 173  295
 173  294
 172  293
 172  291
 171  290
 171  271
 172  270
 172  267
 171  266
 171  265
 170  264
 170  263
 165  258
 165  257
 161  253
 161  252
 159  250
 159  248
 158  247
 158  246
 157  245
 157  244
 156  243
 156  242
 146  232
 145  232
 142  229
 142  215
 144  213
 146  213
 147  212
 149  212
 150  211
 152  211
 153  210
 154  210
 155  209
 157  209
 158  208
 159  208
 160  207
 161  207
 163  205
 164  205
 172  197
 172  196
 178  190
 178  189
 181  186
 181  185
 182  184
 182  183
 183  182
 183  181
 185  179
 185  178
 186  177
 186  176
 187  175
 187  174
 188  173
 188  172
 189  171
 189  170
 191  168
 191  166
 192  165
 192  164
 193  163
 193  161
 194  160
 194  159
 195  158
 195  155
 196  154
 196  151
 197  150
 197  148
 198  147
 198  145
 199  144
 199  142
 200  141
 200  138
 201  137
 201  136
 202  135
 202  132
 203  131
 203  130
 204  129
 204  128
 205  127
 205  126
 206  125
 206  124
 207  123
 207  122
 208  121
 208  120
 209  119
 209  118
 210  117
 210  116
 212  114
 212  113
 213  112
 213  111
 215  109
 215  108
 219  104
 219  103
 222  100
 222   99
 225   96
 225   95
 227   93
 227   92
 229   90
 229   89
 230   88
 230   87
 231   86
 231   85
 232   84
 232   82
 233   81
 233   80
 234   79
 234   77
 235   76
 235   74
 236   73
 236   71
 234   69
 234   68
 232   66
 232   65
 231   65
 228   62
 227   62
 226   61
 225   61
 224   60
 223   60
 221   58
 220   58
 219   57
 218   57
 217   56
 216   56
 215   55
 214   55
 213   54
 211   54
 210   53
 209   53
 208   52
 206   52
 205   51
 200   51
 199   50
