 227   12
 226   13
 217   13
 216   14
 212   14
 211   15
 207   15
 206   16
 203   16
 202   17
 199   17
 198   18
 196   18
 195   19
 193   19
 192   20
 189   20
 188   21
 186   21
 185   22
 184   22
 183   23
 181   23
 180   24
 179   24
 178   25
 177   25
 176   26
 174   26
 173   27
 172   27
 171   28
 170   28
 169   29
 168   29
 167   30
 166   30
 165   31
 164   31
 163   32
 162   32
 161   33
 160   33
 159   34
 158   34
 156   36
 155   36
 154   37
 153   37
 152   38
 151   38
 150   39
 149   39
 148   40
 147   40
 145   42
 144   42
 143   43
 142   43
 141   44
 140   44
 138   46
 137   46
 136   47
 135   47
 133   49
 132   49
 131   50
 130   50
 128   52
 127   52
 125   54
 124   54
 123   55
 122   55
 119   58
 118   58
 116   60
 115   60
 113   62
 112   62
 109   65
 108   65
 104   69
 103   69
  99   73
  98   73
  92   79
  91   79
  87   83
  86   83
  84   85
  83   85
  79   89
  78   89
  71   96
  70   96
  54  112
  53  112
  49  116
  49  117
  34  132
  33  132
  25  140
  25  141
  21  145
  21  146
  19  148
  19  149
  17  151
  17  152
  15  154
  15  155
  12  158
  12  159
  10  161
  10  162
   9  163
   0  163
   0  324
   8  324
   9  325
   9  326
  11  328
  11  329
  12  330
  12  331
  13  332
  13  333
  14  334
  14  335
  16  337
  16  338
  18  340
  18  341
  19  342
  19  343
  21  345
  21  346
  23  348
  23  349
  25  351
  25  352
  27  354
  27  355
  37  365
  38  365
  46  373
  47  373
  48  374
  48  375
  50  377
  50  379
  51  380
  51  384
  52  385
  52  387
  53  388
  53  391
  54  392
  54  393
  55  394
  55  396
  56  397
  56  398
  57  399
  57  400
  58  401
  58  402
  67  411
  68  411
  70  413
  71  413
  73  415
  75  415
  76  416
  91  416
  92  415
  97  415
  98  414
 100  414
 101  413
 102  413
 104  411
 105  411
 106  410
 107  410
 112  405
 113  405
 115  403
 116  403
 118  401
 120  401
 121  400
 123  400
 124  399
 126  399
 127  398
 128  398
 130  396
 131  396
 132  395
 132  394
 134  392
 134  391
 135  390
 135  389
 136  388
 136  387
 137  386
 137  384
 138  383
 138  381
 139  380
 139  379
 140  378
 140  376
 142  374
 142  373
 147  368
 148  368
 149  367
 150  367
 152  365
 153  365
 154  364
 154  363
 156  361
 156  360
 157  359
 157  356
 158  355
 158  351
 159  350
 159  328
 160  327
 160  325
 161  324
 161  322
 162  321
 162  320
 163  319
 163  318
 164  317
 164  316
 165  315
 165  311
 164  310
 164  308
 163  307
 163  306
 162  305
 162  304
 161  303
 161  301
 160  300
 160  298
 159  297
 159  296
 158  295
 158  294
 157  293
 157  291
 155  289
 155  288
 153  286
 153  285
 149  281
 149  280
 143  274
 142  274
 138  270
 137  270
 134  267
 133  267
 130  264
 129  264
 125  260
 125  246
 126  245
 136  245
 137  244
 143  244
 144  243
 149  243
 150  242
 154  242
 155  241
 158  241
 159  240
 161  240
 162  239
 164  239
 165  238
 167  238
 168  237
 169  237
 170  236
 171  236
 172  235
 173  235
 175  233
 176  233
 178  231
 179  231
 181  229
 182  229
 184  227
 185  227
 190  222
 191  222
 204  209
 204  208
 207  205
 207  204
 210  201
 210  200
 211  199
 211  198
 213  196
 213  195
 214  194
 214  193
 215  192
 215  190
 216  189
 216  188
 218  186
 218  185
 219  184
 219  183
 220  182
 220  181
 221  180
 221  179
 222  178
 222  177
 223  176
 223  175
 224  174
 224  172
 225  171
 225  170
 226  169
 226  168
 227  167
 227  166
 228  165
 228  163
 229  162
 229  160
 230  159
 230  157
 231  156
 231  154
 233  152
 233  150
 234  149
 234  148
 235  147
 235  146
 236  145
 236  144
 237  143
 237  141
 238  140
 238  139
 239  138
 239  137
 240  136
 240  134
 241  133
 241  132
 242  131
 242  130
 243  129
 243  127
 244  126
 244  123
 245  122
 245  120
 246  119
 246  117
 247  116
 247  115
 248  114
 248  112
 249  111
 249  110
 250  109
 250  107
 251  106
 251  104
 252  103
 252  102
 253  101
 253  100
 254   99
 254   97
 255   96
 255   95
 257   93
 257   92
 258   91
 258   90
 259   89
 259   88
 261   86
 261   85
 262   84
 262   83
 263   82
 263   81
 265   79
 265   78
 266   77
 266   76
 267   75
 274   75
 274   22
 265   22
 264   21
 263   21
 262   20
 260   20
 259   19
 258   19
 257   18
 255   18
 254   17
 253   17
 252   16
 251   16
 250   15
 248   15
 247   14
 243   14
 242   13
 236   13
 235   12
