 181   64
 180   65
 176   65
 175   66
 169   66
 168   67
 164   67
 163   68
 160   68
 159   69
 156   69
 155   70
 152   70
 151   71
 149   71
 148   72
 146   72
 145   73
 143   73
 142   74
 140   74
 139   75
 137   75
 136   76
 135   76
 134   77
 132   77
 131   78
 130   78
 129   79
 128   79
 127   80
 125   80
 124   81
 123   81
 122   82
 121   82
 120   83
 119   83
 118   84
 117   84
 116   85
 114   85
 113   86
 112   86
 111   87
 110   87
 109   88
 108   88
 107   89
 106   89
 105   90
 104   90
 103   91
 102   91
 101   92
 100   92
  99   93
  98   93
  97   94
  96   94
  94   96
  93   96
  92   97
  91   97
  90   98
  89   98
  88   99
  87   99
  85  101
  84  101
  81  104
  80  104
  79  105
  78  105
  76  107
  75  107
  74  108
  58  108
  57  107
  57  103
  52  108
  52  123
  51  124
  50  124
  41  133
  41  134
  37  138
  37  139
  36  140
  36  141
  33  144
  33  145
  32  146
  32  301
  33  302
  33  305
  34  306
  34  312
  35  313
  35  314
  36  315
  36  317
  37  318
  37  319
  39  321
  39  322
  44  327
  45  327
  49  331
  49  332
  53  336
  53  338
  54  339
  54  340
  55  341
  55  343
  56  344
  56  345
  58  347
  58  348
  59  349
  59  350
  61  352
  62  352
  71  361
  72  361
  73  362
  74  362
  75  363
  76  363
  77  364
  78  363
  80  363
  81  362
  97  362
  98  361
  99  361
 100  360
 101  360
 105  356
 106  356
 107  355
 121  355
 123  353
 123  351
 124  350
 124  338
 125  337
 125  336
 127  334
 128  334
 130  332
 131  332
 132  331
 133  331
 135  329
 136  329
 137  328
 137  327
 138  326
 138  325
 139  324
 138  323
 138  299
 140  297
 140  296
 141  295
 142  295
 145  292
 145  289
 144  288
 144  287
 143  286
 143  267
 144  266
 144  263
 143  262
 143  261
 142  260
 142  258
 140  256
 140  255
 138  253
 138  251
 137  250
 137  248
 136  247
 136  245
 135  244
 135  241
 134  240
 134  238
 132  236
 132  235
 127  230
 127  229
 123  225
 123  211
 124  210
 126  210
 127  209
 132  209
 133  208
 136  208
 137  207
 138  207
 139  206
 140  206
 142  204
 143  204
 149  198
 149  197
 153  193
 153  192
 158  187
 158  186
 160  184
 160  183
 162  181
 162  180
 164  178
 164  177
 165  176
 165  175
 168  172
 168  171
 171  168
 171  167
 172  166
 172  165
 173  164
 173  163
 177  159
 177  158
 187  148
 187  147
 188  146
 188  145
 191  142
 191  141
 201  131
 201  130
 210  121
 211  121
 214  118
 215  118
 223  110
 223  109
 234   98
 234   97
 236   95
 236   94
 238   92
 238   91
 239   90
 239   89
 240   88
 240   87
 241   86
 241   82
 240   81
 240   80
 236   76
 235   76
 234   75
 233   75
 232   74
 231   74
 230   73
 229   73
 228   72
 227   72
 225   70
 224   70
 223   69
 222   69
 221   68
 220   68
 219   67
 217   67
 216   66
 214   66
 213   65
 209   65
 208   64
