 185   72
 184   73
 182   73
 181   74
 177   74
 176   75
 174   75
 173   76
 171   76
 170   77
 168   77
 167   78
 166   78
 165   79
 163   79
 162   80
 160   80
 159   81
 158   81
 157   82
 156   82
 155   83
 154   83
 153   84
 152   84
 151   85
 150   85
 149   86
 148   86
 147   87
 146   87
 144   89
 143   89
 142   90
 141   90
 139   92
 138   92
 137   93
 136   93
 134   95
 133   95
 130   98
 129   98
 127  100
 126  100
 124  102
 123  102
 119  106
 118  106
 109  115
 108  115
 105  118
 105  119
 103  121
 102  121
  86  137
  85  137
  82  140
  81  140
  77  144
  77  145
  73  149
  72  149
  72  150
  71  151
  70  151
  70  152
  62  160
  62  162
  61  163
  61  285
  62  286
  62  289
  63  290
  63  297
  64  298
  64  300
  65  301
  65  304
  66  305
  66  306
  67  307
  67  308
  68  309
  68  310
  69  311
  69  312
  70  313
  70  314
  73  317
  74  317
  75  318
  75  319
  83  327
  83  328
  84  329
  84  330
  85  331
  85  334
  87  336
  87  338
  90  341
  90  342
  92  344
  93  344
 102  353
 118  353
 119  354
 120  354
 121  355
 122  355
 123  354
 123  353
 125  351
 125  350
 127  348
 144  348
 147  351
 148  350
 148  328
 151  325
 154  325
 155  324
 156  324
 157  323
 158  323
 158  322
 160  320
 160  305
 162  303
 163  303
 164  302
 167  302
 168  301
 169  301
 171  299
 171  279
 172  278
 173  278
 175  276
 175  275
 174  274
 174  272
 173  271
 173  270
 172  269
 172  268
 171  267
 171  266
 169  264
 169  263
 168  262
 168  261
 167  260
 167  259
 165  257
 165  256
 163  254
 163  253
 161  251
 161  250
 155  244
 155  243
 153  241
 152  241
 146  235
 146  221
 147  220
 148  220
 149  219
 157  219
 158  218
 161  218
 162  217
 164  217
 165  216
 166  216
 167  215
 168  215
 169  214
 170  214
 180  204
 180  203
 183  200
 183  199
 185  197
 185  196
 187  194
 187  192
 188  191
 188  189
 189  188
 189  184
 190  183
 190  181
 191  180
 191  177
 192  176
 192  174
 193  173
 193  165
 194  164
 194  160
 195  159
 195  158
 196  157
 196  155
 197  154
 197  142
 198  141
 198  139
 199  138
 199  137
 200  136
 200  132
 201  131
 201  127
 202  126
 202  123
 203  122
 203  121
 204  120
 204  119
 205  118
 205  117
 206  116
 206  112
 207  111
 207  109
 208  108
 208  107
 209  106
 209  105
 210  104
 210  102
 211  101
 211   96
 212   95
 212   92
 213   91
 213   87
 212   86
 212   85
 211   84
 211   83
 210   82
 210   81
 209   81
 207   79
 206   79
 205   78
 204   78
 202   76
 201   76
 200   75
 199   75
 198   74
 197   74
 196   73
 194   73
 193   72
