 184   76
 183   77
 181   77
 180   78
 174   78
 173   79
 171   79
 170   80
 168   80
 167   81
 164   81
 163   82
 162   82
 161   83
 160   83
 159   84
 158   84
 157   85
 156   85
 155   86
 153   86
 152   87
 151   87
 149   89
 148   89
 146   91
 145   91
 142   94
 141   94
 140   95
 139   95
 137   97
 136   97
 133  100
 132  100
 130  102
 116  102
 115  101
 114  101
 108  107
 107  107
 103  111
 102  111
  93  120
  92  120
  90  122
  86  122
  85  123
  84  123
  84  124
  83  125
  83  127
  82  128
  82  129
  81  130
  81  132
  80  133
  80  134
  78  136
  78  137
  77  138
  77  139
  75  141
  75  142
  72  145
  72  146
  70  148
  70  149
  68  151
  68  152
  66  154
  66  155
  64  157
  64  158
  63  159
  63  160
  62  161
  62  269
  63  270
  63  271
  64  272
  64  273
  65  274
  65  281
  66  282
  66  292
  67  293
  67  296
  68  297
  68  306
  69  307
  69  309
  70  310
  70  313
  71  314
  71  315
  72  316
  72  317
  73  318
  73  319
  75  321
  75  322
  77  324
  78  324
  84  330
  84  331
  87  334
  87  335
  88  336
  88  337
  90  339
  90  340
 101  351
 102  351
 103  352
 104  352
 105  353
 106  353
 107  354
 110  354
 111  355
 122  355
 123  354
 124  354
 125  353
 126  353
 127  352
 128  352
 129  351
 130  351
 131  350
 137  350
 138  349
 140  349
 141  348
 142  348
 143  347
 144  347
 145  346
 145  345
 146  344
 146  343
 147  342
 147  341
 148  340
 148  337
 153  332
 154  332
 155  331
 156  331
 160  327
 160  326
 161  325
 161  324
 162  323
 162  317
 163  316
 163  313
 164  312
 164  311
 167  308
 168  308
 170  306
 171  306
 173  304
 173  303
 174  302
 174  301
 175  300
 175  298
 174  297
 174  279
 175  278
 175  277
 176  276
 176  272
 175  271
 175  270
 174  269
 174  267
 172  265
 172  263
 170  261
 170  258
 169  257
 169  255
 168  254
 168  253
 166  251
 166  250
 158  242
 157  242
 152  237
 151  237
 148  234
 147  234
 144  231
 144  217
 145  216
 152  216
 153  215
 157  215
 158  214
 159  214
 160  213
 162  213
 164  211
 165  211
 183  193
 183  192
 184  191
 184  190
 185  189
 185  188
 186  187
 186  185
 187  184
 187  183
 188  182
 188  181
 189  180
 189  179
 191  177
 191  176
 192  175
 192  173
 193  172
 193  171
 194  170
 194  164
 195  163
 195  161
 196  160
 196  158
 197  157
 197  156
 198  155
 198  153
 199  152
 199  149
 200  148
 200  145
 201  144
 201  140
 202  139
 202  137
 203  136
 203  132
 204  131
 204  129
 205  128
 205  126
 206  125
 206  124
 207  123
 207  121
 208  120
 208  119
 209  118
 209  114
 210  113
 210  111
 211  110
 211  106
 212  105
 212  101
 211  100
 211   98
 210   97
 210   96
 209   95
 209   94
 208   93
 208   92
 205   89
 205   88
 203   86
 202   86
 200   84
 199   84
 198   83
 197   83
 195   81
 194   81
 192   79
 191   79
 190   78
 189   78
 188   77
 187   77
 186   76
