 185   21
 184   22
 176   22
 175   23
 169   23
 168   24
 164   24
 163   25
 159   25
 158   26
 155   26
 154   27
 151   27
 150   28
 147   28
 146   29
 144   29
 143   30
 141   30
 140   31
 138   31
 137   32
 135   32
 134   33
 132   33
 131   34
 130   34
 129   35
 128   35
 127   36
 125   36
 124   37
 123   37
 122   38
 120   38
 119   39
 118   39
 117   40
 116   40
 115   41
 114   41
 113   42
 112   42
 111   43
 109   43
 108   44
 107   44
 106   45
 105   45
 104   46
 103   46
 102   47
 101   47
 100   48
  99   48
  98   49
  97   49
  96   50
  95   50
  94   51
  93   51
  92   52
  91   52
  89   54
  88   54
  87   55
  86   55
  84   57
  83   57
  82   58
  81   58
  79   60
  78   60
  76   62
  75   62
  73   64
  72   64
  70   66
  69   66
  67   68
  66   68
  63   71
  62   71
  60   73
  59   73
  54   78
  53   78
  50   81
  49   81
  44   86
  43   86
  36   93
  35   93
  16  112
  16  113
  13  116
  13  118
  12  119
  12  321
  13  322
  13  326
  14  327
  14  329
  15  330
  15  331
  19  335
  20  335
  21  336
  22  336
  23  337
  23  338
  28  343
  29  343
  30  344
  30  345
  32  347
  32  348
  33  349
  33  351
  34  352
  34  353
  35  354
  35  356
  36  357
  36  358
  37  359
  37  360
  38  361
  38  362
  40  364
  40  365
  42  367
  42  368
  44  370
  45  370
  53  378
  54  378
  56  380
  57  380
  58  381
  59  381
  60  382
  82  382
  84  380
  85  380
  88  377
  89  377
  90  376
 104  376
 105  377
 105  378
 106  379
 106  380
 107  381
 107  382
 108  383
 108  384
 109  385
 109  386
 110  387
 110  388
 111  389
 111  390
 114  393
 114  394
 118  398
 119  398
 125  404
 126  404
 128  406
 129  406
 129  405
 131  403
 131  401
 132  400
 132  399
 131  398
 131  395
 130  394
 130  392
 129  391
 129  389
 128  388
 128  387
 127  386
 127  385
 126  384
 126  383
 124  381
 124  380
 122  378
 122  376
 120  374
 120  373
 119  372
 119  371
 118  370
 118  366
 117  365
 117  349
 118  348
 118  347
 124  341
 125  341
 127  339
 128  339
 133  334
 133  333
 135  331
 135  327
 136  326
 136  317
 137  316
 137  313
 138  312
 138  311
 139  310
 139  309
 141  307
 142  307
 144  305
 145  305
 148  302
 148  301
 150  299
 150  295
 149  294
 149  293
 148  292
 148  268
 152  264
 152  263
 153  262
 153  260
 152  259
 152  258
 150  256
 150  255
 146  251
 146  250
 144  248
 144  247
 143  246
 143  245
 142  244
 142  241
 141  240
 141  233
 140  232
 140  229
 139  228
 139  227
 138  226
 138  225
 137  224
 137  223
 135  221
 135  220
 133  218
 133  217
 131  215
 131  200
 132  199
 133  199
 134  198
 138  198
 139  197
 141  197
 142  196
 143  196
 144  195
 146  195
 148  193
 149  193
 150  192
 151  192
 154  189
 155  189
 162  182
 163  182
 178  167
 178  166
 181  163
 181  162
 185  158
 185  157
 187  155
 187  154
 190  151
 190  150
 192  148
 192  147
 193  146
 193  145
 196  142
 196  141
 199  138
 199  137
 203  133
 203  132
 204  131
 204  130
 205  129
 205  128
 207  126
 207  125
 208  124
 208  123
 209  122
 209  121
 211  119
 211  118
 218  111
 218  110
 222  106
 222  105
 225  102
 225  101
 227   99
 227   98
 233   92
 234   92
 235   91
 235   90
 239   86
 239   85
 241   83
 241   82
 248   75
 248   74
 252   70
 252   69
 255   66
 255   65
 257   63
 257   62
 258   61
 258   60
 259   59
 259   58
 260   57
 260   56
 261   55
 261   53
 262   52
 262   47
 261   46
 261   45
 260   44
 260   43
 253   36
 252   36
 251   35
 250   35
 248   33
 247   33
 246   32
 245   32
 244   31
 243   31
 242   30
 240   30
 239   29
 238   29
 237   28
 236   28
 235   27
 233   27
 232   26
 231   26
 230   25
 227   25
 226   24
 224   24
 223   23
 218   23
 217   22
 206   22
 205   21
