 181   58
 180   59
 169   59
 168   60
 164   60
 163   61
 160   61
 159   62
 156   62
 155   63
 154   63
 153   64
 151   64
 150   65
 149   65
 148   66
 146   66
 145   67
 144   67
 143   68
 141   68
 140   69
 139   69
 138   70
 136   70
 135   71
 134   71
 133   72
 132   72
 131   73
 130   73
 129   74
 127   74
 126   75
 125   75
 124   76
 123   76
 122   77
 121   77
 120   78
 119   78
 118   79
 117   79
 116   80
 115   80
 114   81
 113   81
 111   83
 110   83
 109   84
 108   84
 107   85
 106   85
 103   88
 102   88
 100   90
  99   90
  96   93
  95   93
  93   95
  92   95
  87  100
  86  100
  83  103
  82  103
  79  106
  78  106
  74  110
  73  110
  72  111
  71  111
  70  112
  67  112
  66  113
  65  113
  63  115
  62  115
  60  117
  60  118
  42  136
  41  136
  38  139
  38  140
  37  141
  37  244
  38  245
  38  246
  41  249
  41  250
  42  250
  44  252
  45  252
  53  260
  53  269
  54  270
  54  273
  55  274
  55  282
  56  283
  56  285
  57  286
  57  291
  58  292
  58  295
  59  296
  59  300
  60  301
  60  305
  61  306
  61  308
  62  309
  62  313
  63  314
  63  317
  64  318
  64  323
  65  324
  65  325
  66  326
  66  328
  70  332
  71  332
  73  334
  73  335
  76  338
  77  338
  78  339
  79  339
  81  341
  81  342
  82  343
  82  345
  83  346
  83  348
  84  349
  84  350
  85  351
  85  353
  87  355
  87  356
  98  367
  99  367
 101  369
 102  369
 103  370
 104  370
 105  369
 124  369
 125  368
 126  368
 127  367
 128  367
 129  366
 130  366
 132  364
 132  363
 137  358
 138  358
 139  357
 144  357
 145  356
 146  356
 147  355
 148  355
 149  354
 150  354
 151  353
 151  352
 152  351
 152  336
 153  335
 153  333
 154  332
 154  331
 156  329
 156  328
 159  325
 160  325
 162  323
 163  323
 165  321
 165  320
 166  319
 166  293
 167  292
 167  290
 168  289
 168  288
 171  285
 172  285
 175  282
 175  258
 176  257
 176  256
 177  255
 177  252
 173  248
 173  247
 170  244
 170  243
 167  240
 167  239
 166  238
 166  237
 164  235
 164  234
 155  225
 154  225
 149  220
 149  206
 150  205
 153  205
 154  204
 161  204
 162  203
 164  203
 165  202
 166  202
 167  201
 168  201
 169  200
 170  200
 171  199
 172  199
 176  195
 177  195
 184  188
 185  188
 186  187
 186  186
 189  183
 189  182
 190  181
 190  180
 191  179
 191  178
 192  177
 192  175
 194  173
 194  172
 196  170
 196  168
 197  167
 197  166
 198  165
 198  163
 199  162
 199  160
 200  159
 200  156
 201  155
 201  154
 202  153
 202  152
 203  151
 203  150
 204  149
 204  148
 205  147
 205  145
 206  144
 206  142
 207  141
 207  139
 208  138
 208  137
 209  136
 209  135
 213  131
 213  130
 215  128
 215  127
 216  126
 216  124
 217  123
 217  122
 219  120
 219  119
 224  114
 224  113
 226  111
 226  110
 227  109
 227  108
 228  107
 228  106
 229  105
 229  104
 230  103
 230  102
 231  101
 231  100
 232   99
 232   98
 233   97
 233   96
 234   95
 234   93
 235   92
 235   90
 236   89
 236   86
 237   85
 237   83
 236   82
 236   81
 235   80
 235   79
 233   77
 233   76
 231   74
 230   74
 228   72
 227   72
 226   71
 225   71
 224   70
 223   70
 221   68
 220   68
 219   67
 218   67
 217   66
 216   66
 215   65
 214   65
 213   64
 211   64
 210   63
 208   63
 207   62
 204   62
 203   61
 200   61
 199   60
 195   60
 194   59
 184   59
 183   58
