 208   28
 207   29
 202   29
 201   30
 195   30
 194   31
 192   31
 191   32
 188   32
 187   33
 185   33
 184   34
 182   34
 181   35
 179   35
 178   36
 177   36
 176   37
 174   37
 173   38
 172   38
 171   39
 170   39
 169   40
 167   40
 166   41
 165   41
 164   42
 163   42
 162   43
 160   43
 159   44
 158   44
 157   45
 156   45
 155   46
 154   46
 153   47
 152   47
 151   48
 150   48
 148   50
 147   50
 146   51
 145   51
 143   53
 142   53
 140   55
 139   55
 137   57
 136   57
 134   59
 133   59
 131   61
 130   61
 128   63
 127   63
 124   66
 123   66
 117   72
 116   72
 109   79
 108   79
 106   81
 106   82
 104   84
 103   84
  90   97
  90   98
  81  107
  81  108
  77  112
  77  113
  73  117
  73  118
  69  122
  69  123
  67  125
  67  126
  63  130
  63  131
  58  136
  58  137
  56  139
  56  140
  54  142
  54  143
  52  145
  52  146
  49  149
  49  150
  47  152
  47  153
  45  155
  45  156
  43  158
  43  159
  40  162
  40  163
  38  165
  37  165
  37  166
  36  167
  36  168
  35  169
  35  293
  36  294
  36  296
  40  300
  40  301
  42  303
  42  304
  43  305
  43  306
  45  308
  45  309
  47  311
  47  312
  49  314
  49  315
  57  323
  57  324
  61  328
  62  328
  78  344
  78  345
  80  347
  80  348
  81  349
  82  349
  85  352
  85  353
  86  354
  86  355
  88  357
  88  358
  90  360
  90  361
  95  366
  95  367
  96  368
  96  369
  99  372
  99  373
 100  374
 100  375
 101  376
 101  378
 102  379
 102  380
 104  382
 104  383
 108  387
 108  388
 111  391
 112  391
 118  397
 119  397
 120  398
 121  398
 122  399
 123  399
 124  398
 126  398
 127  397
 148  397
 149  396
 150  396
 155  391
 155  390
 156  389
 156  388
 161  383
 162  383
 163  382
 165  382
 166  381
 168  381
 169  380
 170  380
 171  379
 172  379
 176  375
 176  374
 177  373
 177  357
 178  356
 178  355
 179  354
 179  353
 180  352
 181  352
 184  349
 185  349
 188  346
 188  345
 189  344
 189  343
 190  342
 190  340
 189  339
 189  317
 190  316
 190  314
 191  313
 191  312
 192  311
 192  310
 193  309
 193  308
 192  307
 192  306
 191  305
 191  304
 190  303
 190  302
 187  299
 187  298
 185  296
 185  295
 183  293
 183  290
 182  289
 182  288
 181  287
 181  285
 179  283
 179  282
 177  280
 177  279
 170  272
 169  272
 166  269
 165  269
 162  266
 161  266
 158  263
 157  263
 155  261
 154  261
 153  260
 152  260
 150  258
 149  258
 148  257
 147  257
 145  255
 144  255
 143  254
 142  254
 140  252
 140  238
 141  237
 145  237
 146  236
 148  236
 149  235
 152  235
 153  234
 157  234
 158  233
 159  233
 160  232
 162  232
 163  231
 165  231
 166  230
 167  230
 168  229
 169  229
 170  228
 171  228
 173  226
 174  226
 175  225
 176  225
 179  222
 180  222
 184  218
 185  218
 189  214
 189  213
 198  204
 198  203
 200  201
 200  200
 202  198
 202  197
 203  196
 203  194
 204  193
 204  192
 205  191
 205  189
 206  188
 206  187
 207  186
 207  184
 208  183
 208  182
 209  181
 209  178
 210  177
 210  174
 211  173
 211  165
 212  164
 212  161
 213  160
 213  157
 214  156
 214  152
 215  151
 215  147
 216  146
 216  139
 217  138
 217  135
 218  134
 218  130
 219  129
 219  127
 220  126
 220  123
 221  122
 221  120
 222  119
 222  116
 223  115
 223  113
 224  112
 224  108
 225  107
 225  106
 226  105
 226  103
 227  102
 227  101
 228  100
 228   98
 229   97
 229   95
 230   94
 230   91
 231   90
 231   87
 232   86
 232   84
 233   83
 233   81
 234   80
 234   78
 235   77
 235   74
 236   73
 236   70
 237   69
 237   64
 238   63
 238   58
 239   57
 239   48
 238   47
 238   45
 237   44
 237   43
 236   42
 236   41
 232   37
 231   37
 229   35
 227   35
 226   34
 225   34
 224   33
 223   33
 222   32
 221   32
 220   31
 219   31
 218   30
 216   30
 215   29
 211   29
 210   28
