 179   76
 178   77
 174   77
 173   78
 169   78
 168   79
 165   79
 164   80
 162   80
 161   81
 158   81
 157   82
 156   82
 155   83
 153   83
 152   84
 150   84
 149   85
 148   85
 147   86
 145   86
 144   87
 143   87
 142   88
 140   88
 139   89
 137   89
 136   90
 135   90
 134   91
 133   91
 132   92
 131   92
 130   93
 129   93
 128   94
 127   94
 126   95
 125   95
 123   97
 122   97
 120   99
 119   99
 118  100
 117  100
 115  102
 114  102
 113  103
 112  103
 109  106
 108  106
 105  109
 104  109
 100  113
  99  113
  96  116
  95  116
  93  118
  92  118
  91  119
  89  119
  88  120
  87  120
  86  121
  85  121
  82  124
  82  125
  78  129
  78  130
  74  134
  74  135
  65  144
  65  145
  62  148
  62  149
  58  153
  58  154
  56  156
  56  157
  52  161
  52  162
  51  163
  51  260
  52  261
  52  264
  53  265
  53  268
  54  269
  54  271
  55  272
  55  274
  56  275
  56  278
  57  279
  57  281
  58  282
  58  286
  59  287
  59  288
  60  289
  60  291
  61  292
  61  293
  62  294
  62  296
  63  297
  63  299
  64  300
  64  303
  65  304
  65  305
  66  306
  66  308
  67  309
  67  310
  68  311
  68  312
  69  313
  69  314
  70  315
  70  316
  73  319
  74  319
  78  323
  78  324
  79  324
  84  329
  84  331
  85  332
  85  333
  86  334
  86  335
  89  338
  89  339
  99  349
 100  349
 101  350
 102  350
 103  351
 104  351
 105  350
 118  350
 119  349
 120  349
 121  348
 122  348
 126  344
 126  343
 129  340
 130  340
 131  339
 135  339
 136  338
 138  338
 139  337
 140  337
 142  335
 142  334
 143  333
 143  325
 144  324
 144  322
 146  320
 148  320
 149  319
 151  319
 152  318
 153  318
 156  315
 156  294
 157  293
 159  293
 160  292
 161  292
 163  290
 164  290
 164  287
 163  286
 163  285
 162  284
 162  267
 164  265
 165  265
 167  263
 164  260
 164  259
 161  256
 161  255
 159  253
 159  252
 158  251
 158  246
 157  245
 157  244
 154  241
 154  240
 146  232
 146  217
 147  216
 149  216
 150  215
 153  215
 154  214
 156  214
 157  213
 158  213
 159  212
 160  212
 162  210
 163  210
 176  197
 176  196
 177  195
 177  194
 178  193
 178  192
 179  191
 179  190
 180  189
 180  188
 182  186
 182  185
 184  183
 184  182
 187  179
 187  178
 188  177
 188  174
 189  173
 189  170
 190  169
 190  167
 191  166
 191  165
 192  164
 192  163
 194  161
 194  160
 195  159
 195  158
 196  157
 196  156
 197  155
 197  152
 198  151
 198  149
 199  148
 199  146
 200  145
 200  144
 202  142
 202  141
 203  140
 203  139
 204  138
 204  137
 205  136
 205  134
 206  133
 206  132
 208  130
 208  129
 210  127
 210  126
 212  124
 212  122
 213  121
 213  120
 214  119
 214  118
 216  116
 216  115
 218  113
 218  112
 219  111
 219  110
 220  109
 220  108
 221  107
 221  105
 222  104
 222  102
 223  101
 222  100
 222   99
 220   97
 220   96
 216   92
 215   92
 213   90
 212   90
 211   89
 210   89
 208   87
 207   87
 204   84
 203   84
 202   83
 201   83
 200   82
 199   82
 198   81
 197   81
 196   80
 194   80
 193   79
 192   79
 191   78
 188   78
 187   77
 184   77
 183   76
