 173  116
 172  117
 165  117
 164  118
 162  118
 161  119
 157  119
 156  120
 155  120
 154  121
 152  121
 151  122
 150  122
 149  123
 148  123
 147  124
 145  124
 144  125
 143  125
 142  126
 141  126
 140  127
 139  127
 138  128
 137  128
 136  129
 135  129
 134  130
 133  130
 131  132
 130  132
 129  133
 128  133
 127  134
 126  134
 124  136
 123  136
 120  139
 119  139
 117  141
 116  141
 113  144
 112  144
 110  146
 109  146
 108  147
 102  147
 101  148
 100  148
  94  154
  93  154
  91  156
  90  156
  87  159
  86  159
  84  161
  83  161
  82  162
  81  162
  79  164
  78  164
  77  165
  76  165
  76  166
  75  167
  75  281
  76  282
  90  282
  96  288
  97  288
 101  292
 101  293
 109  301
 109  302
 110  303
 111  303
 119  311
 123  311
 124  310
 129  310
 130  309
 131  309
 133  307
 133  306
 136  303
 137  303
 138  302
 140  302
 141  301
 142  301
 143  300
 144  300
 145  299
 145  298
 146  297
 146  289
 150  285
 151  285
 153  283
 153  282
 154  281
 154  279
 155  278
 155  274
 156  273
 156  271
 160  267
 160  266
 161  265
 161  256
 162  255
 162  250
 161  249
 161  246
 160  245
 160  243
 159  242
 159  241
 156  238
 156  237
 153  234
 153  220
 154  219
 155  219
 156  218
 157  218
 158  217
 159  217
 160  216
 161  216
 162  215
 163  215
 165  213
 165  212
 169  208
 169  207
 170  206
 170  205
 171  204
 171  202
 172  201
 172  200
 173  199
 173  197
 175  195
 175  193
 176  192
 176  191
 177  190
 177  186
 178  185
 178  179
 179  178
 179  176
 180  175
 180  170
 181  169
 181  168
 182  167
 182  166
 183  165
 183  164
 184  163
 184  161
 185  160
 185  159
 186  158
 186  157
 188  155
 188  154
 189  153
 189  152
 190  151
 190  150
 191  149
 191  148
 193  146
 193  145
 194  144
 194  142
 195  141
 195  140
 196  139
 196  138
 197  137
 197  135
 198  134
 198  132
 199  131
 198  130
 198  129
 194  125
 193  125
 191  123
 190  123
 188  121
 187  121
 186  120
 185  120
 184  119
 183  119
 182  118
 181  118
 180  117
 176  117
 175  116
