 164  130
 163  131
 161  131
 160  132
 158  132
 157  133
 155  133
 154  134
 153  134
 152  135
 151  135
 150  136
 149  136
 148  137
 147  137
 146  138
 145  138
 143  140
 142  140
 141  141
 140  141
 138  143
 137  143
 135  145
 134  145
 132  147
 131  147
 129  149
 128  149
 125  152
 124  152
 116  160
 115  160
 112  163
  98  163
  97  162
  97  160
  96  159
  95  159
  94  158
  94  159
  93  160
  93  161
  91  163
  91  164
  90  165
  90  167
  89  168
  89  244
  91  246
  93  246
  95  248
  95  249
  98  252
  98  253
  99  254
  99  255
 100  256
 100  257
 102  259
 102  260
 103  261
 103  262
 104  263
 104  264
 105  265
 105  267
 106  268
 106  269
 107  270
 107  271
 109  273
 109  274
 110  275
 110  276
 122  288
 122  289
 123  290
 124  290
 131  297
 135  297
 136  296
 139  296
 140  295
 141  295
 147  289
 149  289
 150  288
 151  288
 154  285
 154  283
 155  282
 155  276
 159  272
 159  271
 160  270
 160  263
 161  262
 161  261
 163  259
 163  258
 164  257
 164  252
 165  251
 165  250
 164  249
 164  247
 163  246
 163  245
 162  244
 162  243
 160  241
 160  240
 151  231
 151  217
 152  216
 155  216
 156  215
 159  215
 160  214
 161  214
 162  213
 164  213
 166  211
 167  211
 168  210
 169  210
 171  208
 172  208
 173  207
 173  206
 175  204
 175  203
 177  201
 177  199
 178  198
 178  197
 179  196
 179  194
 180  193
 180  192
 181  191
 181  189
 182  188
 182  186
 183  185
 183  183
 184  182
 184  166
 185  165
 185  150
 186  149
 186  148
 185  147
 185  145
 184  144
 184  142
 183  141
 183  140
 179  136
 178  136
 177  135
 176  135
 172  131
 171  131
 170  130
