 171   94
 170   95
 166   95
 165   96
 163   96
 162   97
 160   97
 159   98
 158   98
 157   99
 155   99
 154  100
 153  100
 152  101
 151  101
 150  102
 148  102
 147  103
 146  103
 145  104
 144  104
 143  105
 142  105
 141  106
 140  106
 139  107
 138  107
 137  108
 136  108
 135  109
 134  109
 132  111
 131  111
 130  112
 129  112
 128  113
 127  113
 125  115
 124  115
 122  117
 121  117
 119  119
 118  119
 116  121
 115  121
 113  123
 112  123
 109  126
 108  126
 105  129
 104  129
 100  133
  99  133
  94  138
  93  138
  81  150
  81  151
  76  156
  76  157
  72  161
  72  162
  70  164
  70  165
  68  167
  68  168
  67  169
  67  170
  66  171
  66  172
  65  173
  65  251
  66  252
  66  253
  67  254
  67  255
  68  256
  68  257
  69  258
  69  259
  70  260
  70  261
  71  262
  71  263
  72  264
  72  265
  74  267
  74  268
  75  269
  75  270
  76  271
  76  272
  77  273
  77  274
  79  276
  79  277
  80  278
  80  279
  81  280
  81  281
  82  282
  82  283
  83  284
  83  286
  85  288
  85  289
  86  290
  86  291
  87  292
  87  294
  88  295
  88  296
  89  297
  89  298
  90  299
  90  300
  92  302
  92  303
  93  304
  93  305
  95  307
  95  308
  96  309
  96  310
  98  312
  98  313
 100  315
 100  317
 102  319
 102  320
 103  321
 103  322
 105  324
 106  324
 114  332
 115  332
 116  333
 117  333
 118  334
 120  334
 121  333
 128  333
 129  332
 130  332
 131  331
 133  331
 135  329
 136  329
 137  328
 138  328
 139  327
 142  327
 143  326
 146  326
 147  325
 149  325
 150  324
 151  324
 151  323
 153  321
 153  319
 154  318
 154  314
 155  313
 155  312
 156  311
 156  310
 158  308
 159  308
 160  307
 160  306
 161  305
 161  304
 162  303
 162  286
 163  285
 163  283
 166  280
 166  279
 167  278
 166  277
 166  276
 165  275
 165  258
 163  256
 163  254
 161  252
 161  251
 159  249
 159  248
 157  246
 157  245
 156  244
 156  243
 155  242
 155  241
 152  238
 152  237
 151  236
 150  236
 147  233
 147  219
 149  217
 151  217
 152  216
 153  216
 154  215
 155  215
 156  214
 157  214
 159  212
 160  212
 172  200
 172  199
 173  198
 173  197
 174  196
 174  195
 176  193
 176  192
 178  190
 178  189
 180  187
 180  186
 181  185
 181  184
 182  183
 182  182
 183  181
 183  180
 184  179
 184  177
 185  176
 185  175
 186  174
 186  173
 187  172
 187  171
 189  169
 189  167
 190  166
 190  164
 191  163
 191  161
 192  160
 192  159
 194  157
 194  156
 195  155
 195  153
 196  152
 196  151
 197  150
 197  149
 198  148
 198  146
 199  145
 199  144
 201  142
 201  141
 202  140
 202  138
 203  137
 203  136
 204  135
 204  133
 205  132
 205  130
 206  129
 206  127
 207  126
 207  125
 208  124
 208  121
 209  120
 209  118
 208  117
 208  116
 207  115
 207  114
 206  113
 206  112
 200  106
 199  106
 198  105
 197  105
 194  102
 193  102
 191  100
 190  100
 189   99
 188   99
 187   98
 186   98
 185   97
 184   97
 183   96
 182   96
 181   95
 178   95
 177   94
