 192   36
 191   37
 183   37
 182   38
 179   38
 178   39
 174   39
 173   40
 171   40
 170   41
 168   41
 167   42
 164   42
 163   43
 162   43
 161   44
 159   44
 158   45
 156   45
 155   46
 154   46
 153   47
 152   47
 151   48
 149   48
 148   49
 147   49
 146   50
 145   50
 144   51
 143   51
 142   52
 141   52
 140   53
 139   53
 138   54
 137   54
 136   55
 135   55
 134   56
 133   56
 131   58
 130   58
 129   59
 128   59
 126   61
 125   61
 124   62
 123   62
 121   64
 120   64
 119   65
 118   65
 115   68
 114   68
 111   71
 110   71
 108   73
 107   73
 102   78
 101   78
  93   86
  92   86
  82   96
  81   96
  43  134
  43  135
  40  138
  40  139
  39  140
  39  296
  40  297
  40  298
  43  301
  44  301
  47  304
  47  306
  48  307
  48  308
  49  309
  49  313
  50  314
  50  316
  51  317
  51  320
  52  321
  52  322
  54  324
  54  325
  56  327
  56  328
  58  330
  59  330
  67  338
  68  338
  70  340
  71  340
  72  341
  73  341
  74  342
  89  342
  90  343
  91  343
  92  344
  93  343
  94  343
  95  342
 110  342
 112  344
 112  345
 113  346
 113  347
 114  348
 114  350
 115  351
 115  352
 116  353
 116  355
 117  356
 117  357
 118  358
 118  359
 119  360
 119  362
 120  363
 120  365
 121  366
 121  368
 122  369
 122  370
 123  371
 123  373
 126  376
 126  377
 128  379
 129  379
 132  382
 133  382
 135  384
 135  385
 140  390
 141  390
 142  391
 143  391
 144  390
 145  390
 146  389
 147  389
 148  388
 148  387
 149  386
 149  382
 147  380
 147  379
 146  378
 146  377
 143  374
 143  373
 136  366
 136  365
 132  361
 132  360
 130  358
 130  357
 128  355
 128  354
 127  353
 127  352
 125  350
 125  349
 124  348
 124  347
 123  346
 123  344
 122  343
 122  342
 121  341
 121  339
 120  338
 120  337
 119  336
 119  319
 120  318
 120  317
 122  315
 123  315
 124  314
 126  314
 127  313
 129  313
 130  312
 132  312
 136  308
 136  307
 137  306
 137  305
 138  304
 138  299
 139  298
 139  291
 140  290
 140  289
 142  287
 143  287
 144  286
 145  286
 146  285
 148  285
 150  283
 151  283
 152  282
 152  281
 154  279
 154  259
 158  255
 158  254
 159  253
 159  251
 158  250
 158  248
 157  247
 157  246
 156  245
 156  244
 155  243
 155  242
 153  240
 153  239
 151  237
 151  236
 149  234
 149  233
 148  232
 148  231
 146  229
 146  227
 145  226
 145  224
 143  222
 143  221
 135  213
 134  213
 130  209
 130  195
 131  194
 151  194
 152  193
 155  193
 156  192
 158  192
 159  191
 160  191
 161  190
 162  190
 163  189
 164  189
 166  187
 167  187
 177  177
 177  176
 178  175
 178  174
 179  173
 179  172
 180  171
 180  170
 181  169
 181  167
 182  166
 182  165
 183  164
 183  163
 185  161
 185  160
 187  158
 187  157
 188  156
 188  155
 189  154
 189  152
 190  151
 190  149
 191  148
 191  146
 192  145
 192  143
 193  142
 193  141
 194  140
 194  139
 195  138
 195  136
 196  135
 196  134
 197  133
 197  131
 198  130
 198  128
 199  127
 199  124
 200  123
 200  122
 201  121
 201  120
 202  119
 202  118
 204  116
 204  115
 206  113
 206  112
 207  111
 207  110
 208  109
 208  107
 209  106
 209  105
 210  104
 210  102
 211  101
 211  100
 213   98
 213   97
 216   94
 216   93
 217   92
 217   91
 218   90
 218   89
 220   87
 220   86
 223   83
 223   82
 226   79
 226   78
 227   77
 227   76
 228   75
 228   74
 229   73
 229   72
 231   70
 231   69
 232   68
 232   66
 233   65
 233   64
 234   63
 234   60
 235   59
 235   58
 234   57
 234   55
 233   54
 233   53
 231   51
 231   50
 230   49
 229   49
 228   48
 227   48
 226   47
 225   47
 224   46
 223   46
 222   45
 221   45
 218   42
 217   42
 216   41
 215   41
 214   40
 212   40
 211   39
 209   39
 208   38
 205   38
 204   37
 199   37
 198   36
