 166  115
 165  116
 160  116
 159  117
 157  117
 156  118
 154  118
 153  119
 151  119
 150  120
 149  120
 148  121
 146  121
 145  122
 144  122
 143  123
 141  123
 140  124
 139  124
 137  126
 136  126
 135  127
 134  127
 133  128
 132  128
 131  129
 130  129
 128  131
 127  131
 126  132
 125  132
 123  134
 122  134
 120  136
 119  136
 116  139
 115  139
 112  142
 111  142
 107  146
 106  146
  95  157
  94  157
  94  158
  81  171
  81  172
  75  178
  75  179
  74  180
  74  255
  76  257
  77  257
  80  260
  80  262
  81  263
  81  264
  82  265
  82  267
  83  268
  83  269
  84  270
  84  272
  85  273
  85  275
  86  276
  86  278
  87  279
  87  281
  89  283
  89  284
  90  285
  90  286
 102  298
 103  298
 107  302
 107  303
 109  305
 110  305
 114  309
 114  310
 116  312
 117  312
 118  313
 119  312
 126  312
 127  311
 129  311
 130  310
 131  310
 132  309
 132  308
 136  304
 139  304
 140  303
 141  303
 142  302
 143  302
 144  301
 144  300
 145  299
 145  291
 146  290
 146  289
 149  286
 150  286
 152  284
 152  282
 153  281
 153  278
 154  277
 154  272
 158  268
 158  267
 159  266
 159  256
 160  255
 160  253
 161  252
 160  251
 160  248
 159  247
 159  245
 158  244
 158  242
 156  240
 156  239
 154  237
 154  236
 153  235
 152  235
 151  234
 151  220
 152  219
 154  219
 155  218
 156  218
 157  217
 158  217
 159  216
 160  216
 165  211
 165  210
 169  206
 169  205
 171  203
 171  201
 172  200
 172  199
 173  198
 173  197
 174  196
 174  195
 175  194
 175  192
 176  191
 176  187
 177  186
 177  182
 178  181
 178  178
 179  177
 179  175
 180  174
 180  170
 181  169
 181  168
 182  167
 182  166
 183  165
 183  164
 184  163
 184  161
 185  160
 185  159
 186  158
 186  157
 188  155
 188  154
 190  152
 190  151
 191  150
 191  149
 193  147
 193  145
 195  143
 195  141
 196  140
 196  139
 197  138
 197  136
 198  135
 198  134
 199  133
 199  129
 198  128
 198  127
 197  126
 196  126
 194  124
 192  124
 188  120
 187  120
 185  118
 183  118
 182  117
 181  117
 180  116
 176  116
 175  115
