 161  130
 160  131
 159  131
 158  132
 156  132
 155  133
 153  133
 152  134
 151  134
 150  135
 149  135
 148  136
 147  136
 145  138
 144  138
 143  139
 142  139
 139  142
 138  142
 136  144
 135  144
 132  147
 131  147
 128  150
 127  150
 118  159
 117  159
 112  164
 112  165
 109  168
 109  169
 104  174
 104  175
 100  179
 100  180
  99  181
  99  182
  98  183
  98  184
  97  185
  97  186
  95  188
  95  189
  94  190
  94  191
  93  192
  93  193
  92  194
  92  196
  91  197
  91  239
  93  241
  95  241
  97  243
  97  244
 100  247
 100  248
 103  251
 103  252
 105  254
 105  255
 107  257
 107  258
 109  260
 109  261
 113  265
 113  266
 116  269
 116  270
 117  271
 117  272
 118  273
 118  274
 120  276
 120  277
 125  282
 126  282
 142  298
 143  297
 146  297
 147  296
 150  296
 151  295
 152  295
 155  292
 155  291
 156  290
 156  289
 157  288
 158  288
 159  287
 160  287
 161  286
 162  286
 163  285
 164  285
 164  284
 165  283
 165  282
 166  281
 166  273
 167  272
 167  271
 168  270
 168  269
 169  268
 169  260
 170  259
 170  257
 171  256
 171  253
 172  252
 172  249
 171  248
 171  245
 169  243
 169  242
 166  239
 166  238
 158  230
 158  216
 160  214
 161  214
 162  213
 165  213
 166  212
 167  212
 169  210
 170  210
 172  208
 173  208
 177  204
 177  203
 178  202
 178  201
 179  200
 179  198
 180  197
 180  194
 181  193
 181  191
 182  190
 182  186
 183  185
 183  145
 182  144
 182  142
 181  141
 181  140
 178  137
 177  137
 175  135
 174  135
 171  132
 170  132
 169  131
 168  131
 167  130
