 176  112
 175  113
 170  113
 169  114
 164  114
 163  115
 160  115
 159  116
 157  116
 156  117
 153  117
 152  118
 151  118
 150  119
 147  119
 146  120
 145  120
 144  121
 142  121
 141  122
 140  122
 139  123
 138  123
 137  124
 135  124
 134  125
 133  125
 132  126
 131  126
 130  127
 129  127
 128  128
 127  128
 126  129
 125  129
 124  130
 123  130
 122  131
 121  131
 120  132
 119  132
 118  133
 106  133
 105  134
 104  134
 103  135
 102  135
  97  140
  96  140
  94  142
  93  142
  91  144
  90  144
  88  146
  87  146
  86  147
  85  147
  84  148
  83  148
  82  149
  81  149
  80  150
  68  150
  68  154
  67  155
  67  156
  66  157
  66  158
  65  159
  65  160
  64  161
  64  261
  65  262
  65  264
  66  265
  66  267
  67  268
  67  271
  68  272
  68  275
  69  276
  69  277
  70  278
  70  280
  71  281
  71  282
  72  283
  72  284
  73  285
  73  286
  75  288
  75  289
  76  290
  76  297
  77  298
  77  300
  78  301
  78  302
  79  303
  79  304
  81  306
  81  307
  82  307
  90  315
 101  315
 102  314
 102  313
 103  312
 103  311
 104  310
 116  310
 117  309
 117  308
 118  307
 118  300
 119  299
 119  297
 122  294
 124  294
 125  293
 127  293
 128  292
 129  292
 131  290
 131  289
 132  288
 132  286
 133  285
 133  281
 135  279
 136  279
 137  278
 139  278
 140  277
 141  277
 142  276
 143  276
 144  275
 144  262
 145  261
 146  261
 148  259
 148  257
 146  255
 146  251
 145  250
 145  248
 144  247
 144  246
 143  245
 143  244
 139  240
 139  239
 133  233
 133  219
 134  218
 153  218
 154  217
 156  217
 157  216
 158  216
 162  212
 163  212
 168  207
 168  206
 169  205
 169  204
 170  203
 170  202
 171  201
 171  200
 172  199
 172  198
 176  194
 176  193
 178  191
 178  188
 179  187
 179  184
 180  183
 180  182
 181  181
 181  180
 182  179
 182  177
 183  176
 183  174
 184  173
 184  171
 189  166
 189  165
 190  164
 190  163
 191  162
 191  160
 192  159
 192  158
 195  155
 195  154
 196  153
 196  152
 198  150
 198  148
 199  147
 199  146
 202  143
 202  141
 203  140
 203  139
 208  134
 208  133
 209  132
 209  130
 208  129
 208  128
 205  125
 204  125
 202  123
 201  123
 198  120
 197  120
 195  118
 194  118
 192  116
 190  116
 189  115
 187  115
 186  114
 183  114
 182  113
 177  113
