 195   50
 194   51
 189   51
 188   52
 181   52
 180   53
 176   53
 175   54
 173   54
 172   55
 169   55
 168   56
 166   56
 165   57
 163   57
 162   58
 160   58
 159   59
 158   59
 157   60
 155   60
 154   61
 153   61
 152   62
 150   62
 149   63
 148   63
 147   64
 146   64
 145   65
 144   65
 143   66
 142   66
 141   67
 140   67
 139   68
 138   68
 137   69
 136   69
 135   70
 134   70
 133   71
 132   71
 131   72
 130   72
 128   74
 127   74
 126   75
 125   75
 124   76
 123   76
 121   78
 120   78
 119   79
 118   79
 116   81
 115   81
 114   82
 113   82
 111   84
 110   84
 108   86
 107   86
 105   88
 104   88
 102   90
 101   90
  99   92
  98   92
  95   95
  94   95
  91   98
  90   98
  87  101
  86  101
  81  106
  80  106
  76  110
  75  110
  54  131
  53  131
  52  132
  47  132
  45  134
  45  137
  44  138
  44  139
  43  140
  43  141
  41  143
  41  144
  39  146
  39  147
  38  148
  38  149
  36  151
  36  152
  33  155
  33  157
  32  158
  32  283
  33  284
  33  290
  34  291
  34  296
  35  297
  35  302
  36  303
  36  310
  37  311
  37  313
  38  314
  38  323
  39  324
  39  326
  40  327
  40  330
  41  331
  41  332
  42  333
  42  335
  43  336
  43  337
  47  341
  47  343
  48  344
  48  364
  49  365
  49  367
  50  368
  50  369
  57  376
  58  376
  59  377
  60  377
  61  378
  63  378
  64  377
  76  377
  77  376
  79  376
  80  375
  82  375
  84  373
  85  373
  92  366
  97  366
  98  365
 102  365
 103  364
 104  364
 105  363
 106  363
 108  361
 108  360
 109  359
 109  358
 110  357
 110  354
 111  353
 111  352
 112  351
 112  349
 116  345
 117  345
 118  344
 120  344
 121  343
 122  343
 123  342
 124  342
 125  341
 126  341
 129  338
 129  337
 130  336
 130  318
 131  317
 131  316
 134  313
 135  313
 136  312
 138  312
 143  307
 143  289
 151  281
 151  280
 149  278
 149  277
 147  275
 147  274
 144  271
 144  270
 143  269
 143  268
 142  267
 142  257
 141  256
 141  255
 140  254
 140  252
 138  250
 138  249
 137  248
 137  247
 131  241
 131  240
 130  239
 129  239
 125  235
 124  235
 122  233
 122  219
 123  218
 136  218
 137  217
 141  217
 142  216
 144  216
 145  215
 147  215
 148  214
 149  214
 150  213
 151  213
 153  211
 154  211
 160  205
 160  204
 164  200
 164  199
 172  191
 172  190
 174  188
 174  186
 175  185
 175  184
 177  182
 177  181
 178  180
 178  179
 179  178
 179  177
 180  176
 180  175
 182  173
 182  172
 183  171
 183  170
 185  168
 185  166
 186  165
 186  163
 187  162
 187  161
 188  160
 188  159
 189  158
 189  157
 190  156
 190  154
 191  153
 191  152
 192  151
 192  150
 194  148
 194  146
 195  145
 195  144
 196  143
 196  141
 197  140
 197  139
 198  138
 198  137
 199  136
 199  135
 200  134
 200  133
 203  130
 203  129
 205  127
 205  126
 206  125
 206  124
 208  122
 208  121
 210  119
 210  118
 218  110
 218  109
 223  104
 223  103
 232   94
 232   93
 234   91
 234   90
 236   88
 236   87
 238   85
 238   84
 239   83
 239   82
 240   81
 240   79
 241   78
 241   75
 242   74
 242   71
 241   70
 241   69
 240   68
 240   67
 239   66
 239   65
 238   64
 237   64
 235   62
 234   62
 232   60
 231   60
 230   59
 229   59
 227   57
 226   57
 225   56
 224   56
 223   55
 221   55
 220   54
 218   54
 217   53
 214   53
 213   52
 208   52
 207   51
 201   51
 200   50
