 188   58
 187   59
 184   59
 183   60
 180   60
 179   61
 176   61
 175   62
 173   62
 172   63
 170   63
 169   64
 168   64
 167   65
 166   65
 165   66
 164   66
 163   67
 162   67
 161   68
 160   68
 159   69
 158   69
 157   70
 156   70
 155   71
 154   71
 153   72
 152   72
 151   73
 150   73
 149   74
 148   74
 147   75
 146   75
 144   77
 143   77
 142   78
 141   78
 140   79
 139   79
 137   81
 136   81
 135   82
 134   82
 133   83
 132   83
 130   85
 129   85
 127   87
 126   87
 124   89
 123   89
 121   91
 120   91
 118   93
 117   93
 115   95
 114   95
 112   97
 111   97
 109   99
 108   99
 106  101
 105  101
 100  106
  99  106
  95  110
  94  110
  91  113
  90  113
  82  121
  81  121
  77  125
  76  125
  74  127
  68  127
  67  128
  66  128
  60  134
  59  134
  49  144
  49  145
  47  147
  47  149
  46  150
  46  261
  47  262
  47  263
  48  264
  48  266
  49  267
  49  268
  50  269
  50  270
  52  272
  52  273
  54  275
  54  276
  55  277
  55  278
  56  279
  56  280
  57  281
  57  285
  58  286
  58  287
  59  288
  59  290
  60  291
  60  293
  61  294
  61  296
  62  297
  62  301
  63  302
  63  304
  64  305
  64  309
  65  310
  65  313
  66  314
  66  318
  67  319
  67  321
  68  322
  68  324
  69  325
  69  326
  71  328
  71  329
  74  332
  75  332
  83  340
  84  340
  86  342
  87  342
  90  345
  90  346
  91  347
  91  348
  93  350
  93  351
  95  353
  95  354
  96  355
  97  355
 103  361
 103  362
 104  362
 107  365
 108  365
 111  368
 112  368
 113  369
 138  369
 139  368
 140  368
 141  367
 142  367
 144  365
 144  364
 146  362
 147  362
 148  361
 153  361
 154  360
 156  360
 157  359
 158  359
 159  358
 160  358
 162  356
 162  343
 163  342
 163  341
 169  335
 169  334
 170  333
 170  329
 169  328
 169  327
 168  326
 168  325
 167  324
 167  323
 166  322
 166  320
 165  319
 165  299
 166  298
 166  297
 167  296
 167  295
 166  294
 166  293
 164  291
 164  290
 162  288
 162  268
 159  265
 159  264
 154  259
 153  259
 147  253
 147  250
 146  249
 146  248
 145  247
 145  246
 141  242
 140  242
 136  238
 136  224
 137  223
 143  223
 144  222
 147  222
 148  221
 151  221
 152  220
 153  220
 154  219
 155  219
 156  218
 157  218
 159  216
 160  216
 166  210
 166  209
 169  206
 169  205
 170  204
 170  203
 177  196
 177  195
 179  193
 179  192
 180  191
 180  190
 181  189
 181  186
 182  185
 182  183
 183  182
 183  180
 184  179
 184  178
 186  176
 186  175
 188  173
 188  172
 189  171
 189  170
 190  169
 190  162
 191  161
 191  158
 192  157
 192  155
 194  153
 194  152
 195  151
 195  150
 196  149
 196  146
 197  145
 197  140
 198  139
 198  137
 199  136
 199  135
 206  128
 206  127
 207  126
 207  125
 208  124
 208  123
 209  122
 209  121
 210  120
 210  119
 211  118
 211  117
 213  115
 213  114
 215  112
 215  111
 216  110
 216  109
 217  108
 217  107
 218  106
 218  105
 219  104
 219  103
 221  101
 221  100
 224   97
 224   96
 225   95
 225   94
 226   93
 226   92
 227   91
 227   88
 228   87
 228   77
 227   76
 227   74
 226   73
 226   72
 224   70
 224   69
 222   67
 221   67
 219   65
 218   65
 216   63
 215   63
 214   62
 213   62
 212   61
 210   61
 209   60
 207   60
 206   59
 204   59
 203   58
