 213   10
 212   11
 202   11
 201   12
 195   12
 194   13
 190   13
 189   14
 184   14
 183   15
 180   15
 179   16
 176   16
 175   17
 172   17
 171   18
 170   18
 169   19
 167   19
 166   20
 163   20
 162   21
 161   21
 160   22
 158   22
 157   23
 156   23
 155   24
 153   24
 152   25
 151   25
 150   26
 149   26
 148   27
 146   27
 145   28
 144   28
 143   29
 142   29
 141   30
 140   30
 139   31
 138   31
 137   32
 136   32
 135   33
 134   33
 133   34
 132   34
 130   36
 129   36
 128   37
 127   37
 126   38
 125   38
 124   39
 123   39
 122   40
 121   40
 119   42
 118   42
 117   43
 116   43
 115   44
 114   44
 112   46
 111   46
 110   47
 109   47
 107   49
 106   49
 104   51
 103   51
 101   53
 100   53
  97   56
  96   56
  94   58
  93   58
  90   61
  89   61
  87   63
  86   63
  81   68
  80   68
  77   71
  76   71
  72   75
  71   75
  46  100
  46  101
  44  103
  30  103
  29  102
  29   99
  29  100
  27  102
  27  103
  24  106
  24  107
  22  109
  22  110
  18  114
  18  116
  17  117
  17  248
  18  249
  18  251
  19  252
  19  253
  20  254
  20  255
  22  257
  22  258
  23  259
  23  260
  24  261
  24  262
  26  264
  26  265
  27  266
  27  267
  28  268
  28  269
  29  270
  29  271
  30  272
  30  274
  31  275
  31  276
  32  277
  32  279
  33  280
  33  281
  34  282
  34  284
  35  285
  35  286
  36  287
  36  291
  37  292
  37  295
  38  296
  38  298
  39  299
  39  301
  40  302
  40  305
  41  306
  41  308
  42  309
  42  311
  43  312
  43  317
  44  318
  44  320
  45  321
  45  327
  46  328
  46  330
  47  331
  47  337
  48  338
  48  340
  49  341
  49  345
  50  346
  50  347
  52  349
  52  350
  53  351
  54  351
  61  358
  62  358
  63  359
  65  359
  66  360
  68  360
  69  361
  70  361
  73  364
  73  367
  74  368
  74  369
  75  370
  75  371
  76  372
  76  373
  78  375
  78  376
  83  381
  83  382
  93  392
  94  392
  96  394
  97  394
  99  396
 101  396
 103  394
 104  394
 105  393
 108  393
 109  392
 123  392
 124  391
 125  391
 129  387
 129  386
 130  385
 130  384
 136  378
 150  378
 154  382
 154  383
 156  385
 156  387
 157  388
 157  389
 158  390
 158  391
 160  393
 160  395
 161  396
 161  397
 162  398
 162  399
 163  400
 163  401
 165  403
 165  404
 168  407
 168  408
 169  409
 170  409
 173  412
 174  412
 176  414
 176  415
 177  415
 178  416
 180  414
 180  413
 181  412
 181  410
 180  409
 180  408
 176  404
 176  403
 158  385
 158  384
 154  380
 154  379
 153  378
 153  377
 152  376
 152  375
 151  374
 151  373
 150  372
 150  369
 149  368
 149  365
 148  364
 148  348
 151  345
 152  345
 155  342
 156  342
 157  341
 158  341
 159  340
 160  340
 162  338
 163  338
 164  337
 164  336
 165  335
 165  331
 164  330
 164  328
 163  327
 163  307
 166  304
 167  304
 169  302
 170  302
 171  301
 172  301
 175  298
 175  295
 173  293
 173  292
 171  290
 171  289
 169  287
 169  285
 167  283
 167  265
 170  262
 170  260
 168  258
 168  257
 165  254
 164  254
 160  250
 159  250
 156  247
 155  247
 152  244
 152  243
 150  241
 150  238
 149  237
 149  235
 148  234
 148  233
 142  227
 141  227
 136  222
 135  222
 133  220
 132  220
 129  217
 129  203
 130  202
 132  202
 133  201
 144  201
 145  200
 149  200
 150  199
 152  199
 153  198
 157  198
 158  197
 159  197
 160  196
 161  196
 162  195
 163  195
 171  187
 171  186
 173  184
 173  183
 175  181
 175  180
 177  178
 177  177
 179  175
 179  174
 181  172
 181  171
 182  170
 182  169
 184  167
 184  166
 186  164
 186  162
 187  161
 187  160
 188  159
 188  157
 189  156
 189  155
 190  154
 190  153
 192  151
 192  150
 193  149
 193  148
 195  146
 195  145
 197  143
 197  142
 198  141
 198  140
 199  139
 199  137
 200  136
 200  134
 201  133
 201  131
 202  130
 202  129
 203  128
 203  127
 205  125
 205  124
 206  123
 206  122
 208  120
 208  119
 210  117
 210  116
 211  115
 211  114
 212  113
 212  112
 213  111
 213  109
 214  108
 214  106
 215  105
 215  104
 217  102
 217  101
 223   95
 223   94
 225   92
 225   91
 226   90
 226   89
 227   88
 227   87
 228   86
 228   85
 230   83
 230   82
 240   72
 240   71
 242   69
 242   68
 243   67
 243   66
 244   65
 244   64
 245   63
 245   61
 246   60
 246   59
 248   57
 248   56
 250   54
 250   53
 251   52
 251   51
 252   50
 252   49
 253   48
 253   46
 254   45
 254   43
 255   42
 255   41
 256   40
 256   31
 255   30
 255   29
 253   27
 253   26
 248   21
 247   21
 246   20
 245   20
 244   19
 243   19
 242   18
 240   18
 239   17
 238   17
 237   16
 236   16
 235   15
 234   15
 233   14
 232   14
 231   13
 229   13
 228   12
 225   12
 224   11
 219   11
 218   10
