 166   99
 165  100
 161  100
 160  101
 159  101
 158  102
 155  102
 154  103
 153  103
 152  104
 150  104
 149  105
 147  105
 146  106
 145  106
 144  107
 143  107
 142  108
 141  108
 140  109
 139  109
 138  110
 137  110
 136  111
 135  111
 134  112
 133  112
 132  113
 131  113
 130  114
 129  114
 127  116
 126  116
 125  117
 124  117
 122  119
 121  119
 120  120
 119  120
 118  121
 117  121
 115  123
 114  123
 112  125
 111  125
 108  128
 107  128
 105  130
 104  130
 101  133
 100  133
  97  136
  96  136
  93  139
  92  139
  74  157
  74  158
  71  161
  71  162
  69  164
  69  165
  68  166
  68  246
  70  248
  70  249
  71  250
  71  254
  72  255
  72  256
  73  257
  73  261
  74  262
  74  264
  75  265
  75  269
  76  270
  76  274
  77  275
  77  278
  78  279
  78  281
  79  282
  79  283
  80  284
  80  285
  83  288
  84  288
  89  293
  89  294
  90  294
  92  296
  94  296
 100  302
 100  303
 101  303
 110  312
 125  312
 126  313
 127  313
 128  314
 129  314
 130  313
 130  312
 131  311
 146  311
 147  312
 147  313
 155  321
 156  321
 163  328
 164  328
 165  329
 166  329
 169  326
 169  324
 168  323
 168  322
 159  313
 158  313
 154  309
 153  309
 150  306
 149  306
 147  304
 146  304
 143  301
 143  286
 144  285
 145  285
 146  284
 148  284
 150  282
 150  281
 149  280
 149  265
 150  264
 151  264
 152  263
 153  263
 155  261
 155  246
 156  245
 156  244
 152  240
 151  240
 149  238
 149  237
 148  236
 148  233
 147  232
 147  230
 145  228
 145  227
 144  226
 144  212
 146  210
 147  210
 150  207
 151  207
 160  198
 161  198
 164  195
 164  194
 165  193
 165  192
 166  191
 166  190
 167  189
 167  188
 169  186
 170  186
 173  183
 173  182
 174  181
 174  180
 175  179
 175  176
 176  175
 176  174
 178  172
 178  171
 180  169
 180  168
 182  166
 182  164
 183  163
 183  161
 184  160
 184  159
 186  157
 186  156
 189  153
 189  152
 190  151
 190  149
 191  148
 191  147
 197  141
 197  140
 198  139
 198  138
 199  137
 199  136
 200  135
 200  134
 201  133
 201  132
 203  130
 203  128
 204  127
 204  126
 205  125
 205  122
 206  121
 206  116
 205  115
 205  114
 203  112
 203  111
 202  111
 199  108
 198  108
 197  107
 196  107
 193  104
 192  104
 191  103
 190  103
 189  102
 188  102
 187  101
 186  101
 185  100
 181  100
 180   99
