 176   71
 175   72
 168   72
 167   73
 165   73
 164   74
 161   74
 160   75
 157   75
 156   76
 154   76
 153   77
 150   77
 149   78
 148   78
 147   79
 145   79
 144   80
 142   80
 141   81
 140   81
 139   82
 137   82
 136   83
 135   83
 134   84
 133   84
 132   85
 130   85
 129   86
 128   86
 127   87
 126   87
 125   88
 124   88
 123   89
 122   89
 121   90
 120   90
 119   91
 118   91
 117   92
 116   92
 115   93
 114   93
 113   94
 112   94
 110   96
 109   96
 107   98
 106   98
 105   99
 104   99
 101  102
 100  102
  98  104
  97  104
  95  106
  94  106
  90  110
  89  110
  85  114
  84  114
  78  120
  77  120
  74  123
  72  123
  71  124
  70  124
  69  125
  68  125
  65  128
  64  128
  62  130
  62  131
  59  134
  59  135
  52  142
  52  143
  51  144
  51  145
  50  146
  50  148
  49  149
  49  152
  48  153
  48  154
  46  156
  46  157
  44  159
  44  160
  43  161
  43  272
  44  273
  44  278
  45  279
  45  285
  46  286
  46  288
  47  289
  47  299
  48  300
  48  302
  49  303
  49  310
  50  311
  50  313
  51  314
  51  317
  52  318
  52  319
  53  320
  53  321
  55  323
  55  324
  57  326
  58  326
  61  329
  61  330
  62  331
  63  331
  65  333
  66  333
  71  338
  71  339
  72  340
  72  341
  75  344
  75  345
  77  347
  78  347
  85  354
  86  354
  87  355
  88  355
  89  356
  90  356
  91  357
 110  357
 111  356
 114  356
 115  355
 132  355
 133  354
 134  354
 137  351
 137  349
 138  348
 138  343
 139  342
 139  340
 140  339
 140  338
 148  330
 149  330
 150  329
 150  328
 152  326
 152  325
 153  324
 153  322
 154  321
 154  319
 155  318
 155  316
 156  315
 156  314
 157  313
 157  312
 158  311
 158  310
 160  308
 161  308
 162  307
 163  307
 164  306
 165  306
 167  304
 167  303
 169  301
 169  299
 170  298
 170  295
 171  294
 171  284
 172  283
 172  282
 174  280
 174  279
 177  276
 177  272
 176  271
 176  269
 175  268
 175  266
 174  265
 174  264
 173  263
 173  262
 172  261
 172  260
 171  259
 171  258
 170  257
 170  256
 169  255
 169  254
 168  253
 168  252
 166  250
 166  249
 152  235
 152  221
 153  220
 156  220
 157  219
 161  219
 162  218
 163  218
 164  217
 165  217
 166  216
 167  216
 169  214
 170  214
 183  201
 183  200
 186  197
 186  196
 187  195
 187  193
 188  192
 188  191
 189  190
 189  189
 190  188
 190  187
 192  185
 192  184
 194  182
 194  181
 195  180
 195  179
 196  178
 196  176
 197  175
 197  172
 198  171
 198  169
 199  168
 199  167
 200  166
 200  165
 201  164
 201  162
 202  161
 202  160
 203  159
 203  156
 204  155
 204  149
 205  148
 205  146
 206  145
 206  144
 208  142
 208  141
 209  140
 209  138
 210  137
 210  135
 211  134
 211  133
 213  131
 213  130
 217  126
 217  125
 219  123
 219  122
 221  120
 221  119
 226  114
 226  113
 227  112
 227  111
 228  110
 228  109
 229  108
 229  106
 230  105
 230  103
 231  102
 231   95
 230   94
 230   93
 229   92
 229   91
 226   88
 225   88
 223   86
 222   86
 220   84
 219   84
 218   83
 217   83
 215   81
 214   81
 213   80
 212   80
 211   79
 210   79
 209   78
 208   78
 207   77
 206   77
 205   76
 204   76
 203   75
 201   75
 200   74
 197   74
 196   73
 194   73
 193   72
 188   72
 187   71
