 175   93
 174   94
 172   94
 171   95
 168   95
 167   96
 166   96
 165   97
 164   97
 163   98
 162   98
 161   99
 160   99
 159  100
 158  100
 157  101
 156  101
 155  102
 154  102
 152  104
 151  104
 150  105
 149  105
 147  107
 146  107
 143  110
 142  110
 140  112
 139  112
 135  116
 134  116
 131  119
 130  119
 127  122
 126  122
 121  127
 120  127
 107  140
 104  140
 103  141
 102  141
 101  142
 100  142
 100  143
  98  145
  98  146
  97  147
  97  149
  96  150
  96  151
  93  154
  93  155
  91  157
  91  158
  82  167
  82  168
  81  169
  81  170
  80  171
  80  229
  83  232
  83  233
  84  234
  84  235
  85  236
  85  237
  86  238
  86  239
  87  240
  87  242
  88  243
  88  244
  91  247
  91  248
  92  249
  92  251
  93  252
  93  253
  94  254
  94  255
  97  258
  97  259
 100  262
 100  263
 102  265
 102  266
 105  269
 105  270
 112  277
 112  291
 113  292
 114  292
 122  300
 123  300
 126  303
 127  303
 128  304
 133  304
 134  305
 135  305
 137  307
 154  307
 153  306
 153  305
 152  304
 152  303
 151  302
 151  283
 155  279
 155  278
 154  277
 154  260
 155  259
 155  258
 156  257
 156  256
 160  252
 160  251
 161  250
 161  235
 162  234
 161  233
 161  232
 160  231
 160  230
 159  229
 159  226
 158  225
 158  223
 157  222
 157  221
 150  214
 150  200
 151  199
 156  199
 157  198
 160  198
 161  197
 162  197
 163  196
 164  196
 173  187
 173  186
 177  182
 177  181
 178  180
 178  179
 179  178
 179  176
 180  175
 180  173
 181  172
 181  169
 182  168
 182  166
 183  165
 183  162
 184  161
 184  151
 185  150
 185  146
 186  145
 186  138
 187  137
 187  135
 188  134
 188  130
 189  129
 189  126
 190  125
 190  122
 191  121
 191  118
 192  117
 192  114
 193  113
 193  111
 194  110
 194  103
 191  100
 190  100
 189   99
 187   99
 185   97
 185   96
 184   96
 183   95
 182   95
 181   94
 180   94
 179   93
