 189   63
 188   64
 186   64
 185   65
 181   65
 180   66
 178   66
 177   67
 175   67
 174   68
 172   68
 171   69
 169   69
 168   70
 166   70
 165   71
 163   71
 162   72
 161   72
 160   73
 157   73
 156   74
 155   74
 154   75
 152   75
 151   76
 149   76
 148   77
 147   77
 146   78
 145   78
 144   79
 142   79
 141   80
 140   80
 139   81
 137   81
 136   82
 135   82
 134   83
 133   83
 132   84
 131   84
 130   85
 129   85
 128   86
 127   86
 126   87
 125   87
 124   88
 123   88
 122   89
 121   89
 120   90
 119   90
 118   91
 117   91
 116   92
 115   92
 114   93
 113   93
 111   95
 110   95
 109   96
 108   96
 107   97
 106   97
 105   98
 104   98
 102  100
 101  100
  99  102
  98  102
  94  106
  93  106
  90  109
  89  109
  85  113
  84  113
  81  116
  80  116
  77  119
  76  119
  73  122
  72  122
  68  126
  67  126
  64  129
  63  129
  58  134
  57  134
  52  139
  51  139
  48  142
  47  142
  41  148
  41  149
  40  150
  40  217
  41  218
  41  220
  42  221
  42  222
  43  223
  43  226
  44  227
  44  228
  45  229
  45  231
  46  232
  46  233
  47  234
  47  236
  48  237
  48  239
  49  240
  49  242
  50  243
  50  247
  51  248
  51  250
  52  251
  52  258
  53  259
  53  268
  54  269
  54  275
  55  276
  55  278
  56  279
  56  284
  57  285
  57  287
  58  288
  58  290
  59  291
  59  292
  60  293
  60  294
  62  296
  63  296
  65  298
  65  300
  66  301
  66  313
  67  314
  67  321
  68  322
  68  323
  69  324
  69  325
  82  338
  83  338
  86  341
  87  341
  88  342
  89  342
  90  343
 103  343
 106  346
 107  346
 108  347
 109  347
 113  343
 113  342
 115  340
 115  339
 118  336
 132  336
 134  338
 134  342
 135  343
 135  346
 136  347
 136  349
 137  350
 137  352
 139  354
 139  355
 141  357
 142  357
 149  364
 150  364
 151  365
 153  365
 154  364
 155  364
 156  363
 157  363
 160  360
 160  359
 161  358
 161  353
 160  352
 160  351
 158  349
 158  348
 147  337
 146  337
 141  332
 140  332
 135  327
 135  326
 134  325
 134  324
 133  323
 133  305
 134  304
 134  303
 136  301
 137  301
 138  300
 139  300
 140  299
 142  299
 143  298
 144  298
 146  296
 147  296
 147  295
 148  294
 148  292
 144  288
 143  288
 138  283
 137  283
 135  281
 134  281
 132  279
 131  279
 129  277
 129  261
 131  259
 131  258
 132  257
 125  250
 124  250
 121  247
 120  247
 116  243
 116  241
 115  240
 115  231
 113  229
 113  228
 108  223
 108  222
 107  221
 107  214
 106  213
 106  212
 105  211
 105  197
 106  196
 129  196
 130  195
 133  195
 134  194
 135  194
 136  193
 137  193
 138  192
 139  192
 140  191
 141  191
 142  190
 143  190
 144  189
 145  189
 147  187
 148  187
 150  185
 151  185
 152  184
 153  184
 157  180
 158  180
 163  175
 164  175
 170  169
 171  169
 180  160
 180  159
 187  152
 187  151
 193  145
 193  144
 196  141
 197  141
 204  134
 204  133
 210  127
 211  127
 217  121
 217  120
 220  117
 220  116
 222  114
 222  113
 224  111
 224  110
 226  108
 226  107
 227  106
 227  105
 228  104
 228  103
 229  102
 229  101
 230  100
 230   99
 231   98
 231   97
 232   96
 232   93
 233   92
 233   88
 234   87
 233   86
 233   83
 232   82
 232   80
 227   75
 226   75
 225   74
 224   74
 222   72
 221   72
 220   71
 219   71
 218   70
 217   70
 216   69
 215   69
 214   68
 213   68
 212   67
 210   67
 209   66
 207   66
 206   65
 202   65
 201   64
 197   64
 196   63
