 192   69
 191   70
 180   70
 179   71
 176   71
 175   72
 170   72
 169   73
 164   73
 163   74
 160   74
 159   75
 155   75
 154   76
 152   76
 151   77
 148   77
 147   78
 144   78
 143   79
 142   79
 141   80
 138   80
 137   81
 135   81
 134   82
 132   82
 131   83
 129   83
 128   84
 127   84
 126   85
 125   85
 124   86
 122   86
 121   87
 120   87
 119   88
 117   88
 116   89
 115   89
 114   90
 112   90
 111   91
 110   91
 109   92
 108   92
 107   93
 106   93
 105   94
 104   94
 103   95
 102   95
 101   96
 100   96
  99   97
  98   97
  97   98
  95   98
  93  100
  92  100
  91  101
  89  101
  88  102
  87  102
  85  104
  84  104
  83  105
  82  105
  81  106
  80  106
  79  107
  78  107
  76  109
  75  109
  74  110
  73  110
  72  111
  71  111
  69  113
  68  113
  66  115
  65  115
  63  117
  62  117
  60  119
  59  119
  58  120
  57  120
  54  123
  53  123
  51  125
  50  125
  46  129
  45  129
  37  137
  36  137
  27  146
  27  148
  26  149
  26  301
  27  302
  27  306
  28  307
  28  312
  29  313
  29  314
  30  315
  30  317
  39  326
  40  326
  44  330
  44  331
  45  332
  45  336
  46  337
  46  339
  47  340
  47  342
  48  343
  48  344
  49  345
  49  346
  50  347
  50  348
  56  354
  57  354
  59  356
  59  352
  60  351
  75  351
  80  356
  81  356
  82  357
  87  357
  91  353
  92  353
  94  351
  95  351
  96  350
 110  350
 111  349
 112  349
 112  348
 113  347
 113  345
 114  344
 114  335
 115  334
 115  333
 118  330
 119  330
 120  329
 121  329
 122  328
 123  328
 124  327
 125  327
 126  326
 127  326
 129  324
 129  323
 130  322
 130  317
 129  316
 129  297
 130  296
 130  294
 131  293
 132  293
 133  292
 134  292
 136  290
 137  290
 140  287
 140  285
 139  284
 139  283
 138  282
 138  280
 137  279
 137  278
 136  277
 136  260
 137  259
 137  258
 140  255
 140  254
 139  253
 139  252
 138  251
 138  250
 136  248
 136  247
 128  239
 128  219
 129  218
 130  218
 132  216
 133  216
 141  208
 142  208
 145  205
 146  205
 149  202
 150  202
 156  196
 156  195
 158  193
 158  192
 165  185
 166  185
 169  182
 169  181
 171  179
 171  178
 173  176
 173  175
 174  174
 174  173
 176  171
 176  170
 187  159
 187  158
 190  155
 190  154
 191  153
 191  152
 197  146
 198  146
 209  135
 210  135
 212  133
 213  133
 214  132
 215  132
 219  128
 220  128
 226  122
 226  121
 231  116
 232  116
 240  108
 240  107
 241  106
 241  105
 243  103
 243  102
 244  101
 244  100
 245   99
 245   98
 246   97
 246   96
 247   95
 247   92
 246   91
 246   90
 240   84
 239   84
 238   83
 237   83
 236   82
 235   82
 234   81
 233   81
 231   79
 230   79
 229   78
 228   78
 227   77
 226   77
 225   76
 224   76
 223   75
 221   75
 220   74
 219   74
 218   73
 215   73
 214   72
 210   72
 209   71
 207   71
 206   70
 195   70
 194   69
