 177   88
 176   89
 171   89
 170   90
 167   90
 166   91
 164   91
 163   92
 161   92
 160   93
 158   93
 157   94
 156   94
 155   95
 154   95
 153   96
 152   96
 151   97
 149   97
 148   98
 147   98
 145  100
 144  100
 143  101
 142  101
 141  102
 140  102
 139  103
 138  103
 137  104
 136  104
 134  106
 133  106
 131  108
 130  108
 128  110
 127  110
 124  113
 123  113
 120  116
 119  116
 116  119
 115  119
 110  124
 109  124
  93  140
  91  140
  90  141
  82  141
  74  149
  74  150
  73  151
  73  152
  72  153
  72  236
  73  237
  73  238
  74  239
  74  242
  75  243
  75  245
  76  246
  76  252
  77  253
  77  256
  78  257
  78  268
  79  269
  79  273
  80  274
  80  277
  81  278
  81  280
  82  281
  82  282
  83  283
  83  284
  84  285
  84  286
  85  287
  86  287
  88  289
  89  289
  92  292
  92  293
  95  296
  95  300
  96  301
  96  303
  97  304
  97  305
  98  306
  98  307
 109  318
 111  318
 112  317
 127  317
 128  318
 129  318
 130  319
 139  319
 140  320
 140  325
 141  326
 141  328
 142  329
 142  330
 144  332
 145  332
 147  334
 148  334
 150  336
 150  337
 151  338
 153  338
 154  337
 154  336
 155  335
 155  334
 154  333
 154  330
 152  328
 152  326
 150  324
 150  323
 148  321
 148  320
 146  318
 146  317
 144  315
 144  314
 143  313
 143  295
 144  294
 144  293
 149  288
 149  269
 153  265
 154  265
 155  264
 155  249
 156  248
 156  247
 150  241
 150  240
 148  238
 148  232
 141  225
 140  225
 138  223
 137  223
 135  221
 135  207
 136  206
 146  206
 147  205
 152  205
 153  204
 155  204
 163  196
 163  195
 165  193
 165  192
 166  191
 166  190
 167  189
 167  188
 170  185
 170  184
 171  183
 171  180
 172  179
 172  177
 173  176
 173  175
 174  174
 174  173
 176  171
 176  170
 177  169
 177  167
 178  166
 178  162
 179  161
 179  160
 180  159
 180  158
 182  156
 182  154
 183  153
 183  152
 184  151
 184  148
 185  147
 185  145
 186  144
 186  143
 188  141
 188  140
 189  139
 189  138
 190  137
 190  135
 191  134
 191  132
 192  131
 192  130
 195  127
 195  125
 196  124
 196  123
 197  122
 197  119
 198  118
 198  117
 199  116
 199  115
 200  114
 200  113
 201  112
 201  110
 202  109
 202  105
 201  104
 201  103
 200  102
 200  101
 199  100
 199   99
 198   99
 196   97
 195   97
 194   96
 193   96
 191   94
 190   94
 188   92
 187   92
 186   91
 184   91
 183   90
 182   90
 181   89
 178   89
