 182   76
 181   77
 177   77
 176   78
 174   78
 173   79
 171   79
 170   80
 168   80
 167   81
 165   81
 164   82
 163   82
 162   83
 161   83
 160   84
 159   84
 158   85
 156   85
 155   86
 154   86
 153   87
 152   87
 151   88
 150   88
 148   90
 147   90
 146   91
 145   91
 144   92
 143   92
 141   94
 140   94
 138   96
 137   96
 135   98
 134   98
 133   99
 132   99
 129  102
 128  102
 126  104
 125  104
 122  107
 121  107
 115  113
 114  113
 100  127
 100  128
  97  131
  96  131
  95  132
  92  132
  91  133
  89  133
  88  134
  87  134
  84  137
  84  138
  82  140
  82  141
  81  142
  81  143
  80  144
  80  146
  79  147
  79  150
  78  151
  78  152
  76  154
  76  155
  69  162
  69  163
  67  165
  67  166
  66  167
  66  168
  64  170
  64  171
  62  173
  62  174
  61  175
  61  254
  62  255
  62  258
  63  259
  63  261
  64  262
  64  265
  65  266
  65  268
  66  269
  66  271
  67  272
  67  274
  68  275
  68  277
  69  278
  69  283
  70  284
  70  286
  71  287
  71  291
  72  292
  72  293
  73  294
  73  299
  74  300
  74  301
  75  302
  75  305
  76  306
  76  307
  77  308
  77  310
  78  311
  78  312
  80  314
  80  315
  82  317
  83  317
  85  319
  85  320
  91  326
  91  328
  92  329
  92  330
  93  331
  93  332
  94  333
  94  334
  95  335
  95  337
 107  349
 126  349
 127  350
 128  350
 130  348
 130  346
 133  343
 147  343
 148  344
 149  344
 151  346
 151  345
 150  344
 150  323
 151  322
 151  321
 152  320
 153  320
 154  319
 156  319
 157  318
 158  318
 159  317
 160  317
 163  314
 163  299
 164  298
 164  296
 166  294
 167  294
 168  293
 169  293
 170  292
 171  292
 172  291
 173  291
 175  289
 175  288
 174  287
 174  267
 175  266
 175  265
 176  264
 175  263
 175  261
 173  259
 173  258
 167  252
 167  251
 166  250
 166  248
 165  247
 165  246
 163  244
 163  243
 160  240
 160  239
 158  237
 157  237
 153  233
 152  233
 150  231
 150  217
 152  215
 159  215
 160  214
 164  214
 165  213
 167  213
 168  212
 169  212
 170  211
 171  211
 172  210
 173  210
 176  207
 177  207
 181  203
 181  202
 189  194
 189  193
 190  192
 190  190
 191  189
 191  187
 192  186
 192  183
 193  182
 193  180
 194  179
 194  178
 196  176
 196  174
 197  173
 197  156
 198  155
 198  154
 199  153
 199  140
 200  139
 200  137
 201  136
 201  134
 202  133
 202  129
 203  128
 203  124
 204  123
 204  122
 205  121
 205  119
 206  118
 206  116
 207  115
 207  113
 208  112
 208  111
 209  110
 209  109
 210  108
 210  106
 211  105
 211  104
 212  103
 212   98
 213   97
 213   94
 212   93
 212   91
 211   90
 211   89
 210   88
 210   87
 206   83
 205   83
 204   82
 203   82
 201   80
 200   80
 199   79
 198   79
 197   78
 196   78
 195   77
 193   77
 192   76
