 231   11
 230   12
 224   12
 223   13
 218   13
 217   14
 214   14
 213   15
 209   15
 208   16
 205   16
 204   17
 201   17
 200   18
 197   18
 196   19
 193   19
 192   20
 189   20
 188   21
 185   21
 184   22
 183   22
 182   23
 180   23
 179   24
 177   24
 176   25
 175   25
 174   26
 172   26
 171   27
 170   27
 169   28
 168   28
 167   29
 165   29
 164   30
 163   30
 162   31
 161   31
 160   32
 159   32
 158   33
 156   33
 155   34
 154   34
 153   35
 152   35
 150   37
 149   37
 148   38
 147   38
 146   39
 145   39
 143   41
 142   41
 141   42
 140   42
 139   43
 138   43
 136   45
 135   45
 134   46
 133   46
 131   48
 130   48
 129   49
 128   49
 126   51
 125   51
 124   52
 123   52
 122   53
 121   53
 119   55
 118   55
 116   57
 115   57
 114   58
 113   58
 111   60
 110   60
 108   62
 107   62
 106   63
 105   63
 103   65
 102   65
 100   67
  99   67
  97   69
  96   69
  94   71
  93   71
  90   74
  89   74
  87   76
  86   76
  83   79
  82   79
  79   82
  78   82
  74   86
  73   86
  68   91
  67   91
  63   95
  62   95
  55  102
  54  102
  33  123
  32  123
  28  127
  28  128
  17  139
  17  140
  12  145
  12  146
   9  149
   9  150
   8  151
   0  151
   0  340
   8  340
   9  341
   9  342
  11  344
  11  345
  12  346
  13  346
  14  347
  14  348
  17  351
  17  352
  19  354
  19  355
  25  361
  25  362
  27  364
  27  366
  28  367
  28  369
  29  370
  29  371
  32  374
  32  376
  34  378
  34  379
  36  381
  36  382
  37  383
  37  384
  38  385
  38  386
  39  387
  39  388
  41  390
  41  391
  42  392
  42  393
  43  394
  43  395
  44  396
  44  397
  45  398
  45  399
  46  400
  46  401
  56  411
  57  411
  61  415
  62  415
  63  416
  65  416
  66  417
  72  417
  73  418
  80  418
  81  417
  85  417
  86  416
  88  416
  89  415
  90  415
  91  414
  92  414
  93  413
  94  413
  95  412
  96  412
  98  410
  99  410
 101  408
 102  408
 103  407
 106  407
 107  406
 110  406
 111  405
 114  405
 115  404
 117  404
 118  403
 119  403
 120  402
 121  402
 123  400
 124  400
 126  398
 126  397
 128  395
 128  394
 129  393
 129  392
 130  391
 130  389
 131  388
 131  387
 132  386
 132  385
 133  384
 133  383
 134  382
 134  381
 141  374
 142  374
 144  372
 145  372
 146  371
 147  371
 150  368
 150  367
 152  365
 152  361
 153  360
 153  356
 154  355
 154  342
 155  341
 155  338
 156  337
 156  335
 157  334
 157  333
 158  332
 158  331
 160  329
 160  328
 161  327
 161  326
 162  325
 162  324
 163  323
 163  322
 164  321
 164  319
 163  318
 163  315
 162  314
 162  312
 161  311
 161  309
 160  308
 160  305
 159  304
 159  302
 158  301
 158  298
 156  296
 156  295
 154  293
 154  292
 152  290
 152  289
 145  282
 145  281
 144  280
 143  280
 133  270
 132  270
 129  267
 128  267
 125  264
 124  264
 121  261
 120  261
 117  258
 117  244
 118  243
 143  243
 144  242
 150  242
 151  241
 156  241
 157  240
 160  240
 161  239
 164  239
 165  238
 167  238
 168  237
 169  237
 170  236
 172  236
 173  235
 174  235
 175  234
 176  234
 177  233
 178  233
 179  232
 180  232
 181  231
 182  231
 184  229
 185  229
 188  226
 189  226
 209  206
 209  205
 213  201
 213  200
 214  199
 214  198
 216  196
 216  195
 217  194
 217  193
 218  192
 218  191
 220  189
 220  188
 221  187
 221  186
 223  184
 223  183
 224  182
 224  180
 225  179
 225  178
 226  177
 226  176
 227  175
 227  174
 228  173
 228  172
 229  171
 229  170
 230  169
 230  168
 231  167
 231  166
 232  165
 232  164
 233  163
 233  161
 234  160
 234  159
 235  158
 235  156
 236  155
 236  154
 237  153
 237  152
 238  151
 238  150
 239  149
 239  148
 240  147
 240  145
 241  144
 241  143
 242  142
 242  140
 243  139
 243  138
 244  137
 244  136
 245  135
 245  134
 246  133
 246  132
 247  131
 247  130
 248  129
 248  128
 249  127
 249  126
 250  125
 250  124
 251  123
 251  121
 252  120
 252  119
 253  118
 253  117
 254  116
 254  115
 255  114
 255  113
 256  112
 256  111
 257  110
 257  109
 258  108
 258  106
 260  104
 260  102
 262  100
 262   99
 263   98
 263   97
 264   96
 264   95
 267   92
 274   92
 274   18
 266   18
 265   17
 263   17
 262   16
 261   16
 260   15
 258   15
 257   14
 254   14
 253   13
 249   13
 248   12
 243   12
 242   11
