 181   76
 180   77
 177   77
 176   78
 172   78
 171   79
 170   79
 169   80
 166   80
 165   81
 163   81
 162   82
 161   82
 160   83
 158   83
 157   84
 155   84
 154   85
 153   85
 152   86
 150   86
 149   87
 148   87
 147   88
 146   88
 145   89
 143   89
 142   90
 141   90
 140   91
 139   91
 138   92
 137   92
 136   93
 135   93
 134   94
 133   94
 132   95
 131   95
 130   96
 129   96
 127   98
 126   98
 125   99
 124   99
 123  100
 122  100
 121  101
 120  101
 118  103
 117  103
 116  104
 115  104
 114  105
 113  105
 111  107
 110  107
 109  108
 108  108
 106  110
 105  110
 104  111
 103  111
 101  113
 100  113
  97  116
  96  116
  94  118
  93  118
  89  122
  88  122
  85  125
  84  125
  80  129
  79  129
  75  133
  74  133
  72  135
  71  135
  70  136
  59  136
  55  140
  55  141
  53  143
  53  144
  52  145
  52  147
  51  148
  51  295
  52  296
  52  303
  53  304
  53  305
  54  306
  54  309
  55  310
  55  311
  56  312
  56  313
  57  314
  57  315
  67  325
  68  325
  69  326
  70  326
  73  329
  73  331
  74  332
  74  333
  75  334
  75  335
  76  336
  76  337
  77  338
  77  339
  89  351
  90  351
  91  352
 105  352
 106  351
 108  351
 109  350
 111  350
 113  348
 114  348
 115  347
 116  347
 117  346
 118  346
 119  345
 131  345
 132  344
 133  344
 135  342
 135  339
 136  338
 136  333
 137  332
 137  331
 138  330
 139  330
 140  329
 141  329
 142  328
 143  328
 144  327
 145  327
 146  326
 147  326
 148  325
 149  325
 151  323
 151  322
 152  321
 152  317
 153  316
 153  310
 154  309
 154  307
 159  302
 161  302
 162  301
 163  301
 164  300
 165  300
 167  298
 168  298
 168  297
 169  296
 168  295
 168  294
 167  293
 167  274
 169  272
 169  271
 170  270
 170  269
 169  268
 169  266
 167  264
 167  263
 165  261
 165  260
 163  258
 163  256
 162  255
 162  254
 161  253
 161  252
 159  250
 159  249
 158  248
 158  247
 156  245
 156  244
 152  240
 152  224
 153  223
 156  223
 157  222
 158  222
 159  221
 160  221
 161  220
 162  220
 163  219
 164  219
 166  217
 167  217
 171  213
 171  212
 178  205
 178  204
 179  203
 179  202
 180  201
 180  200
 181  199
 181  198
 182  197
 182  195
 184  193
 184  192
 185  191
 185  190
 187  188
 187  187
 188  186
 188  184
 189  183
 189  178
 190  177
 190  175
 191  174
 191  172
 192  171
 192  170
 193  169
 193  167
 194  166
 194  164
 195  163
 195  160
 197  158
 197  157
 200  154
 200  153
 202  151
 202  149
 203  148
 203  147
 204  146
 204  143
 205  142
 205  141
 206  140
 206  139
 208  137
 208  136
 211  133
 211  132
 213  130
 213  129
 214  128
 214  127
 215  126
 215  124
 216  123
 216  121
 217  120
 217  118
 218  117
 218  116
 219  115
 219  114
 220  113
 220  112
 221  111
 221  107
 222  106
 222  102
 223  101
 223   97
 224   96
 223   95
 223   92
 221   90
 221   89
 218   86
 217   86
 215   84
 214   84
 212   82
 211   82
 210   81
 209   81
 208   80
 207   80
 206   79
 205   79
 204   78
 201   78
 200   77
 198   77
 197   76
