 174   73
 173   74
 170   74
 169   75
 165   75
 164   76
 159   76
 158   77
 156   77
 155   78
 151   78
 150   79
 148   79
 147   80
 144   80
 143   81
 140   81
 139   82
 138   82
 137   83
 134   83
 133   84
 131   84
 130   85
 128   85
 127   86
 124   86
 123   87
 122   87
 121   88
 119   88
 118   89
 116   89
 115   90
 114   90
 113   91
 111   91
 110   92
 109   92
 108   93
 107   93
 106   94
 104   94
 103   95
 102   95
 101   96
  99   96
  98   97
  97   97
  96   98
  95   98
  94   99
  93   99
  92  100
  91  100
  90  101
  89  101
  88  102
  87  102
  86  103
  85  103
  84  104
  83  104
  82  105
  81  105
  80  106
  78  106
  77  107
  73  107
  72  108
  71  108
  67  112
  66  112
  63  115
  62  115
  57  120
  56  120
  52  124
  51  124
  45  130
  44  130
  37  137
  37  138
  35  140
  35  141
  31  145
  30  145
  29  146
  29  311
  32  314
  33  314
  38  319
  38  320
  40  322
  40  325
  41  326
  41  328
  42  329
  42  332
  43  333
  43  334
  44  335
  44  337
  45  338
  45  339
  47  341
  47  342
  51  346
  52  346
  58  352
  58  353
  59  353
  60  354
  61  354
  62  355
  63  355
  64  356
  83  356
  84  355
  85  355
  86  354
  87  354
  89  352
  90  352
  91  351
 109  351
 109  350
 110  349
 110  348
 111  347
 111  337
 112  336
 112  334
 116  330
 117  330
 118  329
 119  329
 120  328
 121  328
 123  326
 124  326
 126  324
 126  323
 127  322
 127  300
 128  299
 128  297
 129  296
 129  295
 136  288
 136  287
 135  286
 135  284
 134  283
 134  266
 136  264
 136  263
 138  261
 138  257
 137  256
 137  255
 136  254
 136  253
 135  252
 135  251
 134  250
 134  249
 133  248
 133  239
 132  238
 132  236
 131  235
 131  234
 129  232
 129  230
 126  227
 126  213
 127  212
 131  212
 132  211
 135  211
 136  210
 139  210
 140  209
 141  209
 142  208
 143  208
 150  201
 150  200
 158  192
 158  191
 160  189
 160  188
 162  186
 162  185
 168  179
 168  178
 173  173
 173  172
 175  170
 175  169
 177  167
 177  166
 190  153
 190  152
 192  150
 192  149
 201  140
 202  140
 209  133
 210  133
 212  131
 213  131
 215  129
 216  129
 227  118
 228  118
 236  110
 236  109
 241  104
 241  103
 242  102
 242  101
 244   99
 244   96
 245   95
 244   94
 244   93
 243   92
 243   91
 241   89
 240   89
 238   87
 237   87
 236   86
 235   86
 233   84
 232   84
 231   83
 230   83
 229   82
 228   82
 227   81
 226   81
 225   80
 223   80
 222   79
 221   79
 220   78
 217   78
 216   77
 215   77
 214   76
 211   76
 210   75
 207   75
 206   74
 202   74
 201   73
