 205   15
 204   16
 199   16
 198   17
 194   17
 193   18
 189   18
 188   19
 185   19
 184   20
 181   20
 180   21
 178   21
 177   22
 175   22
 174   23
 172   23
 171   24
 169   24
 168   25
 166   25
 165   26
 164   26
 163   27
 162   27
 161   28
 159   28
 158   29
 157   29
 156   30
 155   30
 154   31
 153   31
 152   32
 151   32
 149   34
 148   34
 147   35
 146   35
 145   36
 144   36
 143   37
 142   37
 140   39
 139   39
 137   41
 136   41
 133   44
 132   44
 129   47
 129   48
 127   50
 126   50
 123   53
 122   53
 120   55
 119   55
 117   57
 116   57
 115   58
 114   58
 112   60
 111   60
 109   62
 108   62
 105   65
 104   65
  79   90
  79   91
  66  104
  66  105
  61  110
  61  111
  52  120
  52  121
  46  127
  46  128
  44  130
  44  131
  40  135
  40  136
  38  138
  38  139
  35  142
  35  143
  33  145
  33  146
  32  147
  32  149
  31  150
  31  223
  32  224
  32  227
  33  228
  33  229
  34  230
  34  231
  37  234
  37  235
  38  236
  38  242
  39  243
  39  247
  40  248
  40  251
  41  252
  41  256
  42  257
  42  260
  43  261
  43  269
  44  270
  44  274
  45  275
  45  287
  46  288
  46  291
  47  292
  47  297
  48  298
  48  301
  49  302
  49  305
  50  306
  50  309
  51  310
  51  311
  52  312
  52  314
  53  315
  53  316
  54  317
  54  318
  57  321
  58  321
  59  322
  60  322
  61  323
  62  323
  65  326
  65  327
  66  328
  66  336
  67  337
  67  341
  68  342
  68  343
  69  344
  69  347
  70  348
  70  349
  71  350
  71  351
  72  352
  72  353
  77  358
  78  358
  83  363
  83  364
  84  365
  85  365
  86  366
  87  366
  88  367
  90  367
  91  368
  92  367
 108  367
 109  366
 110  366
 111  365
 112  365
 115  362
 129  362
 130  363
 130  366
 131  367
 131  368
 132  369
 132  372
 133  373
 133  374
 134  375
 134  378
 135  379
 135  380
 136  381
 136  382
 137  383
 137  384
 138  385
 138  387
 139  388
 139  392
 140  393
 140  395
 141  396
 141  398
 143  400
 143  401
 145  403
 145  404
 149  408
 150  408
 153  411
 154  411
 155  412
 156  412
 157  413
 164  413
 165  412
 167  412
 168  411
 169  411
 171  409
 171  406
 170  405
 170  404
 169  403
 169  401
 167  399
 167  398
 166  397
 166  396
 163  393
 163  392
 160  389
 160  388
 156  384
 156  383
 154  381
 154  380
 152  378
 152  377
 150  375
 150  374
 148  372
 148  371
 147  370
 147  369
 145  367
 145  365
 144  364
 144  363
 143  362
 143  360
 142  359
 142  358
 141  357
 141  334
 142  333
 143  333
 144  332
 148  332
 149  331
 152  331
 153  330
 154  330
 155  329
 156  329
 159  326
 159  325
 160  324
 160  323
 161  322
 161  319
 162  318
 162  301
 164  299
 165  299
 166  298
 168  298
 169  297
 170  297
 175  292
 175  291
 176  290
 176  288
 175  287
 175  285
 174  284
 174  282
 173  281
 173  265
 174  264
 174  263
 176  261
 176  258
 175  257
 175  255
 174  254
 174  253
 173  252
 173  251
 172  250
 172  249
 171  248
 171  247
 169  245
 169  244
 165  240
 165  239
 161  235
 161  234
 160  233
 160  232
 158  230
 158  229
 157  228
 157  227
 154  224
 154  223
 140  209
 139  209
 135  205
 135  191
 136  190
 158  190
 159  189
 162  189
 163  188
 164  188
 165  187
 165  181
 166  180
 167  180
 168  179
 172  179
 173  178
 174  178
 175  177
 176  177
 184  169
 184  168
 187  165
 187  164
 189  162
 189  161
 190  160
 190  159
 191  158
 191  157
 193  155
 193  154
 198  149
 198  148
 199  147
 199  144
 200  143
 200  133
 201  132
 201  131
 203  129
 203  128
 204  127
 204  125
 205  124
 205  122
 206  121
 206  110
 207  109
 207  108
 209  106
 209  105
 212  102
 212  101
 213  100
 213   99
 214   98
 214   96
 215   95
 215   91
 216   90
 216   88
 217   87
 217   85
 219   83
 219   82
 221   80
 221   78
 222   77
 222   76
 223   75
 223   73
 224   72
 224   71
 225   70
 225   68
 227   66
 227   65
 230   62
 230   61
 232   59
 232   58
 233   57
 233   56
 234   55
 234   54
 235   53
 235   51
 236   50
 236   49
 237   48
 237   47
 238   46
 238   45
 240   43
 240   42
 241   41
 241   39
 242   38
 242   37
 243   36
 243   35
 242   34
 242   33
 241   32
 241   31
 234   24
 233   24
 232   23
 231   23
 230   22
 229   22
 228   21
 227   21
 225   19
 224   19
 223   18
 221   18
 220   17
 218   17
 217   16
 213   16
 212   15
