 188   75
 187   76
 182   76
 181   77
 178   77
 177   78
 174   78
 173   79
 171   79
 170   80
 168   80
 167   81
 165   81
 164   82
 163   82
 162   83
 160   83
 159   84
 158   84
 157   85
 155   85
 154   86
 152   86
 151   87
 150   87
 149   88
 148   88
 147   89
 146   89
 145   90
 144   90
 143   91
 142   91
 141   92
 140   92
 139   93
 138   93
 137   94
 136   94
 135   95
 134   95
 133   96
 132   96
 131   97
 130   97
 128   99
 127   99
 126  100
 125  100
 124  101
 123  101
 122  102
 121  102
 119  104
 118  104
 117  105
 116  105
 114  107
 113  107
 112  108
 111  108
 109  110
 108  110
 105  113
 104  113
 101  116
 100  116
  97  119
  96  119
  92  123
  91  123
  87  127
  72  127
  71  126
  69  126
  69  128
  68  129
  68  130
  66  132
  66  133
  65  134
  65  135
  63  137
  63  138
  61  140
  61  141
  55  147
  54  147
  52  149
  52  258
  53  259
  53  262
  54  263
  54  269
  55  270
  55  273
  56  274
  56  281
  57  282
  57  296
  58  297
  58  305
  59  306
  59  307
  60  308
  60  310
  61  311
  61  312
  62  313
  62  314
  63  315
  63  316
  72  325
  73  325
  75  327
  77  327
  79  329
  79  330
  80  331
  80  333
  81  334
  81  335
  83  337
  83  338
  87  342
  87  343
  95  351
  96  351
  98  353
 100  353
 101  352
 114  352
 115  351
 116  351
 117  350
 118  350
 124  344
 136  344
 137  343
 138  343
 139  342
 139  341
 141  339
 141  332
 142  331
 142  330
 147  325
 148  325
 150  323
 151  323
 152  322
 153  322
 153  321
 156  318
 156  310
 157  309
 157  304
 158  303
 158  300
 163  295
 165  295
 169  291
 169  287
 168  286
 168  268
 169  267
 169  266
 167  264
 167  262
 165  260
 165  259
 163  257
 163  256
 161  254
 161  253
 160  252
 160  251
 158  249
 158  248
 156  246
 156  245
 155  244
 155  243
 154  242
 154  239
 152  237
 152  236
 150  234
 150  220
 151  219
 156  219
 157  218
 160  218
 161  217
 163  217
 165  215
 166  215
 171  210
 171  209
 178  202
 178  201
 180  199
 180  198
 181  197
 181  196
 182  195
 182  194
 184  192
 184  190
 186  188
 186  187
 188  185
 188  183
 189  182
 189  181
 190  180
 190  178
 191  177
 191  173
 192  172
 192  170
 193  169
 193  168
 195  166
 195  163
 196  162
 196  159
 197  158
 197  154
 199  152
 199  151
 201  149
 201  148
 202  147
 202  146
 203  145
 203  144
 204  143
 204  141
 205  140
 205  139
 206  138
 206  136
 208  134
 208  133
 210  131
 210  130
 212  128
 212  126
 213  125
 213  123
 214  122
 214  120
 215  119
 215  117
 217  115
 217  114
 219  112
 219  109
 220  108
 220  107
 221  106
 221  101
 222  100
 222   97
 223   96
 223   93
 222   92
 222   90
 221   89
 221   88
 220   87
 220   86
 219   85
 218   85
 217   84
 216   84
 214   82
 213   82
 211   80
 210   80
 209   79
 208   79
 207   78
 204   78
 203   77
 201   77
 200   76
 195   76
 194   75
