 170   68
 169   69
 163   69
 162   70
 157   70
 156   71
 153   71
 152   72
 149   72
 148   73
 145   73
 144   74
 142   74
 141   75
 139   75
 138   76
 137   76
 136   77
 134   77
 133   78
 131   78
 130   79
 129   79
 128   80
 126   80
 125   81
 124   81
 123   82
 122   82
 121   83
 120   83
 119   84
 118   84
 117   85
 116   85
 115   86
 114   86
 113   87
 112   87
 111   88
 110   88
 109   89
 108   89
 107   90
 106   90
 104   92
 103   92
 101   94
 100   94
  98   96
  97   96
  95   98
  94   98
  91  101
  90  101
  86  105
  85  105
  82  108
  81  108
  78  111
  78  112
  74  116
  74  117
  67  124
  67  125
  61  131
  61  132
  49  144
  49  145
  45  149
  45  150
  42  153
  42  154
  40  156
  40  158
  39  159
  39  259
  40  260
  40  264
  41  265
  41  267
  42  268
  42  278
  43  279
  43  283
  44  284
  44  292
  45  293
  45  300
  46  301
  46  303
  47  304
  47  305
  54  312
  54  313
  55  313
  63  321
  63  322
  65  324
  65  325
  66  326
  66  327
  68  329
  68  330
  70  332
  70  333
  84  347
  85  347
  87  349
  88  349
  89  350
  91  350
  92  351
  94  351
  95  352
  97  352
  98  353
  99  353
 100  354
 101  354
 102  355
 103  355
 106  358
 107  358
 108  359
 109  358
 128  358
 129  359
 130  358
 130  357
 132  355
 132  352
 133  351
 133  349
 134  348
 134  345
 135  344
 135  343
 140  338
 141  338
 142  337
 143  337
 144  336
 145  336
 146  335
 147  335
 150  332
 150  331
 152  329
 152  328
 153  327
 153  326
 154  325
 154  323
 155  322
 155  321
 156  320
 156  319
 157  318
 157  317
 163  311
 164  311
 165  310
 166  310
 167  309
 168  309
 173  304
 173  303
 174  302
 174  301
 175  300
 175  282
 176  281
 176  279
 177  278
 177  277
 179  275
 179  274
 180  273
 180  271
 179  270
 179  268
 178  267
 178  266
 177  265
 177  264
 176  263
 176  262
 175  261
 175  260
 174  259
 174  257
 173  256
 173  255
 172  254
 172  252
 171  251
 171  249
 170  248
 170  247
 169  246
 169  245
 164  240
 164  239
 157  232
 157  217
 158  216
 159  216
 160  215
 161  215
 168  208
 168  207
 169  206
 169  205
 170  204
 170  203
 172  201
 172  200
 173  199
 173  198
 174  197
 174  195
 175  194
 175  192
 176  191
 176  189
 177  188
 177  185
 178  184
 178  183
 179  182
 179  180
 180  179
 180  177
 181  176
 181  174
 182  173
 182  170
 183  169
 183  165
 184  164
 184  163
 185  162
 185  161
 186  160
 186  158
 187  157
 187  156
 188  155
 188  153
 189  152
 189  150
 190  149
 190  148
 194  144
 194  143
 200  137
 200  136
 205  131
 206  131
 209  128
 210  128
 215  123
 216  123
 221  118
 222  118
 226  114
 227  114
 228  113
 228  112
 230  110
 230  109
 231  108
 231  106
 232  105
 232  104
 233  103
 233  101
 234  100
 234   97
 233   96
 233   95
 231   93
 231   92
 229   90
 228   90
 225   87
 224   87
 222   85
 221   85
 220   84
 219   84
 216   81
 215   81
 214   80
 213   80
 212   79
 211   79
 210   78
 209   78
 208   77
 207   77
 206   76
 205   76
 204   75
 202   75
 201   74
 199   74
 198   73
 196   73
 195   72
 193   72
 192   71
 190   71
 189   70
 185   70
 184   69
 178   69
 177   68
