 187   27
 186   28
 180   28
 179   29
 174   29
 173   30
 169   30
 168   31
 163   31
 162   32
 159   32
 158   33
 156   33
 155   34
 152   34
 151   35
 148   35
 147   36
 146   36
 145   37
 142   37
 141   38
 140   38
 139   39
 137   39
 136   40
 134   40
 133   41
 131   41
 130   42
 129   42
 128   43
 126   43
 125   44
 124   44
 123   45
 122   45
 121   46
 120   46
 119   47
 117   47
 116   48
 115   48
 114   49
 113   49
 112   50
 111   50
 110   51
 109   51
 108   52
 107   52
 106   53
 105   53
 104   54
 103   54
 102   55
 101   55
 100   56
  99   56
  98   57
  97   57
  96   58
  95   58
  94   59
  93   59
  91   61
  90   61
  89   62
  88   62
  86   64
  85   64
  84   65
  83   65
  81   67
  80   67
  78   69
  77   69
  75   71
  74   71
  72   73
  71   73
  67   77
  66   77
  41  102
  41  103
  37  107
  37  108
  33  112
  33  113
  28  118
  28  119
  25  122
  25  123
  23  125
  23  126
  20  129
  20  130
  19  131
  19  132
  17  134
  17  135
  16  136
  16  137
  15  138
  15  139
  14  140
  14  142
  13  143
  13  266
  14  267
  14  272
  15  273
  15  277
  16  278
  16  283
  17  284
  17  289
  18  290
  18  292
  19  293
  19  301
  20  302
  20  305
  21  306
  21  325
  22  326
  22  330
  23  331
  23  339
  24  340
  24  343
  25  344
  25  349
  26  350
  26  352
  28  354
  28  355
  30  357
  31  357
  40  366
  40  369
  41  370
  41  372
  42  373
  42  374
  43  375
  43  376
  44  377
  44  378
  45  379
  45  380
  46  381
  46  382
  48  384
  48  385
  50  387
  50  388
  54  392
  54  393
  55  393
  56  394
  56  395
  57  395
  62  400
  63  400
  64  401
  65  401
  66  400
  86  400
  87  401
  91  401
  93  399
  94  399
  94  398
  96  396
  97  396
  98  395
 119  395
 120  394
 121  394
 122  393
 122  392
 124  390
 124  389
 125  388
 125  385
 126  384
 126  378
 127  377
 127  374
 128  373
 128  371
 129  370
 129  369
 131  367
 131  366
 133  364
 134  364
 135  363
 137  363
 138  362
 139  362
 140  361
 141  361
 142  360
 143  360
 144  359
 145  359
 146  358
 147  358
 148  357
 148  356
 150  354
 150  353
 151  352
 151  328
 152  327
 152  325
 153  324
 153  323
 155  321
 157  321
 158  320
 159  320
 160  319
 162  319
 163  318
 164  318
 166  316
 167  316
 168  315
 168  314
 169  313
 169  310
 167  308
 167  287
 170  284
 170  283
 173  280
 173  275
 172  274
 172  273
 171  272
 171  271
 170  270
 170  269
 169  268
 169  267
 168  266
 168  265
 166  263
 166  262
 165  261
 165  259
 164  258
 164  256
 163  255
 163  254
 162  253
 162  251
 160  249
 160  248
 159  247
 159  246
 157  244
 157  243
 154  240
 154  239
 153  238
 152  238
 151  237
 151  236
 147  232
 146  232
 141  227
 140  227
 135  222
 134  222
 133  221
 133  207
 134  206
 161  206
 162  205
 171  205
 172  204
 174  204
 175  203
 177  203
 178  202
 179  202
 180  201
 181  201
 183  199
 184  199
 186  197
 187  197
 193  191
 194  191
 197  188
 197  187
 199  185
 199  184
 201  182
 201  181
 202  180
 202  179
 203  178
 203  177
 204  176
 204  175
 205  174
 205  173
 207  171
 207  170
 209  168
 209  167
 211  165
 211  164
 212  163
 212  161
 213  160
 213  158
 214  157
 214  154
 215  153
 215  150
 216  149
 216  148
 217  147
 217  146
 220  143
 220  142
 221  141
 221  140
 223  138
 223  136
 224  135
 224  134
 225  133
 225  131
 226  130
 226  128
 227  127
 227  126
 234  119
 234  118
 236  116
 236  115
 237  114
 237  113
 238  112
 238  110
 240  108
 240  107
 241  106
 241  105
 245  101
 245  100
 247   98
 247   97
 249   95
 249   94
 250   93
 250   92
 251   91
 251   90
 252   89
 252   88
 259   81
 260   81
 261   80
 261   47
 260   46
 258   46
 255   43
 254   43
 253   42
 252   42
 251   41
 250   41
 249   40
 248   40
 247   39
 246   39
 245   38
 244   38
 243   37
 242   37
 241   36
 240   36
 239   35
 238   35
 237   34
 235   34
 234   33
 233   33
 232   32
 230   32
 229   31
 227   31
 226   30
 223   30
 222   29
 218   29
 217   28
 210   28
 209   27
