 210   53
 209   54
 204   54
 203   55
 199   55
 198   56
 195   56
 194   57
 192   57
 191   58
 189   58
 188   59
 186   59
 185   60
 183   60
 182   61
 181   61
 180   62
 178   62
 177   63
 176   63
 175   64
 173   64
 172   65
 171   65
 170   66
 168   66
 167   67
 166   67
 165   68
 164   68
 163   69
 162   69
 160   71
 159   71
 158   72
 157   72
 155   74
 154   74
 152   76
 151   76
 148   79
 147   79
 143   83
 142   83
 139   86
 138   86
 135   89
 134   89
 129   94
 128   94
 126   96
 125   96
 107  114
 106  114
 104  116
 104  117
  91  130
  91  131
  85  137
  70  137
  69  136
  69  135
  67  137
  67  138
  61  144
  61  145
  58  148
  58  149
  55  152
  55  153
  53  155
  53  156
  51  158
  51  159
  48  162
  48  163
  46  165
  46  166
  42  170
  42  171
  40  173
  40  174
  36  178
  36  180
  38  182
  38  196
  37  197
  37  198
  36  199
  36  200
  35  201
  35  340
  36  341
  40  341
  41  342
  44  342
  45  343
  46  343
  48  345
  49  345
  50  346
  51  346
  52  347
  53  347
  54  348
  55  348
  56  349
  57  349
  58  350
  60  350
  61  351
  63  351
  65  353
  66  353
  68  355
  69  355
  71  357
  72  357
  77  362
  78  362
  82  366
  83  366
  85  368
  86  368
  87  369
  88  369
  89  370
  91  370
  92  371
  97  371
  98  372
 103  372
 104  373
 105  373
 106  374
 111  374
 112  373
 121  373
 122  372
 123  372
 124  371
 125  371
 133  363
 135  363
 136  362
 138  362
 139  361
 141  361
 142  360
 143  360
 144  359
 145  359
 147  357
 147  356
 148  355
 148  352
 149  351
 149  347
 150  346
 150  345
 156  339
 157  339
 159  337
 160  337
 163  334
 163  333
 164  332
 164  331
 165  330
 165  317
 166  316
 166  315
 167  314
 167  313
 172  308
 172  306
 171  305
 171  302
 170  301
 170  286
 169  285
 169  284
 168  283
 168  282
 163  277
 162  277
 155  270
 154  270
 153  269
 152  269
 150  267
 149  267
 148  266
 148  252
 149  251
 150  251
 151  250
 156  250
 157  249
 160  249
 161  248
 162  248
 163  247
 165  247
 166  246
 167  246
 168  245
 169  245
 170  244
 171  244
 172  243
 173  243
 175  241
 176  241
 188  229
 188  228
 189  227
 189  226
 191  224
 191  223
 192  222
 192  221
 193  220
 193  219
 195  217
 195  215
 196  214
 196  213
 197  212
 197  211
 198  210
 198  209
 199  208
 199  206
 200  205
 200  203
 201  202
 201  201
 202  200
 202  198
 203  197
 203  196
 204  195
 204  194
 205  193
 205  192
 206  191
 206  190
 207  189
 207  188
 208  187
 208  185
 209  184
 209  182
 210  181
 210  177
 211  176
 211  174
 212  173
 212  171
 214  169
 214  168
 215  167
 215  166
 216  165
 216  164
 218  162
 218  161
 220  159
 220  158
 221  157
 221  156
 222  155
 222  154
 223  153
 223  151
 224  150
 224  148
 225  147
 225  143
 226  142
 226  140
 227  139
 227  138
 228  137
 228  136
 229  135
 229  133
 230  132
 230  131
 231  130
 231  129
 232  128
 232  126
 233  125
 233  123
 234  122
 234  118
 235  117
 235  114
 236  113
 236  108
 237  107
 237  102
 238  101
 238   93
 239   92
 239   86
 240   85
 240   78
 239   77
 239   72
 238   71
 238   67
 237   66
 237   65
 233   61
 232   61
 231   60
 230   60
 229   59
 228   59
 227   58
 226   58
 225   57
 224   57
 222   55
 220   55
 219   54
 217   54
 216   53
