 185   55
 184   56
 180   56
 179   57
 173   57
 172   58
 169   58
 168   59
 165   59
 164   60
 161   60
 160   61
 158   61
 157   62
 155   62
 154   63
 152   63
 151   64
 149   64
 148   65
 146   65
 145   66
 144   66
 143   67
 141   67
 140   68
 139   68
 138   69
 137   69
 136   70
 134   70
 133   71
 132   71
 131   72
 130   72
 129   73
 128   73
 127   74
 126   74
 125   75
 124   75
 123   76
 122   76
 121   77
 120   77
 119   78
 118   78
 116   80
 115   80
 114   81
 113   81
 112   82
 111   82
 109   84
 108   84
 107   85
 106   85
 104   87
 103   87
 101   89
 100   89
  97   92
  96   92
  92   96
  82   96
  80   98
  80   99
  79  100
  79  101
  77  103
  77  104
  75  106
  75  107
  71  111
  71  112
  64  119
  64  120
  57  127
  57  128
  54  131
  54  132
  51  135
  51  136
  50  137
  50  281
  51  282
  51  286
  52  287
  52  289
  53  290
  53  293
  54  294
  54  295
  55  296
  55  298
  57  300
  57  301
  61  305
  62  305
  65  308
  65  309
  66  310
  67  310
  71  314
  71  315
  72  316
  72  317
  73  318
  73  319
  74  320
  74  321
  75  322
  75  323
  81  329
  82  329
  84  331
  84  332
  87  335
  88  335
  89  336
  91  336
  92  335
  93  335
  95  333
 109  333
 110  334
 112  334
 113  335
 114  335
 115  336
 117  334
 134  334
 135  335
 135  336
 137  338
 137  339
 139  341
 139  342
 140  343
 140  344
 141  345
 141  346
 142  347
 142  349
 144  351
 144  353
 146  355
 146  356
 147  357
 147  358
 158  369
 159  369
 160  370
 161  370
 162  371
 165  371
 166  370
 167  370
 168  369
 168  368
 170  366
 170  365
 171  364
 171  363
 172  362
 171  361
 171  360
 170  359
 170  357
 163  350
 162  350
 156  344
 155  344
 153  342
 152  342
 150  340
 149  340
 147  338
 146  338
 137  329
 137  328
 136  327
 136  310
 137  309
 137  308
 139  306
 140  306
 141  305
 142  305
 143  304
 144  304
 147  301
 147  285
 148  284
 148  282
 149  281
 149  280
 150  279
 151  279
 152  278
 153  278
 155  276
 156  276
 158  274
 158  273
 159  272
 159  254
 162  251
 162  250
 164  248
 164  246
 163  245
 163  244
 162  243
 162  242
 160  240
 160  239
 157  236
 157  235
 155  233
 155  231
 154  230
 154  228
 153  227
 153  225
 152  224
 152  223
 151  222
 151  221
 140  210
 140  196
 141  195
 149  195
 150  194
 156  194
 157  193
 158  193
 159  192
 160  192
 161  191
 162  191
 170  183
 170  182
 172  180
 172  179
 174  177
 174  175
 175  174
 175  173
 176  172
 176  170
 177  169
 177  168
 178  167
 178  166
 179  165
 179  164
 181  162
 181  161
 183  159
 183  158
 184  157
 184  155
 185  154
 185  151
 186  150
 186  145
 187  144
 187  142
 188  141
 188  140
 189  139
 189  136
 190  135
 190  132
 191  131
 191  128
 192  127
 192  125
 194  123
 194  122
 196  120
 196  119
 197  118
 197  117
 198  116
 198  115
 199  114
 199  113
 200  112
 200  111
 201  110
 201  109
 207  103
 207  102
 209  100
 209   99
 211   97
 211   96
 212   95
 212   94
 216   90
 216   89
 218   87
 218   86
 220   84
 220   83
 221   82
 221   81
 222   80
 222   78
 223   77
 223   75
 224   74
 224   73
 223   72
 223   71
 222   70
 222   69
 219   66
 218   66
 217   65
 216   65
 215   64
 214   64
 212   62
 211   62
 209   60
 208   60
 207   59
 205   59
 204   58
 203   58
 202   57
 199   57
 198   56
 193   56
 192   55
