 162  104
 161  105
 158  105
 157  106
 153  106
 152  107
 149  107
 148  108
 146  108
 145  109
 143  109
 142  110
 140  110
 139  111
 137  111
 136  112
 134  112
 133  113
 132  113
 131  114
 129  114
 128  115
 127  115
 126  116
 124  116
 123  117
 122  117
 121  118
 120  118
 119  119
 118  119
 117  120
 116  120
 115  121
 114  121
 113  122
 112  122
 111  123
 110  123
 109  124
 108  124
 107  125
 106  125
 105  126
 104  126
 102  128
 101  128
 100  129
  99  129
  98  130
  97  130
  94  133
  93  133
  91  135
  90  135
  88  137
  87  137
  83  141
  82  141
  79  144
  78  144
  73  149
  72  149
  62  159
  62  160
  61  161
  61  228
  62  229
  62  237
  63  238
  63  242
  64  243
  64  253
  65  254
  65  256
  66  257
  66  261
  67  262
  67  263
  68  264
  68  265
  69  266
  69  267
  71  269
  71  270
  74  273
  75  273
  78  276
  78  277
  79  278
  79  279
  80  280
  80  282
  81  283
  81  285
  82  286
  82  287
  83  288
  83  289
  94  300
 110  300
 113  303
 114  303
 115  304
 126  304
 127  305
 127  306
 129  308
 129  309
 130  310
 130  311
 133  314
 134  314
 141  321
 142  321
 144  323
 146  323
 148  321
 148  319
 147  318
 147  317
 146  316
 146  315
 142  311
 142  310
 135  303
 134  303
 129  298
 129  297
 127  295
 127  280
 128  279
 132  279
 133  278
 135  278
 137  276
 136  275
 136  260
 138  258
 139  258
 140  257
 142  257
 144  255
 144  241
 145  240
 146  240
 147  239
 144  236
 144  235
 143  234
 142  234
 140  232
 140  230
 139  229
 139  228
 138  227
 138  225
 137  224
 137  223
 136  222
 136  221
 135  220
 135  206
 136  205
 138  205
 139  204
 142  204
 144  202
 145  202
 146  201
 147  201
 151  197
 152  197
 158  191
 158  190
 162  186
 163  186
 168  181
 168  180
 169  179
 169  178
 170  177
 170  176
 172  174
 173  174
 179  168
 179  166
 184  161
 185  161
 188  158
 188  157
 192  153
 193  153
 194  152
 195  152
 201  146
 201  145
 205  141
 205  140
 207  138
 207  137
 209  135
 209  134
 210  133
 210  132
 211  131
 211  129
 212  128
 212  124
 211  123
 211  122
 208  119
 207  119
 206  118
 205  118
 203  116
 202  116
 200  114
 199  114
 198  113
 197  113
 196  112
 195  112
 194  111
 193  111
 192  110
 191  110
 190  109
 188  109
 187  108
 186  108
 185  107
 183  107
 182  106
 179  106
 178  105
 175  105
 174  104
