 173   68
 172   69
 170   69
 169   70
 166   70
 165   71
 162   71
 161   72
 160   72
 159   73
 156   73
 155   74
 154   74
 153   75
 151   75
 150   76
 149   76
 148   77
 147   77
 146   78
 145   78
 144   79
 142   79
 141   80
 140   80
 139   81
 138   81
 137   82
 136   82
 135   83
 134   83
 133   84
 132   84
 131   85
 130   85
 129   86
 128   86
 126   88
 125   88
 124   89
 123   89
 122   90
 121   90
 119   92
 118   92
 116   94
 115   94
 114   95
 113   95
 110   98
 109   98
 107  100
 106  100
  99  107
  98  107
  90  115
  90  116
  79  127
  79  128
  77  130
  77  131
  74  134
  74  135
  72  137
  72  138
  68  142
  68  143
  67  144
  67  145
  66  146
  66  147
  64  149
  64  150
  61  153
  61  154
  60  155
  60  250
  61  251
  61  253
  62  254
  62  255
  63  256
  63  261
  64  262
  64  264
  65  265
  65  271
  66  272
  66  274
  67  275
  67  277
  68  278
  68  280
  69  281
  69  282
  70  283
  70  286
  71  287
  71  288
  72  289
  72  291
  73  292
  73  293
  74  294
  74  295
  75  296
  75  297
  76  298
  76  299
  77  300
  77  301
  81  305
  82  305
  86  309
  86  310
  87  311
  88  311
  90  313
  90  314
  91  315
  91  316
  92  317
  92  318
  93  319
  93  320
  94  321
  94  322
  96  324
  96  325
  97  325
 107  335
 110  335
 111  334
 127  334
 130  331
 131  331
 132  330
 148  330
 152  334
 152  335
 154  337
 154  338
 157  341
 157  342
 164  349
 165  349
 173  357
 174  357
 175  358
 176  358
 177  359
 178  359
 182  355
 180  353
 180  352
 176  348
 175  348
 168  341
 167  341
 163  337
 162  337
 160  335
 159  335
 157  333
 156  333
 151  328
 151  327
 150  326
 150  309
 152  307
 152  306
 155  303
 156  303
 158  301
 158  283
 159  282
 159  281
 164  276
 164  275
 165  274
 165  260
 170  255
 170  253
 169  252
 169  250
 168  249
 168  248
 167  247
 167  246
 166  245
 166  244
 165  243
 165  239
 164  238
 164  237
 163  236
 163  233
 161  231
 161  230
 157  226
 156  226
 150  220
 149  220
 145  216
 144  216
 142  214
 142  200
 143  199
 144  199
 145  198
 150  198
 151  197
 156  197
 157  196
 159  196
 160  195
 161  195
 162  194
 163  194
 174  183
 174  182
 176  180
 176  179
 177  178
 177  177
 178  176
 178  174
 180  172
 180  171
 182  169
 182  168
 183  167
 183  166
 184  165
 184  163
 185  162
 185  155
 186  154
 186  152
 187  151
 187  149
 188  148
 188  146
 189  145
 189  138
 190  137
 190  135
 191  134
 191  133
 192  132
 192  131
 193  130
 193  128
 194  127
 194  126
 195  125
 195  123
 196  122
 196  121
 197  120
 197  119
 198  118
 198  117
 200  115
 200  114
 202  112
 202  111
 203  110
 203  109
 204  108
 204  107
 205  106
 205  105
 207  103
 207  102
 208  101
 208  100
 209   99
 209   98
 210   97
 210   96
 211   95
 211   94
 212   93
 212   92
 213   91
 213   88
 214   87
 213   86
 213   84
 212   83
 212   82
 211   82
 209   80
 208   80
 207   79
 206   79
 204   77
 203   77
 202   76
 201   76
 199   74
 198   74
 197   73
 195   73
 194   72
 193   72
 192   71
 190   71
 189   70
 186   70
 185   69
 182   69
 181   68
