 197   55
 196   56
 193   56
 192   57
 187   57
 186   58
 183   58
 182   59
 180   59
 179   60
 175   60
 174   61
 172   61
 171   62
 169   62
 168   63
 166   63
 165   64
 164   64
 163   65
 161   65
 160   66
 159   66
 158   67
 156   67
 155   68
 154   68
 153   69
 152   69
 151   70
 150   70
 149   71
 148   71
 147   72
 146   72
 145   73
 144   73
 143   74
 142   74
 141   75
 140   75
 139   76
 138   76
 137   77
 136   77
 134   79
 133   79
 132   80
 131   80
 130   81
 129   81
 127   83
 126   83
 124   85
 123   85
 121   87
 120   87
 119   88
 118   88
 116   90
 115   90
 113   92
 112   92
 110   94
 109   94
 106   97
 105   97
 102  100
 101  100
  98  103
  97  103
  95  105
  94  105
  91  108
  90  108
  85  113
  84  113
  78  119
  77  119
  66  130
  65  130
  62  133
  61  133
  60  134
  60  135
  57  138
  57  139
  52  144
  52  145
  47  150
  47  151
  41  157
  41  158
  34  165
  34  166
  33  167
  33  293
  34  294
  34  297
  35  298
  35  302
  36  303
  36  308
  37  309
  37  311
  38  312
  38  316
  39  317
  39  319
  40  320
  40  325
  41  326
  41  328
  42  329
  42  333
  43  334
  43  335
  44  336
  44  337
  45  338
  45  339
  46  340
  46  341
  47  342
  47  343
  56  352
  56  353
  58  355
  59  355
  74  370
  75  370
  77  372
  78  372
  79  373
  83  373
  84  372
 102  372
 103  371
 104  371
 105  370
 106  370
 112  364
 113  364
 114  363
 115  363
 116  362
 118  362
 119  361
 123  361
 124  360
 126  360
 127  359
 128  359
 129  358
 130  358
 132  356
 132  355
 133  354
 133  353
 134  352
 134  351
 135  350
 135  349
 142  342
 143  342
 145  340
 146  340
 148  338
 149  338
 149  337
 151  335
 151  333
 152  332
 152  319
 153  318
 153  315
 156  312
 157  312
 158  311
 160  311
 163  308
 163  307
 162  306
 162  285
 164  283
 163  282
 163  281
 161  279
 161  278
 159  276
 159  275
 155  271
 155  270
 154  269
 154  268
 153  267
 153  266
 151  264
 151  263
 150  262
 150  261
 149  260
 149  259
 146  256
 146  255
 139  248
 138  248
 135  245
 135  231
 136  230
 137  230
 138  229
 140  229
 141  228
 144  228
 145  227
 146  227
 147  226
 149  226
 150  225
 151  225
 155  221
 156  221
 157  220
 157  219
 162  214
 162  213
 164  211
 164  210
 166  208
 166  207
 170  203
 170  202
 172  200
 172  199
 173  198
 173  197
 174  196
 174  194
 175  193
 175  192
 176  191
 176  189
 177  188
 177  187
 179  185
 179  184
 181  182
 181  181
 183  179
 183  176
 184  175
 184  174
 185  173
 185  170
 186  169
 186  167
 187  166
 187  163
 188  162
 188  160
 190  158
 190  157
 191  156
 191  155
 192  154
 192  153
 193  152
 193  151
 194  150
 194  149
 195  148
 195  147
 196  146
 196  145
 197  144
 198  144
 208  134
 208  133
 209  132
 209  131
 210  130
 210  129
 211  128
 211  127
 213  125
 213  124
 216  121
 216  120
 222  114
 222  113
 223  112
 223  111
 224  110
 224  109
 226  107
 226  106
 227  105
 227  104
 229  102
 229  101
 232   98
 232   97
 233   96
 233   95
 234   94
 234   93
 235   92
 235   91
 236   90
 236   88
 237   87
 237   86
 238   85
 238   84
 239   83
 239   81
 240   80
 240   77
 241   76
 241   72
 240   71
 240   70
 235   65
 234   65
 233   64
 232   64
 230   62
 229   62
 228   61
 227   61
 226   60
 225   60
 224   59
 223   59
 222   58
 221   58
 220   57
 217   57
 216   56
 213   56
 212   55
