 171   87
 170   88
 167   88
 166   89
 164   89
 163   90
 161   90
 160   91
 158   91
 157   92
 156   92
 155   93
 154   93
 153   94
 152   94
 151   95
 150   95
 149   96
 148   96
 147   97
 146   97
 145   98
 144   98
 143   99
 142   99
 140  101
 139  101
 138  102
 137  102
 135  104
 134  104
 132  106
 131  106
 128  109
 127  109
 125  111
 124  111
 120  115
 119  115
 115  119
 114  119
 105  128
 104  128
 101  131
 101  132
  93  140
  92  140
  91  141
  90  141
  88  143
  88  145
  86  147
  85  147
  85  149
  80  154
  80  155
  77  158
  77  159
  75  161
  75  162
  74  163
  74  164
  72  166
  72  167
  71  168
  71  169
  70  170
  70  171
  69  172
  69  173
  68  174
  68  175
  67  176
  67  178
  66  179
  66  257
  67  258
  67  259
  68  260
  68  261
  69  262
  69  263
  70  264
  70  265
  71  266
  71  267
  73  269
  73  270
  74  271
  74  272
  75  273
  75  274
  76  275
  76  276
  77  277
  77  279
  78  280
  78  281
  79  282
  79  283
  81  285
  81  287
  82  288
  82  289
  83  290
  83  291
  84  292
  84  293
  85  294
  85  297
  86  298
  86  300
  87  301
  87  302
  88  303
  88  304
  89  305
  89  306
  90  307
  90  308
  91  309
  91  310
  93  312
  93  313
  96  316
  97  316
 104  323
 105  323
 106  324
 107  324
 108  325
 109  325
 110  326
 111  326
 112  327
 113  327
 116  330
 116  331
 117  331
 126  340
 127  340
 128  341
 129  340
 132  340
 133  339
 138  339
 139  338
 141  338
 142  337
 143  337
 144  336
 146  336
 148  334
 149  334
 151  332
 152  332
 153  331
 154  331
 155  330
 156  330
 157  329
 158  329
 159  328
 160  328
 161  327
 162  327
 164  325
 164  324
 166  322
 166  320
 167  319
 167  318
 168  317
 168  316
 175  309
 175  308
 177  306
 177  291
 178  290
 178  289
 179  288
 179  286
 181  284
 181  282
 180  281
 180  280
 179  279
 179  265
 178  264
 178  262
 177  261
 177  260
 176  259
 176  258
 175  257
 175  256
 173  254
 173  253
 169  249
 169  248
 167  246
 167  245
 163  241
 163  240
 162  239
 161  239
 158  236
 157  236
 156  235
 156  220
 158  218
 159  218
 160  217
 161  217
 163  215
 164  215
 167  212
 168  212
 172  208
 172  207
 176  203
 176  202
 178  200
 178  199
 180  197
 180  196
 181  195
 181  194
 182  193
 182  191
 183  190
 183  189
 184  188
 184  187
 185  186
 185  185
 186  184
 186  183
 187  182
 187  181
 188  180
 188  179
 189  178
 189  175
 190  174
 190  170
 191  169
 191  167
 192  166
 192  163
 193  162
 193  161
 194  160
 194  156
 195  155
 195  152
 196  151
 196  149
 197  148
 197  146
 198  145
 198  143
 199  142
 199  140
 200  139
 200  136
 201  135
 201  134
 202  133
 202  132
 203  131
 203  130
 204  129
 204  127
 205  126
 205  123
 206  122
 206  120
 207  119
 207  109
 206  108
 206  107
 205  106
 205  105
 204  104
 204  103
 197   96
 196   96
 195   95
 194   95
 192   93
 191   93
 189   91
 188   91
 186   89
 185   89
 184   88
 182   88
 181   87
