 208   37
 207   38
 202   38
 201   39
 197   39
 196   40
 193   40
 192   41
 189   41
 188   42
 186   42
 185   43
 183   43
 182   44
 179   44
 178   45
 176   45
 175   46
 173   46
 172   47
 170   47
 169   48
 168   48
 167   49
 166   49
 165   50
 164   50
 163   51
 162   51
 161   52
 160   52
 159   53
 158   53
 157   54
 156   54
 155   55
 154   55
 153   56
 152   56
 151   57
 150   57
 149   58
 148   58
 147   59
 146   59
 144   61
 143   61
 142   62
 141   62
 140   63
 139   63
 137   65
 136   65
 135   66
 134   66
 132   68
 131   68
 129   70
 128   70
 126   72
 125   72
 122   75
 121   75
 118   78
 117   78
 114   81
 113   81
 111   83
 110   83
 108   85
 107   85
 105   87
 104   87
 100   91
  99   91
  95   95
  94   95
  90   99
  89   99
  83  105
  82  105
  66  121
  59  121
  58  122
  56  122
  55  123
  55  124
  54  125
  54  126
  53  127
  53  128
  52  129
  52  130
  49  133
  48  133
  47  134
  47  135
  43  139
  43  140
  40  143
  40  144
  37  147
  37  148
  36  149
  36  150
  35  151
  35  152
  34  153
  34  154
  33  155
  33  157
  32  158
  32  159
  31  160
  31  161
  30  162
  30  164
  29  165
  29  166
  28  167
  28  168
  27  169
  27  170
  26  171
  26  172
  25  173
  25  293
  26  294
  26  295
  28  297
  28  298
  29  299
  29  300
  30  301
  30  302
  31  303
  31  304
  33  306
  33  307
  34  308
  34  309
  36  311
  36  312
  38  314
  38  315
  40  317
  40  318
  51  329
  51  330
  57  336
  57  337
  58  338
  58  340
  59  341
  59  344
  60  345
  60  348
  61  349
  61  350
  62  351
  62  352
  63  353
  63  356
  64  357
  64  358
  65  359
  65  360
  66  361
  66  362
  68  364
  68  365
  69  366
  69  367
  70  368
  70  369
  71  370
  71  371
  72  372
  72  373
  74  375
  74  376
  88  390
  89  390
  90  391
 115  391
 116  390
 117  390
 119  388
 120  388
 121  387
 121  386
 128  379
 130  379
 131  378
 136  378
 137  377
 138  377
 139  376
 141  376
 142  375
 143  375
 147  371
 147  369
 148  368
 148  366
 149  365
 149  363
 150  362
 150  357
 151  356
 151  355
 152  354
 152  353
 154  351
 155  351
 156  350
 157  350
 158  349
 159  349
 160  348
 161  348
 164  345
 164  344
 165  343
 165  342
 166  341
 166  338
 167  337
 167  320
 168  319
 168  318
 171  315
 171  314
 172  313
 172  312
 173  311
 173  310
 172  309
 172  307
 171  306
 171  305
 170  304
 170  303
 169  302
 169  300
 167  298
 167  296
 166  295
 166  294
 165  293
 165  290
 164  289
 164  287
 163  286
 163  283
 162  282
 162  281
 161  280
 161  279
 159  277
 159  276
 157  274
 157  273
 152  268
 152  267
 147  262
 146  262
 142  258
 141  258
 138  255
 137  255
 134  252
 133  252
 129  248
 129  234
 130  233
 139  233
 140  232
 147  232
 148  231
 152  231
 153  230
 155  230
 156  229
 158  229
 159  228
 161  228
 162  227
 164  227
 165  226
 166  226
 167  225
 168  225
 169  224
 170  224
 171  223
 172  223
 174  221
 175  221
 177  219
 178  219
 194  203
 194  202
 196  200
 196  199
 197  198
 197  197
 198  196
 198  195
 199  194
 199  192
 201  190
 201  189
 202  188
 202  187
 203  186
 203  185
 204  184
 204  182
 205  181
 205  179
 206  178
 206  175
 207  174
 207  172
 208  171
 208  169
 209  168
 209  166
 210  165
 210  164
 211  163
 211  161
 212  160
 212  159
 213  158
 213  156
 214  155
 214  153
 215  152
 215  148
 216  147
 216  146
 217  145
 217  142
 218  141
 218  140
 219  139
 219  138
 220  137
 220  136
 221  135
 221  134
 222  133
 222  132
 223  131
 223  130
 224  129
 224  127
 225  126
 225  124
 226  123
 226  121
 227  120
 227  118
 228  117
 228  115
 229  114
 229  113
 230  112
 230  111
 231  110
 231  109
 232  108
 232  107
 233  106
 233  104
 234  103
 234  102
 235  101
 235   99
 236   98
 236   97
 237   96
 237   94
 238   93
 238   92
 239   91
 239   90
 240   89
 240   88
 241   87
 241   86
 242   85
 242   84
 243   83
 243   81
 244   80
 244   79
 245   78
 245   77
 246   76
 246   74
 247   73
 247   71
 248   70
 248   68
 249   67
 249   64
 250   63
 250   58
 249   57
 249   55
 248   54
 248   52
 247   51
 247   50
 243   46
 242   46
 241   45
 240   45
 238   43
 237   43
 236   42
 235   42
 234   41
 232   41
 231   40
 230   40
 229   39
 227   39
 226   38
 221   38
 220   37
