 195   41
 194   42
 186   42
 185   43
 181   43
 180   44
 178   44
 177   45
 174   45
 173   46
 171   46
 170   47
 167   47
 166   48
 165   48
 164   49
 163   49
 162   50
 161   50
 160   51
 159   51
 158   52
 157   52
 156   53
 155   53
 154   54
 153   54
 152   55
 151   55
 150   56
 149   56
 147   58
 146   58
 145   59
 144   59
 142   61
 141   61
 140   62
 139   62
 137   64
 136   64
 135   65
 134   65
 133   66
 132   66
 131   67
 130   67
 128   69
 127   69
 125   71
 124   71
 122   73
 121   73
 119   75
 118   75
 117   76
 116   76
 115   77
 114   77
 111   80
 110   80
 109   81
 108   81
 106   83
 105   83
 102   86
 101   86
  99   88
  98   88
  96   90
  95   90
  93   92
  92   92
  89   95
  88   95
  85   98
  84   98
  80  102
  79  102
  76  105
  75  105
  69  111
  68  111
  52  127
  52  128
  46  134
  46  135
  41  140
  41  141
  38  144
  38  146
  37  147
  37  265
  38  266
  38  272
  39  273
  39  284
  40  285
  40  292
  41  293
  41  300
  42  301
  42  303
  43  304
  43  309
  44  310
  44  311
  45  312
  45  313
  46  314
  46  315
  49  318
  50  318
  52  320
  52  321
  53  322
  54  322
  55  323
  56  323
  60  327
  60  331
  61  332
  61  333
  62  334
  62  336
  63  337
  63  338
  65  340
  65  341
  72  348
  73  348
  74  349
  76  349
  77  348
  78  348
  80  346
  81  346
  82  345
  97  345
  98  344
  99  344
 101  342
 116  342
 117  343
 117  346
 118  347
 118  348
 119  349
 119  352
 120  353
 120  354
 121  355
 121  357
 122  358
 122  359
 123  360
 123  363
 124  364
 124  365
 125  366
 125  368
 126  369
 126  370
 127  371
 127  372
 128  373
 128  374
 129  375
 129  376
 131  378
 131  379
 137  385
 138  385
 139  386
 140  386
 141  387
 147  387
 148  386
 149  386
 150  385
 151  385
 151  384
 152  383
 152  381
 151  380
 151  379
 150  378
 150  377
 148  375
 148  374
 145  371
 145  370
 141  366
 141  365
 134  358
 134  357
 130  353
 130  352
 128  350
 128  349
 126  347
 126  346
 124  344
 124  342
 123  341
 123  339
 122  338
 122  317
 126  313
 127  313
 128  312
 130  312
 131  311
 132  311
 136  307
 136  288
 138  286
 139  286
 140  285
 141  285
 142  284
 143  284
 145  282
 145  281
 144  280
 144  264
 145  263
 145  262
 146  261
 147  261
 149  259
 149  257
 144  252
 143  252
 141  250
 141  249
 140  248
 140  247
 139  246
 139  243
 138  242
 138  238
 137  237
 137  236
 134  233
 134  232
 125  223
 124  223
 118  217
 117  217
 114  214
 113  214
 111  212
 111  198
 112  197
 129  197
 130  196
 138  196
 139  195
 146  195
 147  194
 149  194
 151  192
 152  192
 156  188
 156  187
 160  183
 160  182
 163  179
 163  178
 167  174
 167  173
 171  169
 171  168
 172  167
 172  166
 173  165
 173  163
 174  162
 174  161
 175  160
 175  159
 176  158
 176  157
 178  155
 178  154
 180  152
 180  151
 182  149
 182  147
 183  146
 183  145
 184  144
 184  141
 185  140
 185  139
 186  138
 186  137
 188  135
 188  134
 191  131
 191  130
 193  128
 193  127
 195  125
 195  123
 196  122
 196  120
 197  119
 197  116
 198  115
 198  114
 202  110
 202  109
 205  106
 205  105
 206  104
 206  103
 208  101
 208  100
 209   99
 209   98
 213   94
 213   93
 221   85
 221   84
 225   80
 225   79
 229   75
 229   74
 231   72
 231   71
 232   70
 232   69
 233   68
 233   67
 234   66
 234   65
 235   64
 235   63
 236   62
 236   60
 237   59
 237   58
 236   57
 236   56
 233   53
 232   53
 231   52
 230   52
 229   51
 228   51
 226   49
 225   49
 224   48
 223   48
 222   47
 221   47
 220   46
 219   46
 218   45
 216   45
 215   44
 213   44
 212   43
 209   43
 208   42
 201   42
 200   41
