 184   60
 183   61
 178   61
 177   62
 173   62
 172   63
 170   63
 169   64
 167   64
 166   65
 164   65
 163   66
 162   66
 161   67
 160   67
 159   68
 157   68
 156   69
 155   69
 154   70
 153   70
 152   71
 151   71
 150   72
 149   72
 148   73
 147   73
 146   74
 145   74
 143   76
 142   76
 141   77
 140   77
 139   78
 138   78
 136   80
 135   80
 134   81
 133   81
 131   83
 130   83
 129   84
 128   84
 125   87
 124   87
 122   89
 121   89
 117   93
 116   93
 112   97
 111   97
 104  104
 103  104
  97  110
  97  111
  92  116
  91  116
  89  118
  88  118
  87  119
  81  119
  80  120
  80  121
  79  122
  79  124
  78  125
  78  127
  77  128
  77  129
  76  130
  76  131
  75  132
  75  133
  73  135
  73  136
  70  139
  70  140
  68  142
  68  143
  66  145
  66  146
  61  151
  61  152
  58  155
  58  156
  55  159
  55  160
  53  162
  53  163
  52  164
  52  265
  53  266
  53  268
  54  269
  54  270
  55  271
  55  274
  56  275
  56  277
  57  278
  57  281
  58  282
  58  283
  59  284
  59  286
  60  287
  60  288
  61  289
  61  290
  62  291
  62  292
  63  293
  63  294
  64  295
  64  296
  65  297
  65  298
  66  299
  66  300
  67  301
  67  302
  68  303
  68  305
  69  306
  69  307
  70  308
  70  311
  71  312
  71  313
  72  314
  72  316
  73  317
  73  318
  74  319
  74  320
  75  321
  75  322
  76  323
  76  324
  80  328
  81  328
  86  333
  86  334
  88  336
  88  338
  89  339
  89  341
  90  342
  90  343
  91  344
  91  345
  93  347
  93  348
 109  364
 110  364
 111  365
 112  365
 113  366
 128  366
 129  367
 131  367
 132  368
 133  367
 134  367
 136  365
 136  364
 138  362
 138  360
 139  359
 139  358
 141  356
 157  356
 159  354
 159  333
 162  330
 164  330
 165  329
 166  329
 168  327
 169  327
 170  326
 170  325
 171  324
 171  323
 172  322
 172  306
 175  303
 176  303
 177  302
 178  302
 179  301
 180  301
 182  299
 182  278
 183  277
 183  276
 184  275
 184  271
 183  270
 183  269
 182  268
 182  267
 181  266
 181  265
 179  263
 179  262
 177  260
 177  259
 175  257
 175  256
 174  255
 174  254
 173  253
 173  252
 172  251
 172  250
 171  249
 171  248
 166  243
 166  242
 161  237
 160  237
 159  236
 159  221
 160  220
 162  220
 163  219
 167  219
 168  218
 170  218
 171  217
 172  217
 173  216
 174  216
 176  214
 177  214
 189  202
 189  201
 191  199
 191  198
 192  197
 192  195
 193  194
 193  193
 194  192
 194  189
 195  188
 195  186
 196  185
 196  184
 197  183
 197  182
 198  181
 198  180
 199  179
 199  178
 200  177
 200  175
 201  174
 201  164
 202  163
 202  159
 203  158
 203  154
 204  153
 204  151
 205  150
 205  141
 206  140
 206  137
 207  136
 207  134
 208  133
 208  131
 209  130
 209  127
 210  126
 210  123
 211  122
 211  120
 212  119
 212  118
 213  117
 213  116
 214  115
 214  113
 215  112
 215  111
 216  110
 216  107
 217  106
 217  103
 218  102
 218  100
 219   99
 219   97
 220   96
 220   90
 221   89
 221   82
 220   81
 220   79
 219   78
 219   77
 217   75
 217   74
 215   72
 214   72
 212   70
 211   70
 210   69
 209   69
 207   67
 206   67
 204   65
 203   65
 202   64
 201   64
 200   63
 199   63
 198   62
 197   62
 196   61
 193   61
 192   60
