 193   30
 192   31
 189   31
 188   32
 184   32
 183   33
 181   33
 180   34
 178   34
 177   35
 175   35
 174   36
 173   36
 172   37
 170   37
 169   38
 168   38
 167   39
 166   39
 165   40
 164   40
 163   41
 162   41
 161   42
 160   42
 159   43
 158   43
 157   44
 156   44
 155   45
 154   45
 152   47
 151   47
 149   49
 148   49
 146   51
 145   51
 143   53
 142   53
 139   56
 138   56
 135   59
 134   59
 130   63
 129   63
 124   68
 123   68
 117   74
 116   74
  95   95
  95   96
  85  106
  85  107
  80  112
  80  113
  71  122
  69  122
  68  123
  67  123
  65  125
  65  126
  64  127
  64  128
  63  129
  63  130
  61  132
  61  133
  60  134
  60  135
  58  137
  58  138
  56  140
  56  141
  55  142
  55  144
  54  145
  54  254
  55  255
  55  256
  56  257
  56  258
  57  259
  57  261
  58  262
  58  263
  60  265
  60  266
  61  267
  61  268
  62  269
  62  271
  63  272
  63  273
  64  274
  64  276
  65  277
  65  280
  66  281
  66  282
  68  284
  68  286
  69  287
  69  288
  70  289
  70  291
  71  292
  71  295
  72  296
  72  299
  73  300
  73  304
  74  305
  74  307
  75  308
  75  312
  76  313
  76  314
  77  315
  77  316
  78  317
  78  318
  79  319
  79  320
  80  321
  80  322
  81  323
  81  325
  82  326
  82  327
  83  328
  83  329
  84  330
  84  332
  86  334
  86  335
  87  336
  87  337
  89  339
  89  340
  91  342
  92  342
  98  348
  99  348
 100  349
 101  349
 107  355
 107  356
 108  357
 108  358
 110  360
 110  361
 123  374
 124  374
 126  376
 127  376
 128  377
 130  377
 131  376
 132  376
 135  373
 154  373
 155  372
 156  372
 157  371
 158  371
 159  370
 177  370
 186  379
 187  379
 196  388
 197  388
 201  392
 202  392
 206  396
 207  396
 208  397
 211  394
 211  393
 212  392
 212  390
 211  389
 211  388
 210  387
 210  386
 207  383
 207  382
 196  371
 195  371
 189  365
 188  365
 183  360
 183  359
 179  355
 179  353
 178  352
 178  334
 180  332
 180  331
 182  329
 183  329
 185  327
 185  326
 186  325
 186  323
 185  322
 185  321
 184  320
 184  319
 183  318
 183  317
 181  315
 181  296
 184  293
 185  293
 186  292
 186  291
 187  290
 187  289
 184  286
 184  285
 179  280
 179  279
 178  278
 178  261
 179  260
 179  259
 177  257
 177  256
 168  247
 167  247
 164  244
 164  243
 163  242
 163  241
 154  232
 153  232
 150  229
 149  229
 148  228
 147  228
 146  227
 145  227
 143  225
 142  225
 140  223
 139  223
 137  221
 137  207
 139  205
 141  205
 142  204
 143  204
 144  203
 146  203
 147  202
 148  202
 149  201
 150  201
 151  200
 152  200
 159  193
 159  192
 161  190
 161  189
 162  188
 162  187
 164  185
 164  184
 166  182
 166  181
 168  179
 168  178
 169  177
 169  176
 170  175
 170  173
 171  172
 171  171
 172  170
 172  168
 173  167
 173  166
 174  165
 174  163
 175  162
 175  161
 176  160
 176  159
 177  158
 177  156
 178  155
 178  154
 179  153
 179  152
 180  151
 180  149
 181  148
 181  145
 182  144
 182  143
 183  142
 183  139
 184  138
 184  137
 185  136
 185  134
 186  133
 186  132
 187  131
 187  128
 188  127
 188  123
 189  122
 189  120
 190  119
 190  117
 191  116
 191  114
 192  113
 192  111
 193  110
 193  109
 194  108
 194  106
 195  105
 195  104
 196  103
 196  101
 197  100
 197   99
 198   98
 198   97
 200   95
 200   94
 201   93
 201   92
 203   90
 203   89
 204   88
 204   87
 205   86
 205   84
 206   83
 206   82
 207   81
 207   80
 208   79
 208   78
 209   77
 209   75
 210   74
 210   73
 211   72
 211   71
 212   70
 212   69
 213   68
 213   67
 214   66
 214   65
 215   64
 215   63
 216   62
 216   60
 217   59
 217   58
 218   57
 218   55
 219   54
 219   52
 220   51
 220   45
 219   44
 219   43
 217   41
 217   40
 216   40
 214   38
 213   38
 212   37
 211   37
 210   36
 209   36
 208   35
 207   35
 205   33
 204   33
 203   32
 201   32
 200   31
 196   31
 195   30
