 179   69
 178   70
 173   70
 172   71
 168   71
 167   72
 164   72
 163   73
 161   73
 160   74
 157   74
 156   75
 154   75
 153   76
 151   76
 150   77
 148   77
 147   78
 146   78
 145   79
 143   79
 142   80
 140   80
 139   81
 138   81
 137   82
 135   82
 134   83
 133   83
 132   84
 131   84
 130   85
 129   85
 128   86
 127   86
 126   87
 125   87
 124   88
 123   88
 122   89
 121   89
 119   91
 118   91
 117   92
 116   92
 114   94
 113   94
 111   96
 110   96
 108   98
 107   98
 105  100
 104  100
 102  102
 101  102
 100  103
  99  103
  98  104
  97  104
  96  105
  95  105
  78  122
  78  123
  74  127
  74  128
  71  131
  71  132
  65  138
  65  139
  61  143
  61  144
  56  149
  55  149
  55  150
  54  151
  54  257
  55  258
  55  260
  56  261
  56  264
  57  265
  57  266
  58  267
  58  270
  59  271
  59  272
  60  273
  60  275
  61  276
  61  278
  62  279
  62  280
  63  281
  63  282
  64  283
  64  284
  65  285
  65  286
  66  287
  66  288
  67  289
  67  290
  70  293
  70  294
  71  295
  71  298
  72  299
  72  303
  73  304
  73  306
  74  307
  74  309
  75  310
  75  311
  76  312
  76  314
  77  315
  77  316
  78  317
  78  318
  79  319
  80  319
  87  326
  88  326
  89  327
 106  327
 107  326
 121  326
 123  328
 123  329
 124  330
 124  331
 125  332
 125  333
 126  334
 126  335
 127  336
 127  337
 128  338
 128  340
 130  342
 130  343
 131  344
 131  345
 133  347
 133  348
 141  356
 142  356
 144  358
 147  355
 147  354
 148  353
 147  352
 147  351
 145  349
 145  348
 143  346
 143  345
 137  339
 137  338
 132  333
 132  332
 130  330
 130  329
 128  327
 128  307
 132  303
 133  303
 134  302
 136  302
 138  300
 138  299
 139  298
 139  285
 140  284
 140  283
 144  279
 145  279
 150  274
 150  272
 151  271
 151  263
 154  260
 155  260
 157  258
 158  258
 160  256
 160  255
 161  254
 161  253
 160  252
 160  250
 159  249
 159  248
 158  247
 158  245
 157  244
 157  243
 156  242
 156  237
 155  236
 155  235
 154  234
 154  233
 152  231
 152  230
 150  228
 150  227
 147  224
 147  223
 132  208
 132  194
 133  193
 141  193
 142  192
 152  192
 153  191
 156  191
 157  190
 158  190
 161  187
 162  187
 169  180
 169  179
 171  177
 171  176
 173  174
 173  173
 174  172
 174  171
 176  169
 176  168
 179  165
 179  164
 180  163
 180  162
 182  160
 182  156
 183  155
 183  153
 184  152
 184  151
 185  150
 185  149
 186  148
 186  147
 187  146
 187  144
 188  143
 188  140
 189  139
 189  136
 191  134
 191  133
 193  131
 193  130
 195  128
 195  127
 196  126
 196  125
 197  124
 197  123
 199  121
 199  120
 205  114
 205  113
 207  111
 207  110
 209  108
 209  107
 212  104
 212  103
 214  101
 214  100
 216   98
 216   97
 217   96
 217   95
 218   94
 218   93
 219   92
 219   87
 214   82
 213   82
 212   81
 211   81
 209   79
 208   79
 206   77
 205   77
 204   76
 203   76
 202   75
 200   75
 199   74
 197   74
 196   73
 195   73
 194   72
 190   72
 189   71
 186   71
 185   70
 180   70
