 171   59
 170   60
 163   60
 162   61
 160   61
 159   62
 156   62
 155   63
 152   63
 151   64
 150   64
 149   65
 146   65
 145   66
 144   66
 143   67
 142   67
 141   68
 139   68
 138   69
 137   69
 136   70
 135   70
 134   71
 133   71
 132   72
 130   72
 129   73
 128   73
 127   74
 126   74
 125   75
 124   75
 123   76
 122   76
 121   77
 120   77
 119   78
 118   78
 117   79
 116   79
 115   80
 114   80
 113   81
 112   81
 111   82
 110   82
 108   84
 107   84
 106   85
 105   85
 103   87
 102   87
 100   89
  99   89
  97   91
  96   91
  94   93
  93   93
  91   95
  90   95
  88   97
  87   97
  84  100
  83  100
  78  105
  77  105
  73  109
  72  109
  65  116
  64  116
  60  120
  60  121
  56  125
  56  126
  53  129
  53  130
  49  134
  49  135
  42  142
  42  143
  40  145
  40  146
  37  149
  37  151
  36  152
  36  246
  37  247
  37  248
  38  249
  38  250
  40  252
  40  253
  49  262
  49  263
  52  266
  52  267
  54  269
  54  271
  55  272
  55  297
  56  298
  56  301
  57  302
  57  308
  58  309
  58  310
  59  311
  59  315
  60  316
  60  317
  61  318
  61  320
  62  321
  62  323
  64  325
  64  326
  65  327
  65  328
  70  333
  71  333
  75  337
  75  338
  79  342
  79  344
  80  345
  80  346
  81  347
  81  349
  82  350
  82  351
  83  352
  83  353
  84  354
  84  355
  85  356
  85  357
  88  360
  88  361
  91  364
  92  364
  96  368
  97  368
  98  369
 100  369
 101  370
 115  370
 116  369
 120  369
 121  368
 122  368
 123  367
 124  367
 127  364
 127  363
 132  358
 133  358
 134  357
 137  357
 138  356
 140  356
 141  355
 142  355
 144  353
 144  352
 145  351
 145  350
 146  349
 146  335
 147  334
 147  333
 148  332
 148  331
 154  325
 155  325
 159  321
 159  320
 160  319
 160  317
 159  316
 159  297
 160  296
 160  293
 161  292
 161  291
 164  288
 165  288
 167  286
 168  286
 171  283
 171  279
 170  278
 170  260
 171  259
 171  258
 172  257
 172  253
 170  251
 170  250
 168  248
 168  247
 166  245
 166  244
 163  241
 163  240
 159  236
 159  235
 146  222
 145  222
 142  219
 141  219
 139  217
 139  203
 140  202
 152  202
 153  201
 158  201
 159  200
 161  200
 162  199
 164  199
 165  198
 166  198
 168  196
 169  196
 171  194
 172  194
 177  189
 178  189
 186  181
 186  180
 188  178
 188  177
 189  176
 189  175
 190  174
 190  173
 192  171
 192  170
 194  168
 194  167
 195  166
 195  165
 196  164
 196  162
 197  161
 197  160
 198  159
 198  157
 199  156
 199  155
 200  154
 200  153
 202  151
 202  150
 204  148
 204  147
 205  146
 205  144
 206  143
 206  142
 207  141
 207  140
 209  138
 209  137
 215  131
 215  130
 216  129
 216  128
 218  126
 218  125
 219  124
 219  123
 220  122
 220  121
 222  119
 222  118
 224  116
 224  115
 226  113
 226  112
 227  111
 227  110
 228  109
 228  108
 229  107
 229  106
 230  105
 230  104
 231  103
 231  102
 232  101
 232  100
 233   99
 233   97
 234   96
 234   95
 235   94
 235   92
 236   91
 236   90
 237   89
 237   87
 238   86
 237   85
 237   83
 236   82
 236   81
 234   79
 234   78
 232   76
 231   76
 228   73
 227   73
 226   72
 225   72
 223   70
 222   70
 221   69
 220   69
 218   67
 216   67
 215   66
 214   66
 213   65
 212   65
 211   64
 210   64
 209   63
 207   63
 206   62
 203   62
 202   61
 199   61
 198   60
 194   60
 193   59
