 183   49
 182   50
 174   50
 173   51
 170   51
 169   52
 165   52
 164   53
 160   53
 159   54
 157   54
 156   55
 154   55
 153   56
 151   56
 150   57
 148   57
 147   58
 145   58
 144   59
 142   59
 141   60
 139   60
 138   61
 136   61
 135   62
 134   62
 133   63
 131   63
 130   64
 129   64
 128   65
 126   65
 125   66
 124   66
 123   67
 122   67
 121   68
 120   68
 119   69
 118   69
 117   70
 116   70
 115   71
 114   71
 113   72
 112   72
 111   73
 110   73
 108   75
 107   75
 106   76
 105   76
 104   77
 103   77
 101   79
 100   79
  98   81
  97   81
  95   83
  94   83
  92   85
  91   85
  88   88
  87   88
  84   91
  83   91
  78   96
  77   96
  69  104
  68  104
  55  117
  55  118
  50  123
  50  124
  45  129
  45  130
  41  134
  41  135
  38  138
  38  139
  35  142
  35  143
  33  145
  33  146
  32  147
  32  249
  33  250
  33  251
  34  252
  34  253
  43  262
  43  263
  47  267
  47  268
  49  270
  49  274
  50  275
  50  276
  51  277
  51  278
  52  279
  52  280
  54  282
  54  283
  56  285
  56  286
  57  287
  57  288
  58  289
  58  291
  60  293
  60  295
  61  296
  61  297
  62  298
  62  300
  63  301
  63  302
  64  303
  64  304
  65  305
  65  306
  66  307
  66  308
  67  309
  67  310
  69  312
  69  313
  71  315
  71  317
  72  318
  72  319
  73  320
  73  321
  74  322
  74  323
  75  324
  75  326
  76  327
  76  328
  77  329
  77  330
  78  331
  78  332
  79  333
  79  334
  80  335
  80  336
  81  337
  81  338
  85  342
  86  342
  93  349
  94  349
  95  350
  97  350
 102  355
 102  356
 104  358
 104  359
 106  361
 106  362
 120  376
 121  376
 123  378
 125  378
 127  376
 128  376
 129  375
 149  375
 150  374
 151  374
 154  371
 154  370
 155  369
 155  361
 157  359
 172  359
 175  356
 175  334
 176  333
 176  332
 181  327
 182  327
 187  322
 186  321
 186  318
 185  317
 185  315
 184  314
 184  311
 183  310
 183  289
 186  286
 187  286
 189  284
 190  284
 191  283
 191  280
 189  278
 189  277
 187  275
 187  274
 186  273
 186  255
 184  253
 184  241
 180  237
 180  236
 177  233
 177  231
 175  229
 175  228
 174  227
 174  226
 173  225
 173  209
 175  207
 176  207
 180  203
 181  203
 184  200
 184  199
 186  197
 186  196
 188  194
 188  193
 189  192
 189  191
 190  190
 190  189
 191  188
 191  187
 192  186
 192  185
 194  183
 194  182
 195  181
 195  180
 197  178
 197  177
 199  175
 199  173
 200  172
 200  171
 201  170
 201  169
 202  168
 202  167
 203  166
 203  164
 204  163
 204  162
 205  161
 205  159
 207  157
 207  156
 208  155
 208  154
 209  153
 209  151
 210  150
 210  147
 211  146
 211  143
 212  142
 212  138
 213  137
 213  136
 215  134
 215  133
 216  132
 216  131
 218  129
 218  128
 220  126
 220  125
 221  124
 221  123
 222  122
 222  121
 224  119
 224  118
 226  116
 226  115
 227  114
 227  113
 229  111
 229  110
 230  109
 230  108
 231  107
 231  106
 232  105
 232  104
 233  103
 233  101
 234  100
 234   98
 235   97
 235   96
 236   95
 236   93
 237   92
 237   91
 238   90
 238   89
 239   88
 239   87
 240   86
 240   84
 241   83
 241   82
 242   81
 242   78
 243   77
 243   75
 242   74
 242   72
 241   71
 241   70
 237   66
 237   65
 235   63
 234   63
 233   62
 232   62
 231   61
 230   61
 229   60
 227   60
 226   59
 225   59
 221   55
 220   55
 219   54
 218   54
 217   53
 214   53
 213   52
 208   52
 207   51
 204   51
 203   50
 197   50
 196   49
