 178   88
 177   89
 172   89
 171   90
 169   90
 168   91
 166   91
 165   92
 163   92
 162   93
 160   93
 159   94
 158   94
 157   95
 156   95
 155   96
 154   96
 153   97
 152   97
 151   98
 150   98
 149   99
 148   99
 146  101
 145  101
 144  102
 143  102
 142  103
 141  103
 140  104
 139  104
 137  106
 136  106
 135  107
 134  107
 130  111
 129  111
 128  112
 127  112
 124  115
 123  115
 120  118
 119  118
 113  124
 112  124
  90  146
  90  147
  84  153
  84  154
  79  159
  79  160
  77  162
  77  163
  73  167
  73  168
  72  169
  72  170
  70  172
  70  173
  68  175
  68  176
  67  177
  67  256
  68  257
  69  257
  70  258
  70  264
  71  265
  71  266
  72  267
  72  269
  73  270
  73  272
  74  273
  74  274
  75  275
  75  279
  76  280
  76  282
  77  283
  77  286
  78  287
  78  288
  79  289
  79  293
  80  294
  80  296
  81  297
  81  300
  82  301
  82  303
  83  304
  83  306
  84  307
  84  309
  85  310
  85  311
  86  312
  86  313
  88  315
  88  316
  97  325
  98  325
  99  326
 100  326
 103  329
 103  330
 104  331
 104  332
 110  338
 111  338
 112  339
 113  339
 114  340
 115  340
 116  341
 117  340
 122  340
 123  339
 125  339
 126  338
 129  338
 130  337
 131  337
 132  336
 133  336
 134  335
 135  335
 136  334
 138  334
 139  333
 141  333
 142  332
 143  332
 144  331
 145  331
 146  330
 147  330
 149  328
 149  327
 150  326
 150  325
 151  324
 151  322
 152  321
 152  320
 155  317
 156  317
 158  315
 159  315
 161  313
 161  312
 162  311
 162  310
 163  309
 163  307
 164  306
 164  298
 165  297
 165  296
 171  290
 171  289
 172  288
 171  287
 171  270
 172  269
 172  267
 171  266
 171  265
 170  264
 170  263
 169  262
 169  261
 168  260
 168  259
 166  257
 166  256
 164  254
 164  252
 160  248
 160  247
 157  244
 156  244
 152  240
 151  240
 144  233
 144  219
 146  217
 149  217
 150  216
 153  216
 154  215
 156  215
 157  214
 158  214
 159  213
 161  213
 163  211
 164  211
 166  209
 167  209
 173  203
 173  202
 177  198
 177  197
 178  196
 178  195
 180  193
 180  192
 181  191
 181  190
 182  189
 182  188
 183  187
 183  186
 184  185
 184  184
 186  182
 186  181
 187  180
 187  179
 188  178
 188  176
 189  175
 189  173
 190  172
 190  168
 191  167
 191  166
 192  165
 192  163
 193  162
 193  161
 194  160
 194  156
 195  155
 195  153
 196  152
 196  150
 197  149
 197  147
 198  146
 198  145
 199  144
 199  141
 200  140
 200  138
 201  137
 201  135
 202  134
 202  133
 203  132
 203  130
 204  129
 204  127
 205  126
 205  122
 206  121
 206  120
 207  119
 207  115
 208  114
 208  111
 207  110
 207  107
 206  106
 206  105
 205  104
 205  103
 204  102
 204  101
 199   96
 198   96
 197   95
 196   95
 194   93
 193   93
 191   91
 190   91
 189   90
 187   90
 186   89
 184   89
 183   88
