 199   43
 198   44
 189   44
 188   45
 182   45
 181   46
 178   46
 177   47
 173   47
 172   48
 169   48
 168   49
 166   49
 165   50
 162   50
 161   51
 159   51
 158   52
 156   52
 155   53
 153   53
 152   54
 151   54
 150   55
 148   55
 147   56
 146   56
 145   57
 143   57
 142   58
 141   58
 140   59
 139   59
 138   60
 137   60
 136   61
 135   61
 134   62
 133   62
 132   63
 131   63
 130   64
 129   64
 128   65
 127   65
 126   66
 125   66
 124   67
 123   67
 121   69
 120   69
 119   70
 118   70
 117   71
 116   71
 115   72
 114   72
 112   74
 111   74
 110   75
 109   75
 108   76
 107   76
 105   78
 104   78
 103   79
 102   79
 101   80
 100   80
  98   82
  97   82
  96   83
  95   83
  93   85
  92   85
  91   86
  90   86
  89   87
  88   87
  86   89
  85   89
  84   90
  83   90
  81   92
  80   92
  79   93
  78   93
  76   95
  75   95
  73   97
  72   97
  70   99
  69   99
  68  100
  67  100
  66  101
  65  101
  64  102
  63  102
  63  103
  59  107
  58  107
  53  112
  52  112
  49  115
  48  115
  47  116
  46  116
  45  117
  44  117
  42  119
  41  119
  39  121
  38  121
  37  122
  36  122
  35  123
  34  123
  33  124
  32  124
  31  125
  31  126
  30  127
  30  300
  31  301
  31  302
  32  302
  35  305
  35  306
  38  309
  39  309
  41  311
  41  312
  42  313
  42  318
  43  319
  43  321
  44  322
  44  323
  45  324
  45  325
  46  326
  46  327
  47  327
  49  329
  50  329
  55  334
  55  335
  57  337
  58  337
  59  338
  60  337
  61  337
  62  336
  80  336
  81  335
  96  335
  98  337
  98  340
  99  341
  99  342
 100  343
 100  346
 101  347
 101  348
 102  349
 102  353
 103  354
 103  356
 104  357
 104  359
 105  360
 105  362
 106  363
 106  364
 107  365
 107  366
 110  369
 110  370
 113  373
 114  373
 122  381
 123  381
 125  383
 126  383
 127  384
 128  384
 129  383
 130  383
 134  379
 134  378
 135  377
 135  376
 134  375
 134  374
 133  373
 133  372
 132  371
 132  370
 130  368
 130  367
 128  365
 128  364
 124  360
 124  359
 117  352
 117  351
 114  348
 114  347
 111  344
 111  343
 109  341
 109  340
 108  339
 108  338
 107  337
 107  336
 106  335
 106  332
 105  331
 105  311
 106  310
 106  309
 107  308
 108  308
 109  307
 111  307
 112  306
 113  306
 114  305
 116  305
 117  304
 118  304
 122  300
 122  283
 123  282
 123  281
 124  280
 125  280
 126  279
 127  279
 128  278
 130  278
 133  275
 133  273
 132  272
 132  256
 134  254
 135  254
 137  252
 137  251
 135  249
 135  248
 129  242
 129  241
 127  239
 127  228
 126  227
 126  226
 122  222
 122  221
 113  212
 113  211
 110  208
 109  208
 107  206
 107  192
 108  191
 127  191
 128  192
 142  192
 143  191
 144  191
 145  190
 146  190
 157  179
 157  178
 159  176
 159  175
 165  169
 165  168
 167  166
 167  165
 169  163
 169  162
 170  161
 170  160
 172  158
 172  157
 178  151
 178  150
 180  148
 180  147
 182  145
 182  143
 183  142
 183  141
 185  139
 185  138
 186  137
 186  136
 195  127
 195  126
 196  125
 196  124
 197  123
 197  122
 198  121
 198  120
 199  119
 199  118
 204  113
 204  112
 209  107
 209  106
 213  102
 213  101
 220   94
 221   94
 224   91
 224   90
 226   88
 227   88
 235   80
 235   79
 238   76
 238   75
 240   73
 240   72
 241   71
 241   69
 242   68
 242   67
 243   66
 243   65
 244   64
 244   63
 243   62
 243   60
 240   57
 239   57
 237   55
 236   55
 235   54
 234   54
 232   52
 231   52
 230   51
 229   51
 228   50
 227   50
 226   49
 225   49
 224   48
 223   48
 222   47
 220   47
 219   46
 217   46
 216   45
 214   45
 213   44
 207   44
 206   43
