 192   45
 191   46
 188   46
 187   47
 183   47
 182   48
 178   48
 177   49
 175   49
 174   50
 171   50
 170   51
 168   51
 167   52
 166   52
 165   53
 162   53
 161   54
 160   54
 159   55
 158   55
 157   56
 156   56
 155   57
 153   57
 152   58
 151   58
 150   59
 149   59
 148   60
 147   60
 146   61
 145   61
 144   62
 143   62
 142   63
 141   63
 140   64
 139   64
 138   65
 137   65
 135   67
 134   67
 133   68
 132   68
 131   69
 130   69
 129   70
 128   70
 126   72
 125   72
 124   73
 123   73
 120   76
 119   76
 117   78
 116   78
 115   79
 114   79
 112   81
 111   81
 109   83
 108   83
 105   86
 104   86
 101   89
 100   89
  97   92
  96   92
  91   97
  90   97
  86  101
  85  101
  74  112
  73  112
  65  120
  65  121
  54  132
  54  133
  48  139
  48  140
  41  147
  41  148
  37  152
  35  152
  33  154
  33  265
  34  266
  34  267
  36  269
  36  271
  37  272
  37  273
  38  274
  38  276
  39  277
  39  279
  40  280
  40  282
  41  283
  41  285
  42  286
  42  288
  43  289
  43  291
  44  292
  44  293
  45  294
  45  297
  46  298
  46  299
  47  300
  47  303
  48  304
  48  305
  49  306
  49  308
  50  309
  50  310
  51  311
  51  313
  52  314
  52  315
  54  317
  54  318
  56  320
  56  322
  57  323
  57  324
  59  326
  59  327
  63  331
  63  332
  72  341
  72  342
  73  343
  73  345
  74  346
  74  347
  75  348
  75  349
  76  350
  76  351
  78  353
  78  354
  82  358
  83  358
  88  363
  89  363
  90  364
  91  363
  92  363
  93  362
  94  362
  95  361
  97  361
  98  360
  99  360
 100  359
 104  359
 105  358
 107  358
 108  357
 109  357
 111  355
 112  355
 116  351
 117  351
 118  350
 134  350
 135  351
 136  351
 138  353
 138  354
 141  357
 141  358
 144  361
 144  362
 152  370
 153  370
 159  376
 160  376
 163  379
 164  379
 166  381
 167  381
 169  383
 170  383
 171  382
 172  382
 174  380
 175  380
 176  379
 176  378
 177  377
 177  376
 178  375
 178  372
 175  369
 175  368
 174  367
 173  367
 170  364
 169  364
 165  360
 151  360
 150  359
 149  359
 143  353
 143  352
 141  350
 141  349
 139  347
 139  346
 138  345
 138  343
 137  342
 137  341
 136  340
 136  318
 137  317
 137  316
 138  315
 138  314
 140  312
 140  311
 143  308
 143  307
 145  305
 145  285
 146  284
 146  283
 147  282
 147  280
 151  276
 151  274
 150  273
 150  272
 148  270
 148  269
 147  268
 147  253
 148  252
 148  251
 147  250
 147  249
 142  244
 141  244
 134  237
 134  236
 133  235
 133  234
 132  233
 132  230
 131  229
 131  228
 130  227
 130  213
 131  212
 132  212
 133  211
 138  211
 139  210
 144  210
 145  209
 147  209
 148  208
 150  208
 151  207
 153  207
 154  206
 155  206
 157  204
 158  204
 165  197
 165  196
 167  194
 167  193
 169  191
 169  190
 171  188
 171  187
 172  186
 172  185
 173  184
 173  183
 175  181
 175  180
 177  178
 177  177
 178  176
 178  175
 179  174
 179  173
 180  172
 180  171
 182  169
 182  168
 183  167
 183  166
 184  165
 184  164
 185  163
 185  162
 186  161
 186  160
 187  159
 187  157
 188  156
 188  154
 189  153
 189  152
 190  151
 190  149
 192  147
 192  145
 193  144
 193  143
 194  142
 194  140
 195  139
 195  134
 196  133
 196  132
 197  131
 197  130
 201  126
 201  125
 204  122
 204  121
 208  117
 208  116
 210  114
 210  113
 212  111
 212  110
 219  103
 219  102
 221  100
 221   99
 224   96
 224   95
 227   92
 227   91
 230   88
 230   87
 232   85
 232   84
 234   82
 234   81
 237   78
 237   77
 238   76
 238   75
 239   74
 239   73
 240   72
 240   69
 241   68
 241   65
 240   64
 240   63
 239   62
 239   61
 234   56
 233   56
 232   55
 231   55
 230   54
 229   54
 228   53
 227   53
 225   51
 224   51
 222   49
 221   49
 220   48
 218   48
 217   47
 215   47
 214   46
 211   46
 210   45
