 180  109
 179  110
 175  110
 174  111
 171  111
 170  112
 168  112
 167  113
 165  113
 164  114
 162  114
 161  115
 160  115
 159  116
 157  116
 156  117
 154  117
 153  118
 152  118
 151  119
 150  119
 149  120
 148  120
 147  121
 146  121
 145  122
 144  122
 143  123
 142  123
 140  125
 139  125
 138  126
 137  126
 135  128
 134  128
 133  129
 132  129
 130  131
 129  131
 126  134
 125  134
 123  136
 122  136
 118  140
 117  140
 113  144
 112  144
 106  150
 105  150
  94  161
  83  161
  81  163
  81  164
  79  166
  79  167
  77  169
  77  170
  76  171
  76  172
  75  173
  75  174
  74  175
  74  177
  73  178
  73  181
  72  182
  72  266
  74  268
  75  268
  77  270
  77  271
  79  273
  79  274
  80  275
  80  276
  82  278
  82  279
  84  281
  84  282
  94  292
  94  293
  95  294
  95  296
  96  297
  96  300
  97  301
  97  302
  98  303
  98  304
  99  305
  99  306
 107  314
 108  314
 111  317
 112  317
 113  318
 116  318
 117  317
 119  317
 120  316
 121  316
 122  315
 123  315
 124  314
 125  314
 126  313
 127  313
 129  311
 130  311
 131  310
 132  310
 134  308
 135  308
 136  307
 137  307
 140  304
 141  304
 145  300
 146  300
 148  298
 149  298
 150  297
 150  296
 151  295
 151  294
 152  293
 152  283
 153  282
 153  279
 154  278
 154  277
 155  276
 155  275
 156  274
 156  273
 157  272
 157  269
 158  268
 158  266
 159  265
 159  262
 160  261
 160  260
 161  259
 161  253
 160  252
 160  251
 159  250
 159  249
 152  242
 151  242
 150  241
 149  241
 148  240
 148  226
 149  225
 154  225
 155  224
 157  224
 158  223
 160  223
 161  222
 162  222
 165  219
 166  219
 169  216
 170  216
 178  208
 178  207
 179  206
 179  205
 180  204
 180  203
 181  202
 181  201
 182  200
 182  198
 183  197
 183  192
 184  191
 184  187
 185  186
 185  177
 186  176
 186  173
 187  172
 187  169
 188  168
 188  166
 189  165
 189  163
 190  162
 190  161
 191  160
 191  159
 192  158
 192  157
 194  155
 194  154
 195  153
 195  152
 196  151
 196  150
 197  149
 197  148
 198  147
 198  146
 199  145
 199  144
 200  143
 200  140
 201  139
 201  137
 202  136
 202  131
 203  130
 203  126
 202  125
 202  123
 201  122
 201  121
 200  120
 200  119
 199  118
 198  118
 197  117
 196  117
 195  116
 194  116
 190  112
 189  112
 188  111
 187  111
 186  110
 184  110
 183  109
