 149  102
 148  103
 145  103
 144  104
 141  104
 140  105
 138  105
 137  106
 136  106
 135  107
 134  107
 133  108
 131  108
 130  109
 129  109
 128  110
 127  110
 125  112
 124  112
 123  113
 122  113
 120  115
 119  115
 115  119
 114  119
 110  123
 109  123
 102  130
 101  130
  90  141
  89  141
  88  142
  87  142
  86  143
  85  143
  83  145
  83  146
  82  147
  82  148
  81  149
  81  150
  80  151
  80  153
  78  155
  78  156
  77  157
  77  158
  76  159
  76  160
  74  162
  74  163
  73  164
  73  166
  72  167
  72  231
  74  233
  75  233
  79  237
  79  238
  80  239
  80  240
  81  241
  81  242
  83  244
  83  245
  86  248
  86  249
  87  250
  87  251
  89  253
  89  254
  95  260
  95  261
  97  263
  97  264
 100  267
 100  268
 101  268
 108  275
 109  275
 112  278
 113  278
 114  279
 115  279
 117  281
 118  281
 120  283
 120  284
 121  285
 121  295
 122  296
 122  297
 123  298
 123  299
 124  300
 124  301
 125  302
 126  302
 127  303
 128  303
 131  306
 131  307
 134  310
 135  310
 136  311
 148  311
 149  310
 150  310
 154  306
 162  306
 161  305
 161  304
 160  303
 160  302
 159  301
 159  285
 158  284
 158  283
 157  282
 157  281
 156  280
 156  278
 155  277
 155  259
 156  258
 156  252
 157  251
 157  249
 158  248
 158  242
 159  241
 159  239
 160  238
 160  230
 159  229
 159  228
 158  227
 158  225
 156  223
 156  222
 155  221
 154  221
 152  219
 151  219
 150  218
 150  203
 151  202
 152  202
 154  200
 155  200
 163  192
 163  191
 164  190
 164  189
 165  188
 165  187
 166  186
 166  185
 167  184
 167  182
 168  181
 168  180
 169  179
 169  176
 170  175
 170  169
 171  168
 170  167
 170  138
 171  137
 171  118
 170  117
 170  116
 169  115
 169  114
 165  110
 164  110
 161  107
 160  107
 158  105
 157  105
 156  104
 155  104
 154  103
 152  103
 151  102
