 165  130
 164  131
 162  131
 161  132
 159  132
 158  133
 157  133
 156  134
 155  134
 154  135
 153  135
 152  136
 151  136
 150  137
 149  137
 147  139
 146  139
 144  141
 143  141
 142  142
 141  142
 137  146
 136  146
 124  158
 124  159
 119  164
 119  165
 114  170
 114  171
 112  173
 112  174
 108  178
 108  179
 106  181
  96  181
  95  182
  95  242
  97  244
 100  244
 103  247
 103  248
 105  250
 105  251
 107  253
 107  254
 109  256
 109  257
 110  258
 110  259
 111  260
 111  261
 112  262
 112  264
 114  266
 114  268
 116  270
 116  271
 117  272
 117  273
 122  278
 122  279
 130  287
 130  288
 139  297
 140  297
 143  300
 147  300
 149  298
 150  298
 152  296
 153  296
 155  294
 156  294
 156  293
 157  292
 157  291
 158  290
 158  281
 159  280
 159  279
 160  278
 160  256
 161  255
 161  251
 160  250
 160  246
 159  245
 159  244
 158  243
 158  242
 156  240
 155  240
 151  236
 151  221
 152  220
 152  219
 155  216
 155  215
 159  211
 159  210
 160  209
 160  208
 161  207
 161  206
 162  205
 162  203
 163  202
 163  201
 164  200
 164  194
 165  193
 165  188
 166  187
 166  175
 167  174
 167  171
 168  170
 168  166
 170  164
 170  162
 171  161
 171  160
 172  159
 172  157
 173  156
 173  155
 174  154
 174  153
 175  152
 175  151
 176  150
 176  148
 177  147
 177  143
 178  142
 178  138
 177  137
 177  136
 171  130
