 185   60
 184   61
 179   61
 178   62
 175   62
 174   63
 172   63
 171   64
 169   64
 168   65
 167   65
 166   66
 164   66
 163   67
 162   67
 161   68
 160   68
 159   69
 158   69
 157   70
 156   70
 154   72
 153   72
 152   73
 151   73
 149   75
 148   75
 146   77
 145   77
 143   79
 142   79
 140   81
 139   81
 136   84
 135   84
 133   86
 132   86
 128   90
 127   90
 124   93
 123   93
 115  101
 114  101
 108  107
 107  107
 101  113
 100  113
  93  120
  91  120
  90  121
  89  121
  88  122
  88  123
  86  125
  86  126
  85  127
  85  128
  84  129
  84  130
  75  139
  63  139
  62  140
  62  142
  61  143
  61  225
  62  226
  62  229
  63  230
  63  234
  64  235
  64  238
  65  239
  65  242
  66  243
  66  245
  67  246
  67  247
  68  248
  68  249
  69  250
  69  251
  70  252
  70  253
  71  254
  71  255
  72  256
  72  261
  73  262
  73  265
  74  266
  74  267
  75  268
  75  269
  76  270
  76  271
  77  272
  77  273
  79  275
  79  277
  80  278
  80  279
  81  280
  81  283
  82  284
  82  286
  83  287
  83  290
  84  291
  84  292
  85  293
  85  296
  86  297
  86  298
  87  299
  87  300
  89  302
  89  303
  90  303
  91  304
  92  304
  97  309
  97  310
  98  311
  99  311
 101  313
 101  321
 102  322
 102  324
 104  326
 104  327
 106  329
 107  329
 114  336
 115  336
 116  337
 117  337
 118  336
 134  336
 135  337
 136  336
 136  335
 137  334
 156  334
 157  335
 159  335
 160  336
 159  335
 159  334
 158  333
 158  332
 157  331
 157  330
 156  329
 156  328
 155  327
 155  325
 153  323
 153  321
 152  320
 152  301
 157  296
 158  296
 159  295
 160  295
 161  294
 162  294
 162  293
 161  292
 161  291
 160  290
 160  289
 159  288
 159  268
 160  267
 160  265
 162  263
 162  262
 163  261
 163  243
 164  242
 164  240
 165  239
 164  238
 164  236
 163  235
 163  234
 162  233
 162  230
 161  229
 161  226
 160  225
 160  223
 159  222
 159  221
 157  219
 157  218
 152  213
 152  199
 154  197
 157  197
 158  196
 161  196
 162  195
 163  195
 164  194
 165  194
 175  184
 175  183
 177  181
 177  180
 181  176
 181  174
 182  173
 182  172
 183  171
 183  167
 185  165
 185  162
 186  161
 186  160
 187  159
 187  156
 188  155
 188  152
 189  151
 189  148
 190  147
 190  144
 191  143
 191  141
 192  140
 192  135
 193  134
 193  131
 194  130
 194  126
 195  125
 195  123
 196  122
 196  118
 197  117
 197  113
 198  112
 198  107
 199  106
 199  102
 200  101
 200   99
 201   98
 201   97
 202   96
 202   95
 203   94
 203   93
 204   92
 204   91
 205   90
 205   89
 206   88
 206   87
 207   86
 207   84
 208   83
 208   82
 209   81
 209   80
 210   79
 210   78
 211   77
 211   75
 212   74
 212   72
 209   69
 208   69
 207   68
 206   68
 204   66
 203   66
 202   65
 201   65
 200   64
 199   64
 198   63
 197   63
 196   62
 193   62
 192   61
 187   61
 186   60
