 176  121
 175  122
 173  122
 172  123
 169  123
 168  124
 167  124
 166  125
 165  125
 164  126
 162  126
 161  127
 160  127
 159  128
 158  128
 157  129
 156  129
 154  131
 153  131
 152  132
 151  132
 149  134
 148  134
 147  135
 146  135
 143  138
 142  138
 139  141
 138  141
 134  145
 133  145
 130  148
 129  148
 125  152
 124  152
 118  158
 117  158
 111  164
 110  164
  97  177
  97  178
  94  181
  93  181
  92  182
  92  183
  91  184
  91  185
  89  187
  89  188
  88  189
  88  190
  85  193
  81  193
  79  195
  79  270
  81  272
  82  272
  83  273
  83  274
  87  278
  87  279
  94  286
  95  286
 101  292
 102  292
 110  300
 111  300
 115  304
 115  305
 116  306
 118  304
 119  304
 120  303
 121  303
 127  297
 128  297
 131  294
 132  294
 138  288
 138  287
 141  284
 142  284
 146  280
 146  278
 147  277
 147  276
 148  275
 148  273
 149  272
 149  271
 150  270
 150  268
 151  267
 151  255
 150  254
 150  253
 149  252
 149  251
 143  245
 142  245
 140  243
 140  229
 141  228
 149  228
 150  227
 152  227
 153  226
 154  226
 159  221
 159  220
 160  219
 160  218
 162  216
 162  215
 163  214
 163  212
 164  211
 164  207
 165  206
 165  204
 166  203
 166  200
 167  199
 167  197
 168  196
 168  191
 169  190
 169  188
 170  187
 170  185
 171  184
 171  183
 172  182
 172  181
 173  180
 173  179
 175  177
 175  176
 177  174
 177  173
 181  169
 181  168
 182  167
 182  166
 184  164
 184  163
 188  159
 188  158
 190  156
 190  155
 191  154
 191  153
 192  152
 192  150
 193  149
 193  147
 194  146
 194  142
 195  141
 194  140
 194  137
 193  136
 193  134
 192  133
 192  132
 191  131
 191  130
 189  128
 188  128
 187  127
 186  127
 184  125
 183  125
 181  123
 180  123
 179  122
 178  122
 177  121
