 175   76
 174   77
 169   77
 168   78
 167   78
 166   79
 163   79
 162   80
 160   80
 159   81
 157   81
 156   82
 154   82
 153   83
 152   83
 151   84
 149   84
 148   85
 147   85
 146   86
 145   86
 144   87
 143   87
 142   88
 141   88
 140   89
 139   89
 138   90
 137   90
 136   91
 135   91
 133   93
 132   93
 131   94
 130   94
 128   96
 127   96
 125   98
 124   98
 122  100
 121  100
 118  103
 117  103
 113  107
 112  107
 101  118
  87  118
  84  115
  84  120
  80  124
  79  124
  78  125
  78  126
  77  127
  76  127
  71  132
  71  133
  70  134
  70  230
  71  231
  71  233
  72  234
  72  236
  73  237
  73  242
  74  243
  74  245
  75  246
  75  249
  76  250
  76  251
  77  252
  77  255
  78  256
  78  258
  79  259
  79  261
  80  262
  80  264
  81  265
  81  267
  82  268
  82  271
  83  272
  83  274
  84  275
  84  278
  85  279
  85  280
  86  281
  86  283
  87  284
  87  285
  88  286
  88  288
  91  291
  91  292
  97  298
  98  298
  99  299
  99  300
 101  302
 101  305
 102  306
 102  307
 103  308
 103  309
 112  318
 114  318
 115  317
 116  317
 117  316
 135  316
 136  317
 154  317
 155  318
 155  319
 156  320
 156  321
 157  322
 157  323
 158  324
 158  325
 159  326
 159  327
 160  328
 160  331
 161  332
 161  334
 162  335
 162  337
 164  339
 164  340
 174  350
 175  350
 176  351
 177  350
 178  350
 178  349
 180  347
 180  346
 181  345
 181  343
 180  342
 180  341
 177  338
 177  337
 176  336
 175  336
 171  332
 170  332
 164  326
 164  325
 162  323
 162  322
 159  319
 159  318
 158  317
 158  316
 156  314
 156  313
 155  312
 155  311
 154  310
 154  308
 153  307
 153  287
 154  286
 154  285
 158  281
 159  281
 161  279
 161  259
 163  257
 164  257
 167  254
 167  239
 170  236
 170  235
 169  234
 169  233
 166  230
 166  229
 165  228
 165  227
 164  226
 164  224
 163  223
 163  222
 162  221
 162  219
 157  214
 156  214
 152  210
 152  196
 153  195
 159  195
 160  194
 162  194
 163  193
 165  193
 166  192
 167  192
 168  191
 169  191
 170  190
 171  190
 173  188
 173  187
 176  184
 176  183
 177  182
 177  181
 179  179
 179  177
 180  176
 180  175
 181  174
 181  171
 182  170
 182  168
 183  167
 183  165
 184  164
 184  152
 185  151
 185  150
 186  149
 186  147
 187  146
 187  135
 188  134
 188  133
 190  131
 190  129
 191  128
 191  124
 192  123
 192  121
 194  119
 194  118
 196  116
 196  114
 197  113
 197  109
 198  108
 198  107
 200  105
 200  104
 201  103
 201  102
 202  101
 202  100
 203   99
 203   96
 204   95
 204   93
 205   92
 204   91
 204   90
 203   89
 203   88
 202   87
 202   86
 201   86
 199   84
 198   84
 197   83
 196   83
 193   80
 192   80
 191   79
 189   79
 188   78
 187   78
 186   77
 182   77
 181   76
