 180  111
 179  112
 174  112
 173  113
 169  113
 168  114
 165  114
 164  115
 162  115
 161  116
 159  116
 158  117
 156  117
 155  118
 153  118
 152  119
 151  119
 150  120
 148  120
 147  121
 146  121
 145  122
 143  122
 142  123
 141  123
 140  124
 139  124
 138  125
 137  125
 136  126
 134  126
 132  128
 131  128
 130  129
 128  129
 127  130
 126  130
 124  132
 123  132
 122  133
 121  133
 120  134
 119  134
 118  135
 117  135
 115  137
 114  137
 112  139
 111  139
 110  140
 109  140
 107  142
 106  142
 104  144
 103  144
 102  145
 101  145
  99  147
  98  147
  97  148
  87  148
  81  154
  81  155
  79  157
  78  157
  71  164
  70  164
  68  166
  67  166
  65  168
  64  168
  61  171
  60  171
  57  174
  56  174
  56  176
  55  177
  55  272
  56  273
  56  275
  57  276
  57  277
  58  278
  58  279
  59  280
  59  281
  61  283
  61  284
  62  285
  62  286
  63  287
  63  289
  64  290
  64  291
  65  292
  65  294
  66  295
  66  296
  67  297
  67  298
  69  300
  69  301
  70  302
  70  303
  73  306
  74  306
  78  310
  78  311
  79  312
  80  312
  81  313
  83  313
  84  314
  86  314
  87  315
  90  315
  91  316
  92  316
  93  317
  94  316
  99  316
 100  315
 103  315
 104  314
 106  314
 107  313
 108  313
 109  312
 110  312
 111  311
 113  311
 114  310
 116  310
 117  309
 118  309
 119  308
 121  308
 123  306
 124  306
 127  303
 128  303
 130  301
 131  301
 132  300
 133  300
 135  298
 136  298
 148  286
 149  286
 152  283
 152  282
 153  281
 153  280
 154  279
 154  277
 155  276
 155  275
 158  272
 158  271
 159  270
 158  269
 158  267
 157  266
 157  265
 156  264
 156  263
 154  261
 154  260
 153  259
 153  258
 152  257
 152  255
 151  254
 151  253
 150  252
 150  251
 148  249
 147  249
 144  246
 143  246
 138  241
 138  227
 139  226
 158  226
 159  227
 168  227
 169  226
 172  226
 173  225
 174  225
 175  224
 176  224
 178  222
 179  222
 186  215
 186  214
 194  206
 194  204
 197  201
 197  200
 198  199
 198  198
 200  196
 200  195
 201  194
 201  192
 202  191
 202  190
 203  189
 203  188
 204  187
 204  185
 205  184
 205  183
 206  182
 206  179
 207  178
 207  177
 208  176
 208  174
 209  173
 209  172
 210  171
 210  170
 211  169
 211  168
 212  167
 212  165
 213  164
 213  163
 214  162
 214  160
 215  159
 215  158
 216  157
 216  155
 217  154
 217  149
 218  148
 218  145
 219  144
 219  135
 218  134
 218  133
 217  132
 217  129
 216  128
 216  127
 214  125
 214  124
 211  121
 210  121
 208  119
 207  119
 205  117
 204  117
 203  116
 202  116
 201  115
 200  115
 199  114
 196  114
 195  113
 193  113
 192  112
 186  112
 185  111
