 194   25
 193   26
 188   26
 187   27
 183   27
 182   28
 179   28
 178   29
 174   29
 173   30
 171   30
 170   31
 168   31
 167   32
 165   32
 164   33
 163   33
 162   34
 161   34
 160   35
 159   35
 158   36
 157   36
 156   37
 155   37
 154   38
 153   38
 152   39
 151   39
 150   40
 148   40
 147   41
 146   41
 145   42
 144   42
 143   43
 142   43
 141   44
 140   44
 138   46
 137   46
 136   47
 135   47
 134   48
 133   48
 132   49
 131   49
 129   51
 128   51
 127   52
 126   52
 124   54
 123   54
 122   55
 121   55
 119   57
 118   57
 116   59
 115   59
 113   61
 112   61
 109   64
 108   64
 106   66
 105   66
 103   68
 102   68
  99   71
  98   71
  95   74
  94   74
  91   77
  90   77
  84   83
  83   83
  74   92
  73   92
  71   94
  71   95
  63  103
  62  103
  59  106
  59  107
  54  112
  54  113
  48  119
  48  120
  43  125
  43  126
  38  131
  38  132
  34  136
  34  137
  31  140
  31  141
  30  142
  30  252
  36  252
  38  254
  38  268
  39  269
  39  271
  40  272
  40  275
  41  276
  41  277
  42  278
  42  282
  43  283
  43  285
  44  286
  44  295
  45  296
  45  300
  46  301
  46  307
  47  308
  47  309
  48  310
  48  312
  49  313
  49  315
  51  317
  51  319
  54  322
  54  323
  55  324
  56  324
  67  335
  67  336
  68  337
  68  341
  69  342
  69  344
  70  345
  70  348
  71  349
  71  351
  72  352
  72  353
  74  355
  74  356
  79  361
  80  361
  87  368
  90  368
  91  367
  95  367
  96  366
 112  366
 113  367
 114  367
 118  371
 118  370
 120  368
 120  367
 124  363
 125  363
 126  362
 144  362
 145  363
 146  363
 152  369
 152  370
 154  372
 154  373
 156  375
 156  376
 157  377
 157  378
 158  379
 158  380
 160  382
 160  383
 162  385
 162  386
 163  387
 163  388
 165  390
 165  391
 168  394
 169  394
 175  400
 176  400
 178  402
 179  402
 180  401
 180  398
 179  397
 179  395
 178  394
 178  393
 177  392
 177  391
 176  390
 176  389
 175  388
 175  387
 172  384
 172  383
 166  377
 166  376
 151  361
 151  360
 149  358
 149  357
 148  356
 148  355
 147  354
 147  352
 146  351
 146  332
 147  331
 147  328
 156  319
 156  318
 157  317
 157  316
 156  315
 156  313
 155  312
 155  290
 161  284
 161  283
 162  282
 162  281
 161  280
 161  262
 162  261
 162  259
 163  258
 162  257
 162  255
 161  254
 161  253
 160  252
 160  251
 158  249
 158  248
 156  246
 156  245
 155  244
 155  243
 153  241
 153  239
 152  238
 152  237
 151  236
 151  235
 149  233
 149  232
 148  231
 148  230
 146  228
 146  227
 138  219
 138  205
 140  203
 147  203
 148  202
 150  202
 151  201
 152  201
 153  200
 154  200
 156  198
 157  198
 162  193
 162  192
 168  186
 169  186
 174  181
 174  180
 175  179
 175  178
 176  177
 176  175
 177  174
 177  172
 178  171
 178  170
 179  169
 179  168
 181  166
 181  165
 183  163
 183  162
 184  161
 184  160
 185  159
 185  157
 186  156
 186  144
 188  142
 188  141
 189  140
 189  139
 190  138
 190  137
 191  136
 191  135
 192  134
 192  132
 193  131
 193  129
 194  128
 194  125
 195  124
 195  123
 196  122
 196  121
 197  120
 197  119
 199  117
 199  116
 200  115
 200  114
 201  113
 201  111
 202  110
 202  109
 203  108
 203  106
 204  105
 204  103
 205  102
 205  101
 206  100
 206   99
 209   96
 209   95
 212   92
 212   91
 213   90
 213   89
 214   88
 214   87
 215   86
 215   85
 217   83
 217   82
 218   81
 218   80
 239   59
 239   58
 242   55
 242   54
 243   53
 243   52
 244   51
 244   47
 237   40
 236   40
 235   39
 234   39
 232   37
 231   37
 230   36
 229   36
 228   35
 227   35
 226   34
 225   34
 224   33
 223   33
 222   32
 221   32
 220   31
 219   31
 218   30
 217   30
 216   29
 214   29
 213   28
 211   28
 210   27
 207   27
 206   26
 200   26
 199   25
