 170  127
 169  128
 166  128
 165  129
 163  129
 162  130
 160  130
 159  131
 157  131
 156  132
 155  132
 154  133
 153  133
 152  134
 151  134
 150  135
 149  135
 148  136
 147  136
 145  138
 144  138
 143  139
 142  139
 140  141
 139  141
 137  143
 136  143
 133  146
 132  146
 127  151
 126  151
 121  156
 120  156
 110  166
 109  166
 103  172
 103  173
 100  176
 100  177
  96  181
  96  182
  92  186
  92  187
  88  191
  87  191
  85  193
  85  252
  86  253
  86  254
  87  255
  87  256
  89  258
  90  258
  91  259
  95  259
  97  261
  97  262
  99  264
  99  265
 101  267
 101  268
 102  269
 102  270
 104  272
 104  273
 106  275
 106  276
 107  277
 107  278
 109  280
 109  281
 110  282
 111  282
 113  284
 113  285
 115  287
 116  287
 120  291
 120  292
 123  295
 124  295
 130  301
 135  301
 136  300
 137  300
 139  298
 139  297
 141  295
 141  294
 143  292
 144  292
 145  291
 146  291
 147  290
 147  289
 148  288
 148  287
 149  286
 149  283
 150  282
 150  281
 151  280
 151  279
 152  278
 153  278
 156  275
 156  274
 157  273
 157  267
 158  266
 158  265
 159  264
 159  263
 161  261
 161  249
 160  248
 160  246
 159  245
 159  244
 158  243
 158  242
 156  240
 156  239
 155  238
 155  223
 157  221
 158  221
 163  216
 163  215
 165  213
 165  212
 167  210
 167  208
 169  206
 169  175
 170  174
 170  172
 171  171
 171  170
 172  169
 172  168
 174  166
 174  165
 176  163
 176  162
 183  155
 183  154
 184  153
 184  152
 185  151
 185  150
 186  149
 186  148
 187  147
 187  145
 188  144
 188  142
 189  141
 189  139
 188  138
 188  137
 187  136
 187  135
 185  133
 184  133
 181  130
 180  130
 179  129
 178  129
 177  128
 176  128
 175  127
