 176   83
 175   84
 171   84
 170   85
 167   85
 166   86
 164   86
 163   87
 161   87
 160   88
 158   88
 157   89
 155   89
 154   90
 153   90
 152   91
 151   91
 150   92
 149   92
 148   93
 146   93
 144   95
 143   95
 142   96
 141   96
 140   97
 139   97
 137   99
 136   99
 135  100
 134  100
 133  101
 132  101
 130  103
 129  103
 127  105
 126  105
 124  107
 123  107
 120  110
 119  110
 116  113
 115  113
 111  117
 110  117
  97  130
  96  130
  95  131
  83  131
  83  146
  82  147
  82  148
  81  149
  81  150
  80  151
  80  152
  79  153
  79  154
  77  156
  77  157
  76  158
  76  159
  74  161
  74  162
  73  163
  73  235
  76  238
  76  240
  77  241
  77  242
  79  244
  79  246
  81  248
  81  249
  82  250
  82  251
  83  252
  83  253
  84  254
  84  255
  86  257
  86  258
  87  259
  87  260
  88  261
  88  262
  90  264
  90  265
  94  269
  94  270
  97  273
  97  274
  98  275
  98  276
  99  277
  99  278
 100  279
 100  281
 101  282
 101  290
 102  291
 102  294
 103  295
 103  296
 106  299
 107  299
 109  301
 109  302
 110  303
 111  302
 124  302
 127  299
 143  299
 143  285
 146  282
 149  282
 150  281
 150  265
 153  262
 154  262
 155  261
 156  261
 157  260
 158  260
 159  259
 159  250
 162  247
 162  243
 161  242
 161  234
 159  232
 159  231
 154  226
 153  226
 148  221
 147  221
 144  218
 143  218
 141  216
 140  216
 138  214
 138  200
 139  199
 144  199
 145  198
 151  198
 152  197
 155  197
 156  196
 158  196
 159  195
 160  195
 161  194
 162  194
 172  184
 172  183
 174  181
 174  180
 175  179
 175  178
 176  177
 176  175
 177  174
 177  172
 178  171
 178  165
 179  164
 179  151
 180  150
 180  145
 181  144
 181  133
 182  132
 182  130
 183  129
 183  125
 184  124
 184  122
 185  121
 185  119
 187  117
 187  116
 188  115
 188  114
 189  113
 189  111
 190  110
 190  109
 191  108
 191  106
 192  105
 192  101
 193  100
 193   96
 194   95
 193   94
 193   93
 191   91
 191   90
 190   90
 188   88
 187   88
 185   86
 184   86
 183   85
 182   85
 181   84
 179   84
 178   83
