 181   90
 180   91
 177   91
 176   92
 174   92
 173   93
 171   93
 170   94
 169   94
 168   95
 167   95
 166   96
 165   96
 164   97
 163   97
 161   99
 160   99
 159  100
 158  100
 156  102
 155  102
 154  103
 153  103
 151  105
 150  105
 147  108
 146  108
 144  110
 143  110
 135  118
 134  118
 131  121
 131  122
 121  132
 121  133
 112  142
 112  143
 104  151
 104  152
  98  158
  97  158
  96  159
  90  159
  90  160
  89  161
  89  162
  88  163
  88  164
  87  165
  87  166
  86  167
  86  170
  85  171
  85  175
  84  176
  84  177
  83  178
  83  179
  82  180
  82  181
  81  182
  81  183
  80  184
  80  185
  78  187
  78  188
  76  190
  76  191
  75  192
  75  263
  76  264
  76  265
  78  267
  78  268
  79  269
  79  270
  80  271
  80  273
  81  274
  81  275
  82  276
  82  278
  83  279
  83  280
  84  281
  84  283
  85  284
  85  285
  86  286
  86  287
  87  288
  87  289
  89  291
  89  292
  91  294
  91  295
  92  296
  92  297
  93  298
  93  299
  95  301
  95  303
  96  304
  96  305
  97  306
  97  307
  98  308
  98  309
  99  310
  99  311
 100  312
 100  313
 102  315
 102  316
 103  317
 103  318
 104  319
 104  320
 105  321
 105  322
 117  334
 118  334
 119  335
 120  335
 121  336
 122  336
 123  337
 125  337
 126  338
 130  338
 131  339
 136  339
 137  338
 139  338
 140  337
 142  337
 143  336
 144  336
 145  335
 146  335
 147  334
 148  334
 151  331
 151  330
 154  327
 154  326
 155  325
 155  324
 159  320
 159  319
 160  318
 160  317
 161  316
 161  297
 162  296
 162  295
 163  294
 163  278
 162  277
 162  275
 161  274
 161  271
 160  270
 160  267
 159  266
 159  264
 158  263
 158  262
 156  260
 156  259
 149  252
 148  252
 145  249
 144  249
 142  247
 141  247
 140  246
 140  231
 142  229
 144  229
 145  228
 147  228
 149  226
 150  226
 151  225
 152  225
 156  221
 157  221
 160  218
 160  217
 165  212
 165  211
 167  209
 167  208
 168  207
 168  206
 169  205
 169  204
 170  203
 170  202
 171  201
 171  200
 173  198
 173  196
 174  195
 174  194
 175  193
 175  191
 176  190
 176  188
 177  187
 177  185
 178  184
 178  182
 179  181
 179  179
 180  178
 180  173
 181  172
 181  170
 182  169
 182  163
 183  162
 183  161
 184  160
 184  156
 185  155
 185  151
 186  150
 186  145
 187  144
 187  143
 188  142
 188  140
 189  139
 189  138
 190  137
 190  136
 191  135
 191  134
 192  133
 192  132
 193  131
 193  129
 194  128
 194  127
 195  126
 195  123
 196  122
 196  120
 197  119
 197  114
 198  113
 198  107
 199  106
 198  105
 198  103
 197  102
 197  101
 196  100
 196   99
 193   96
 192   96
 191   95
 190   95
 188   93
 187   93
 186   92
 185   92
 184   91
 182   91
