 177   83
 176   84
 171   84
 170   85
 167   85
 166   86
 162   86
 161   87
 159   87
 158   88
 156   88
 155   89
 153   89
 152   90
 151   90
 150   91
 148   91
 147   92
 146   92
 145   93
 144   93
 143   94
 142   94
 141   95
 140   95
 139   96
 138   96
 136   98
 135   98
 133  100
 132  100
 131  101
 130  101
 128  103
 127  103
 124  106
 123  106
 121  108
 120  108
 117  111
 116  111
 111  116
 110  116
 102  124
 101  124
 100  125
  98  125
  96  127
  96  128
  95  129
  95  130
  94  131
  94  132
  87  139
  87  140
  82  145
  82  146
  80  148
  79  148
  79  149
  78  150
  78  151
  75  154
  75  155
  73  157
  73  158
  71  160
  71  161
  70  162
  70  227
  73  230
  73  234
  74  235
  74  236
  75  237
  75  241
  76  242
  76  243
  77  244
  77  247
  78  248
  78  251
  79  252
  79  254
  80  255
  80  259
  81  260
  81  262
  82  263
  82  269
  83  270
  83  272
  84  273
  84  278
  85  279
  85  280
  86  281
  86  283
  87  284
  87  286
  88  287
  88  288
  90  290
  90  291
  91  292
  92  292
  96  296
  96  297
 100  301
 100  302
 101  303
 101  304
 102  305
 102  306
 111  315
 113  315
 114  314
 115  314
 116  313
 117  313
 118  312
 125  312
 126  311
 129  311
 130  310
 150  310
 152  312
 152  313
 153  314
 153  316
 154  317
 154  319
 155  320
 155  321
 156  322
 156  326
 157  327
 157  329
 158  330
 158  332
 160  334
 160  335
 164  339
 165  339
 171  345
 172  345
 176  341
 176  339
 175  338
 175  337
 173  335
 173  334
 172  333
 171  333
 164  326
 163  326
 158  321
 158  320
 156  318
 156  317
 154  315
 154  314
 153  313
 153  312
 152  311
 152  310
 151  309
 151  308
 150  307
 150  288
 151  287
 151  286
 152  285
 153  285
 155  283
 156  283
 157  282
 158  282
 158  261
 160  259
 161  259
 162  258
 163  258
 163  240
 164  239
 164  238
 165  237
 163  235
 163  234
 161  232
 161  231
 159  229
 159  227
 158  226
 158  221
 157  220
 157  218
 155  216
 155  201
 156  200
 161  200
 162  199
 165  199
 166  198
 167  198
 173  192
 173  191
 175  189
 175  188
 176  187
 176  186
 177  185
 177  184
 179  182
 179  180
 180  179
 180  177
 181  176
 181  174
 182  173
 182  171
 183  170
 183  168
 184  167
 184  164
 185  163
 185  159
 186  158
 186  155
 187  154
 187  152
 188  151
 188  147
 189  146
 189  136
 190  135
 190  132
 191  131
 191  126
 192  125
 192  122
 193  121
 193  120
 195  118
 195  116
 196  115
 196  113
 197  112
 197  110
 198  109
 198  108
 199  107
 199  105
 200  104
 200  103
 201  102
 201  100
 202   99
 202   98
 203   97
 203   93
 200   90
 199   90
 198   89
 197   89
 193   85
 192   85
 191   84
 190   84
 189   83
