 175   99
 174  100
 169  100
 168  101
 166  101
 165  102
 163  102
 162  103
 159  103
 158  104
 157  104
 156  105
 154  105
 153  106
 152  106
 151  107
 150  107
 149  108
 148  108
 147  109
 146  109
 145  110
 144  110
 143  111
 142  111
 141  112
 140  112
 138  114
 137  114
 136  115
 135  115
 133  117
 132  117
 130  119
 129  119
 125  123
 124  123
 116  131
 115  131
 105  141
 105  142
 100  147
 100  148
  98  150
  83  150
  82  149
  82  142
  80  140
  80  145
  79  146
  79  147
  77  149
  77  150
  75  152
  75  153
  71  157
  71  158
  77  158
  78  159
  78  174
  77  175
  77  176
  73  180
  73  181
  70  184
  70  228
  71  229
  71  230
  76  235
  76  236
  77  237
  77  238
  79  240
  79  241
  81  243
  81  244
  82  245
  82  246
  84  248
  84  249
  85  250
  85  251
  86  252
  86  253
  87  254
  87  256
  88  257
  88  258
  89  259
  89  262
  90  263
  90  265
  91  266
  91  269
  92  270
  92  273
  93  274
  93  275
  94  276
  94  278
  96  280
  96  282
  98  284
  98  285
  99  286
  99  287
 101  289
 101  290
 102  291
 103  291
 113  301
 113  303
 114  304
 114  305
 124  315
 125  314
 127  314
 128  313
 144  313
 145  314
 146  314
 148  316
 148  317
 148  316
 150  314
 165  314
 164  314
 163  313
 162  313
 159  310
 159  309
 158  308
 158  306
 157  305
 157  290
 158  289
 158  288
 160  286
 161  286
 161  285
 160  284
 160  283
 159  282
 159  266
 160  265
 160  264
 165  259
 165  247
 167  245
 167  244
 166  243
 166  242
 163  239
 163  238
 162  237
 162  236
 161  235
 161  233
 159  231
 159  230
 157  228
 156  228
 154  226
 154  212
 157  209
 158  209
 159  208
 160  208
 167  201
 167  200
 169  198
 169  197
 170  196
 170  195
 171  194
 171  193
 172  192
 172  188
 173  187
 173  186
 174  185
 174  179
 175  178
 175  174
 176  173
 176  170
 177  169
 177  167
 178  166
 178  159
 179  158
 179  157
 180  156
 180  155
 181  154
 181  153
 182  152
 182  151
 183  150
 183  149
 184  148
 184  146
 185  145
 185  144
 187  142
 187  141
 190  138
 190  137
 191  136
 191  135
 192  134
 192  133
 194  131
 194  130
 198  126
 198  125
 199  124
 199  123
 200  122
 200  119
 201  118
 201  117
 202  116
 202  114
 203  113
 203  112
 204  111
 202  109
 201  109
 199  107
 198  107
 197  106
 196  106
 194  104
 193  104
 192  103
 190  103
 189  102
 188  102
 187  101
 184  101
 183  100
 178  100
 177   99
