 179  100
 178  101
 175  101
 174  102
 172  102
 171  103
 169  103
 168  104
 167  104
 166  105
 165  105
 164  106
 162  106
 161  107
 160  107
 158  109
 157  109
 156  110
 155  110
 154  111
 153  111
 151  113
 150  113
 148  115
 147  115
 145  117
 144  117
 141  120
 140  120
 137  123
 136  123
 131  128
 130  128
 125  133
 124  133
 116  141
 115  141
 111  145
  99  145
  99  146
  98  147
  98  148
  96  150
  96  151
  95  152
  95  153
  94  154
  94  155
  93  156
  93  157
  91  159
  91  160
  90  161
  90  162
  87  165
  87  166
  83  170
  83  171
  79  175
  79  176
  78  177
  78  178
  77  179
  77  264
  78  265
  78  269
  79  270
  79  271
  80  272
  80  275
  81  276
  81  277
  82  278
  82  280
  83  281
  83  283
  85  285
  85  287
  87  289
  87  290
  88  291
  88  292
  92  296
  92  297
 100  305
 101  305
 103  307
 104  307
 110  313
 110  314
 118  322
 118  323
 120  325
 121  325
 124  328
 125  328
 126  329
 136  329
 138  327
 147  327
 148  326
 149  326
 150  325
 151  325
 152  324
 152  310
 155  307
 156  307
 157  306
 159  306
 161  304
 162  304
 162  303
 163  302
 163  288
 167  284
 167  283
 169  281
 169  269
 168  268
 168  267
 167  266
 167  264
 166  263
 166  260
 165  259
 165  256
 164  255
 164  254
 163  253
 163  252
 160  249
 159  249
 158  248
 158  233
 160  231
 161  231
 163  229
 164  229
 165  228
 165  227
 166  226
 166  224
 167  223
 167  221
 172  216
 173  216
 174  215
 175  215
 175  214
 177  212
 177  211
 178  210
 178  204
 179  203
 179  199
 180  198
 180  196
 181  195
 181  192
 182  191
 182  177
 183  176
 183  162
 184  161
 184  159
 185  158
 185  155
 186  154
 186  150
 187  149
 187  147
 188  146
 188  145
 189  144
 189  143
 190  142
 190  141
 191  140
 191  139
 192  138
 192  136
 193  135
 193  133
 194  132
 194  130
 195  129
 195  127
 196  126
 196  123
 197  122
 197  120
 198  119
 198  112
 197  111
 197  110
 195  108
 195  107
 194  107
 193  106
 192  106
 189  103
 188  103
 187  102
 186  102
 185  101
 184  101
 183  100
