 171   87
 170   88
 168   88
 167   89
 163   89
 162   90
 160   90
 159   91
 158   91
 157   92
 155   92
 154   93
 153   93
 152   94
 150   94
 149   95
 148   95
 147   96
 146   96
 144   98
 143   98
 142   99
 141   99
 140  100
 139  100
 138  101
 137  101
 135  103
 134  103
 132  105
 131  105
 129  107
 128  107
 124  111
 123  111
 119  115
 118  115
 108  125
 107  125
 106  126
 102  126
 101  127
 100  127
  99  128
  99  129
  97  131
  97  132
  96  133
  96  134
  94  136
  94  137
  93  138
  92  138
  89  141
  89  142
  84  147
  84  155
  83  156
  83  157
  82  158
  82  159
  81  160
  81  161
  80  162
  80  163
  79  164
  79  236
  80  237
  80  238
  81  239
  81  241
  82  242
  82  243
  83  244
  83  245
  84  246
  84  247
  85  248
  85  249
  86  250
  86  251
  87  252
  87  253
  88  254
  88  255
  89  256
  89  257
  90  258
  90  259
  91  260
  91  261
  92  262
  92  264
  93  265
  93  266
  94  267
  94  270
  95  271
  95  272
  96  273
  96  274
  97  275
  97  277
  98  278
  98  279
  99  280
  99  282
 100  283
 100  285
 101  286
 101  288
 102  289
 102  290
 103  291
 103  292
 105  294
 105  295
 107  297
 107  298
 118  309
 119  309
 122  312
 122  313
 125  316
 126  316
 128  318
 128  319
 131  322
 133  322
 134  321
 135  321
 137  319
 139  319
 140  318
 144  318
 145  317
 147  317
 149  315
 166  315
 170  319
 170  320
 172  322
 172  323
 174  325
 174  326
 176  328
 176  329
 186  339
 187  339
 189  341
 190  340
 191  340
 191  339
 192  338
 182  328
 181  328
 178  325
 177  325
 175  323
 174  323
 168  317
 168  316
 166  314
 166  313
 164  311
 164  293
 165  292
 165  291
 170  286
 170  265
 172  263
 172  262
 173  261
 172  260
 172  243
 173  242
 173  241
 171  239
 171  238
 166  233
 166  232
 164  230
 164  229
 163  228
 163  227
 159  223
 158  223
 155  220
 154  220
 152  218
 152  204
 153  203
 158  203
 159  202
 164  202
 165  201
 168  201
 169  200
 171  200
 172  199
 173  199
 177  195
 177  194
 179  192
 179  190
 180  189
 180  188
 181  187
 181  185
 182  184
 182  182
 183  181
 183  172
 184  171
 184  166
 185  165
 185  135
 186  134
 186  125
 187  124
 187  121
 188  120
 188  116
 189  115
 189  113
 190  112
 190  111
 191  110
 191  109
 192  108
 192  106
 193  105
 193  104
 194  103
 194   96
 191   93
 190   93
 188   91
 187   91
 186   90
 185   90
 184   89
 183   89
 182   88
 181   88
 180   87
