 184   68
 183   69
 179   69
 178   70
 176   70
 175   71
 172   71
 171   72
 170   72
 169   73
 167   73
 166   74
 164   74
 163   75
 162   75
 161   76
 160   76
 159   77
 158   77
 156   79
 155   79
 153   81
 152   81
 151   82
 150   82
 148   84
 147   84
 145   86
 144   86
 141   89
 140   89
 137   92
 136   92
 133   95
 132   95
 129   98
 128   98
 125  101
 124  101
 118  107
 117  107
 109  115
 108  115
  82  141
  82  142
  76  148
  76  149
  74  151
  74  152
  71  155
  71  156
  64  163
  64  164
  62  166
  62  167
  61  168
  61  223
  62  224
  62  225
  63  226
  63  227
  64  228
  64  229
  68  233
  68  234
  69  235
  69  237
  70  238
  70  240
  71  241
  71  243
  72  244
  72  245
  73  246
  73  248
  75  250
  75  252
  76  253
  76  254
  77  255
  77  257
  78  258
  78  259
  79  260
  79  261
  80  262
  80  263
  81  264
  81  265
  82  266
  82  267
  83  268
  83  269
  84  270
  84  271
  85  272
  85  273
  86  274
  86  276
  87  277
  87  278
  88  279
  88  281
  89  282
  89  283
  90  284
  90  285
  91  286
  91  287
  92  288
  92  289
  93  290
  93  291
  94  292
  94  293
  95  294
  95  295
  96  296
  96  297
  97  298
  97  300
  98  301
  98  302
  99  303
  99  305
 101  307
 101  309
 103  311
 104  311
 114  321
 114  331
 115  332
 115  333
 124  342
 125  342
 126  343
 127  343
 128  342
 145  342
 146  341
 146  340
 147  339
 147  338
 150  335
 167  335
 168  336
 170  336
 171  337
 164  330
 164  329
 163  328
 163  327
 162  326
 162  309
 163  308
 163  307
 164  306
 164  305
 169  300
 169  278
 170  277
 170  276
 174  272
 173  271
 173  250
 172  249
 172  248
 171  247
 171  246
 170  245
 170  244
 169  243
 169  242
 168  241
 168  239
 167  238
 167  237
 166  236
 166  235
 164  233
 164  232
 162  230
 162  229
 160  227
 160  226
 151  217
 151  202
 152  201
 155  201
 156  200
 160  200
 161  199
 163  199
 164  198
 165  198
 166  197
 168  197
 170  195
 171  195
 177  189
 177  188
 179  186
 179  185
 180  184
 180  183
 181  182
 181  179
 182  178
 182  177
 183  176
 183  172
 184  171
 184  169
 185  168
 185  165
 186  164
 186  161
 187  160
 187  154
 188  153
 188  149
 189  148
 189  146
 190  145
 190  142
 191  141
 191  139
 192  138
 192  134
 193  133
 193  132
 194  131
 194  127
 195  126
 195  124
 196  123
 196  120
 197  119
 197  118
 198  117
 198  115
 199  114
 199  111
 200  110
 200  108
 201  107
 201  104
 202  103
 202  102
 203  101
 203   97
 204   96
 204   95
 205   94
 205   90
 206   89
 206   88
 207   87
 207   86
 208   85
 208   84
 209   83
 209   82
 211   80
 211   79
 212   78
 211   77
 210   77
 208   75
 207   75
 206   74
 205   74
 203   72
 202   72
 201   71
 200   71
 199   70
 197   70
 196   69
 193   69
 192   68
