 163    0
 163    8
 162    9
 159    9
 158   10
 156   10
 155   11
 153   11
 152   12
 151   12
 150   13
 148   13
 147   14
 146   14
 145   15
 144   15
 143   16
 141   16
 140   17
 139   17
 138   18
 137   18
 136   19
 135   19
 134   20
 133   20
 132   21
 131   21
 129   23
 128   23
 127   24
 126   24
 124   26
 123   26
 121   28
 120   28
 119   29
 118   29
 116   31
 115   31
 113   33
 112   33
 110   35
 109   35
 106   38
 105   38
 102   41
 101   41
  98   44
  97   44
  93   48
  92   48
  88   52
  87   52
  64   75
  64   76
  59   81
  59   82
  55   86
  55   87
  50   92
  50   93
  47   96
  47   97
  43  101
  43  102
  40  105
  40  107
  39  108
  39  255
  40  256
  40  259
  41  260
  41  265
  42  266
  42  268
  43  269
  43  274
  44  275
  44  279
  45  280
  45  289
  46  290
  46  293
  47  294
  47  301
  48  302
  48  308
  49  309
  49  322
  50  323
  50  327
  51  328
  51  329
  52  330
  52  331
  53  332
  53  333
  54  334
  55  334
  60  339
  71  339
  72  340
  72  350
  73  351
  73  353
  74  354
  74  355
  81  362
  82  362
  83  363
  84  363
  85  364
  86  363
  87  363
  89  361
  89  360
  94  355
  95  355
  96  354
 112  354
 113  355
 114  355
 115  354
 132  354
 133  355
 133  356
 134  357
 134  360
 135  361
 135  363
 136  364
 136  367
 137  368
 137  371
 138  372
 138  397
 139  398
 139  404
 140  405
 140  406
 141  407
 141  408
 144  411
 144  412
 149  417
 150  417
 154  421
 154  428
 157  428
 157  421
 159  419
 159  418
 160  417
 160  416
 161  415
 161  414
 160  413
 160  410
 159  409
 159  408
 158  407
 158  405
 157  404
 157  402
 156  401
 156  399
 155  398
 155  396
 154  395
 154  392
 153  391
 153  389
 152  388
 152  384
 151  383
 151  379
 150  378
 150  372
 149  371
 149  365
 148  364
 148  360
 147  359
 147  353
 146  352
 146  331
 147  330
 147  328
 148  327
 148  326
 153  321
 154  321
 155  320
 159  320
 160  319
 162  319
 163  318
 164  318
 166  316
 166  315
 167  314
 167  312
 168  311
 167  310
 167  283
 168  282
 168  281
 170  279
 173  279
 174  278
 180  278
 182  276
 183  276
 184  275
 184  273
 183  272
 183  271
 182  270
 182  269
 180  267
 180  266
 178  264
 178  247
 179  246
 179  245
 180  244
 180  243
 181  242
 181  241
 183  239
 183  238
 184  237
 184  234
 183  233
 183  232
 181  230
 181  229
 178  226
 178  225
 177  224
 177  223
 176  222
 176  221
 175  220
 175  219
 173  217
 173  216
 172  215
 172  214
 171  213
 171  211
 169  209
 169  207
 168  206
 168  205
 166  203
 166  202
 163  199
 163  198
 156  191
 156  177
 157  176
 172  176
 173  175
 176  175
 177  174
 178  174
 179  173
 180  173
 182  171
 183  171
 189  165
 189  163
 190  162
 190  160
 191  159
 191  158
 192  157
 192  156
 193  155
 193  153
 194  152
 194  150
 195  149
 195  148
 196  147
 196  146
 197  145
 197  143
 198  142
 198  141
 199  140
 199  138
 200  137
 200  136
 201  135
 201  133
 202  132
 202  128
 203  127
 203  124
 204  123
 204  119
 205  118
 205  117
 206  116
 206  114
 207  113
 207  111
 208  110
 208  105
 209  104
 209  101
 210  100
 210   98
 211   97
 211   96
 212   95
 212   94
 214   92
 214   90
 215   89
 215   87
 216   86
 216   84
 217   83
 217   80
 218   79
 218   78
 220   76
 220   75
 221   74
 221   73
 222   72
 222   70
 223   69
 223   66
 224   65
 224   62
 225   61
 225   59
 226   58
 226   56
 227   55
 227   53
 228   52
 228   49
 229   48
 229   46
 230   45
 230   43
 231   42
 231   41
 232   40
 232   39
 233   38
 233   37
 234   36
 234   34
 235   33
 235   25
 234   24
 234   22
 228   16
 227   16
 226   15
 225   15
 224   14
 223   14
 222   13
 221   13
 219   11
 217   11
 216   10
 215   10
 214    9
 212    9
 211    8
 211    0
