 175   79
 174   80
 169   80
 168   81
 166   81
 165   82
 163   82
 162   83
 160   83
 159   84
 158   84
 157   85
 156   85
 155   86
 153   86
 152   87
 151   87
 150   88
 149   88
 148   89
 147   89
 146   90
 145   90
 144   91
 143   91
 142   92
 141   92
 139   94
 138   94
 137   95
 136   95
 135   96
 134   96
 133   97
 132   97
 130   99
 129   99
 127  101
 126  101
 124  103
 123  103
 121  105
 120  105
 112  113
 111  113
  95  129
  95  130
  93  132
  83  132
  83  146
  81  148
  81  149
  80  150
  80  151
  79  152
  79  153
  77  155
  77  156
  75  158
  75  235
  77  237
  77  239
  78  240
  78  241
  79  242
  79  244
  80  245
  80  246
  81  247
  81  250
  82  251
  82  252
  83  253
  83  257
  84  258
  84  259
  85  260
  85  262
  86  263
  86  265
  87  266
  87  267
  88  268
  88  270
  89  271
  89  272
  90  273
  90  275
  91  276
  91  278
  92  279
  92  281
  93  282
  93  284
  94  285
  94  286
  95  287
  95  288
  96  289
  96  290
  97  291
  97  292
 101  296
 102  296
 104  298
 104  299
 107  302
 107  303
 108  304
 108  305
 109  306
 109  308
 111  310
 111  311
 119  319
 121  319
 122  318
 140  318
 142  320
 158  320
 159  321
 159  322
 160  323
 160  324
 161  325
 161  326
 162  327
 162  328
 163  329
 163  330
 164  331
 164  333
 165  334
 165  335
 166  336
 166  337
 171  342
 172  342
 178  348
 180  348
 183  345
 183  343
 181  341
 181  340
 174  333
 173  333
 164  324
 164  323
 159  318
 159  317
 158  316
 158  315
 157  314
 157  312
 156  311
 156  310
 155  309
 155  289
 157  287
 158  287
 159  286
 160  286
 162  284
 163  284
 163  261
 168  256
 169  256
 170  255
 169  254
 169  236
 170  235
 170  234
 171  233
 171  232
 168  229
 168  228
 166  226
 166  225
 164  223
 164  222
 161  219
 161  218
 155  212
 155  197
 156  196
 157  196
 158  195
 160  195
 161  194
 162  194
 163  193
 164  193
 166  191
 167  191
 168  190
 168  189
 170  187
 170  186
 171  185
 171  184
 172  183
 172  181
 173  180
 173  179
 174  178
 174  176
 175  175
 175  174
 176  173
 176  172
 177  171
 177  170
 178  169
 178  167
 179  166
 179  161
 180  160
 180  157
 181  156
 181  155
 182  154
 182  153
 183  152
 183  148
 184  147
 184  139
 185  138
 185  136
 186  135
 186  134
 187  133
 187  129
 188  128
 188  126
 189  125
 189  124
 190  123
 190  122
 192  120
 192  118
 193  117
 193  115
 194  114
 194  112
 195  111
 195  110
 196  109
 196  108
 197  107
 197  106
 198  105
 198   99
 199   98
 199   93
 198   92
 198   91
 194   87
 193   87
 192   86
 191   86
 189   84
 188   84
 186   82
 185   82
 184   81
 182   81
 181   80
 178   80
 177   79
