 179   81
 178   82
 173   82
 172   83
 170   83
 169   84
 166   84
 165   85
 163   85
 162   86
 161   86
 160   87
 158   87
 157   88
 156   88
 155   89
 154   89
 153   90
 152   90
 151   91
 150   91
 149   92
 148   92
 147   93
 146   93
 144   95
 143   95
 142   96
 141   96
 140   97
 139   97
 137   99
 136   99
 135  100
 134  100
 132  102
 131  102
 129  104
 128  104
 127  105
 126  105
 124  107
 123  107
 121  109
 120  109
 117  112
 116  112
 113  115
 112  115
 108  119
 107  119
  85  141
  85  142
  78  149
  78  150
  66  162
  66  163
  63  166
  62  166
  60  168
  60  227
  61  228
  61  230
  62  231
  62  233
  63  234
  63  235
  64  236
  64  239
  66  241
  66  243
  67  244
  67  245
  68  246
  68  248
  69  249
  69  250
  70  251
  70  255
  71  256
  71  262
  72  263
  72  268
  73  269
  73  275
  74  276
  74  279
  75  280
  75  285
  76  286
  76  287
  77  288
  77  290
  78  291
  78  292
  79  293
  80  293
  84  297
  84  298
  85  298
  88  301
  88  303
  89  304
  89  306
  90  307
  90  310
  91  311
  91  312
  92  313
  92  314
  93  315
  93  316
  94  317
  95  317
  99  321
 100  321
 101  320
 118  320
 118  319
 120  317
 138  317
 138  316
 136  314
 136  312
 135  311
 135  310
 134  309
 134  292
 137  289
 138  289
 139  288
 140  288
 141  287
 142  287
 144  285
 143  284
 143  269
 144  268
 144  267
 146  265
 147  265
 148  264
 150  264
 151  263
 152  263
 153  262
 153  246
 156  243
 155  242
 155  241
 151  237
 151  235
 149  233
 149  232
 148  231
 148  230
 147  229
 147  228
 140  221
 139  221
 134  216
 134  202
 135  201
 148  201
 149  200
 151  200
 152  199
 153  199
 155  197
 156  197
 162  191
 162  190
 166  186
 166  185
 167  184
 167  183
 168  182
 168  181
 169  180
 169  179
 170  178
 170  177
 171  176
 171  175
 173  173
 173  172
 174  171
 174  169
 175  168
 175  165
 176  164
 176  163
 177  162
 177  161
 179  159
 179  157
 180  156
 180  155
 181  154
 181  152
 182  151
 182  150
 188  144
 188  143
 190  141
 190  139
 191  138
 191  137
 192  136
 192  135
 195  132
 195  131
 198  128
 198  127
 199  126
 199  125
 200  124
 200  123
 202  121
 202  120
 205  117
 205  116
 208  113
 208  112
 209  111
 209  110
 210  109
 210  108
 211  107
 211  106
 212  105
 212  103
 213  102
 213  100
 214   99
 214   98
 213   97
 213   96
 211   94
 211   93
 210   93
 207   90
 206   90
 204   88
 203   88
 202   87
 201   87
 200   86
 199   86
 198   85
 197   85
 196   84
 194   84
 193   83
 191   83
 190   82
 186   82
 185   81
