 176   97
 175   98
 172   98
 171   99
 170   99
 169  100
 168  100
 167  101
 166  101
 165  102
 164  102
 163  103
 162  103
 161  104
 160  104
 159  105
 158  105
 156  107
 155  107
 153  109
 152  109
 150  111
 149  111
 147  113
 146  113
 143  116
 142  116
 139  119
 138  119
 134  123
 133  123
 110  146
 110  147
 105  152
 105  153
 103  155
  98  155
  97  156
  95  156
  94  157
  86  157
  85  158
  84  158
  84  159
  83  160
  83  161
  82  162
  82  163
  81  164
  81  274
  83  276
  83  277
  84  278
  84  279
  85  280
  85  283
  86  284
  86  285
  87  286
  87  287
  88  288
  88  289
  91  292
  91  293
  92  294
  92  295
  94  297
  94  298
 101  305
 102  305
 104  307
 104  308
 105  308
 108  311
 109  311
 112  314
 112  315
 114  317
 114  318
 117  321
 117  322
 118  323
 119  323
 127  331
 128  331
 129  332
 139  332
 140  331
 141  331
 142  330
 143  330
 144  329
 152  329
 153  328
 154  328
 155  327
 155  326
 156  325
 156  324
 157  323
 157  312
 159  310
 160  310
 161  309
 162  309
 164  307
 165  307
 165  306
 166  305
 166  290
 171  285
 171  284
 172  283
 172  272
 170  270
 170  268
 169  267
 169  266
 168  265
 168  259
 167  258
 167  257
 166  256
 166  255
 164  253
 163  253
 157  247
 157  233
 160  230
 161  230
 165  226
 165  225
 166  224
 166  223
 168  221
 168  220
 170  218
 170  217
 171  216
 171  215
 174  212
 174  211
 176  209
 176  206
 177  205
 177  200
 178  199
 178  197
 179  196
 179  195
 180  194
 180  192
 181  191
 181  177
 182  176
 182  160
 183  159
 183  157
 184  156
 184  153
 185  152
 185  145
 186  144
 186  143
 187  142
 187  140
 188  139
 188  138
 189  137
 189  136
 190  135
 190  133
 191  132
 191  129
 192  128
 192  122
 193  121
 193  118
 194  117
 194  111
 193  110
 193  109
 192  108
 192  107
 191  106
 191  105
 189  103
 188  103
 186  101
 185  101
 183   99
 182   99
 181   98
 180   98
 179   97
