 174  112
 173  113
 171  113
 170  114
 168  114
 167  115
 166  115
 165  116
 164  116
 163  117
 162  117
 161  118
 160  118
 159  119
 158  119
 156  121
 155  121
 153  123
 152  123
 151  124
 150  124
 147  127
 146  127
 143  130
 142  130
 139  133
 138  133
 129  142
 128  142
 127  143
 127  144
 113  158
 113  159
 107  165
 107  166
 105  168
 105  169
 101  173
 101  174
  98  177
  98  178
  96  180
  96  181
  95  182
  95  183
  93  185
  93  186
  90  189
  90  250
  91  251
  91  252
  92  253
  92  254
  93  255
  93  258
  94  259
  94  260
  95  261
  95  264
  96  265
  96  266
  97  267
  97  268
  98  269
  98  270
  99  271
  99  272
 100  273
 100  275
 101  276
 101  277
 102  278
 102  280
 103  281
 103  282
 104  283
 104  284
 106  286
 106  288
 107  289
 107  290
 108  291
 108  292
 109  293
 109  294
 111  296
 111  297
 112  298
 112  299
 113  300
 113  301
 114  302
 114  303
 116  305
 116  306
 123  313
 124  313
 125  314
 126  314
 127  315
 129  315
 130  316
 131  316
 133  314
 134  314
 135  313
 138  313
 139  312
 140  312
 142  310
 142  309
 143  308
 143  300
 144  299
 144  298
 148  294
 149  294
 150  293
 150  277
 154  273
 154  265
 155  264
 155  263
 156  262
 156  261
 158  259
 158  252
 156  250
 156  249
 153  246
 152  246
 146  240
 146  226
 147  225
 148  225
 149  224
 151  224
 152  223
 153  223
 154  222
 155  222
 156  221
 157  221
 162  216
 162  215
 164  213
 164  212
 165  211
 165  210
 167  208
 167  206
 168  205
 168  204
 169  203
 169  174
 170  173
 170  170
 171  169
 171  159
 172  158
 172  156
 173  155
 173  152
 174  151
 174  150
 175  149
 175  146
 176  145
 176  144
 177  143
 177  142
 178  141
 178  140
 179  139
 179  138
 180  137
 180  136
 182  134
 182  131
 183  130
 183  128
 184  127
 184  120
 183  119
 183  118
 182  117
 181  117
 178  114
 177  114
 175  112
