 177  117
 176  118
 173  118
 172  119
 170  119
 169  120
 167  120
 166  121
 164  121
 163  122
 162  122
 161  123
 159  123
 158  124
 157  124
 156  125
 155  125
 154  126
 153  126
 152  127
 151  127
 150  128
 149  128
 148  129
 147  129
 146  130
 145  130
 143  132
 142  132
 141  133
 140  133
 139  134
 138  134
 136  136
 135  136
 133  138
 132  138
 131  139
 130  139
 128  141
 127  141
 125  143
 124  143
 121  146
 120  146
 117  149
 116  149
 114  151
 113  151
 110  154
 109  154
 107  156
 106  156
 105  157
  95  157
  95  158
  94  159
  94  161
  93  162
  93  163
  91  165
  91  166
  89  168
  89  169
  87  171
  87  172
  85  174
  85  175
  83  177
  83  178
  77  184
  76  184
  74  186
  74  259
  75  260
  75  261
  77  263
  77  264
  80  267
  80  268
  81  269
  81  270
  82  271
  82  272
  83  273
  83  274
  84  275
  84  276
  85  277
  85  278
  86  279
  86  280
  87  281
  87  282
  88  283
  88  284
  98  294
  98  295
  99  296
  99  297
 100  298
 100  299
 101  300
 101  301
 104  304
 105  304
 109  308
 109  309
 111  311
 112  311
 113  312
 120  312
 121  311
 122  311
 127  306
 133  306
 134  305
 135  305
 137  303
 137  296
 141  292
 142  292
 143  291
 144  291
 146  289
 146  287
 147  286
 147  280
 148  279
 148  278
 152  274
 152  273
 153  272
 153  259
 154  258
 153  257
 153  255
 152  254
 152  251
 151  250
 151  249
 150  248
 150  247
 148  245
 148  230
 150  228
 152  228
 153  227
 154  227
 156  225
 157  225
 168  214
 168  213
 169  212
 169  211
 170  210
 170  207
 171  206
 171  201
 172  200
 172  198
 173  197
 173  195
 174  194
 174  178
 175  177
 175  174
 176  173
 176  170
 178  168
 178  166
 179  165
 179  164
 181  162
 181  161
 185  157
 185  156
 190  151
 190  150
 192  148
 192  147
 194  145
 194  144
 196  142
 196  140
 197  139
 197  138
 198  137
 198  134
 199  133
 199  131
 200  130
 200  128
 199  127
 199  126
 197  124
 196  124
 195  123
 194  123
 191  120
 190  120
 189  119
 188  119
 187  118
 185  118
 184  117
