 177  116
 176  117
 174  117
 173  118
 171  118
 170  119
 168  119
 167  120
 165  120
 164  121
 163  121
 162  122
 161  122
 160  123
 159  123
 158  124
 157  124
 155  126
 154  126
 153  127
 152  127
 150  129
 149  129
 148  130
 147  130
 145  132
 144  132
 142  134
 141  134
 137  138
 136  138
 133  141
 132  141
 108  165
  96  165
  95  166
  95  167
  94  168
  94  169
  93  170
  93  171
  92  172
  92  174
  91  175
  91  176
  90  177
  90  178
  89  179
  89  180
  88  181
  88  182
  87  183
  87  270
  88  271
  88  272
  90  274
  90  275
  93  278
  93  279
 107  293
 107  295
 109  297
 109  298
 110  299
 110  300
 112  302
 112  303
 119  310
 120  310
 121  311
 122  311
 123  312
 124  311
 125  311
 129  307
 130  307
 134  303
 134  302
 135  301
 135  297
 136  296
 136  293
 142  287
 142  276
 143  275
 143  273
 146  270
 146  269
 147  268
 147  266
 148  265
 148  263
 153  258
 153  252
 151  250
 151  249
 148  246
 147  246
 144  243
 144  229
 145  228
 146  228
 147  227
 149  227
 150  226
 151  226
 159  218
 159  217
 162  214
 162  213
 163  212
 163  211
 164  210
 164  207
 165  206
 165  201
 166  200
 166  190
 167  189
 167  181
 168  180
 168  171
 169  170
 169  165
 170  164
 170  160
 171  159
 171  158
 172  157
 172  156
 173  155
 173  154
 174  153
 174  152
 175  151
 175  150
 176  149
 176  148
 177  147
 177  146
 179  144
 179  143
 180  142
 180  141
 181  140
 181  139
 182  138
 182  137
 183  136
 183  134
 184  133
 184  132
 185  131
 185  130
 186  129
 186  127
 187  126
 187  123
 185  121
 184  121
 183  120
 182  120
 181  119
 181  118
 180  118
 178  116
