 185   89
 184   90
 181   90
 180   91
 178   91
 177   92
 176   92
 175   93
 173   93
 172   94
 171   94
 170   95
 168   95
 167   96
 166   96
 165   97
 164   97
 163   98
 162   98
 161   99
 160   99
 159  100
 158  100
 156  102
 155  102
 154  103
 153  103
 151  105
 150  105
 148  107
 147  107
 145  109
 144  109
 142  111
 141  111
 139  113
 138  113
 135  116
 134  116
 131  119
 130  119
 123  126
 122  126
 101  147
 101  148
  97  152
  97  153
  94  156
  80  156
  79  155
  79  148
  79  149
  78  150
  78  151
  77  152
  77  153
  76  154
  76  155
  75  156
  75  157
  74  158
  74  159
  73  160
  73  161
  72  162
  72  163
  71  164
  71  257
  72  258
  72  259
  73  260
  73  261
  74  262
  74  263
  77  266
  77  268
  79  270
  79  271
  80  272
  80  273
  82  275
  82  276
  85  279
  85  280
  88  283
  88  284
  89  285
  89  286
  90  287
  90  288
  92  290
  92  291
  94  293
  94  294
  95  295
  95  297
  96  298
  96  300
  97  301
  97  303
  98  304
  98  306
  99  307
  99  309
 100  310
 100  312
 101  313
 101  314
 102  315
 102  317
 103  318
 103  319
 105  321
 105  323
 107  325
 107  326
 114  333
 115  333
 116  334
 118  334
 119  335
 121  335
 125  339
 127  339
 128  338
 138  338
 140  336
 140  317
 141  316
 141  315
 142  314
 144  314
 145  313
 147  313
 148  312
 149  312
 150  311
 150  289
 151  288
 152  288
 153  287
 154  287
 155  286
 156  286
 156  271
 157  270
 157  269
 159  267
 159  251
 157  249
 157  247
 154  244
 153  244
 150  241
 149  241
 146  238
 145  238
 144  237
 144  223
 145  222
 153  222
 154  221
 157  221
 158  220
 159  220
 161  218
 162  218
 168  212
 168  211
 174  205
 174  204
 177  201
 177  200
 178  199
 178  198
 179  197
 179  196
 180  195
 180  192
 181  191
 181  190
 182  189
 182  188
 183  187
 183  185
 184  184
 184  183
 185  182
 185  179
 186  178
 186  173
 187  172
 187  166
 188  165
 188  163
 189  162
 189  159
 190  158
 190  146
 191  145
 191  143
 192  142
 192  137
 193  136
 193  134
 194  133
 194  131
 195  130
 195  129
 196  128
 196  126
 197  125
 197  124
 198  123
 198  121
 199  120
 199  119
 200  118
 200  115
 201  114
 201  110
 202  109
 202  106
 203  105
 203  101
 202  100
 202   99
 201   98
 201   97
 197   93
 196   93
 194   91
 193   91
 192   90
 191   90
 190   89
