 157  104
 156  105
 155  105
 154  106
 152  106
 151  107
 150  107
 149  108
 148  108
 147  109
 146  109
 145  110
 144  110
 143  111
 142  111
 140  113
 139  113
 135  117
 134  117
 119  132
 119  133
 116  136
 116  137
 114  139
 114  140
 112  142
 112  143
 111  144
 111  145
 109  147
 109  148
 106  151
 106  152
 104  154
 104  156
 103  157
 103  158
 102  159
 102  160
 101  161
  88  161
  88  252
  96  252
  97  253
  98  253
 107  262
 107  263
 118  274
 119  274
 120  275
 121  275
 127  281
 127  282
 129  284
 129  285
 130  286
 130  287
 132  289
 132  290
 137  295
 138  295
 139  296
 139  297
 142  300
 143  300
 144  301
 145  301
 146  302
 147  302
 148  303
 149  303
 154  308
 166  308
 168  310
 168  311
 170  313
 169  312
 169  311
 167  309
 167  307
 165  305
 165  303
 164  302
 164  283
 166  281
 166  280
 167  279
 167  259
 168  258
 168  257
 169  256
 169  254
 170  253
 170  241
 169  240
 169  239
 168  238
 168  237
 167  236
 167  234
 166  233
 166  231
 165  230
 165  228
 163  226
 163  225
 159  221
 159  207
 162  204
 163  204
 166  201
 166  200
 168  198
 168  196
 169  195
 169  193
 170  192
 170  188
 171  187
 171  177
 170  176
 170  171
 169  170
 169  162
 168  161
 168  142
 169  141
 169  138
 170  137
 170  136
 171  135
 171  132
 172  131
 172  125
 173  124
 173  119
 172  118
 172  113
 171  112
 171  111
 167  107
 166  107
 164  105
 163  105
 162  104
