 209   22
 208   23
 202   23
 201   24
 195   24
 194   25
 192   25
 191   26
 189   26
 188   27
 185   27
 184   28
 182   28
 181   29
 179   29
 178   30
 176   30
 175   31
 174   31
 173   32
 171   32
 170   33
 169   33
 168   34
 167   34
 166   35
 164   35
 163   36
 162   36
 161   37
 160   37
 159   38
 158   38
 157   39
 156   39
 155   40
 154   40
 153   41
 152   41
 151   42
 150   42
 148   44
 147   44
 146   45
 145   45
 144   46
 143   46
 141   48
 140   48
 138   50
 137   50
 136   51
 135   51
 133   53
 132   53
 130   55
 129   55
 127   57
 126   57
 124   59
 123   59
 121   61
 120   61
 117   64
 116   64
 114   66
 113   66
 111   68
 110   68
 107   71
 106   71
 103   74
 102   74
 101   75
 100   75
  98   77
  97   77
  94   80
  93   80
  89   84
  88   84
  84   88
  83   88
  80   91
  79   91
  76   94
  75   94
  68  101
  54  101
  53  100
  53   96
  52   95
  44  103
  44  104
  42  106
  42  107
  39  110
  39  112
  38  113
  38  210
  39  211
  39  212
  42  215
  42  218
  43  219
  43  224
  44  225
  44  228
  45  229
  45  230
  46  231
  46  237
  47  238
  47  240
  48  241
  48  246
  49  247
  49  248
  50  249
  50  253
  51  254
  51  257
  52  258
  52  263
  53  264
  53  267
  54  268
  54  271
  55  272
  55  276
  56  277
  56  280
  57  281
  57  288
  58  289
  58  291
  59  292
  59  297
  60  298
  60  299
  61  300
  61  305
  62  306
  62  307
  63  308
  63  314
  64  315
  64  317
  65  318
  65  321
  66  322
  66  323
  67  324
  67  325
  68  326
  68  327
  72  331
  73  331
  75  333
  75  334
  76  334
  78  336
  80  336
  81  337
  84  337
  85  338
  88  338
  89  339
  89  356
  88  357
  88  366
  89  367
  89  368
  90  369
  90  370
  91  371
  91  372
  98  379
  98  368
  99  367
  99  366
 103  362
 118  362
 119  363
 119  369
 120  370
 120  380
 121  381
 121  383
 122  384
 122  387
 124  389
 124  390
 126  392
 126  388
 125  387
 125  382
 124  381
 124  364
 125  363
 125  361
 129  357
 148  357
 149  358
 151  358
 152  359
 154  359
 155  360
 156  360
 157  361
 158  361
 163  366
 157  360
 157  359
 151  353
 151  352
 148  349
 148  348
 146  346
 146  345
 144  343
 144  341
 143  340
 143  322
 149  316
 161  316
 160  315
 159  315
 157  313
 157  312
 154  309
 154  308
 153  307
 153  287
 154  286
 154  285
 156  283
 156  282
 157  281
 158  281
 161  278
 164  278
 165  277
 167  277
 165  275
 165  274
 163  272
 163  256
 164  255
 164  254
 170  248
 171  248
 173  246
 174  246
 174  244
 170  240
 170  239
 169  238
 169  237
 168  236
 168  233
 167  232
 167  229
 166  228
 166  226
 165  225
 165  223
 164  222
 164  221
 163  220
 163  219
 161  217
 161  215
 150  204
 149  204
 147  202
 147  188
 148  187
 160  187
 161  186
 164  186
 165  185
 166  185
 167  184
 168  184
 169  183
 170  183
 171  182
 172  182
 174  180
 175  180
 181  174
 181  173
 183  171
 183  170
 184  169
 184  168
 185  167
 185  166
 186  165
 186  164
 187  163
 187  162
 188  161
 188  160
 189  159
 189  155
 190  154
 190  151
 191  150
 191  146
 192  145
 192  143
 193  142
 193  140
 194  139
 194  138
 195  137
 195  135
 196  134
 196  131
 197  130
 197  127
 198  126
 198  123
 199  122
 199  120
 200  119
 200  116
 201  115
 201  113
 202  112
 202  109
 203  108
 203  107
 204  106
 204  104
 205  103
 205  101
 206  100
 206   98
 207   97
 207   95
 208   94
 208   93
 209   92
 209   91
 210   90
 210   89
 211   88
 211   85
 212   84
 212   83
 213   82
 213   80
 214   79
 214   78
 215   77
 215   74
 216   73
 216   72
 217   71
 217   68
 218   67
 218   65
 219   64
 219   63
 220   62
 220   61
 221   60
 221   59
 222   58
 222   57
 223   56
 223   55
 224   54
 224   53
 225   52
 225   51
 227   49
 227   48
 229   46
 229   45
 230   44
 230   43
 231   42
 231   41
 232   40
 232   39
 233   38
 233   36
 234   35
 234   34
 235   33
 235   31
 231   27
 230   27
 229   26
 228   26
 227   25
 225   25
 224   24
 221   24
 220   23
 216   23
 215   22
