 181  112
 180  113
 174  113
 173  114
 170  114
 169  115
 168  115
 167  116
 164  116
 163  117
 162  117
 161  118
 159  118
 158  119
 157  119
 156  120
 155  120
 154  121
 153  121
 152  122
 151  122
 150  123
 149  123
 148  124
 147  124
 145  126
 144  126
 143  127
 142  127
 141  128
 140  128
 138  130
 137  130
 136  131
 135  131
 134  132
 133  132
 131  134
 130  134
 128  136
 127  136
 126  137
 125  137
 123  139
 122  139
 119  142
 118  142
 113  147
 112  147
 105  154
 104  154
  91  167
  90  167
  90  168
  87  171
  77  171
  76  172
  76  174
  75  175
  75  176
  74  177
  74  179
  73  180
  73  181
  72  182
  72  184
  71  185
  71  186
  68  189
  68  190
  67  191
  67  269
  69  271
  70  271
  77  278
  77  279
  79  281
  79  282
  81  284
  81  285
  85  289
  85  290
  87  292
  87  293
  88  294
  88  295
  90  297
  90  298
  92  300
  92  301
 104  313
 105  313
 106  314
 107  314
 108  315
 109  315
 110  316
 113  316
 114  315
 116  315
 117  314
 118  314
 119  313
 122  313
 123  312
 124  312
 125  311
 126  311
 127  310
 128  310
 129  309
 130  309
 133  306
 134  306
 136  304
 137  304
 140  301
 141  301
 143  299
 143  298
 146  295
 146  294
 154  286
 154  285
 156  283
 156  282
 160  278
 160  277
 163  274
 163  273
 164  272
 164  271
 165  270
 165  267
 166  266
 166  265
 167  264
 167  263
 168  262
 167  261
 167  260
 165  258
 165  257
 163  255
 163  254
 161  252
 161  251
 157  247
 157  232
 158  231
 162  231
 163  230
 166  230
 167  229
 169  229
 170  228
 171  228
 172  227
 173  227
 184  216
 184  215
 185  214
 185  213
 187  211
 187  210
 188  209
 188  208
 189  207
 189  205
 190  204
 190  203
 191  202
 191  201
 192  200
 192  199
 193  198
 193  197
 194  196
 194  195
 195  194
 195  192
 196  191
 196  188
 197  187
 197  185
 198  184
 198  182
 199  181
 199  179
 200  178
 200  175
 201  174
 201  172
 202  171
 202  168
 203  167
 203  166
 204  165
 204  162
 205  161
 205  159
 206  158
 206  155
 207  154
 207  148
 208  147
 208  143
 207  142
 207  135
 206  134
 206  130
 205  129
 205  127
 204  126
 204  125
 203  124
 203  123
 201  121
 201  120
 200  120
 199  119
 198  119
 196  117
 195  117
 193  115
 192  115
 191  114
 189  114
 188  113
 185  113
 184  112
