 179  124
 178  125
 175  125
 174  126
 171  126
 170  127
 167  127
 166  128
 165  128
 164  129
 162  129
 161  130
 160  130
 159  131
 158  131
 157  132
 156  132
 155  133
 154  133
 153  134
 152  134
 151  135
 150  135
 149  136
 148  136
 146  138
 145  138
 143  140
 142  140
 140  142
 139  142
 137  144
 136  144
 134  146
 133  146
 131  148
 130  148
 128  150
 127  150
 123  154
 122  154
 120  156
 119  156
 115  160
 114  160
 110  164
  95  164
  94  163
  94  156
  93  155
  92  155
  91  156
  91  157
  90  158
  90  160
  89  161
  89  162
  87  164
  87  165
  85  167
  85  168
  79  174
  78  174
  78  175
  77  176
  77  179
  76  180
  76  182
  75  183
  75  269
  77  271
  77  272
  78  273
  78  274
  80  276
  80  277
  84  281
  84  282
  87  285
  88  285
  92  289
  93  289
 107  303
 108  302
 109  302
 110  301
 112  301
 114  299
 115  299
 119  295
 120  295
 122  293
 123  293
 125  291
 126  291
 127  290
 127  289
 133  283
 134  283
 136  281
 136  280
 138  278
 138  276
 139  275
 139  274
 140  273
 140  272
 142  270
 142  268
 143  267
 143  265
 144  264
 144  257
 145  256
 145  253
 144  252
 144  251
 143  250
 143  249
 139  245
 138  245
 137  244
 137  230
 138  229
 146  229
 147  228
 148  228
 149  227
 150  227
 153  224
 153  223
 155  221
 155  220
 158  217
 158  216
 159  215
 159  214
 160  213
 160  212
 161  211
 161  210
 162  209
 162  206
 164  204
 164  202
 165  201
 165  200
 166  199
 166  197
 167  196
 167  194
 168  193
 168  191
 170  189
 170  187
 171  186
 171  185
 173  183
 173  182
 175  180
 175  179
 179  175
 179  174
 188  165
 188  164
 193  159
 193  158
 195  156
 195  155
 196  154
 196  153
 197  152
 197  151
 198  150
 198  147
 199  146
 199  143
 200  142
 200  139
 199  138
 199  136
 198  135
 198  134
 195  131
 194  131
 192  129
 191  129
 189  127
 188  127
 187  126
 186  126
 185  125
 183  125
 182  124
