 184   84
 183   85
 180   85
 179   86
 178   86
 177   87
 175   87
 174   88
 173   88
 172   89
 171   89
 170   90
 169   90
 168   91
 167   91
 166   92
 165   92
 164   93
 163   93
 162   94
 161   94
 160   95
 159   95
 158   96
 157   96
 155   98
 154   98
 153   99
 152   99
 150  101
 149  101
 147  103
 146  103
 144  105
 143  105
 141  107
 140  107
 137  110
 136  110
 133  113
 132  113
 128  117
 127  117
 122  122
 121  122
  96  147
  96  148
  89  155
  89  156
  85  160
  85  161
  82  164
  82  165
  79  168
  79  169
  76  172
  76  173
  75  174
  75  175
  74  176
  74  255
  75  256
  75  258
  76  259
  76  260
  77  261
  77  263
  78  264
  78  265
  79  266
  79  267
  80  268
  80  269
  81  270
  81  272
  82  273
  82  276
  83  277
  83  279
  84  280
  84  282
  85  283
  85  284
  86  285
  86  287
  87  288
  87  289
  88  290
  88  291
  89  292
  89  293
  90  294
  90  295
  91  296
  91  297
  93  299
  93  300
  96  303
  96  304
  97  305
  97  306
  99  308
  99  309
 100  310
 100  311
 101  312
 101  313
 103  315
 103  317
 104  318
 104  319
 105  320
 105  321
 106  322
 106  324
 107  325
 107  326
 108  327
 108  328
 112  332
 113  332
 115  334
 115  335
 116  336
 117  336
 118  337
 119  337
 120  338
 121  338
 122  339
 123  339
 124  340
 125  340
 127  342
 128  342
 129  343
 138  343
 139  342
 140  342
 141  341
 141  324
 144  321
 147  321
 148  320
 149  320
 150  319
 151  319
 151  318
 150  317
 150  316
 149  315
 149  299
 150  298
 150  297
 153  294
 154  294
 155  293
 154  292
 154  278
 157  275
 157  257
 154  254
 153  254
 145  246
 145  232
 146  231
 147  231
 148  230
 149  230
 150  229
 151  229
 156  224
 156  223
 157  222
 157  221
 158  220
 158  219
 159  218
 159  217
 160  216
 160  215
 162  213
 162  211
 166  207
 166  206
 167  205
 167  204
 168  203
 168  202
 169  201
 169  198
 170  197
 170  194
 171  193
 171  191
 172  190
 172  188
 173  187
 173  184
 174  183
 174  180
 175  179
 175  170
 176  169
 176  167
 177  166
 177  156
 178  155
 178  153
 179  152
 179  149
 180  148
 180  147
 181  146
 181  144
 182  143
 182  142
 183  141
 183  139
 184  138
 184  136
 185  135
 185  134
 186  133
 186  132
 188  130
 188  129
 189  128
 189  127
 190  126
 190  125
 191  124
 191  123
 192  122
 192  120
 193  119
 193  118
 194  117
 194  115
 195  114
 195  113
 196  112
 196  110
 197  109
 197  107
 198  106
 198  104
 199  103
 199   98
 200   97
 200   95
 199   94
 199   93
 198   92
 198   91
 196   89
 195   89
 193   87
 192   87
 191   86
 190   86
 189   85
 188   85
 187   84
