 176   78
 175   79
 170   79
 169   80
 167   80
 166   81
 164   81
 163   82
 160   82
 159   83
 158   83
 157   84
 156   84
 155   85
 153   85
 152   86
 151   86
 150   87
 149   87
 148   88
 147   88
 146   89
 145   89
 144   90
 143   90
 141   92
 140   92
 139   93
 138   93
 136   95
 135   95
 134   96
 133   96
 130   99
 129   99
 126  102
 125  102
 122  105
 121  105
 116  110
 115  110
 104  121
 101  121
 101  125
  97  129
  97  130
  93  134
  93  135
  88  140
  88  141
  84  145
  84  146
  82  148
  82  149
  81  150
  81  151
  79  153
  79  154
  77  156
  77  157
  76  158
  76  233
  77  234
  77  235
  78  236
  78  237
  79  238
  79  241
  80  242
  80  244
  81  245
  81  248
  82  249
  82  251
  83  252
  83  256
  84  257
  84  259
  85  260
  85  264
  86  265
  86  268
  87  269
  87  272
  88  273
  88  277
  89  278
  89  279
  90  280
  90  283
  91  284
  91  285
  92  286
  92  288
  95  291
  95  292
  96  293
  97  293
 103  299
 104  299
 107  302
 107  304
 108  305
 108  306
 115  313
 117  313
 120  310
 121  310
 122  309
 125  309
 126  308
 129  308
 130  307
 132  307
 133  306
 150  306
 153  309
 153  310
 155  312
 155  314
 157  316
 157  319
 158  320
 158  321
 159  322
 159  327
 160  328
 160  332
 161  333
 161  336
 162  337
 162  338
 163  339
 163  340
 164  341
 164  342
 169  347
 170  347
 172  349
 175  346
 175  345
 176  344
 176  340
 175  339
 175  338
 173  336
 173  335
 166  328
 166  327
 164  325
 164  324
 159  319
 159  318
 157  316
 157  315
 155  313
 155  311
 153  309
 153  308
 151  306
 151  303
 150  302
 150  282
 152  280
 152  279
 153  278
 153  277
 154  276
 155  276
 155  275
 158  272
 158  270
 159  269
 159  259
 160  258
 161  258
 163  256
 164  256
 167  253
 167  238
 168  237
 168  236
 162  230
 162  229
 161  228
 161  224
 160  223
 160  221
 159  220
 159  219
 158  218
 158  217
 154  213
 153  213
 152  212
 152  198
 153  197
 157  197
 158  196
 161  196
 162  195
 164  195
 166  193
 167  193
 170  190
 170  189
 171  188
 171  187
 172  186
 172  185
 173  184
 173  183
 174  182
 174  180
 175  179
 175  178
 176  177
 176  176
 177  175
 177  173
 178  172
 178  169
 179  168
 179  164
 180  163
 180  161
 181  160
 181  151
 182  150
 182  147
 183  146
 183  135
 184  134
 184  132
 185  131
 185  126
 186  125
 186  121
 187  120
 187  117
 188  116
 188  114
 189  113
 189  111
 190  110
 190  108
 191  107
 191  106
 192  105
 192  104
 193  103
 193  102
 194  101
 194   99
 195   98
 195   97
 196   96
 196   94
 197   93
 197   92
 198   91
 198   87
 196   85
 196   84
 195   84
 193   82
 192   82
 191   81
 190   81
 189   80
 188   80
 187   79
 184   79
 183   78
