 185   69
 184   70
 182   70
 181   71
 179   71
 178   72
 176   72
 175   73
 174   73
 173   74
 171   74
 170   75
 169   75
 168   76
 167   76
 166   77
 165   77
 164   78
 162   78
 161   79
 160   79
 159   80
 158   80
 156   82
 155   82
 154   83
 153   83
 151   85
 150   85
 148   87
 147   87
 145   89
 144   89
 141   92
 140   92
 119  113
 119  114
 104  129
 104  130
  96  138
  82  138
  81  137
  80  137
  79  136
  79  142
  71  150
  70  150
  70  152
  69  153
  69  230
  70  231
  70  232
  71  233
  71  234
  73  236
  73  237
  75  239
  75  240
  76  241
  76  242
  77  243
  77  244
  78  245
  78  247
  79  248
  79  249
  80  250
  80  251
  82  253
  82  254
  84  256
  84  257
  85  258
  85  259
  86  260
  86  261
  88  263
  88  264
  89  265
  89  266
  90  267
  90  268
  91  269
  91  270
  93  272
  93  273
  94  274
  94  275
  95  276
  95  277
  96  278
  96  279
  97  280
  97  282
  98  283
  98  284
  99  285
  99  286
 100  287
 100  288
 101  289
 101  290
 102  291
 102  292
 103  293
 103  294
 104  295
 104  296
 105  297
 105  298
 106  299
 106  300
 107  301
 107  302
 108  303
 108  304
 109  305
 109  307
 123  321
 124  321
 125  322
 126  322
 127  323
 127  325
 128  326
 128  327
 129  328
 129  329
 140  340
 141  340
 142  341
 144  341
 145  340
 162  340
 162  339
 163  338
 163  337
 166  334
 182  334
 179  331
 179  330
 177  328
 177  327
 176  326
 176  325
 175  324
 175  305
 176  304
 176  303
 177  302
 177  301
 181  297
 180  296
 180  295
 179  294
 179  271
 180  270
 180  269
 181  268
 181  266
 179  264
 179  243
 180  242
 179  241
 179  240
 177  238
 177  237
 169  229
 168  229
 165  226
 164  226
 159  221
 159  207
 161  205
 163  205
 165  203
 166  203
 167  202
 168  202
 169  201
 170  201
 172  199
 173  199
 175  197
 176  197
 179  194
 180  194
 185  189
 185  188
 187  186
 187  185
 188  184
 188  183
 189  182
 189  180
 190  179
 190  176
 191  175
 191  172
 192  171
 192  165
 193  164
 193  162
 194  161
 194  155
 195  154
 195  150
 196  149
 196  141
 197  140
 197  136
 198  135
 198  130
 199  129
 199  119
 200  118
 200  114
 201  113
 201  100
 202   99
 202   96
 203   95
 203   88
 204   87
 204   83
 205   82
 205   81
 204   80
 204   79
 200   75
 199   75
 198   74
 197   74
 196   73
 195   73
 193   71
 192   71
 191   70
 189   70
 188   69
