 155  162
 154  163
 152  163
 151  164
 149  164
 148  165
 147  165
 146  166
 145  166
 144  167
 142  167
 141  168
 140  168
 139  169
 138  169
 137  170
 136  170
 135  171
 133  171
 131  173
 129  173
 127  175
 125  175
 123  177
 122  177
 121  178
 120  178
 118  180
 115  180
 114  181
 106  181
 106  182
 103  185
 101  185
  99  187
  99  260
 116  260
 117  261
 118  261
 123  266
 133  266
 134  265
 134  263
 140  257
 141  257
 144  254
 144  250
 146  248
 146  247
 147  246
 147  243
 148  242
 148  238
 147  238
 144  235
 144  233
 142  231
 142  230
 141  229
 141  215
 142  214
 146  214
 147  213
 150  213
 151  212
 152  212
 153  211
 155  211
 156  210
 157  210
 159  208
 160  208
 164  204
 164  203
 167  200
 167  199
 168  198
 168  197
 169  196
 169  194
 170  193
 170  191
 171  190
 171  189
 172  188
 172  185
 174  183
 174  180
 175  179
 174  178
 174  176
 172  174
 172  173
 168  169
 167  169
 164  166
 163  166
 161  164
 160  164
 159  163
 158  163
 157  162
