 194   34
 193   35
 187   35
 186   36
 183   36
 182   37
 180   37
 179   38
 176   38
 175   39
 173   39
 172   40
 171   40
 170   41
 168   41
 167   42
 166   42
 165   43
 164   43
 163   44
 161   44
 160   45
 159   45
 158   46
 157   46
 156   47
 155   47
 154   48
 153   48
 152   49
 151   49
 150   50
 149   50
 148   51
 147   51
 146   52
 145   52
 144   53
 143   53
 142   54
 141   54
 140   55
 139   55
 137   57
 136   57
 135   58
 134   58
 133   59
 132   59
 131   60
 130   60
 128   62
 127   62
 126   63
 125   63
 123   65
 122   65
 120   67
 119   67
 117   69
 116   69
 115   70
 114   70
 112   72
 111   72
 108   75
 107   75
 105   77
 104   77
 101   80
 100   80
  97   83
  96   83
  93   86
  92   86
  88   90
  87   90
  81   96
  80   96
  70  106
  70  107
  68  109
  67  109
  66  110
  66  111
  58  119
  58  120
  52  126
  52  127
  49  130
  49  131
  48  132
  48  133
  47  134
  47  135
  45  137
  45  138
  44  139
  44  140
  43  141
  43  243
  44  244
  44  245
  45  246
  45  248
  46  249
  46  250
  47  251
  47  254
  48  255
  48  257
  49  258
  49  262
  50  263
  50  265
  51  266
  51  269
  52  270
  52  272
  53  273
  53  275
  54  276
  54  280
  55  281
  55  283
  56  284
  56  290
  57  291
  57  293
  58  294
  58  300
  59  301
  59  303
  60  304
  60  308
  61  309
  61  311
  62  312
  62  314
  63  315
  63  316
  64  317
  64  318
  66  320
  66  321
  67  322
  68  322
  77  331
  78  331
  79  332
  80  332
  81  333
  82  333
  83  334
  83  335
  84  336
  84  339
  85  340
  85  341
  86  342
  86  343
  87  344
  87  346
  88  347
  88  348
  89  349
  89  350
  91  352
  91  353
 100  362
 101  362
 103  364
 104  364
 105  365
 107  365
 108  366
 111  366
 112  367
 127  367
 130  370
 131  370
 132  371
 134  371
 135  370
 152  370
 154  372
 154  373
 156  375
 156  376
 158  378
 158  379
 160  381
 160  382
 161  382
 170  391
 171  391
 173  393
 174  393
 175  394
 176  394
 177  393
 178  393
 180  391
 180  390
 181  389
 180  388
 180  387
 179  386
 179  385
 176  382
 176  381
 165  370
 165  369
 160  364
 160  363
 159  362
 159  361
 158  360
 158  340
 164  334
 164  333
 165  332
 165  331
 164  330
 164  328
 163  327
 163  326
 162  325
 162  323
 161  322
 161  320
 160  319
 160  300
 161  299
 161  298
 164  295
 164  292
 163  291
 163  290
 162  289
 162  270
 164  268
 164  266
 162  264
 162  263
 158  259
 158  258
 156  256
 156  255
 155  254
 155  252
 154  251
 154  243
 153  242
 153  240
 152  239
 152  238
 147  233
 147  232
 135  220
 134  220
 129  215
 128  215
 125  212
 125  197
 126  196
 131  196
 132  195
 138  195
 139  194
 143  194
 144  193
 146  193
 147  192
 149  192
 150  191
 152  191
 153  190
 154  190
 156  188
 157  188
 162  183
 162  182
 163  181
 163  180
 164  179
 164  178
 165  177
 165  175
 166  174
 166  173
 167  172
 167  171
 168  170
 168  169
 169  168
 169  167
 170  166
 170  165
 172  163
 172  162
 173  161
 173  160
 175  158
 175  155
 176  154
 176  152
 177  151
 177  149
 178  148
 178  147
 179  146
 179  145
 181  143
 181  142
 182  141
 182  140
 184  138
 184  137
 185  136
 185  135
 186  134
 186  132
 188  130
 188  129
 189  128
 189  127
 191  125
 191  124
 193  122
 193  121
 195  119
 195  117
 196  116
 196  115
 197  114
 197  112
 198  111
 198  109
 199  108
 199  106
 202  103
 202  102
 204  100
 204   99
 205   98
 205   97
 207   95
 207   94
 208   93
 208   92
 209   91
 209   90
 210   89
 210   88
 214   84
 214   83
 216   81
 216   80
 219   77
 219   76
 220   75
 220   74
 223   71
 223   70
 225   68
 225   67
 227   65
 227   64
 228   63
 228   62
 229   61
 229   60
 230   59
 230   57
 231   56
 231   54
 232   53
 232   51
 231   50
 231   49
 229   47
 229   46
 227   44
 226   44
 224   42
 223   42
 222   41
 221   41
 220   40
 219   40
 218   39
 217   39
 216   38
 214   38
 213   37
 212   37
 211   36
 209   36
 208   35
 203   35
 202   34
