 176   89
 175   90
 171   90
 170   91
 168   91
 167   92
 166   92
 165   93
 163   93
 162   94
 161   94
 160   95
 159   95
 158   96
 157   96
 156   97
 155   97
 153   99
 152   99
 150  101
 149  101
 148  102
 147  102
 145  104
 144  104
 143  105
 142  105
 140  107
 139  107
 136  110
 135  110
 133  112
 132  112
 128  116
 127  116
 121  122
 120  122
 117  125
 116  125
 114  127
 113  127
 111  129
 110  129
 107  132
 105  132
 104  133
 102  133
 101  134
 100  134
  99  135
  98  135
  96  137
  95  137
  94  138
  93  138
  92  139
  91  139
  86  144
  85  144
  82  147
  81  147
  77  151
  77  152
  76  153
  76  234
  77  235
  77  236
  78  237
  79  237
  81  239
  81  240
  82  241
  82  242
  84  244
  84  248
  85  249
  85  252
  86  253
  86  257
  87  258
  87  259
  88  260
  88  261
  90  263
  90  265
  91  266
  91  271
  92  272
  92  274
  93  275
  93  277
  94  278
  94  280
 104  290
 104  291
 105  292
 105  296
 106  297
 106  299
 107  300
 107  301
 108  302
 108  303
 110  305
 111  305
 119  313
 120  313
 121  314
 123  314
 124  315
 132  315
 135  312
 151  312
 151  311
 150  310
 150  309
 149  308
 149  307
 147  305
 147  287
 153  281
 153  264
 154  263
 154  262
 155  261
 155  260
 156  259
 156  258
 159  255
 159  254
 160  253
 160  252
 161  251
 161  242
 162  241
 162  236
 161  235
 161  233
 160  232
 160  231
 159  230
 159  227
 158  226
 158  225
 157  224
 157  222
 155  220
 155  219
 153  217
 153  216
 150  213
 150  198
 151  197
 152  197
 153  196
 155  196
 156  195
 157  195
 158  194
 159  194
 161  192
 162  192
 170  184
 170  183
 171  182
 171  181
 172  180
 172  179
 173  178
 173  177
 174  176
 174  175
 175  174
 175  172
 176  171
 176  169
 177  168
 177  166
 178  165
 178  163
 179  162
 179  161
 180  160
 180  158
 181  157
 181  155
 182  154
 182  152
 183  151
 183  146
 184  145
 184  142
 185  141
 185  136
 186  135
 186  134
 187  133
 187  129
 188  128
 188  127
 189  126
 189  124
 190  123
 190  120
 191  119
 191  118
 192  117
 192  114
 193  113
 193  112
 194  111
 194  109
 195  108
 195  107
 196  106
 196  103
 197  102
 197  101
 198  100
 198   99
 197   98
 197   97
 196   97
 195   96
 194   96
 193   95
 192   95
 190   93
 189   93
 187   91
 186   91
 185   90
 183   90
 182   89
