 160  151
 159  152
 158  152
 157  153
 155  153
 154  154
 153  154
 151  156
 149  156
 148  157
 147  157
 145  159
 144  159
 143  160
 142  160
 141  161
 140  161
 139  162
 138  162
 136  164
 135  164
 134  165
 133  165
 132  166
 131  166
 130  167
 129  167
 127  169
 126  169
 124  171
 123  171
 121  173
 120  173
 118  175
 117  175
 111  181
 110  181
 109  182
  93  182
  92  181
  92  180
  92  242
  93  243
  99  243
 101  245
 101  248
 102  249
 102  250
 103  250
 105  252
 105  254
 106  255
 106  256
 107  256
 108  257
 108  258
 109  259
 109  261
 110  262
 110  263
 114  267
 114  271
 118  271
 120  273
 120  274
 121  275
 127  275
 128  276
 140  276
 141  275
 143  275
 145  273
 145  272
 146  271
 146  270
 149  267
 151  267
 152  266
 154  266
 158  262
 158  258
 159  257
 159  254
 160  253
 160  252
 161  251
 161  245
 160  244
 160  242
 159  241
 159  240
 158  239
 158  237
 157  236
 157  235
 156  234
 156  233
 155  233
 153  231
 153  216
 154  215
 155  215
 156  214
 158  214
 159  213
 161  213
 162  212
 163  212
 166  209
 167  209
 169  207
 169  206
 171  204
 171  203
 177  197
 177  194
 178  193
 178  192
 179  191
 179  190
 180  189
 180  188
 181  187
 181  185
 182  184
 182  179
 183  178
 183  172
 182  171
 182  167
 181  166
 181  165
 180  164
 180  163
 173  156
 172  156
 170  154
 169  154
 168  153
 167  153
 166  152
 165  152
 164  151
