 178  115
 177  116
 175  116
 174  117
 173  117
 172  118
 170  118
 169  119
 168  119
 167  120
 166  120
 165  121
 164  121
 163  122
 162  122
 161  123
 160  123
 158  125
 157  125
 156  126
 155  126
 153  128
 152  128
 150  130
 149  130
 146  133
 145  133
 143  135
 142  135
 139  138
 138  138
 135  141
 134  141
 130  145
 129  145
 106  168
 106  169
  99  176
  99  177
  97  179
  97  180
  95  182
  95  183
  92  186
  92  187
  91  188
  91  189
  90  190
  90  191
  88  193
  88  194
  87  195
  87  266
  88  267
  88  269
  89  270
  89  271
  90  272
  90  274
  91  275
  91  276
  92  277
  92  278
  95  281
  95  282
 101  288
 101  289
 104  292
 104  293
 105  294
 105  295
 106  296
 106  297
 108  299
 108  300
 110  302
 110  303
 117  310
 118  310
 120  312
 121  312
 122  313
 123  313
 127  309
 128  309
 130  307
 131  307
 133  305
 133  303
 134  302
 134  299
 135  298
 135  296
 136  295
 136  294
 138  292
 139  292
 141  290
 141  289
 142  288
 142  278
 143  277
 143  276
 145  274
 145  273
 146  272
 146  271
 147  270
 147  269
 148  268
 148  266
 152  262
 152  261
 153  260
 153  254
 147  248
 146  248
 142  244
 141  244
 140  243
 139  243
 138  242
 138  228
 139  227
 141  227
 142  226
 148  226
 149  225
 151  225
 152  224
 153  224
 155  222
 156  222
 157  221
 157  220
 162  215
 162  214
 164  212
 164  211
 166  209
 166  207
 167  206
 167  203
 168  202
 168  189
 169  188
 169  177
 170  176
 170  168
 171  167
 171  162
 172  161
 172  158
 173  157
 173  155
 174  154
 174  152
 175  151
 175  150
 176  149
 176  148
 177  147
 177  146
 179  144
 179  143
 180  142
 180  141
 181  140
 181  139
 182  138
 182  137
 183  136
 183  135
 184  134
 184  133
 185  132
 185  130
 186  129
 186  128
 187  127
 187  121
 184  118
 183  118
 181  116
 180  116
 179  115
