 189   39
 188   40
 185   40
 184   41
 180   41
 179   42
 176   42
 175   43
 173   43
 172   44
 170   44
 169   45
 167   45
 166   46
 165   46
 164   47
 162   47
 161   48
 160   48
 159   49
 157   49
 156   50
 155   50
 154   51
 153   51
 152   52
 151   52
 150   53
 149   53
 148   54
 147   54
 146   55
 145   55
 144   56
 143   56
 142   57
 141   57
 140   58
 139   58
 138   59
 137   59
 136   60
 135   60
 134   61
 133   61
 131   63
 130   63
 129   64
 128   64
 126   66
 125   66
 124   67
 123   67
 122   68
 121   68
 119   70
 118   70
 117   71
 116   71
 114   73
 113   73
 111   75
 110   75
 108   77
 107   77
 105   79
 104   79
 101   82
 100   82
  97   85
  96   85
  93   88
  92   88
  88   92
  87   92
  82   97
  81   97
  72  106
  71  106
  62  115
  62  116
  54  124
  54  125
  51  128
  51  129
  47  133
  47  134
  45  136
  45  137
  43  139
  43  140
  42  141
  42  142
  41  143
  41  246
  42  247
  42  248
  44  250
  44  251
  45  252
  45  253
  46  254
  46  255
  47  256
  47  257
  48  258
  48  261
  49  262
  49  264
  50  265
  50  267
  51  268
  51  270
  52  271
  52  275
  53  276
  53  279
  54  280
  54  281
  55  282
  55  286
  56  287
  56  289
  57  290
  57  294
  58  295
  58  298
  59  299
  59  304
  60  305
  60  306
  61  307
  61  310
  62  311
  62  312
  63  313
  63  314
  64  315
  64  316
  65  317
  65  318
  76  329
  77  329
  78  330
  79  330
  80  331
  81  331
  82  332
  83  332
  85  334
  85  335
  86  336
  86  337
  87  338
  87  339
  88  340
  88  342
  89  343
  89  344
  90  345
  90  346
  92  348
  92  349
 105  362
 106  362
 108  364
 109  364
 110  365
 129  365
 130  366
 131  366
 133  368
 134  368
 135  369
 136  369
 137  368
 138  368
 139  367
 156  367
 159  370
 159  371
 162  374
 162  375
 175  388
 176  388
 177  389
 178  389
 179  388
 180  388
 181  387
 182  387
 183  386
 183  385
 184  384
 184  382
 181  379
 181  378
 175  372
 174  372
 162  360
 162  359
 160  357
 160  356
 159  355
 159  338
 165  332
 165  331
 167  329
 166  328
 166  326
 164  324
 164  323
 163  322
 163  321
 162  320
 162  318
 161  317
 161  298
 164  295
 165  295
 166  294
 166  292
 165  291
 165  290
 163  288
 163  287
 162  286
 162  270
 164  268
 164  267
 155  258
 155  257
 153  255
 153  253
 152  252
 152  250
 151  249
 151  245
 150  244
 150  242
 149  241
 149  240
 148  239
 148  238
 142  232
 142  231
 141  230
 140  230
 131  221
 130  221
 127  218
 126  218
 123  215
 123  201
 124  200
 129  200
 130  199
 137  199
 138  198
 140  198
 141  197
 143  197
 144  196
 146  196
 148  194
 149  194
 150  193
 151  193
 153  191
 154  191
 157  188
 157  187
 159  185
 159  184
 160  183
 160  182
 161  181
 161  179
 162  178
 162  177
 163  176
 163  175
 164  174
 164  173
 165  172
 165  171
 166  170
 166  169
 169  166
 169  165
 170  164
 170  163
 171  162
 171  161
 172  160
 172  158
 173  157
 173  156
 174  155
 174  153
 175  152
 175  151
 176  150
 176  149
 179  146
 179  145
 181  143
 181  142
 182  141
 182  140
 183  139
 183  137
 184  136
 184  135
 185  134
 185  132
 187  130
 187  129
 189  127
 189  126
 191  124
 191  123
 192  122
 192  121
 193  120
 193  119
 194  118
 194  116
 195  115
 195  113
 196  112
 196  111
 198  109
 198  108
 200  106
 200  105
 202  103
 202  102
 204  100
 204   99
 205   98
 205   97
 207   95
 207   94
 215   86
 215   85
 217   83
 217   82
 220   79
 220   78
 224   74
 224   73
 226   71
 226   70
 228   68
 228   67
 229   66
 229   65
 230   64
 230   63
 231   62
 231   60
 232   59
 232   57
 233   56
 232   55
 232   54
 230   52
 230   51
 229   50
 228   50
 226   48
 225   48
 224   47
 223   47
 222   46
 221   46
 220   45
 219   45
 217   43
 216   43
 215   42
 213   42
 212   41
 210   41
 209   40
 204   40
 203   39
