 186   46
 185   47
 179   47
 178   48
 176   48
 175   49
 171   49
 170   50
 168   50
 167   51
 164   51
 163   52
 161   52
 160   53
 159   53
 158   54
 156   54
 155   55
 153   55
 152   56
 151   56
 150   57
 148   57
 147   58
 146   58
 145   59
 144   59
 143   60
 142   60
 141   61
 140   61
 139   62
 138   62
 137   63
 136   63
 135   64
 134   64
 133   65
 132   65
 131   66
 130   66
 129   67
 128   67
 126   69
 125   69
 124   70
 123   70
 122   71
 121   71
 119   73
 118   73
 116   75
 115   75
 113   77
 112   77
 110   79
 109   79
 107   81
 106   81
 103   84
 102   84
  99   87
  98   87
  95   90
  94   90
  90   94
  89   94
  84   99
  83   99
  74  108
  73  108
  68  113
  65  113
  64  114
  64  116
  61  119
  61  120
  59  122
  59  123
  55  127
  55  128
  51  132
  51  133
  48  136
  48  137
  46  139
  46  140
  45  141
  45  142
  44  143
  44  237
  45  238
  45  239
  46  240
  46  241
  47  242
  47  243
  48  244
  48  245
  49  246
  49  247
  50  248
  50  250
  51  251
  51  252
  52  253
  52  255
  53  256
  53  257
  54  258
  54  260
  55  261
  55  262
  56  263
  56  265
  57  266
  57  267
  58  268
  58  270
  59  271
  59  272
  60  273
  60  274
  61  275
  61  276
  62  277
  62  278
  63  279
  63  280
  64  281
  64  282
  65  283
  65  285
  66  286
  66  287
  67  288
  67  290
  68  291
  68  292
  69  293
  69  295
  70  296
  70  297
  71  298
  71  300
  72  301
  72  302
  73  303
  73  305
  74  306
  74  307
  75  308
  75  309
  76  310
  76  312
  77  313
  77  314
  78  315
  78  318
  79  319
  79  320
  80  321
  80  322
  81  323
  81  324
  85  328
  86  328
  94  336
  95  336
  96  337
  97  337
 100  340
 100  341
 103  344
 103  345
 106  348
 107  348
 114  355
 115  355
 116  356
 117  355
 118  355
 119  354
 120  354
 121  353
 142  353
 143  352
 163  352
 164  353
 165  353
 170  358
 170  359
 172  361
 172  362
 174  364
 174  365
 188  379
 189  379
 191  381
 192  381
 193  382
 194  381
 195  381
 196  380
 196  379
 197  378
 197  375
 195  373
 195  372
 188  365
 187  365
 183  361
 182  361
 180  359
 179  359
 178  358
 177  358
 176  357
 175  357
 174  356
 173  356
 170  353
 169  353
 163  347
 163  346
 161  344
 161  343
 160  342
 160  341
 159  340
 159  317
 160  316
 160  314
 162  312
 162  311
 166  307
 166  306
 167  305
 167  282
 172  277
 173  277
 174  276
 175  276
 176  275
 175  274
 175  273
 174  272
 174  270
 173  269
 173  252
 174  251
 173  250
 173  249
 164  240
 164  239
 163  238
 163  234
 162  233
 162  231
 161  230
 161  229
 160  228
 160  227
 158  225
 158  224
 155  221
 155  207
 156  206
 159  206
 160  205
 163  205
 164  204
 167  204
 168  203
 169  203
 170  202
 171  202
 173  200
 174  200
 183  191
 183  190
 185  188
 185  187
 186  186
 186  185
 187  184
 187  183
 188  182
 188  181
 189  180
 189  178
 190  177
 190  175
 191  174
 191  172
 192  171
 192  170
 193  169
 193  167
 194  166
 194  165
 195  164
 195  162
 196  161
 196  160
 197  159
 197  157
 198  156
 198  154
 199  153
 199  150
 200  149
 200  148
 201  147
 201  145
 202  144
 202  142
 203  141
 203  140
 204  139
 204  132
 205  131
 205  128
 206  127
 206  122
 207  121
 207  119
 208  118
 208  116
 209  115
 209  114
 210  113
 210  110
 211  109
 211  108
 212  107
 212  105
 213  104
 213  103
 214  102
 214  101
 215  100
 215   98
 216   97
 216   96
 217   95
 217   93
 218   92
 218   91
 219   90
 219   89
 220   88
 220   87
 221   86
 221   85
 222   84
 222   83
 223   82
 223   81
 224   80
 224   79
 225   78
 225   76
 226   75
 226   74
 227   73
 227   71
 228   70
 228   69
 229   68
 229   66
 230   65
 229   64
 229   63
 227   61
 227   60
 226   60
 224   58
 223   58
 222   57
 221   57
 220   56
 219   56
 218   55
 217   55
 215   53
 214   53
 213   52
 212   52
 211   51
 209   51
 208   50
 207   50
 206   49
 204   49
 203   48
 200   48
 199   47
 194   47
 193   46
