 181   79
 180   80
 177   80
 176   81
 173   81
 172   82
 169   82
 168   83
 167   83
 166   84
 164   84
 163   85
 162   85
 161   86
 160   86
 159   87
 158   87
 157   88
 155   88
 153   90
 152   90
 151   91
 150   91
 148   93
 147   93
 146   94
 145   94
 144   95
 143   95
 141   97
 140   97
 138   99
 137   99
 135  101
 134  101
 131  104
 130  104
 127  107
 126  107
 122  111
 121  111
 115  117
 114  117
 109  122
 108  122
  95  135
  95  136
  82  149
  82  150
  78  154
  78  155
  75  158
  75  159
  73  161
  73  162
  71  164
  60  164
  60  286
  61  287
  61  288
  63  290
  63  291
  64  292
  64  293
  65  294
  65  295
  66  296
  66  297
  70  301
  70  302
  86  318
  87  318
  90  321
  90  322
  91  323
  91  324
  92  325
  92  326
  93  327
  93  328
  95  330
  95  331
  97  333
  97  334
  99  336
  99  337
 110  348
 111  348
 113  346
 114  346
 115  345
 118  345
 119  344
 122  344
 123  343
 124  343
 125  342
 126  342
 127  341
 128  341
 130  339
 131  339
 133  337
 135  337
 136  336
 138  336
 139  335
 140  335
 141  334
 142  334
 143  333
 144  333
 146  331
 146  330
 155  321
 156  321
 160  317
 160  316
 161  315
 161  314
 162  313
 162  312
 163  311
 163  310
 173  300
 173  299
 174  298
 174  296
 175  295
 175  291
 176  290
 176  289
 177  288
 177  287
 178  286
 178  285
 179  284
 179  283
 177  281
 177  280
 175  278
 175  276
 174  275
 174  274
 173  273
 173  272
 171  270
 171  269
 164  262
 163  262
 161  260
 160  260
 159  259
 159  244
 160  243
 161  243
 162  242
 165  242
 166  241
 167  241
 168  240
 169  240
 170  239
 171  239
 172  238
 173  238
 175  236
 176  236
 187  225
 187  224
 189  222
 189  221
 190  220
 190  219
 191  218
 191  217
 192  216
 192  214
 193  213
 193  211
 194  210
 194  207
 195  206
 195  204
 196  203
 196  202
 197  201
 197  198
 198  197
 198  193
 199  192
 199  183
 200  182
 200  179
 201  178
 201  168
 202  167
 202  163
 203  162
 203  158
 204  157
 204  155
 205  154
 205  148
 206  147
 206  144
 207  143
 207  139
 208  138
 208  136
 209  135
 209  133
 210  132
 210  128
 211  127
 211  124
 212  123
 212  118
 213  117
 213  115
 214  114
 214  105
 213  104
 213  103
 212  102
 212   99
 211   98
 211   97
 210   96
 210   95
 209   94
 209   93
 207   91
 207   90
 205   88
 204   88
 203   87
 202   87
 201   86
 200   86
 198   84
 197   84
 195   82
 194   82
 193   81
 192   81
 191   80
 189   80
 188   79
