 158  151
 157  152
 155  152
 154  153
 153  153
 152  154
 151  154
 150  155
 149  155
 148  156
 146  156
 144  158
 143  158
 142  159
 141  159
 138  162
 137  162
 135  164
 134  164
 133  165
 132  165
 130  167
 129  167
 126  170
 125  170
 124  171
 123  171
 120  174
 119  174
 113  180
 112  180
  97  195
  97  232
  99  234
 101  234
 102  235
 102  236
 103  237
 103  238
 104  239
 104  243
 105  244
 105  245
 106  246
 106  248
 107  249
 107  256
 108  257
 108  258
 109  259
 109  260
 110  261
 110  262
 113  265
 113  266
 118  271
 119  271
 120  272
 121  272
 122  273
 123  273
 124  274
 124  275
 126  277
 127  276
 138  276
 145  269
 146  269
 147  268
 148  268
 149  267
 150  267
 151  266
 152  266
 152  265
 153  264
 153  263
 154  262
 154  260
 155  259
 155  257
 156  256
 156  255
 157  254
 157  251
 158  250
 158  247
 157  246
 157  245
 155  243
 155  242
 153  240
 153  237
 152  236
 152  235
 151  235
 148  232
 148  217
 149  216
 152  216
 153  215
 154  215
 156  213
 157  213
 158  212
 159  212
 160  211
 161  211
 162  210
 164  210
 168  206
 168  204
 169  203
 169  201
 172  198
 172  196
 173  195
 173  193
 174  192
 174  187
 175  186
 175  184
 176  183
 176  181
 177  180
 177  176
 178  175
 178  173
 177  172
 177  169
 176  168
 176  164
 175  163
 175  162
 174  161
 174  160
 167  153
 166  153
 165  152
 163  152
 162  151
