 184   80
 183   81
 179   81
 178   82
 176   82
 175   83
 173   83
 172   84
 170   84
 169   85
 168   85
 167   86
 165   86
 164   87
 163   87
 162   88
 161   88
 160   89
 159   89
 158   90
 157   90
 156   91
 155   91
 154   92
 153   92
 152   93
 151   93
 149   95
 148   95
 147   96
 146   96
 144   98
 143   98
 141  100
 140  100
 138  102
 137  102
 135  104
 134  104
 131  107
 130  107
 127  110
 126  110
 123  113
 122  113
  94  141
  94  142
  85  151
  85  152
  83  154
  83  155
  80  158
  80  159
  78  161
  78  162
  74  166
  74  167
  71  170
  61  170
  61  280
  62  281
  62  283
  63  284
  63  285
  64  286
  64  287
  67  290
  67  291
  68  292
  68  293
  70  295
  70  296
  72  298
  72  299
  74  301
  74  303
  76  305
  76  306
  83  313
  83  314
  92  323
  92  324
  93  325
  93  326
  94  327
  94  328
  95  329
  95  330
  99  334
  99  335
 101  337
 101  338
 104  341
 105  341
 111  347
 114  347
 116  345
 119  345
 120  344
 122  344
 123  343
 125  343
 126  342
 127  342
 129  340
 130  340
 132  338
 133  338
 134  337
 135  337
 136  336
 137  336
 138  335
 140  335
 142  333
 143  333
 145  331
 145  330
 149  326
 149  325
 153  321
 154  321
 156  319
 157  319
 160  316
 160  315
 161  314
 161  312
 162  311
 162  310
 163  309
 163  308
 167  304
 168  304
 170  302
 171  302
 172  301
 172  300
 173  299
 173  298
 174  297
 174  295
 175  294
 175  291
 176  290
 176  289
 177  288
 177  287
 181  283
 180  282
 180  281
 179  280
 179  279
 178  278
 178  275
 177  274
 177  273
 176  272
 176  271
 172  267
 172  266
 168  262
 167  262
 165  260
 164  260
 161  257
 160  257
 158  255
 158  241
 159  240
 162  240
 163  239
 165  239
 166  238
 168  238
 169  237
 170  237
 171  236
 172  236
 174  234
 175  234
 185  224
 185  223
 188  220
 188  219
 189  218
 189  217
 190  216
 190  215
 191  214
 191  213
 192  212
 192  210
 193  209
 193  207
 194  206
 194  204
 195  203
 195  201
 196  200
 196  199
 197  198
 197  194
 198  193
 198  189
 199  188
 199  182
 200  181
 200  174
 201  173
 201  161
 202  160
 202  155
 203  154
 203  153
 204  152
 204  147
 205  146
 205  144
 206  143
 206  139
 207  138
 207  137
 208  136
 208  134
 209  133
 209  132
 210  131
 210  127
 211  126
 211  122
 212  121
 212  117
 213  116
 213  108
 212  107
 212  104
 211  103
 211  101
 210  100
 210   98
 209   97
 209   96
 208   95
 208   93
 207   92
 207   91
 202   86
 201   86
 199   84
 198   84
 197   83
 196   83
 195   82
 194   82
 193   81
 191   81
 190   80
