 172   86
 171   87
 170   87
 169   88
 166   88
 165   89
 163   89
 162   90
 160   90
 159   91
 158   91
 157   92
 156   92
 155   93
 153   93
 152   94
 151   94
 150   95
 149   95
 148   96
 147   96
 145   98
 144   98
 143   99
 142   99
 141  100
 140  100
 138  102
 137  102
 136  103
 135  103
 134  104
 133  104
 130  107
 129  107
 126  110
 125  110
 123  112
 122  112
 120  114
 119  114
 111  122
 111  123
 102  132
 102  133
  95  140
  95  141
  93  143
  93  144
  92  145
  92  146
  90  148
  90  149
  88  151
  88  152
  87  153
  87  154
  84  157
  84  158
  83  159
  83  160
  82  161
  82  233
  84  235
  88  235
  89  236
  89  237
  90  238
  90  244
  91  245
  91  247
  92  248
  92  250
  93  251
  93  254
  94  255
  94  256
  95  257
  95  258
  96  259
  96  260
  98  262
  98  263
  99  264
 100  264
 104  268
 104  269
 108  273
 108  278
 109  279
 109  280
 110  281
 110  282
 117  289
 129  289
 130  288
 146  288
 147  289
 147  274
 149  272
 150  272
 151  271
 151  258
 154  255
 155  255
 159  251
 159  245
 163  241
 163  236
 162  235
 162  231
 160  229
 160  228
 154  222
 153  222
 148  217
 147  217
 142  212
 141  212
 140  211
 140  197
 141  196
 147  196
 148  195
 151  195
 152  194
 154  194
 155  193
 157  193
 158  192
 159  192
 160  191
 161  191
 169  183
 169  182
 171  180
 171  178
 173  176
 173  174
 174  173
 174  172
 175  171
 175  163
 176  162
 176  160
 177  159
 177  144
 178  143
 178  139
 179  138
 179  133
 180  132
 180  130
 181  129
 181  127
 182  126
 182  125
 183  124
 183  123
 184  122
 184  120
 186  118
 186  117
 188  115
 188  113
 190  111
 190  109
 191  108
 191  106
 192  105
 192  103
 193  102
 193   98
 192   97
 192   96
 191   95
 191   94
 190   93
 189   93
 188   92
 187   92
 183   88
 182   88
 181   87
 180   87
 179   86
