 167   96
 166   97
 164   97
 163   98
 162   98
 161   99
 159   99
 158  100
 157  100
 156  101
 155  101
 153  103
 152  103
 151  104
 150  104
 149  105
 148  105
 147  106
 146  106
 144  108
 143  108
 142  109
 141  109
 139  111
 138  111
 135  114
 134  114
 131  117
 130  117
 112  135
 112  136
 106  142
 106  143
 102  147
 102  148
  99  151
  99  152
  97  154
  97  155
  95  157
  95  158
  89  164
  88  164
  86  166
  85  166
  84  167
  84  168
  83  169
  83  170
  82  171
  82  172
  81  173
  81  297
  86  297
  87  296
  88  296
  88  291
  89  290
 103  290
 107  294
 107  295
 108  296
 108  297
 110  299
 110  301
 111  302
 111  303
 112  304
 112  305
 114  307
 114  308
 122  316
 123  316
 127  320
 128  320
 129  321
 130  321
 133  324
 134  324
 140  330
 141  330
 143  332
 144  332
 145  333
 147  333
 148  332
 151  332
 152  331
 153  331
 154  330
 156  330
 157  329
 158  329
 164  323
 165  323
 167  321
 168  321
 169  320
 170  320
 172  318
 173  318
 173  317
 175  315
 175  314
 177  312
 177  311
 182  306
 183  306
 186  303
 186  302
 187  301
 187  300
 188  299
 188  291
 189  290
 189  289
 190  288
 190  287
 191  286
 191  285
 192  284
 192  283
 193  282
 193  280
 194  279
 194  270
 193  269
 193  268
 192  267
 192  266
 187  261
 187  260
 185  258
 185  257
 181  253
 181  252
 178  249
 177  249
 175  247
 174  247
 172  245
 171  245
 168  242
 168  228
 170  226
 171  226
 181  216
 181  215
 182  214
 182  213
 183  212
 183  211
 184  210
 184  209
 185  208
 185  205
 186  204
 186  202
 187  201
 187  199
 188  198
 188  193
 189  192
 189  190
 190  189
 190  187
 189  186
 189  157
 190  156
 190  145
 191  144
 191  141
 192  140
 192  127
 193  126
 193  121
 192  120
 192  115
 191  114
 191  113
 190  112
 190  110
 189  109
 189  108
 187  106
 187  105
 185  103
 184  103
 181  100
 180  100
 179   99
 178   99
 177   98
 176   98
 175   97
 174   97
 173   96
