 195   38
 194   39
 189   39
 188   40
 183   40
 182   41
 179   41
 178   42
 175   42
 174   43
 171   43
 170   44
 169   44
 168   45
 166   45
 165   46
 162   46
 161   47
 160   47
 159   48
 158   48
 157   49
 156   49
 155   50
 153   50
 152   51
 151   51
 150   52
 149   52
 148   53
 147   53
 146   54
 145   54
 144   55
 143   55
 142   56
 141   56
 140   57
 139   57
 138   58
 137   58
 136   59
 135   59
 133   61
 132   61
 131   62
 130   62
 128   64
 127   64
 126   65
 125   65
 123   67
 122   67
 120   69
 119   69
 117   71
 116   71
 114   73
 113   73
 110   76
 109   76
 104   81
 103   81
 101   83
 100   83
  88   95
  87   95
  83   99
  82   99
  79  102
  78  102
  75  105
  75  106
  69  112
  53  112
  52  113
  52  115
  51  116
  51  117
  48  120
  48  121
  45  124
  45  125
  44  126
  44  239
  45  240
  45  241
  46  242
  46  245
  47  246
  47  247
  48  248
  48  251
  49  252
  49  253
  50  254
  50  256
  51  257
  51  259
  52  260
  52  264
  53  265
  53  267
  54  268
  54  269
  55  270
  55  271
  56  272
  56  275
  57  276
  57  281
  58  282
  58  284
  59  285
  59  290
  60  291
  60  292
  61  293
  61  294
  62  295
  62  296
  63  297
  63  299
  64  300
  64  301
  65  302
  65  304
  66  305
  66  306
  67  307
  67  308
  68  309
  68  310
  70  312
  70  313
  73  316
  74  316
  81  323
  82  323
  83  324
  84  324
  85  325
  85  326
  86  327
  86  329
  87  330
  87  333
  88  334
  88  335
  89  336
  89  337
  90  338
  90  339
  95  344
  96  344
 105  353
 106  353
 107  354
 109  354
 110  353
 111  353
 112  352
 113  352
 118  347
 132  347
 137  352
 138  352
 139  353
 140  353
 140  352
 141  351
 157  351
 158  352
 158  353
 159  354
 159  355
 161  357
 161  358
 162  359
 162  360
 163  361
 163  362
 165  364
 165  365
 166  366
 166  367
 167  368
 167  369
 169  371
 169  372
 175  378
 176  378
 183  385
 184  385
 186  387
 187  387
 188  388
 189  388
 190  389
 191  389
 192  388
 193  388
 194  387
 195  387
 199  383
 199  382
 200  381
 200  374
 199  373
 199  372
 198  371
 198  370
 197  369
 197  368
 191  362
 190  362
 188  360
 187  360
 181  354
 180  354
 178  352
 177  352
 175  350
 174  350
 171  347
 170  347
 161  338
 161  337
 157  333
 157  332
 155  330
 155  329
 153  327
 153  326
 152  325
 152  306
 154  304
 155  304
 156  303
 157  303
 158  302
 158  300
 157  299
 157  298
 155  296
 155  295
 154  294
 154  293
 153  292
 153  276
 156  273
 157  273
 159  271
 159  254
 160  253
 162  253
 164  251
 163  250
 163  249
 155  241
 155  240
 153  238
 153  237
 152  236
 152  229
 151  228
 151  226
 150  225
 150  224
 144  218
 144  217
 143  216
 142  216
 139  213
 139  199
 140  198
 141  198
 142  197
 148  197
 149  196
 152  196
 153  195
 155  195
 156  194
 157  194
 158  193
 159  193
 160  192
 161  192
 163  190
 164  190
 168  186
 169  186
 170  185
 170  184
 172  182
 172  181
 174  179
 174  178
 175  177
 175  176
 176  175
 176  174
 178  172
 178  171
 179  170
 179  169
 180  168
 180  167
 181  166
 181  165
 182  164
 182  162
 183  161
 183  158
 184  157
 184  155
 185  154
 185  152
 186  151
 186  150
 187  149
 187  147
 188  146
 188  144
 189  143
 189  139
 190  138
 190  136
 191  135
 191  133
 193  131
 193  130
 194  129
 194  127
 195  126
 195  124
 196  123
 196  122
 197  121
 197  119
 198  118
 198  116
 200  114
 200  113
 201  112
 201  111
 202  110
 202  109
 204  107
 204  105
 205  104
 205  103
 206  102
 206  100
 207   99
 207   98
 210   95
 210   94
 212   92
 212   91
 213   90
 213   89
 214   88
 214   87
 215   86
 215   85
 216   84
 216   83
 217   82
 217   81
 219   79
 219   78
 221   76
 221   75
 223   73
 223   72
 224   71
 224   70
 225   69
 225   68
 226   67
 226   65
 227   64
 227   63
 228   62
 228   59
 229   58
 229   54
 228   53
 228   52
 225   49
 224   49
 222   47
 221   47
 220   46
 219   46
 218   45
 217   45
 215   43
 214   43
 213   42
 212   42
 211   41
 210   41
 209   40
 207   40
 206   39
 203   39
 202   38
