 178  104
 177  105
 173  105
 172  106
 170  106
 169  107
 167  107
 166  108
 165  108
 164  109
 162  109
 161  110
 160  110
 159  111
 158  111
 157  112
 156  112
 154  114
 153  114
 152  115
 151  115
 149  117
 148  117
 146  119
 145  119
 143  121
 142  121
 140  123
 139  123
 137  125
 136  125
 133  128
 132  128
 129  131
 128  131
 125  134
 124  134
 120  138
 119  138
 110  147
 109  147
 103  153
 103  154
  98  159
  84  159
  83  158
  83  157
  82  156
  81  157
  81  164
  80  165
  80  279
  81  280
  81  281
  83  283
  83  284
  84  285
  84  286
  87  289
  87  290
  88  290
  90  292
  90  293
  92  295
  93  295
  95  297
  96  297
  99  300
 100  300
 106  306
 106  307
 120  321
 121  321
 122  322
 124  322
 125  323
 130  323
 132  321
 133  321
 134  320
 135  320
 136  319
 137  319
 140  316
 140  315
 141  314
 141  305
 145  301
 146  301
 148  299
 148  298
 149  297
 149  281
 151  279
 151  278
 152  277
 152  276
 153  275
 153  273
 154  272
 154  267
 156  265
 156  264
 157  263
 157  262
 158  261
 158  252
 157  251
 157  250
 154  247
 153  247
 152  246
 152  232
 154  230
 155  230
 161  224
 161  223
 163  221
 163  220
 165  218
 165  217
 168  214
 168  213
 169  212
 169  210
 170  209
 170  208
 171  207
 171  204
 172  203
 172  195
 173  194
 173  192
 174  191
 174  180
 175  179
 175  177
 176  176
 176  169
 177  168
 177  165
 178  164
 178  162
 179  161
 179  159
 180  158
 180  155
 181  154
 181  153
 182  152
 182  150
 183  149
 183  147
 184  146
 184  145
 185  144
 185  143
 186  142
 186  141
 187  140
 187  137
 188  136
 188  135
 189  134
 189  132
 190  131
 190  130
 191  129
 191  127
 192  126
 192  125
 193  124
 193  121
 194  120
 194  116
 193  115
 193  114
 191  112
 190  112
 189  111
 188  111
 185  108
 184  108
 182  106
 181  106
 180  105
 179  105
