 190   34
 189   35
 184   35
 183   36
 179   36
 178   37
 175   37
 174   38
 170   38
 169   39
 166   39
 165   40
 163   40
 162   41
 160   41
 159   42
 158   42
 157   43
 156   43
 155   44
 153   44
 152   45
 151   45
 150   46
 149   46
 148   47
 147   47
 146   48
 144   48
 143   49
 142   49
 141   50
 140   50
 138   52
 137   52
 136   53
 135   53
 134   54
 133   54
 132   55
 131   55
 130   56
 129   56
 127   58
 126   58
 125   59
 124   59
 122   61
 121   61
 120   62
 119   62
 117   64
 116   64
 114   66
 113   66
 111   68
 110   68
 109   69
 108   69
 106   71
 105   71
 103   73
 102   73
 100   75
  99   75
  96   78
  95   78
  93   80
  92   80
  89   83
  88   83
  86   85
  85   85
  78   92
  77   92
  68  101
  67  101
  52  116
  52  117
  49  120
  49  121
  47  123
  47  124
  45  126
  45  127
  43  129
  43  130
  41  132
  41  133
  39  135
  39  136
  36  139
  36  141
  35  142
  35  243
  36  244
  36  246
  37  247
  37  249
  38  250
  38  252
  39  253
  39  255
  40  256
  40  262
  41  263
  41  268
  42  269
  42  281
  43  282
  43  287
  44  288
  44  301
  45  302
  45  304
  46  305
  46  308
  47  309
  47  311
  49  313
  49  314
  52  317
  52  318
  54  320
  55  320
  59  324
  59  325
  60  326
  61  326
  65  330
  65  331
  66  332
  66  335
  67  336
  67  337
  68  338
  68  340
  69  341
  69  342
  71  344
  71  345
  73  347
  73  348
  83  358
  84  358
  86  360
  87  360
  88  361
  89  361
  90  362
  91  362
  92  363
  94  363
  95  364
 105  364
 106  365
 107  365
 108  366
 109  366
 110  367
 113  367
 114  366
 115  366
 116  365
 132  365
 134  367
 134  368
 136  370
 136  371
 139  374
 139  375
 151  387
 152  387
 157  392
 158  392
 159  393
 161  393
 162  392
 163  392
 165  390
 166  390
 167  389
 167  388
 168  387
 168  386
 169  385
 169  384
 168  383
 168  381
 167  380
 167  379
 166  378
 166  377
 149  360
 149  359
 146  356
 146  355
 144  353
 144  352
 143  351
 143  333
 144  332
 144  331
 148  327
 149  327
 149  326
 152  323
 152  322
 153  321
 153  320
 152  319
 152  318
 151  317
 151  316
 150  315
 150  314
 149  313
 149  312
 148  311
 148  295
 155  288
 155  286
 154  285
 154  284
 153  283
 153  281
 152  280
 152  266
 153  265
 153  264
 154  263
 154  262
 155  261
 153  259
 153  258
 151  256
 151  255
 147  251
 147  250
 145  248
 145  247
 143  245
 143  244
 142  243
 142  235
 141  234
 141  233
 140  232
 140  231
 129  220
 129  219
 124  214
 123  214
 122  213
 122  199
 123  198
 132  198
 133  197
 136  197
 137  196
 140  196
 141  195
 143  195
 144  194
 145  194
 146  193
 147  193
 153  187
 153  186
 155  184
 155  183
 157  181
 157  180
 159  178
 159  177
 163  173
 163  172
 166  169
 166  167
 167  166
 167  165
 168  164
 168  162
 169  161
 169  159
 170  158
 170  157
 175  152
 175  151
 177  149
 177  148
 178  147
 178  146
 179  145
 179  144
 180  143
 180  142
 181  141
 181  139
 182  138
 182  137
 183  136
 183  135
 185  133
 185  132
 190  127
 190  125
 191  124
 191  123
 192  122
 192  121
 193  120
 193  118
 194  117
 194  115
 196  113
 196  112
 200  108
 200  107
 203  104
 203  103
 205  101
 205  100
 207   98
 207   97
 214   90
 214   89
 217   86
 217   85
 220   82
 220   81
 223   78
 223   77
 228   72
 228   71
 230   69
 230   68
 233   65
 233   64
 234   63
 234   62
 235   61
 235   60
 236   59
 236   58
 237   57
 237   54
 238   53
 238   51
 232   45
 231   45
 230   44
 229   44
 228   43
 227   43
 225   41
 224   41
 223   40
 222   40
 221   39
 219   39
 218   38
 216   38
 215   37
 213   37
 212   36
 209   36
 208   35
 203   35
 202   34
