 174   67
 173   68
 168   68
 167   69
 163   69
 162   70
 159   70
 158   71
 156   71
 155   72
 152   72
 151   73
 149   73
 148   74
 147   74
 146   75
 144   75
 143   76
 142   76
 141   77
 139   77
 138   78
 137   78
 136   79
 135   79
 134   80
 133   80
 132   81
 131   81
 130   82
 129   82
 128   83
 127   83
 126   84
 125   84
 124   85
 123   85
 122   86
 121   86
 120   87
 119   87
 117   89
 116   89
 115   90
 114   90
 113   91
 112   91
 109   94
 108   94
 106   96
 105   96
 103   98
 102   98
  96  104
  95  104
  90  109
  89  109
  81  117
  80  117
  78  119
  77  119
  76  120
  75  120
  75  121
  73  123
  73  124
  71  126
  71  127
  68  130
  68  131
  67  132
  67  133
  65  135
  65  136
  60  141
  60  142
  59  143
  59  144
  58  145
  58  221
  59  222
  59  223
  60  224
  60  226
  61  227
  61  230
  62  231
  62  233
  63  234
  63  238
  64  239
  64  242
  65  243
  65  248
  66  249
  66  250
  67  251
  67  256
  68  257
  68  258
  69  259
  69  262
  70  263
  70  267
  71  268
  71  270
  72  271
  72  276
  73  277
  73  278
  74  279
  74  282
  75  283
  75  285
  76  286
  76  288
  77  289
  77  290
  78  291
  78  293
  79  294
  79  295
  80  296
  80  297
  81  298
  81  299
  85  303
  86  303
  90  307
  90  308
  92  310
  92  311
  94  313
  94  314
  95  314
  97  316
  98  316
 101  319
 101  320
 105  324
 106  324
 107  325
 108  325
 109  324
 111  324
 112  323
 121  323
 122  322
 124  322
 125  321
 144  321
 145  322
 145  323
 147  325
 147  326
 148  327
 148  329
 149  330
 149  331
 150  332
 150  334
 151  335
 151  336
 152  337
 152  340
 153  341
 153  342
 154  343
 154  344
 156  346
 156  347
 158  349
 158  350
 159  350
 167  358
 168  358
 170  360
 171  360
 173  358
 173  356
 172  355
 172  353
 171  352
 171  351
 170  350
 170  349
 167  346
 167  345
 165  343
 165  342
 161  338
 161  337
 157  333
 157  332
 154  329
 154  328
 151  325
 151  324
 150  323
 150  322
 148  320
 148  319
 146  317
 146  316
 145  315
 145  314
 144  313
 144  312
 143  311
 143  293
 148  288
 149  288
 152  285
 152  284
 153  283
 153  269
 154  268
 154  267
 155  266
 155  265
 157  263
 158  263
 160  261
 161  261
 163  259
 162  258
 162  239
 163  238
 163  235
 161  233
 161  232
 159  230
 159  229
 158  228
 158  227
 157  226
 157  225
 156  224
 156  222
 155  221
 155  220
 154  219
 154  218
 151  215
 151  201
 152  200
 159  200
 160  199
 163  199
 164  198
 166  198
 167  197
 168  197
 169  196
 170  196
 174  192
 174  191
 176  189
 176  188
 178  186
 178  184
 180  182
 180  180
 181  179
 181  178
 182  177
 182  175
 183  174
 183  172
 184  171
 184  170
 185  169
 185  167
 186  166
 186  164
 187  163
 187  160
 188  159
 188  155
 189  154
 189  149
 190  148
 190  147
 191  146
 191  143
 192  142
 192  133
 193  132
 193  128
 194  127
 194  126
 195  125
 195  122
 196  121
 196  118
 197  117
 197  116
 200  113
 200  112
 202  110
 202  109
 204  107
 204  106
 206  104
 206  103
 209  100
 209   99
 210   98
 210   97
 212   95
 212   94
 213   93
 213   91
 214   90
 214   89
 215   88
 215   83
 214   82
 214   81
 211   78
 210   78
 209   77
 208   77
 207   76
 206   76
 203   73
 202   73
 201   72
 199   72
 198   71
 196   71
 195   70
 193   70
 192   69
 188   69
 187   68
 181   68
 180   67
