 180   59
 179   60
 176   60
 175   61
 174   61
 173   62
 171   62
 170   63
 169   63
 167   65
 166   65
 165   66
 164   66
 163   67
 162   67
 161   68
 160   68
 158   70
 157   70
 154   73
 153   73
 151   75
 150   75
 147   78
 146   78
 142   82
 141   82
 137   86
 136   86
 129   93
 128   93
 118  103
 118  104
 101  121
 101  122
  94  129
  94  130
  88  136
  88  137
  84  141
  84  142
  77  149
  77  150
  75  152
  75  153
  73  155
  70  155
  68  157
  68  228
  70  230
  71  230
  75  234
  75  235
  76  236
  76  238
  77  239
  77  242
  78  243
  78  244
  81  247
  81  248
  86  253
  86  254
  87  255
  87  256
  88  257
  88  258
  89  259
  89  260
  90  261
  90  262
  91  263
  91  264
  92  265
  92  267
  93  268
  93  269
  94  270
  94  271
  95  272
  95  273
  96  274
  96  277
  97  278
  97  281
  98  282
  98  297
  99  298
  99  309
 100  310
 100  313
 103  316
 103  317
 106  320
 107  320
 112  325
 113  325
 114  326
 115  326
 116  327
 117  327
 118  328
 122  328
 123  329
 124  329
 126  331
 126  335
 127  336
 127  337
 130  340
 131  340
 137  346
 138  346
 139  347
 140  347
 141  348
 142  348
 143  349
 144  349
 145  350
 155  350
 156  349
 158  349
 159  348
 161  348
 162  347
 181  347
 182  348
 184  348
 189  353
 189  354
 190  355
 190  356
 203  369
 204  369
 204  368
 202  366
 202  365
 200  363
 200  362
 198  360
 198  359
 197  358
 197  357
 194  354
 194  353
 192  351
 192  350
 189  347
 189  346
 187  344
 187  343
 185  341
 185  340
 183  338
 183  337
 181  335
 181  332
 180  331
 180  313
 181  312
 181  310
 182  309
 182  308
 183  307
 183  276
 184  275
 184  273
 185  272
 185  256
 184  255
 184  253
 183  252
 183  249
 182  248
 182  246
 181  245
 181  244
 180  243
 180  242
 179  241
 179  240
 178  239
 178  238
 176  236
 176  235
 174  233
 174  232
 172  230
 172  229
 163  220
 162  220
 161  219
 161  205
 163  203
 165  203
 166  202
 167  202
 168  201
 170  201
 172  199
 173  199
 175  197
 176  197
 185  188
 185  187
 187  185
 187  184
 189  182
 189  180
 190  179
 190  178
 191  177
 191  176
 192  175
 192  174
 193  173
 193  171
 194  170
 194  168
 195  167
 195  166
 196  165
 196  162
 197  161
 197  159
 198  158
 198  153
 199  152
 199  149
 200  148
 200  138
 201  137
 201  117
 202  116
 202  109
 203  108
 203  102
 204  101
 204   97
 205   96
 205   92
 206   91
 206   87
 207   86
 207   76
 206   75
 206   74
 205   73
 205   72
 204   71
 204   70
 203   69
 203   68
 202   67
 201   67
 200   66
 199   66
 198   65
 197   65
 196   64
 195   64
 193   62
 192   62
 191   61
 190   61
 189   60
 188   60
 187   59
