 177  102
 176  103
 172  103
 171  104
 169  104
 168  105
 166  105
 165  106
 164  106
 163  107
 162  107
 161  108
 159  108
 158  109
 157  109
 156  110
 155  110
 154  111
 153  111
 152  112
 151  112
 150  113
 149  113
 148  114
 147  114
 145  116
 144  116
 141  119
 140  119
 137  122
 136  122
 131  127
 130  127
 126  131
 125  131
 118  138
 107  138
 107  141
 106  142
 100  142
  99  143
  98  143
  98  144
  94  148
  91  148
  90  149
  89  149
  89  150
  88  151
  88  152
  83  157
  83  158
  80  161
  80  162
  79  163
  79  164
  78  165
  78  277
  79  278
  79  279
  80  280
  80  281
  82  283
  82  284
  85  287
  85  289
  86  290
  86  293
  87  294
  87  295
  88  296
  88  299
  89  300
  89  301
  90  302
  90  305
  91  306
  91  307
  92  308
  92  309
  93  310
  93  311
  95  313
  95  314
 101  320
 102  320
 103  321
 104  321
 106  323
 107  323
 108  324
 110  324
 111  325
 113  325
 114  326
 115  326
 116  325
 120  325
 121  324
 123  324
 124  323
 126  323
 127  322
 129  322
 130  321
 131  321
 132  320
 133  320
 136  317
 136  316
 141  311
 142  311
 143  310
 143  309
 144  308
 144  307
 145  306
 145  296
 146  295
 146  292
 147  291
 147  290
 150  287
 150  286
 152  284
 152  283
 153  282
 153  276
 154  275
 154  273
 155  272
 155  263
 154  262
 154  261
 153  260
 153  259
 146  252
 145  252
 141  248
 140  248
 137  245
 136  245
 135  244
 135  229
 136  228
 144  228
 145  227
 146  227
 147  226
 148  226
 151  223
 152  223
 157  218
 158  218
 166  210
 166  209
 169  206
 169  205
 170  204
 170  203
 171  202
 171  201
 172  200
 172  198
 173  197
 173  196
 174  195
 174  193
 175  192
 175  189
 176  188
 176  186
 177  185
 177  180
 178  179
 178  176
 179  175
 179  169
 180  168
 180  166
 181  165
 181  161
 182  160
 182  158
 183  157
 183  152
 184  151
 184  148
 185  147
 185  146
 187  144
 187  143
 188  142
 188  141
 190  139
 190  138
 191  137
 191  136
 192  135
 192  134
 193  133
 193  132
 194  131
 194  129
 195  128
 195  126
 196  125
 196  118
 195  117
 195  116
 194  115
 194  114
 193  113
 193  112
 190  109
 189  109
 186  106
 185  106
 184  105
 183  105
 182  104
 181  104
 180  103
 179  103
 178  102
