 194   24
 193   25
 188   25
 187   26
 181   26
 180   27
 177   27
 176   28
 173   28
 172   29
 168   29
 167   30
 165   30
 164   31
 162   31
 161   32
 159   32
 158   33
 157   33
 156   34
 154   34
 153   35
 152   35
 151   36
 150   36
 149   37
 147   37
 146   38
 145   38
 144   39
 143   39
 142   40
 141   40
 140   41
 139   41
 138   42
 137   42
 136   43
 135   43
 134   44
 133   44
 132   45
 131   45
 130   46
 129   46
 128   47
 127   47
 126   48
 125   48
 124   49
 123   49
 122   50
 121   50
 120   51
 119   51
 117   53
 116   53
 115   54
 114   54
 113   55
 112   55
 110   57
 109   57
 108   58
 107   58
 105   60
 104   60
 102   62
 101   62
  99   64
  98   64
  96   66
  95   66
  93   68
  92   68
  90   70
  89   70
  86   73
  85   73
  82   76
  81   76
  79   78
  78   78
  75   81
  74   81
  70   85
  69   85
  58   96
  57   96
  56   97
  46   97
  46  100
  45  101
  45  102
  43  104
  43  105
  42  106
  42  107
  40  109
  40  110
  35  115
  35  116
  25  126
  25  127
  22  130
  22  131
  21  132
  21  226
  22  227
  22  229
  23  230
  23  231
  24  232
  24  234
  25  235
  25  236
  26  237
  26  238
  27  239
  27  240
  28  241
  28  243
  29  244
  29  245
  30  246
  30  247
  31  248
  31  249
  32  250
  32  251
  33  252
  33  254
  34  255
  34  256
  35  257
  35  259
  36  260
  36  261
  39  264
  39  276
  40  277
  40  281
  41  282
  41  285
  42  286
  42  289
  43  290
  43  293
  44  294
  44  297
  45  298
  45  300
  46  301
  46  303
  47  304
  47  306
  48  307
  48  308
  49  309
  49  310
  50  311
  50  312
  51  313
  51  314
  66  329
  66  344
  67  345
  67  346
  69  348
  69  349
  77  357
  78  357
  80  359
  81  359
  82  360
  83  360
  84  359
  85  359
  86  358
  87  358
  91  354
  91  353
  92  352
 106  352
 111  357
 111  358
 112  358
 118  364
 119  364
 120  363
 121  363
 123  361
 139  361
 141  363
 141  364
 143  366
 143  367
 144  368
 144  369
 145  370
 145  371
 146  372
 146  373
 147  374
 147  375
 148  376
 148  377
 150  379
 150  380
 152  382
 152  383
 153  384
 153  385
 155  387
 155  388
 168  401
 169  401
 171  403
 173  403
 174  402
 175  402
 177  400
 177  399
 179  397
 179  396
 180  395
 180  392
 179  391
 179  390
 178  389
 178  388
 176  386
 176  385
 174  383
 174  382
 163  371
 163  370
 156  363
 156  362
 152  358
 152  357
 148  353
 148  352
 146  350
 146  349
 144  347
 144  346
 143  345
 143  344
 142  343
 142  342
 141  341
 141  339
 140  338
 140  320
 145  315
 146  315
 148  313
 148  312
 149  311
 149  309
 148  308
 148  287
 152  283
 154  283
 155  282
 156  282
 159  279
 159  277
 157  275
 157  257
 159  255
 163  255
 164  254
 166  254
 167  253
 167  252
 168  251
 167  250
 167  249
 165  247
 165  246
 163  244
 163  243
 159  239
 159  238
 158  237
 158  224
 157  223
 157  221
 156  220
 156  219
 155  218
 155  217
 149  211
 149  196
 150  195
 151  195
 152  194
 154  194
 155  193
 156  193
 157  192
 158  192
 160  190
 161  190
 165  186
 166  186
 178  174
 178  173
 180  171
 180  169
 181  168
 181  167
 182  166
 182  165
 183  164
 183  163
 185  161
 185  159
 186  158
 186  155
 187  154
 187  150
 188  149
 188  148
 193  143
 193  142
 195  140
 195  139
 198  136
 198  135
 200  133
 200  132
 201  131
 201  130
 202  129
 202  128
 203  127
 203  126
 204  125
 204  123
 205  122
 205  121
 206  120
 206  119
 208  117
 208  116
 209  115
 209  113
 210  112
 210  111
 211  110
 211  107
 212  106
 212  105
 213  104
 213  102
 214  101
 214  100
 215   99
 215   98
 216   97
 216   88
 218   86
 218   85
 219   84
 220   84
 221   83
 224   83
 225   82
 226   82
 227   81
 228   81
 231   78
 231   77
 233   75
 233   74
 237   70
 237   69
 244   62
 244   61
 246   59
 246   58
 247   57
 247   56
 248   55
 248   53
 249   52
 249   51
 250   50
 250   49
 251   48
 251   46
 252   45
 252   41
 249   38
 248   38
 247   37
 246   37
 245   36
 244   36
 242   34
 241   34
 240   33
 239   33
 238   32
 237   32
 236   31
 234   31
 233   30
 232   30
 231   29
 228   29
 227   28
 225   28
 224   27
 221   27
 220   26
 215   26
 214   25
 209   25
 208   24
