 185   72
 184   73
 179   73
 178   74
 175   74
 174   75
 171   75
 170   76
 168   76
 167   77
 165   77
 164   78
 162   78
 161   79
 159   79
 158   80
 157   80
 156   81
 154   81
 153   82
 152   82
 151   83
 149   83
 148   84
 147   84
 146   85
 145   85
 144   86
 143   86
 142   87
 141   87
 140   88
 139   88
 138   89
 137   89
 136   90
 134   90
 133   91
 132   91
 131   92
 130   92
 128   94
 127   94
 126   95
 125   95
 124   96
 123   96
 122   97
 121   97
 119   99
 118   99
 117  100
 116  100
 114  102
 113  102
 110  105
 109  105
 107  107
 106  107
 103  110
 102  110
  99  113
  98  113
  93  118
  92  118
  87  123
  86  123
  83  126
  82  126
  78  130
  77  130
  75  132
  74  132
  72  134
  71  134
  68  137
  68  138
  60  146
  60  147
  54  153
  54  154
  53  155
  53  156
  52  157
  52  240
  53  241
  53  244
  54  245
  54  247
  55  248
  55  254
  56  255
  56  257
  57  258
  57  262
  58  263
  58  266
  59  267
  59  274
  60  275
  60  281
  61  282
  61  284
  62  285
  62  288
  63  289
  63  290
  64  291
  64  292
  65  293
  66  293
  75  302
  75  304
  76  305
  76  309
  77  310
  77  313
  78  314
  78  315
  79  316
  79  317
  81  319
  81  320
  84  323
  85  323
  88  326
  88  327
  90  329
  93  329
  94  328
 109  328
 112  331
 112  332
 113  331
 113  329
 114  328
 114  324
 115  323
 116  323
 117  322
 132  322
 133  323
 133  324
 134  325
 134  326
 135  327
 135  328
 136  329
 136  330
 137  331
 137  333
 138  334
 138  336
 140  338
 140  339
 142  341
 142  342
 147  347
 148  347
 155  354
 156  354
 157  355
 158  354
 158  352
 157  351
 157  350
 155  348
 155  347
 151  343
 151  342
 146  337
 146  336
 138  328
 138  327
 135  324
 135  323
 133  321
 133  320
 131  318
 131  317
 130  316
 130  315
 129  314
 129  294
 131  292
 137  292
 138  291
 139  291
 139  290
 138  289
 138  271
 140  269
 142  269
 143  268
 146  268
 147  267
 148  267
 148  266
 147  265
 147  249
 148  248
 148  247
 150  245
 150  243
 149  242
 149  241
 147  239
 147  238
 146  237
 146  236
 144  234
 144  231
 143  230
 143  229
 142  228
 142  226
 141  225
 141  224
 140  223
 140  222
 138  220
 138  219
 134  215
 134  201
 135  200
 148  200
 149  199
 151  199
 152  198
 153  198
 155  196
 156  196
 168  184
 168  183
 169  182
 169  180
 171  178
 171  177
 173  175
 173  174
 175  172
 175  171
 176  170
 176  167
 177  166
 177  161
 178  160
 178  159
 180  157
 180  156
 182  154
 182  152
 183  151
 183  147
 184  146
 184  144
 185  143
 185  142
 189  138
 189  137
 191  135
 191  133
 192  132
 192  130
 193  129
 193  128
 200  121
 200  120
 202  118
 202  117
 204  115
 204  114
 210  108
 210  107
 214  103
 214  102
 218   98
 218   97
 219   96
 219   95
 220   94
 220   92
 221   91
 221   90
 220   89
 220   88
 217   85
 216   85
 215   84
 214   84
 212   82
 211   82
 209   80
 208   80
 207   79
 206   79
 205   78
 204   78
 203   77
 202   77
 201   76
 200   76
 199   75
 196   75
 195   74
 193   74
 192   73
 189   73
 188   72
