 186   60
 185   61
 181   61
 180   62
 175   62
 174   63
 171   63
 170   64
 168   64
 167   65
 164   65
 163   66
 161   66
 160   67
 158   67
 157   68
 155   68
 154   69
 153   69
 152   70
 150   70
 149   71
 148   71
 147   72
 145   72
 144   73
 143   73
 142   74
 141   74
 140   75
 138   75
 137   76
 136   76
 135   77
 134   77
 133   78
 132   78
 131   79
 130   79
 129   80
 128   80
 127   81
 126   81
 125   82
 124   82
 122   84
 121   84
 120   85
 119   85
 118   86
 117   86
 116   87
 115   87
 114   88
 113   88
 111   90
 110   90
 108   92
 107   92
 106   93
 105   93
 103   95
 102   95
 101   96
 100   96
  98   98
  97   98
  95  100
  94  100
  92  102
  91  102
  88  105
  87  105
  85  107
  84  107
  75  116
  60  116
  59  115
  59  111
  58  111
  56  113
  55  113
  53  115
  53  116
  52  117
  52  118
  51  119
  51  120
  50  121
  50  122
  49  123
  49  125
  48  126
  48  127
  47  128
  47  130
  45  132
  45  135
  44  136
  44  137
  43  138
  43  139
  42  140
  42  253
  43  254
  43  255
  44  256
  44  257
  45  258
  45  260
  46  261
  46  262
  47  263
  47  264
  48  265
  48  266
  50  268
  50  269
  52  271
  52  272
  53  273
  53  274
  54  275
  54  276
  55  277
  55  278
  59  282
  59  283
  60  284
  60  285
  61  286
  61  287
  63  289
  63  290
  64  291
  64  292
  68  296
  68  297
  70  299
  70  300
  72  302
  72  303
  74  305
  74  306
  75  307
  75  308
  76  309
  76  310
  77  311
  77  312
  79  314
  79  315
  81  317
  81  318
  83  320
  83  321
  84  322
  84  323
  85  324
  85  325
  86  326
  86  331
  87  332
  87  334
  88  335
  88  336
  89  337
  89  339
  91  341
  91  342
  92  343
  93  343
  98  348
  98  349
  98  348
  99  347
  99  344
 100  343
 100  341
 103  338
 117  338
 119  340
 119  345
 121  347
 121  348
 123  350
 124  350
 125  351
 125  334
 128  331
 143  331
 143  329
 142  328
 142  327
 141  326
 141  310
 142  309
 142  308
 143  307
 143  305
 146  302
 147  302
 148  301
 151  301
 152  300
 156  300
 156  299
 155  298
 155  297
 154  296
 154  280
 155  279
 155  278
 156  277
 156  276
 160  272
 161  272
 162  271
 163  271
 163  270
 161  268
 161  267
 160  266
 160  265
 159  264
 159  246
 161  244
 161  241
 160  240
 160  239
 159  238
 159  237
 157  235
 157  234
 156  233
 156  230
 155  229
 155  227
 154  226
 154  224
 152  222
 152  221
 150  219
 150  218
 148  216
 148  202
 149  201
 162  201
 163  200
 165  200
 166  199
 168  199
 170  197
 171  197
 172  196
 173  196
 175  194
 176  194
 182  188
 182  187
 186  183
 186  182
 188  180
 188  179
 189  178
 189  176
 191  174
 191  172
 193  170
 193  169
 194  168
 194  167
 195  166
 195  165
 196  164
 196  162
 197  161
 197  157
 198  156
 198  155
 199  154
 199  153
 200  152
 200  151
 201  150
 201  149
 202  148
 202  147
 203  146
 203  145
 204  144
 204  137
 205  136
 205  134
 206  133
 206  132
 207  131
 207  130
 208  129
 208  127
 209  126
 209  125
 210  124
 210  122
 211  121
 211  120
 212  119
 212  118
 214  116
 214  115
 215  114
 215  113
 216  112
 216  111
 218  109
 218  108
 219  107
 219  106
 221  104
 221  103
 224  100
 224   99
 225   98
 225   97
 226   96
 226   95
 227   94
 227   93
 228   92
 228   91
 229   90
 229   89
 230   88
 230   86
 231   85
 231   84
 232   83
 232   79
 231   78
 231   77
 228   74
 227   74
 226   73
 225   73
 223   71
 222   71
 221   70
 220   70
 219   69
 218   69
 217   68
 216   68
 214   66
 213   66
 212   65
 210   65
 209   64
 208   64
 207   63
 204   63
 203   62
 199   62
 198   61
 194   61
 193   60
