 178  105
 177  106
 173  106
 172  107
 170  107
 169  108
 166  108
 165  109
 163  109
 162  110
 160  110
 159  111
 158  111
 157  112
 155  112
 154  113
 153  113
 152  114
 151  114
 150  115
 149  115
 148  116
 147  116
 146  117
 145  117
 144  118
 143  118
 142  119
 141  119
 140  120
 139  120
 137  122
 136  122
 133  125
 132  125
 131  126
 130  126
 127  129
 126  129
 124  131
 123  131
 120  134
 119  134
 113  140
 112  140
 106  146
 105  146
 102  149
 102  150
  97  155
  97  156
  86  167
  86  168
  83  171
  83  172
  82  173
  82  174
  81  175
  81  176
  79  178
  79  179
  77  181
  77  182
  75  184
  75  185
  73  187
  73  188
  72  189
  72  262
  73  263
  73  265
  74  266
  74  267
  75  268
  75  269
  76  270
  76  271
  77  272
  77  274
  78  275
  78  276
  79  277
  79  278
  80  279
  80  280
  82  282
  82  283
  83  284
  83  285
  84  286
  84  288
  86  290
  86  292
  87  293
  87  294
  93  300
  93  301
  97  305
  97  306
  99  308
  99  309
 100  310
 100  311
 102  313
 102  314
 103  314
 109  320
 109  321
 110  321
 112  323
 113  323
 114  322
 116  322
 117  321
 119  321
 120  320
 121  320
 122  319
 123  319
 124  318
 125  318
 126  317
 127  317
 129  315
 130  315
 131  314
 132  314
 134  312
 135  312
 149  298
 149  296
 151  294
 151  293
 153  291
 153  290
 156  287
 156  286
 158  284
 158  283
 159  282
 159  279
 160  278
 160  275
 161  274
 161  273
 162  272
 162  269
 161  268
 161  266
 160  265
 160  263
 159  262
 159  261
 152  254
 151  254
 146  249
 146  235
 147  234
 151  234
 152  233
 154  233
 155  232
 157  232
 158  231
 159  231
 160  230
 161  230
 164  227
 165  227
 175  217
 175  216
 177  214
 177  213
 179  211
 179  209
 181  207
 181  205
 182  204
 182  203
 183  202
 183  201
 184  200
 184  199
 185  198
 185  196
 186  195
 186  193
 187  192
 187  190
 188  189
 188  185
 189  184
 189  182
 190  181
 190  176
 191  175
 191  173
 192  172
 192  168
 193  167
 193  166
 194  165
 194  161
 195  160
 195  159
 196  158
 196  156
 197  155
 197  153
 198  152
 198  151
 199  150
 199  147
 200  146
 200  144
 201  143
 201  138
 202  137
 202  134
 203  133
 203  131
 202  130
 202  128
 201  127
 201  121
 200  120
 200  119
 199  118
 199  117
 198  116
 198  115
 195  112
 194  112
 193  111
 192  111
 190  109
 189  109
 187  107
 186  107
 185  106
 183  106
 182  105
