 167  100
 166  101
 163  101
 162  102
 159  102
 158  103
 156  103
 155  104
 154  104
 153  105
 151  105
 150  106
 149  106
 148  107
 147  107
 146  108
 145  108
 144  109
 143  109
 142  110
 141  110
 140  111
 139  111
 138  112
 137  112
 136  113
 135  113
 134  114
 133  114
 131  116
 130  116
 127  119
 126  119
 124  121
 123  121
 119  125
 118  125
 104  139
 103  139
 101  141
 100  141
  99  142
  96  142
  95  143
  93  143
  90  146
  90  147
  88  149
  88  150
  87  151
  87  152
  86  153
  86  154
  84  156
  84  157
  83  158
  83  159
  81  161
  81  162
  80  163
  80  164
  79  165
  79  234
  81  236
  82  236
  83  237
  83  238
  84  239
  84  240
  85  241
  86  241
  91  246
  91  247
  92  248
  92  249
  93  250
  93  251
  94  252
  94  253
  96  255
  96  256
  98  258
  98  259
 100  261
 100  262
 101  263
 101  264
 103  266
 103  267
 104  268
 104  269
 106  271
 106  272
 107  272
 114  279
 115  279
 117  281
 117  284
 118  285
 118  290
 119  291
 121  291
 122  292
 124  292
 125  293
 126  293
 129  296
 129  297
 155  297
 156  298
 154  296
 154  277
 155  276
 155  275
 157  273
 157  253
 158  252
 158  251
 159  250
 159  249
 160  248
 160  245
 161  244
 161  239
 162  238
 162  235
 161  234
 161  232
 160  231
 160  228
 159  227
 159  226
 156  223
 156  208
 157  207
 158  207
 160  205
 161  205
 166  200
 166  199
 168  197
 168  196
 169  195
 169  193
 170  192
 170  191
 171  190
 171  186
 172  185
 172  183
 173  182
 173  176
 174  175
 174  170
 175  169
 175  160
 176  159
 176  152
 177  151
 177  146
 178  145
 178  140
 179  139
 179  135
 180  134
 180  130
 181  129
 181  127
 182  126
 182  121
 183  120
 183  115
 184  114
 184  111
 183  110
 183  109
 181  107
 181  106
 180  106
 179  105
 178  105
 177  104
 176  104
 174  102
 173  102
 172  101
 171  101
 170  100
