 182   95
 181   96
 177   96
 176   97
 174   97
 173   98
 171   98
 170   99
 168   99
 167  100
 166  100
 165  101
 163  101
 162  102
 161  102
 160  103
 159  103
 158  104
 157  104
 156  105
 155  105
 154  106
 153  106
 151  108
 150  108
 148  110
 147  110
 145  112
 144  112
 142  114
 141  114
 137  118
 136  118
 130  124
 129  124
  95  158
  95  159
  91  163
  91  164
  89  166
  75  166
  74  165
  74  154
  73  153
  73  152
  72  151
  72  158
  71  159
  71  264
  72  265
  72  269
  73  270
  73  271
  74  272
  74  273
  75  274
  75  275
  77  277
  77  278
  78  279
  78  280
  79  281
  79  282
  80  283
  80  284
  82  286
  82  287
  83  288
  83  290
  84  291
  84  292
  85  293
  85  294
  86  295
  86  297
  87  298
  87  299
  88  300
  88  301
  89  302
  89  303
  90  304
  90  306
  92  308
  92  309
  94  311
  94  313
  96  315
  96  316
  97  317
  97  318
 108  329
 109  329
 110  330
 111  330
 112  331
 113  331
 114  332
 117  332
 118  333
 120  333
 121  334
 125  334
 126  333
 128  333
 129  332
 132  332
 133  331
 134  331
 135  330
 136  330
 138  328
 139  328
 139  327
 141  325
 141  324
 143  322
 143  321
 147  317
 147  316
 149  314
 149  313
 150  312
 150  309
 151  308
 151  293
 152  292
 152  291
 153  290
 153  286
 154  285
 154  276
 155  275
 155  274
 154  273
 154  272
 153  271
 153  264
 152  263
 152  261
 151  260
 151  259
 150  258
 150  257
 148  255
 148  254
 143  249
 142  249
 138  245
 138  231
 139  230
 140  230
 141  229
 142  229
 143  228
 144  228
 145  227
 146  227
 147  226
 148  226
 153  221
 154  221
 158  217
 159  217
 164  212
 164  211
 166  209
 166  208
 168  206
 168  205
 170  203
 170  201
 172  199
 172  198
 173  197
 173  196
 174  195
 174  194
 175  193
 175  192
 176  191
 176  189
 177  188
 177  187
 178  186
 178  184
 179  183
 179  180
 180  179
 180  177
 181  176
 181  171
 182  170
 182  169
 183  168
 183  164
 184  163
 184  161
 185  160
 185  155
 186  154
 186  152
 187  151
 187  149
 188  148
 188  147
 189  146
 189  145
 190  144
 190  143
 192  141
 192  140
 193  139
 193  138
 194  137
 194  136
 195  135
 195  133
 196  132
 196  131
 197  130
 197  129
 198  128
 198  126
 199  125
 199  124
 200  123
 200  121
 201  120
 201  119
 202  118
 202  115
 203  114
 203  109
 202  108
 202  107
 201  106
 201  105
 198  102
 197  102
 196  101
 195  101
 193   99
 192   99
 190   97
 189   97
 188   96
 186   96
 185   95
