 181   58
 180   59
 170   59
 169   60
 166   60
 165   61
 163   61
 162   62
 159   62
 158   63
 157   63
 156   64
 153   64
 152   65
 151   65
 150   66
 148   66
 147   67
 145   67
 144   68
 143   68
 142   69
 141   69
 140   70
 139   70
 138   71
 137   71
 135   73
 134   73
 133   74
 132   74
 131   75
 130   75
 128   77
 127   77
 125   79
 124   79
 122   81
 121   81
 119   83
 118   83
 116   85
 115   85
 112   88
 111   88
 106   93
 105   93
  97  101
  96  101
  93  104
  93  105
  82  116
  82  117
  78  121
  78  122
  73  127
  73  128
  70  131
  70  132
  66  136
  66  137
  63  140
  63  141
  60  144
  60  145
  59  146
  59  244
  60  245
  60  246
  61  247
  61  251
  62  252
  62  254
  63  255
  63  258
  64  259
  64  263
  65  264
  65  267
  66  268
  66  272
  67  273
  67  277
  68  278
  68  283
  69  284
  69  285
  70  286
  70  289
  71  290
  71  291
  73  293
  73  294
  77  298
  78  298
  80  300
  80  301
  82  303
  83  303
  85  305
  85  306
  86  307
  86  308
  87  309
  87  310
  88  310
  89  311
  90  311
  91  312
  92  312
  94  314
  94  316
  96  318
  97  317
  98  317
  99  316
 101  316
 102  315
 134  315
 139  320
 139  321
 140  322
 140  323
 142  325
 142  327
 143  328
 143  329
 144  330
 144  333
 145  334
 145  337
 146  338
 146  346
 147  347
 147  349
 148  350
 148  353
 149  354
 149  355
 150  356
 150  357
 154  361
 155  361
 159  365
 159  366
 162  369
 163  369
 164  368
 165  368
 168  365
 168  364
 169  363
 168  362
 168  360
 166  358
 166  357
 164  355
 164  354
 161  351
 161  350
 159  348
 159  347
 157  345
 157  344
 155  342
 155  341
 153  339
 153  338
 150  335
 150  334
 148  332
 148  331
 147  330
 147  329
 146  328
 146  327
 144  325
 144  323
 142  321
 142  319
 140  317
 140  314
 139  313
 139  311
 138  310
 138  292
 139  291
 139  290
 140  289
 140  288
 145  283
 146  283
 150  279
 150  265
 151  264
 151  262
 157  256
 158  256
 159  255
 160  255
 161  254
 162  254
 162  234
 164  232
 164  231
 165  230
 161  226
 161  225
 157  221
 157  220
 155  218
 155  216
 154  215
 154  214
 153  213
 153  196
 154  195
 162  195
 163  194
 166  194
 167  193
 169  193
 170  192
 171  192
 175  188
 175  187
 176  186
 176  184
 177  183
 177  181
 178  180
 178  179
 179  178
 179  177
 180  176
 180  174
 181  173
 181  170
 182  169
 182  167
 183  166
 183  163
 184  162
 184  161
 185  160
 185  159
 187  157
 187  155
 188  154
 188  150
 189  149
 189  144
 190  143
 190  140
 191  139
 191  137
 192  136
 192  131
 193  130
 193  124
 194  123
 194  120
 195  119
 195  117
 196  116
 196  112
 197  111
 197  110
 198  109
 198  107
 199  106
 199  105
 200  104
 200  103
 201  102
 201  100
 202   99
 202   98
 203   97
 203   96
 205   94
 205   93
 206   92
 206   91
 207   90
 207   89
 208   88
 208   87
 209   86
 209   85
 211   83
 211   81
 212   80
 212   79
 213   78
 213   77
 214   76
 214   74
 215   73
 212   70
 211   70
 210   69
 209   69
 208   68
 207   68
 206   67
 205   67
 202   64
 201   64
 199   62
 198   62
 197   61
 195   61
 194   60
 192   60
 191   59
 186   59
 185   58
