 178   98
 177   99
 174   99
 173  100
 171  100
 170  101
 168  101
 167  102
 166  102
 165  103
 164  103
 163  104
 161  104
 159  106
 157  106
 155  108
 154  108
 153  109
 152  109
 151  110
 150  110
 148  112
 147  112
 146  113
 145  113
 143  115
 142  115
 140  117
 139  117
 136  120
 135  120
 130  125
 129  125
 119  135
 118  135
 117  136
 117  137
 109  145
 109  146
 102  153
 102  154
  96  160
  96  161
  93  164
  93  165
  89  169
  89  170
  87  172
  87  173
  85  175
  85  176
  84  177
  84  178
  82  180
  82  181
  80  183
  80  184
  79  185
  79  186
  78  187
  78  188
  77  189
  77  190
  76  191
  76  262
  78  264
  80  264
  81  265
  81  267
  82  268
  82  269
  83  270
  83  272
  84  273
  84  276
  85  277
  85  279
  86  280
  86  282
  87  283
  87  284
  88  285
  88  287
  89  288
  89  289
  90  290
  90  294
  91  295
  91  297
  92  298
  92  300
  94  302
  94  303
 104  313
 105  313
 107  315
 108  315
 109  316
 110  316
 117  323
 118  323
 122  327
 122  328
 123  329
 124  329
 125  330
 126  330
 127  331
 128  331
 129  332
 132  332
 133  331
 136  331
 137  330
 140  330
 141  329
 143  329
 144  328
 145  328
 146  327
 147  327
 148  326
 149  326
 150  325
 150  324
 151  323
 151  322
 152  321
 152  317
 153  316
 153  313
 159  307
 159  294
 160  293
 160  292
 161  291
 161  290
 162  289
 162  288
 163  287
 163  275
 164  274
 164  271
 163  270
 163  265
 162  264
 162  260
 158  256
 157  256
 154  253
 153  253
 149  249
 148  249
 146  247
 145  247
 144  246
 144  232
 146  230
 148  230
 149  229
 154  229
 155  228
 156  228
 157  227
 158  227
 160  225
 161  225
 162  224
 162  222
 164  220
 164  217
 165  216
 165  215
 166  214
 166  212
 167  211
 167  210
 168  209
 168  208
 169  207
 169  206
 170  205
 170  203
 171  202
 171  194
 172  193
 172  191
 173  190
 173  188
 174  187
 174  176
 175  175
 175  174
 176  173
 176  172
 177  171
 177  165
 178  164
 178  158
 179  157
 179  155
 180  154
 180  153
 181  152
 181  149
 182  148
 182  145
 183  144
 183  143
 184  142
 184  141
 186  139
 186  138
 188  136
 188  134
 189  133
 189  132
 190  131
 190  130
 191  129
 191  128
 192  127
 192  126
 193  125
 193  124
 194  123
 194  121
 195  120
 195  118
 196  117
 196  115
 197  114
 197  109
 196  108
 196  107
 193  104
 192  104
 191  103
 190  103
 187  100
 186  100
 185   99
 184   99
 183   98
