 187   79
 186   80
 181   80
 180   81
 174   81
 173   82
 171   82
 170   83
 168   83
 167   84
 164   84
 163   85
 162   85
 161   86
 159   86
 158   87
 157   87
 156   88
 155   88
 154   89
 152   89
 151   90
 150   90
 149   91
 148   91
 147   92
 146   92
 145   93
 144   93
 143   94
 142   94
 141   95
 140   95
 139   96
 138   96
 136   98
 135   98
 134   99
 133   99
 132  100
 131  100
 129  102
 128  102
 127  103
 126  103
 124  105
 123  105
 122  106
 121  106
 119  108
 118  108
 116  110
 115  110
 112  113
 111  113
 108  116
 107  116
 104  119
 103  119
  97  125
  96  125
  87  134
  78  134
  78  135
  77  136
  77  138
  74  141
  74  142
  73  143
  73  144
  71  146
  71  147
  66  152
  66  153
  65  154
  64  154
  64  155
  63  156
  63  157
  62  158
  62  159
  59  162
  59  164
  58  165
  58  233
  59  234
  59  236
  61  238
  62  238
  65  241
  65  242
  66  243
  66  245
  67  246
  67  247
  68  248
  68  251
  69  252
  69  254
  70  255
  70  259
  71  260
  71  266
  72  267
  72  270
  73  271
  73  276
  74  277
  74  278
  75  279
  75  283
  76  284
  76  286
  77  287
  77  291
  78  292
  78  293
  79  294
  79  295
  80  296
  80  297
  81  298
  81  299
  82  300
  83  300
  84  301
  85  301
  88  304
  88  305
  92  309
  92  310
  93  311
  93  315
  94  316
  94  318
  99  323
 100  323
 101  324
 102  324
 103  325
 103  326
 106  329
 107  328
 121  328
 122  329
 123  329
 124  330
 127  330
 129  332
 129  334
 129  326
 132  323
 149  323
 144  318
 144  317
 143  316
 143  298
 144  297
 144  295
 145  294
 146  294
 147  293
 149  293
 150  292
 150  291
 149  290
 149  289
 148  288
 148  287
 147  286
 147  271
 150  268
 153  268
 154  267
 155  267
 156  266
 156  251
 157  250
 157  249
 159  247
 158  246
 158  245
 157  244
 157  242
 156  241
 156  240
 155  239
 155  237
 153  235
 153  234
 151  232
 151  231
 144  224
 144  210
 146  208
 151  208
 152  207
 153  207
 154  206
 155  206
 156  205
 157  205
 158  204
 159  204
 172  191
 172  189
 173  188
 173  186
 174  185
 174  183
 175  182
 175  181
 177  179
 177  178
 179  176
 179  165
 181  163
 181  162
 185  158
 185  157
 186  156
 186  145
 187  144
 187  143
 188  142
 188  141
 189  140
 189  139
 190  138
 190  137
 191  136
 191  134
 192  133
 192  130
 194  128
 194  127
 197  124
 197  123
 199  121
 199  120
 200  119
 200  118
 207  111
 207  110
 210  107
 210  106
 211  105
 211  104
 213  102
 213  101
 214  100
 214   99
 215   98
 215   97
 216   96
 215   95
 215   94
 213   92
 213   91
 211   89
 210   89
 209   88
 208   88
 207   87
 206   87
 203   84
 202   84
 201   83
 200   83
 199   82
 198   82
 197   81
 194   81
 193   80
 188   80
