 179  112
 178  113
 173  113
 172  114
 169  114
 168  115
 166  115
 165  116
 163  116
 162  117
 161  117
 160  118
 158  118
 157  119
 156  119
 155  120
 154  120
 153  121
 151  121
 150  122
 149  122
 147  124
 146  124
 145  125
 144  125
 143  126
 142  126
 140  128
 139  128
 138  129
 137  129
 136  130
 135  130
 133  132
 132  132
 131  133
 130  133
 128  135
 127  135
 125  137
 124  137
 121  140
 120  140
 118  142
 117  142
 114  145
 113  145
 106  152
 105  152
  77  180
  77  181
  70  188
  70  189
  67  192
  67  193
  66  194
  66  269
  67  270
  67  271
  69  273
  69  274
  71  276
  71  277
  73  279
  73  280
  75  282
  75  283
  77  285
  77  286
  80  289
  80  290
  84  294
  84  295
  86  297
  86  298
  88  300
  88  301
  90  303
  90  304
  98  312
  98  313
  99  313
 101  315
 102  315
 103  316
 104  316
 105  317
 110  317
 111  316
 114  316
 115  315
 117  315
 118  314
 120  314
 121  313
 122  313
 123  312
 124  312
 125  311
 126  311
 128  309
 129  309
 131  307
 132  307
 136  303
 137  303
 140  300
 140  299
 148  291
 148  290
 159  279
 159  278
 160  277
 160  276
 161  275
 161  273
 162  272
 162  270
 163  269
 163  268
 164  267
 164  266
 163  265
 163  264
 161  262
 161  261
 158  258
 158  257
 153  252
 153  251
 149  247
 149  233
 150  232
 157  232
 158  231
 163  231
 164  230
 167  230
 168  229
 170  229
 172  227
 173  227
 181  219
 181  218
 185  214
 185  213
 186  212
 186  211
 187  210
 187  209
 188  208
 188  207
 189  206
 189  205
 190  204
 190  203
 191  202
 191  201
 192  200
 192  199
 193  198
 193  197
 194  196
 194  194
 195  193
 195  192
 196  191
 196  188
 197  187
 197  186
 198  185
 198  183
 199  182
 199  180
 200  179
 200  176
 201  175
 201  172
 202  171
 202  170
 203  169
 203  166
 204  165
 204  164
 205  163
 205  159
 206  158
 206  157
 207  156
 207  149
 208  148
 208  138
 207  137
 207  131
 206  130
 206  129
 205  128
 205  126
 204  125
 204  124
 202  122
 202  121
 201  121
 200  120
 199  120
 197  118
 196  118
 193  115
 192  115
 191  114
 190  114
 189  113
 186  113
 185  112
