 181   44
 180   45
 177   45
 176   46
 172   46
 171   47
 168   47
 167   48
 165   48
 164   49
 162   49
 161   50
 160   50
 159   51
 158   51
 157   52
 156   52
 155   53
 154   53
 153   54
 151   54
 150   55
 149   55
 147   57
 146   57
 145   58
 144   58
 143   59
 142   59
 141   60
 140   60
 139   61
 138   61
 136   63
 135   63
 133   65
 132   65
 131   66
 130   66
 128   68
 127   68
 125   70
 124   70
 122   72
 121   72
 117   76
 116   76
 113   79
 112   79
 104   87
 103   87
  80  110
  80  111
  72  119
  69  119
  68  120
  66  120
  65  121
  64  121
  61  124
  61  125
  59  127
  59  128
  58  129
  58  130
  57  131
  57  132
  56  133
  56  134
  55  135
  55  136
  53  138
  53  140
  52  141
  52  243
  53  244
  53  246
  54  247
  54  248
  55  249
  55  250
  56  251
  56  252
  57  253
  57  255
  58  256
  58  257
  59  258
  59  259
  60  260
  60  262
  61  263
  61  264
  62  265
  62  266
  63  267
  63  268
  64  269
  64  271
  65  272
  65  273
  66  274
  66  275
  67  276
  67  277
  68  278
  68  279
  69  280
  69  281
  70  282
  70  283
  71  284
  71  285
  72  286
  72  287
  73  288
  73  290
  74  291
  74  292
  75  293
  75  294
  76  295
  76  296
  77  297
  77  300
  78  301
  78  302
  79  303
  79  304
  80  305
  80  306
  81  307
  81  308
  82  309
  82  310
  83  311
  83  312
  84  313
  84  315
  85  316
  85  317
  86  318
  86  319
  88  321
  88  322
  89  323
  89  324
  94  329
  95  329
 101  335
 102  335
 103  336
 104  336
 105  337
 107  337
 109  339
 109  340
 110  341
 110  343
 111  344
 111  345
 113  347
 113  348
 116  351
 117  351
 123  357
 124  357
 126  359
 127  359
 128  360
 129  360
 130  359
 131  359
 132  358
 133  358
 136  355
 136  354
 137  353
 137  352
 140  349
 157  349
 161  353
 162  353
 163  354
 164  354
 165  353
 165  352
 167  350
 182  350
 188  356
 188  357
 190  359
 190  360
 194  364
 194  365
 197  368
 197  369
 206  378
 207  378
 210  381
 211  381
 213  383
 214  382
 215  382
 216  381
 217  381
 220  378
 220  377
 221  376
 221  375
 222  374
 222  368
 221  367
 221  366
 220  365
 220  364
 214  358
 213  358
 210  355
 209  355
 207  353
 206  353
 204  351
 203  351
 202  350
 201  350
 199  348
 198  348
 197  347
 196  347
 195  346
 194  346
 192  344
 191  344
 190  343
 189  343
 188  342
 187  342
 185  340
 184  340
 181  337
 180  337
 173  330
 173  329
 171  327
 171  326
 170  325
 170  308
 171  307
 171  306
 172  305
 172  304
 174  302
 174  301
 173  300
 173  299
 170  296
 170  295
 168  293
 168  276
 172  272
 173  272
 173  270
 170  267
 170  251
 172  249
 173  249
 174  248
 169  243
 168  243
 167  242
 166  242
 160  236
 160  234
 159  233
 159  227
 158  226
 158  225
 157  224
 157  223
 153  219
 152  219
 150  217
 150  202
 151  201
 153  201
 154  200
 155  200
 156  199
 157  199
 164  192
 164  190
 166  188
 166  185
 167  184
 167  182
 168  181
 168  179
 169  178
 169  177
 170  176
 170  174
 171  173
 171  172
 172  171
 172  168
 173  167
 173  162
 174  161
 174  159
 175  158
 175  157
 176  156
 176  155
 177  154
 177  153
 178  152
 178  150
 179  149
 179  139
 180  138
 180  137
 181  136
 181  135
 182  134
 182  133
 183  132
 183  131
 184  130
 184  128
 185  127
 185  125
 186  124
 186  120
 187  119
 187  118
 188  117
 188  116
 190  114
 190  113
 191  112
 191  111
 192  110
 192  108
 193  107
 193  105
 194  104
 194  101
 195  100
 195   98
 196   97
 196   96
 197   95
 197   94
 198   93
 198   92
 199   91
 199   90
 200   89
 200   87
 201   86
 201   84
 202   83
 202   82
 203   81
 203   80
 204   79
 204   78
 205   77
 205   75
 206   74
 206   73
 207   72
 207   71
 208   70
 208   67
 209   66
 209   63
 210   62
 210   59
 209   58
 209   57
 208   56
 208   55
 205   52
 204   52
 203   51
 202   51
 201   50
 200   50
 198   48
 197   48
 196   47
 195   47
 194   46
 192   46
 191   45
 188   45
 187   44
