 162  110
 161  111
 158  111
 157  112
 155  112
 154  113
 152  113
 151  114
 150  114
 149  115
 148  115
 147  116
 146  116
 145  117
 144  117
 143  118
 142  118
 141  119
 140  119
 139  120
 138  120
 137  121
 136  121
 134  123
 133  123
 130  126
 129  126
 121  134
 120  134
 119  135
 118  135
 117  136
 117  137
 113  141
 112  141
 111  142
 110  142
 109  143
 108  143
 107  144
  94  144
  94  145
  93  146
  93  147
  91  149
  91  150
  89  152
  88  152
  85  155
  85  228
  87  230
  90  230
  91  231
  92  231
  93  232
  94  232
  95  233
  95  234
 101  240
 101  241
 104  244
 104  245
 107  248
 107  249
 108  250
 108  251
 109  252
 109  253
 110  254
 110  255
 112  257
 112  258
 113  259
 113  261
 121  269
 121  274
 122  275
 122  278
 124  280
 124  281
 125  281
 131  287
 150  287
 150  268
 152  266
 153  266
 152  265
 152  264
 151  263
 151  247
 152  246
 152  245
 153  244
 153  243
 154  242
 154  241
 155  240
 155  238
 156  237
 156  233
 157  232
 157  230
 158  229
 158  227
 157  226
 157  224
 154  221
 153  221
 152  220
 152  206
 154  204
 156  204
 157  203
 158  203
 159  202
 160  202
 162  200
 163  200
 164  199
 164  198
 166  196
 166  195
 167  194
 167  193
 168  192
 168  191
 169  190
 169  189
 170  188
 170  187
 171  186
 171  183
 172  182
 172  167
 173  166
 173  149
 174  148
 174  138
 175  137
 175  134
 176  133
 176  126
 177  125
 177  120
 176  119
 176  118
 173  115
 172  115
 170  113
 169  113
 168  112
 167  112
 166  111
 165  111
 164  110
