 171  107
 170  108
 168  108
 167  109
 163  109
 162  110
 160  110
 159  111
 157  111
 156  112
 154  112
 153  113
 152  113
 151  114
 149  114
 148  115
 146  115
 145  116
 144  116
 143  117
 141  117
 140  118
 139  118
 138  119
 136  119
 135  120
 134  120
 133  121
 132  121
 131  122
 130  122
 129  123
 128  123
 127  124
 126  124
 125  125
 124  125
 123  126
 122  126
 121  127
 120  127
 119  128
 118  128
 116  130
 115  130
 114  131
 113  131
 111  133
 110  133
 108  135
 107  135
 105  137
 104  137
 103  138
 102  138
  99  141
  98  141
  96  143
  95  143
  92  146
  91  146
  89  148
  88  148
  83  153
  82  153
  62  173
  62  174
  61  175
  61  257
  62  258
  62  259
  63  260
  63  261
  64  262
  64  265
  65  266
  65  267
  66  268
  66  271
  67  272
  67  273
  68  274
  68  276
  69  277
  69  278
  70  279
  70  281
  71  282
  71  283
  72  284
  72  285
  73  286
  73  288
  74  289
  74  290
  75  291
  75  292
  78  295
  78  296
  79  297
  80  297
  86  303
  86  308
  87  309
  87  310
  90  313
  91  313
  92  314
  93  314
  95  316
  95  318
  97  320
  97  319
  99  317
  99  316
 100  315
 110  315
 111  314
 112  314
 113  313
 113  312
 114  311
 114  308
 117  305
 124  305
 125  304
 126  304
 128  302
 128  291
 129  290
 130  290
 131  289
 133  289
 134  288
 135  288
 136  287
 136  286
 137  285
 137  276
 138  275
 138  274
 139  273
 141  273
 142  272
 143  272
 145  270
 145  260
 146  259
 146  258
 149  255
 144  250
 144  249
 143  248
 143  246
 142  245
 142  240
 140  238
 140  237
 139  236
 139  221
 140  220
 141  220
 142  219
 143  219
 144  218
 145  218
 146  217
 147  217
 155  209
 155  208
 156  207
 156  206
 157  205
 157  203
 158  202
 158  200
 159  199
 159  198
 160  197
 160  195
 162  193
 162  191
 164  189
 164  186
 165  185
 165  184
 166  183
 166  181
 168  179
 168  178
 169  177
 169  176
 170  175
 170  174
 171  173
 171  172
 173  170
 173  169
 174  168
 174  167
 177  164
 177  163
 182  158
 182  157
 188  151
 189  151
 199  141
 200  141
 207  134
 207  133
 209  131
 209  130
 211  128
 211  127
 212  126
 212  123
 211  122
 211  121
 210  120
 209  120
 207  118
 206  118
 204  116
 203  116
 201  114
 200  114
 198  112
 197  112
 196  111
 195  111
 194  110
 193  110
 192  109
 190  109
 189  108
 187  108
 186  107
