 173   76
 172   77
 167   77
 166   78
 164   78
 163   79
 161   79
 160   80
 158   80
 157   81
 156   81
 155   82
 153   82
 152   83
 151   83
 150   84
 149   84
 148   85
 147   85
 146   86
 145   86
 144   87
 143   87
 142   88
 141   88
 140   89
 139   89
 137   91
 136   91
 135   92
 134   92
 133   93
 132   93
 130   95
 129   95
 127   97
 126   97
 124   99
 123   99
 121  101
 120  101
 117  104
 116  104
 113  107
 112  107
 109  110
 108  110
 104  114
 103  114
  99  118
  98  118
  77  139
  77  140
  73  144
  72  144
  62  154
  62  155
  59  158
  59  159
  58  160
  58  247
  59  248
  59  251
  60  252
  60  258
  61  259
  61  265
  62  266
  62  268
  63  269
  63  276
  64  277
  64  279
  65  280
  65  284
  66  285
  66  286
  67  287
  67  288
  68  289
  68  290
  69  290
  72  293
  73  293
  75  295
  75  296
  77  298
  77  299
  79  301
  79  302
  80  303
  80  305
  81  306
  81  307
  82  308
  82  309
  83  310
  83  311
  86  314
  86  315
  87  315
  88  316
  89  316
  92  319
  92  320
  94  322
  94  323
  95  323
  96  322
 115  322
 118  319
 132  319
 135  322
 135  325
 136  326
 136  327
 137  328
 137  330
 138  331
 138  332
 139  333
 139  334
 140  335
 140  336
 146  342
 147  342
 153  348
 153  349
 154  350
 155  350
 157  352
 157  351
 156  350
 156  349
 154  347
 154  346
 152  344
 152  343
 150  341
 150  340
 146  336
 146  335
 144  333
 144  332
 141  329
 141  328
 139  326
 139  325
 137  323
 137  322
 135  320
 135  319
 133  317
 133  316
 132  315
 132  314
 131  313
 131  295
 132  294
 132  293
 134  291
 135  291
 136  290
 138  290
 139  289
 140  289
 141  288
 141  269
 143  267
 144  267
 145  266
 148  266
 149  265
 150  265
 151  264
 151  248
 152  247
 152  246
 154  244
 152  242
 152  241
 150  239
 150  238
 146  234
 146  233
 144  231
 144  229
 142  227
 142  226
 135  219
 134  219
 132  217
 131  217
 130  216
 130  202
 131  201
 150  201
 151  200
 153  200
 155  198
 156  198
 166  188
 166  187
 167  186
 167  185
 168  184
 168  183
 169  182
 169  180
 170  179
 170  178
 171  177
 171  176
 173  174
 173  173
 174  172
 174  168
 175  167
 175  164
 176  163
 176  162
 178  160
 178  159
 179  158
 179  157
 180  156
 180  154
 181  153
 181  151
 182  150
 182  149
 185  146
 185  145
 187  143
 187  142
 189  140
 189  139
 190  138
 190  137
 191  136
 191  135
 192  134
 192  133
 196  129
 196  128
 198  126
 198  124
 199  123
 199  122
 200  121
 200  120
 207  113
 207  112
 209  110
 209  109
 210  108
 210  107
 211  106
 211  105
 212  104
 212  103
 213  102
 213  101
 214  100
 214   99
 215   98
 215   93
 212   90
 211   90
 209   88
 208   88
 207   87
 206   87
 203   84
 202   84
 200   82
 199   82
 198   81
 197   81
 196   80
 195   80
 194   79
 192   79
 191   78
 190   78
 189   77
 185   77
 184   76
