 176  110
 175  111
 171  111
 170  112
 166  112
 165  113
 163  113
 162  114
 160  114
 159  115
 157  115
 156  116
 155  116
 154  117
 152  117
 151  118
 150  118
 148  120
 146  120
 145  121
 144  121
 143  122
 142  122
 141  123
 140  123
 139  124
 138  124
 137  125
 136  125
 135  126
 134  126
 133  127
 132  127
 130  129
 129  129
 128  130
 127  130
 126  131
 125  131
 124  132
 123  132
 120  135
 119  135
 118  136
 117  136
 114  139
 113  139
 110  142
 109  142
 106  145
 105  145
 100  150
  99  150
  77  172
  77  173
  75  175
  74  175
  73  176
  73  177
  67  183
  67  184
  66  185
  66  264
  67  265
  67  267
  68  268
  68  271
  69  272
  69  273
  70  274
  70  277
  71  278
  71  279
  72  280
  72  282
  73  283
  73  284
  74  285
  74  287
  75  288
  75  289
  76  290
  76  291
  77  292
  77  293
  78  294
  78  295
  79  296
  79  297
  82  300
  82  301
  86  305
  86  306
  96  316
  97  316
  98  317
  99  317
 100  318
 103  318
 104  317
 107  317
 108  316
 109  316
 111  314
 113  314
 114  313
 115  313
 117  311
 118  311
 119  310
 120  310
 121  309
 122  309
 127  304
 128  304
 129  303
 130  303
 131  302
 132  302
 134  300
 135  300
 138  297
 138  296
 139  295
 139  293
 140  292
 140  291
 141  290
 141  289
 142  288
 142  287
 146  283
 146  282
 148  280
 148  279
 149  278
 149  277
 150  276
 150  275
 151  274
 151  272
 152  271
 152  270
 153  269
 153  267
 154  266
 154  261
 153  260
 153  255
 152  254
 152  253
 151  252
 151  251
 149  249
 149  248
 144  243
 144  228
 145  227
 150  227
 151  226
 153  226
 154  225
 155  225
 156  224
 157  224
 159  222
 160  222
 167  215
 167  214
 169  212
 169  211
 170  210
 170  208
 171  207
 171  206
 172  205
 172  203
 173  202
 173  200
 174  199
 174  196
 175  195
 175  192
 176  191
 176  188
 177  187
 177  184
 178  183
 178  182
 179  181
 179  179
 181  177
 181  175
 183  173
 183  172
 184  171
 184  170
 185  169
 185  168
 186  167
 186  166
 188  164
 188  163
 194  157
 194  156
 199  151
 199  150
 201  148
 201  147
 202  146
 202  145
 203  144
 203  143
 204  142
 204  141
 205  140
 205  137
 206  136
 206  134
 207  133
 207  125
 206  124
 206  123
 201  118
 200  118
 199  117
 198  117
 195  114
 194  114
 193  113
 192  113
 191  112
 190  112
 189  111
 186  111
 185  110
