 167   92
 166   93
 164   93
 163   94
 160   94
 159   95
 158   95
 157   96
 155   96
 154   97
 152   97
 151   98
 150   98
 149   99
 148   99
 147  100
 146  100
 144  102
 143  102
 142  103
 141  103
 140  104
 139  104
 137  106
 136  106
 133  109
 132  109
 130  111
 129  111
 127  113
 126  113
 124  115
 123  115
 119  119
 118  119
 114  123
 113  123
 105  131
 104  131
 100  135
  84  135
  82  133
  81  133
  81  136
  80  137
  80  138
  79  139
  79  141
  78  142
  78  144
  77  145
  77  220
  78  221
  78  222
  79  223
  79  224
  83  228
  83  229
  84  230
  84  231
  85  232
  85  233
  86  234
  86  235
  87  236
  87  238
  88  239
  88  240
  90  242
  90  243
  92  245
  92  246
  93  247
  93  248
  94  249
  94  250
  98  254
  98  255
 101  258
 101  259
 104  262
 104  263
 105  264
 105  266
 106  267
 106  268
 107  269
 107  270
 109  272
 109  273
 110  274
 110  275
 112  277
 112  278
 114  280
 114  297
 113  298
 113  299
 114  300
 114  301
 117  304
 118  304
 127  313
 128  313
 129  312
 143  312
 144  313
 145  313
 147  315
 157  315
 157  314
 155  312
 155  310
 153  308
 153  288
 157  284
 157  265
 158  264
 158  263
 159  262
 159  260
 160  259
 160  258
 161  257
 161  255
 162  254
 162  253
 163  252
 163  249
 164  248
 164  247
 166  245
 166  244
 167  243
 167  242
 168  241
 168  240
 169  239
 169  238
 170  237
 170  236
 171  235
 171  234
 172  233
 172  226
 170  224
 170  223
 163  216
 163  202
 166  199
 167  199
 169  197
 170  197
 173  194
 174  194
 181  187
 181  186
 183  184
 183  183
 185  181
 185  179
 186  178
 186  177
 187  176
 187  174
 188  173
 188  168
 189  167
 189  161
 190  160
 190  153
 191  152
 191  143
 192  142
 192  132
 193  131
 193  128
 194  127
 194  123
 195  122
 195  121
 196  120
 196  116
 197  115
 197  107
 196  106
 196  104
 193  101
 192  101
 191  100
 190  100
 188   98
 187   98
 185   96
 184   96
 183   95
 182   95
 181   94
 180   94
 179   93
 177   93
 176   92
