 181  102
 180  103
 176  103
 175  104
 172  104
 171  105
 169  105
 168  106
 165  106
 164  107
 163  107
 162  108
 160  108
 159  109
 158  109
 157  110
 156  110
 155  111
 153  111
 152  112
 151  112
 150  113
 149  113
 148  114
 147  114
 145  116
 144  116
 143  117
 142  117
 141  118
 140  118
 138  120
 137  120
 136  121
 135  121
 133  123
 132  123
 130  125
 129  125
 127  127
 126  127
 123  130
 122  130
 119  133
 118  133
 116  135
 115  135
 112  138
 111  138
 107  142
 106  142
 101  147
 100  147
  94  153
  93  153
  83  163
  83  164
  76  171
  76  172
  72  176
  72  177
  70  179
  70  180
  68  182
  68  183
  67  184
  67  262
  68  263
  68  264
  69  265
  69  267
  70  268
  70  269
  72  271
  72  272
  73  273
  73  275
  74  276
  74  277
  75  278
  75  280
  76  281
  76  283
  77  284
  77  285
  78  286
  78  289
  79  290
  79  291
  80  292
  80  293
  81  294
  81  295
  83  297
  83  298
  93  308
  94  308
  98  312
  99  312
 100  313
 101  313
 103  315
 104  315
 105  316
 106  316
 108  318
 109  318
 110  319
 111  319
 112  320
 113  320
 116  323
 117  323
 119  325
 122  325
 123  324
 124  324
 125  323
 126  323
 127  322
 128  322
 130  320
 131  320
 132  319
 133  319
 135  317
 136  317
 138  315
 139  315
 140  314
 141  314
 143  312
 144  312
 146  310
 147  310
 148  309
 148  308
 153  303
 154  303
 157  300
 158  300
 160  298
 160  297
 161  296
 161  295
 162  294
 162  292
 163  291
 163  289
 165  287
 165  286
 167  284
 167  283
 168  282
 168  280
 169  279
 169  269
 167  267
 167  266
 166  265
 166  264
 165  263
 165  262
 155  252
 154  252
 152  250
 152  236
 154  234
 155  234
 156  233
 158  233
 160  231
 161  231
 164  228
 165  228
 175  218
 175  217
 177  215
 177  213
 178  212
 178  210
 179  209
 179  208
 180  207
 180  206
 181  205
 181  203
 182  202
 182  199
 183  198
 183  195
 184  194
 184  189
 185  188
 185  185
 186  184
 186  180
 187  179
 187  176
 188  175
 188  173
 189  172
 189  169
 190  168
 190  167
 191  166
 191  164
 193  162
 193  160
 194  159
 194  158
 195  157
 195  154
 196  153
 196  152
 197  151
 197  149
 199  147
 199  146
 200  145
 200  143
 201  142
 201  141
 202  140
 202  138
 203  137
 203  136
 204  135
 204  133
 205  132
 205  131
 206  130
 206  127
 207  126
 207  124
 208  123
 208  118
 207  117
 207  116
 206  115
 206  114
 205  113
 205  112
 203  110
 202  110
 200  108
 199  108
 197  106
 196  106
 194  104
 193  104
 192  103
 191  103
 190  102
