 178  106
 177  107
 175  107
 174  108
 171  108
 170  109
 168  109
 167  110
 166  110
 165  111
 164  111
 163  112
 162  112
 161  113
 159  113
 158  114
 157  114
 155  116
 154  116
 152  118
 151  118
 150  119
 149  119
 147  121
 146  121
 144  123
 143  123
 142  124
 141  124
 138  127
 137  127
 134  130
 133  130
 130  133
 129  133
 125  137
 124  137
 121  140
 120  140
 116  144
 115  144
 108  151
 106  151
 104  153
 103  153
 102  154
  97  154
  97  155
  96  156
  96  159
  95  160
  95  161
  94  162
  94  165
  93  166
  93  167
  92  168
  92  169
  91  170
  91  171
  88  174
  88  175
  86  177
  86  178
  84  180
  84  181
  83  182
  83  183
  79  187
  79  279
  80  280
  80  281
  85  286
  85  287
  87  289
  87  290
  88  291
  89  291
  93  295
  94  295
 100  301
 100  302
 102  304
 102  305
 105  308
 105  309
 116  320
 117  320
 118  321
 119  321
 120  322
 124  322
 125  323
 126  322
 127  322
 128  321
 130  321
 131  320
 132  320
 133  319
 134  319
 135  318
 136  318
 136  317
 137  316
 137  315
 138  314
 138  306
 142  302
 143  302
 146  299
 146  298
 147  297
 147  284
 148  283
 148  282
 151  279
 151  278
 152  277
 152  269
 153  268
 153  267
 154  266
 154  265
 155  264
 155  262
 156  261
 156  253
 152  249
 152  248
 151  247
 150  247
 148  245
 148  231
 150  229
 155  229
 156  228
 157  228
 163  222
 163  221
 165  219
 165  218
 167  216
 167  215
 170  212
 170  211
 171  210
 171  209
 172  208
 172  204
 173  203
 173  199
 174  198
 174  195
 175  194
 175  191
 176  190
 176  178
 177  177
 177  175
 178  174
 178  165
 179  164
 179  162
 180  161
 180  158
 181  157
 181  156
 182  155
 182  152
 183  151
 183  149
 184  148
 184  147
 185  146
 185  145
 186  144
 186  143
 187  142
 187  140
 188  139
 188  138
 189  137
 189  135
 190  134
 190  133
 191  132
 191  131
 192  130
 192  129
 193  128
 193  125
 194  124
 194  123
 195  122
 195  116
 194  115
 194  114
 191  111
 190  111
 187  108
 186  108
 185  107
 184  107
 183  106
