 185   78
 184   79
 182   79
 181   80
 179   80
 178   81
 176   81
 175   82
 174   82
 173   83
 171   83
 170   84
 169   84
 168   85
 167   85
 166   86
 165   86
 164   87
 162   87
 161   88
 160   88
 159   89
 158   89
 157   90
 156   90
 155   91
 154   91
 152   93
 150   93
 149   94
 148   94
 146   96
 145   96
 143   98
 142   98
 140  100
 139  100
 137  102
 136  102
 134  104
 133  104
 131  106
 130  106
 126  110
 125  110
 118  117
 117  117
 108  126
 107  126
  90  143
  89  143
  88  144
  85  144
  84  145
  83  145
  82  146
  82  147
  79  150
  79  151
  77  153
  77  154
  75  156
  75  157
  74  158
  74  159
  73  160
  73  161
  72  162
  72  165
  71  166
  71  289
  72  290
  72  291
  74  293
  74  294
  75  295
  75  296
  76  297
  76  299
  77  300
  77  301
  78  302
  78  303
  80  305
  80  306
  81  307
  81  308
  82  309
  82  310
  83  311
  83  312
  91  320
  91  321
  93  323
  93  325
  95  327
  95  330
  97  332
  97  333
  98  334
  98  335
 108  345
 109  345
 110  346
 111  346
 116  351
 117  350
 119  350
 120  349
 122  349
 123  348
 124  348
 127  345
 127  344
 128  343
 128  336
 129  335
 129  332
 130  331
 130  330
 139  321
 139  319
 140  318
 140  306
 141  305
 141  304
 142  303
 143  303
 147  299
 147  298
 148  297
 148  286
 151  283
 152  283
 154  281
 154  265
 149  260
 149  259
 146  256
 145  256
 135  246
 134  246
 133  245
 133  231
 134  230
 135  230
 136  229
 140  229
 141  228
 146  228
 147  227
 149  227
 150  226
 151  226
 155  222
 155  221
 156  220
 156  218
 157  217
 157  216
 158  215
 158  213
 160  211
 160  210
 161  209
 161  208
 164  205
 164  204
 166  202
 166  201
 167  200
 167  198
 168  197
 168  194
 169  193
 169  190
 170  189
 170  188
 171  187
 171  185
 172  184
 172  183
 173  182
 173  171
 174  170
 174  167
 175  166
 175  159
 176  158
 176  154
 177  153
 177  150
 178  149
 178  148
 179  147
 179  145
 180  144
 180  142
 181  141
 181  139
 182  138
 182  136
 183  135
 183  134
 184  133
 184  131
 186  129
 186  127
 188  125
 188  124
 189  123
 189  122
 191  120
 191  119
 192  118
 192  117
 193  116
 193  115
 194  114
 194  113
 195  112
 195  111
 196  110
 196  109
 197  108
 197  106
 198  105
 198  104
 199  103
 199  101
 200  100
 200   98
 201   97
 201   94
 202   93
 202   91
 203   90
 203   89
 202   88
 202   87
 201   86
 201   85
 200   84
 199   84
 198   83
 197   83
 195   81
 194   81
 192   79
 191   79
 190   78
