 174   71
 173   72
 167   72
 166   73
 163   73
 162   74
 160   74
 159   75
 156   75
 155   76
 154   76
 153   77
 150   77
 149   78
 148   78
 147   79
 146   79
 145   80
 143   80
 142   81
 141   81
 140   82
 139   82
 138   83
 137   83
 136   84
 135   84
 134   85
 133   85
 132   86
 131   86
 130   87
 129   87
 128   88
 127   88
 126   89
 125   89
 124   90
 123   90
 121   92
 120   92
 118   94
 117   94
 116   95
 115   95
 113   97
 112   97
 110   99
 109   99
 107  101
 106  101
 101  106
 100  106
  96  110
  95  110
  87  118
  86  118
  85  119
  84  119
  81  122
  80  122
  78  124
  78  125
  77  126
  77  128
  75  130
  75  131
  68  138
  68  139
  67  140
  67  141
  66  142
  66  143
  64  145
  64  146
  62  148
  62  149
  60  151
  60  152
  59  153
  59  234
  60  235
  60  236
  61  237
  61  240
  62  241
  62  243
  63  244
  63  248
  64  249
  64  250
  65  251
  65  254
  66  255
  66  257
  67  258
  67  260
  68  261
  68  263
  69  264
  69  266
  70  267
  70  270
  71  271
  71  273
  72  274
  72  278
  73  279
  73  280
  74  281
  74  285
  75  286
  75  287
  76  288
  76  289
  77  290
  77  292
  78  293
  78  294
  79  295
  79  297
  81  299
  81  300
  82  301
  82  302
  90  310
  91  310
  93  312
  94  312
  96  314
  96  315
 104  323
 105  323
 106  324
 107  324
 108  323
 111  323
 112  322
 120  322
 121  321
 124  321
 125  320
 127  320
 128  319
 144  319
 145  320
 146  320
 148  322
 148  323
 150  325
 150  326
 151  327
 151  328
 152  329
 152  330
 153  331
 153  332
 154  333
 154  335
 155  336
 155  338
 156  339
 156  340
 157  341
 157  342
 159  344
 159  345
 160  346
 160  347
 164  351
 165  351
 171  357
 174  354
 174  351
 172  349
 172  348
 170  346
 170  345
 168  343
 168  342
 159  333
 159  332
 150  323
 150  322
 148  320
 148  319
 146  317
 146  316
 144  314
 144  312
 142  310
 142  291
 143  290
 143  289
 144  288
 145  288
 147  286
 148  286
 150  284
 151  284
 152  283
 152  268
 153  267
 153  266
 158  261
 159  261
 161  259
 162  259
 161  258
 161  237
 162  236
 157  231
 157  230
 153  226
 153  224
 152  223
 152  221
 150  219
 150  204
 151  203
 154  203
 155  202
 161  202
 162  201
 165  201
 166  200
 167  200
 168  199
 169  199
 170  198
 171  198
 175  194
 175  193
 176  192
 176  191
 178  189
 178  187
 179  186
 179  185
 180  184
 180  182
 181  181
 181  179
 182  178
 182  176
 183  175
 183  173
 184  172
 184  171
 185  170
 185  168
 186  167
 186  166
 187  165
 187  161
 188  160
 188  154
 189  153
 189  150
 190  149
 190  148
 191  147
 191  145
 192  144
 192  133
 193  132
 193  130
 194  129
 194  127
 195  126
 195  124
 196  123
 196  120
 198  118
 198  117
 199  116
 199  115
 202  112
 202  111
 203  110
 203  109
 204  108
 204  107
 206  105
 206  104
 208  102
 208  101
 209  100
 209   99
 210   98
 210   97
 211   96
 211   95
 212   94
 212   93
 213   92
 213   90
 214   89
 214   86
 210   82
 209   82
 207   80
 206   80
 204   78
 203   78
 202   77
 201   77
 200   76
 199   76
 198   75
 197   75
 196   74
 195   74
 194   73
 193   73
 192   72
 188   72
 187   71
