 192   30
 191   31
 186   31
 185   32
 180   32
 179   33
 175   33
 174   34
 171   34
 170   35
 167   35
 166   36
 164   36
 163   37
 161   37
 160   38
 158   38
 157   39
 155   39
 154   40
 153   40
 152   41
 151   41
 150   42
 148   42
 147   43
 146   43
 145   44
 144   44
 143   45
 142   45
 141   46
 139   46
 138   47
 137   47
 136   48
 135   48
 134   49
 133   49
 132   50
 131   50
 129   52
 128   52
 127   53
 126   53
 125   54
 124   54
 123   55
 122   55
 121   56
 120   56
 119   57
 118   57
 116   59
 115   59
 114   60
 113   60
 111   62
 110   62
 109   63
 108   63
 106   65
 105   65
 103   67
 102   67
 100   69
  99   69
  97   71
  96   71
  94   73
  93   73
  90   76
  89   76
  84   81
  83   81
  76   88
  75   88
  71   92
  70   92
  57  105
  56  105
  52  109
  51  109
  44  116
  43  116
  38  121
  37  121
  31  127
  30  127
  29  128
  29  129
  28  130
  28  232
  29  233
  29  236
  30  237
  30  240
  31  241
  31  244
  32  245
  32  246
  33  247
  33  249
  34  250
  34  251
  35  252
  35  255
  36  256
  36  259
  37  260
  37  279
  36  280
  36  288
  35  289
  35  292
  36  293
  36  297
  37  298
  37  301
  38  302
  38  304
  40  306
  40  307
  47  314
  47  315
  50  318
  50  319
  51  320
  51  323
  52  324
  52  326
  53  327
  53  332
  54  333
  54  335
  55  336
  55  338
  56  339
  56  340
  65  349
  66  349
  69  352
  70  352
  71  353
  90  353
  94  357
  95  357
  97  359
  98  359
  98  358
 102  354
 122  354
 124  356
 124  357
 126  359
 126  361
 127  362
 127  363
 128  364
 128  366
 129  367
 129  369
 130  370
 130  371
 131  372
 131  376
 132  377
 132  378
 133  379
 133  382
 134  383
 134  384
 135  385
 135  387
 137  389
 137  390
 144  397
 145  397
 146  396
 146  395
 147  394
 147  390
 146  389
 146  385
 145  384
 145  383
 144  382
 144  380
 143  379
 143  378
 142  377
 142  375
 140  373
 140  372
 139  371
 139  370
 137  368
 137  367
 136  366
 136  365
 135  364
 135  363
 133  361
 133  359
 131  357
 131  355
 130  354
 130  353
 129  352
 129  329
 130  328
 130  327
 134  323
 135  323
 136  322
 137  322
 138  321
 139  321
 141  319
 142  319
 142  318
 144  316
 144  293
 145  292
 145  291
 147  289
 149  289
 150  288
 151  288
 152  287
 153  287
 155  285
 155  284
 156  283
 155  282
 155  266
 156  265
 156  262
 157  261
 157  260
 159  258
 159  255
 158  254
 158  253
 157  252
 157  249
 155  247
 155  245
 153  243
 153  241
 152  240
 152  239
 151  238
 151  236
 150  235
 150  234
 149  233
 149  232
 148  231
 148  229
 147  228
 147  227
 146  226
 146  225
 144  223
 144  222
 140  218
 140  217
 138  215
 137  215
 132  210
 132  196
 133  195
 151  195
 152  194
 153  194
 154  193
 155  193
 156  192
 157  192
 158  191
 159  191
 164  186
 165  186
 169  182
 170  182
 176  176
 176  175
 178  173
 178  171
 179  170
 179  168
 180  167
 180  165
 181  164
 181  162
 183  160
 183  158
 185  156
 185  153
 186  152
 186  149
 187  148
 187  144
 188  143
 188  142
 189  141
 189  140
 190  139
 190  138
 192  136
 192  135
 193  134
 193  133
 194  132
 194  131
 195  130
 195  128
 196  127
 196  125
 197  124
 197  123
 199  121
 199  120
 203  116
 203  115
 206  112
 206  111
 207  110
 207  109
 208  108
 208  107
 209  106
 209  104
 210  103
 210  102
 212  100
 212   99
 218   93
 218   92
 220   90
 220   89
 222   87
 222   86
 224   84
 224   83
 236   71
 236   70
 242   64
 242   63
 244   61
 244   60
 245   59
 245   58
 246   57
 246   51
 245   50
 245   49
 240   44
 239   44
 237   42
 236   42
 234   40
 233   40
 232   39
 231   39
 229   37
 228   37
 227   36
 226   36
 225   35
 223   35
 222   34
 221   34
 220   33
 218   33
 217   32
 213   32
 212   31
 208   31
 207   30
