 198   40
 197   41
 190   41
 189   42
 186   42
 185   43
 181   43
 180   44
 178   44
 177   45
 175   45
 174   46
 171   46
 170   47
 168   47
 167   48
 165   48
 164   49
 162   49
 161   50
 160   50
 159   51
 156   51
 155   52
 154   52
 153   53
 151   53
 150   54
 148   54
 147   55
 146   55
 145   56
 143   56
 142   57
 141   57
 140   58
 138   58
 137   59
 136   59
 135   60
 134   60
 133   61
 132   61
 131   62
 130   62
 129   63
 127   63
 125   65
 124   65
 123   66
 122   66
 121   67
 120   67
 119   68
 118   68
 117   69
 116   69
 115   70
 114   70
 112   72
 111   72
 110   73
 109   73
 107   75
 106   75
 105   76
 104   76
 102   78
 101   78
  99   80
  98   80
  97   81
  96   81
  94   83
  93   83
  90   86
  89   86
  86   89
  85   89
  83   91
  82   91
  80   93
  79   93
  77   95
  76   95
  73   98
  72   98
  69  101
  68  101
  64  105
  63  105
  54  114
  53  114
  49  118
  49  119
  45  123
  45  124
  41  128
  41  129
  36  134
  36  135
  34  137
  34  138
  32  140
  32  141
  31  142
  31  220
  32  221
  32  222
  33  223
  33  224
  34  225
  34  226
  36  228
  36  229
  38  231
  38  232
  41  235
  41  236
  43  238
  43  239
  46  242
  46  252
  47  253
  47  259
  48  260
  48  263
  49  264
  49  272
  50  273
  50  279
  51  280
  51  288
  52  289
  52  290
  53  291
  53  294
  54  295
  54  296
  55  297
  55  300
  56  301
  56  302
  57  303
  57  306
  58  307
  58  309
  60  311
  60  312
  62  314
  63  314
  64  315
  65  315
  66  316
  66  317
  67  318
  67  319
  70  322
  71  322
  72  323
  74  323
  77  326
  77  327
  78  328
  78  329
  79  330
  79  331
  80  332
  80  333
  81  334
  81  335
  82  336
  82  337
  84  339
  84  340
  99  355
 100  355
 101  356
 102  356
 103  357
 104  357
 105  358
 123  358
 127  362
 128  362
 129  361
 143  361
 146  364
 146  366
 147  367
 147  368
 148  369
 148  370
 149  371
 149  372
 151  374
 151  375
 157  381
 158  381
 163  386
 164  386
 165  387
 167  387
 168  386
 169  386
 171  384
 171  383
 172  382
 172  381
 173  380
 173  375
 174  374
 174  372
 173  371
 173  368
 172  367
 172  365
 171  364
 171  363
 169  361
 169  360
 166  357
 166  356
 162  352
 162  351
 160  349
 160  348
 155  343
 155  342
 153  340
 153  339
 151  337
 151  318
 153  316
 154  316
 155  315
 156  315
 160  311
 160  310
 161  309
 160  308
 160  307
 159  306
 159  305
 155  301
 155  300
 153  298
 153  297
 151  295
 151  275
 155  271
 155  270
 153  268
 153  267
 148  262
 148  247
 150  245
 147  242
 147  241
 145  239
 145  238
 140  233
 140  231
 139  230
 139  225
 138  224
 138  222
 135  219
 135  218
 128  211
 128  197
 129  196
 138  196
 139  195
 144  195
 145  194
 147  194
 148  193
 150  193
 151  192
 152  192
 155  189
 156  189
 157  188
 157  187
 162  182
 162  181
 164  179
 164  178
 165  177
 165  176
 172  169
 172  168
 173  167
 173  166
 174  165
 174  164
 175  163
 175  160
 176  159
 176  158
 177  157
 177  156
 179  154
 180  154
 183  151
 183  150
 185  148
 185  147
 186  146
 186  145
 187  144
 187  142
 188  141
 188  138
 190  136
 190  135
 195  130
 195  129
 196  128
 196  127
 197  126
 197  124
 198  123
 198  118
 201  115
 202  115
 210  107
 210  106
 212  104
 212  103
 213  102
 213  101
 217   97
 218   97
 225   90
 225   89
 227   87
 227   86
 231   82
 232   82
 237   77
 237   76
 238   75
 238   74
 239   73
 239   72
 240   71
 240   70
 241   69
 241   68
 242   67
 242   65
 243   64
 243   61
 242   60
 242   59
 241   58
 241   57
 234   50
 233   50
 231   48
 230   48
 228   46
 227   46
 226   45
 225   45
 224   44
 223   44
 222   43
 221   43
 220   42
 218   42
 217   41
 211   41
 210   40
