 181  103
 180  104
 176  104
 175  105
 172  105
 171  106
 169  106
 168  107
 166  107
 165  108
 163  108
 162  109
 161  109
 160  110
 158  110
 157  111
 156  111
 155  112
 154  112
 153  113
 152  113
 151  114
 150  114
 149  115
 148  115
 147  116
 146  116
 144  118
 143  118
 142  119
 141  119
 140  120
 139  120
 138  121
 137  121
 135  123
 134  123
 132  125
 131  125
 128  128
 127  128
 125  130
 124  130
 121  133
 120  133
 117  136
 116  136
 110  142
 109  142
 100  151
  99  151
  93  157
  93  158
  83  168
  83  169
  78  174
  78  175
  77  176
  77  177
  73  181
  73  182
  71  184
  71  185
  69  187
  69  188
  68  189
  68  266
  69  267
  69  268
  70  269
  71  269
  72  270
  72  273
  73  274
  73  276
  74  277
  74  278
  75  279
  75  282
  76  283
  76  284
  77  285
  77  286
  79  288
  79  289
  80  290
  80  291
  84  295
  84  296
  92  304
  93  304
  97  308
  98  308
 100  310
 101  310
 103  312
 104  312
 105  313
 106  313
 108  315
 109  315
 110  316
 111  316
 113  318
 114  318
 116  320
 117  320
 119  322
 120  322
 122  324
 123  324
 124  325
 125  325
 127  323
 128  323
 129  322
 131  322
 132  321
 133  321
 134  320
 135  320
 137  318
 138  318
 141  315
 142  315
 144  313
 145  313
 146  312
 147  312
 149  310
 150  310
 150  309
 154  305
 154  304
 157  301
 158  301
 159  300
 160  300
 161  299
 161  298
 163  296
 163  295
 164  294
 164  291
 165  290
 165  289
 166  288
 166  287
 169  284
 169  283
 170  282
 170  279
 171  278
 171  274
 172  273
 172  269
 170  267
 170  266
 169  265
 169  264
 168  263
 168  262
 158  252
 157  252
 155  250
 154  250
 153  249
 153  235
 155  233
 157  233
 159  231
 160  231
 162  229
 163  229
 171  221
 171  220
 174  217
 174  216
 175  215
 175  214
 176  213
 176  211
 177  210
 177  208
 178  207
 178  205
 179  204
 179  203
 180  202
 180  200
 181  199
 181  195
 182  194
 182  192
 183  191
 183  184
 184  183
 184  181
 185  180
 185  176
 186  175
 186  172
 187  171
 187  168
 188  167
 188  166
 189  165
 189  164
 190  163
 190  162
 191  161
 191  160
 192  159
 192  158
 193  157
 193  156
 194  155
 194  154
 195  153
 195  152
 196  151
 196  150
 197  149
 197  148
 198  147
 198  146
 199  145
 199  144
 200  143
 200  142
 201  141
 201  139
 202  138
 202  137
 203  136
 203  132
 204  131
 204  129
 205  128
 205  123
 206  122
 206  119
 205  118
 205  116
 204  115
 204  114
 202  112
 202  111
 201  110
 200  110
 198  108
 197  108
 195  106
 194  106
 193  105
 192  105
 191  104
 189  104
 188  103
