 175  108
 174  109
 172  109
 171  110
 169  110
 168  111
 167  111
 166  112
 164  112
 163  113
 162  113
 161  114
 160  114
 159  115
 158  115
 157  116
 156  116
 155  117
 154  117
 153  118
 152  118
 150  120
 149  120
 147  122
 146  122
 144  124
 143  124
 139  128
 138  128
 134  132
 133  132
 117  148
 117  149
 110  156
 110  157
 108  159
 108  160
 106  162
  91  162
  90  161
  90  155
  89  154
  87  154
  87  155
  86  156
  86  158
  85  159
  85  160
  84  161
  84  163
  83  164
  83  165
  82  166
  82  167
  81  168
  81  169
  80  170
  80  171
  78  173
  78  174
  77  175
  77  260
  79  262
  82  262
  83  263
  83  264
  84  265
  84  267
  87  270
  87  271
  89  273
  89  274
  91  276
  91  277
  93  279
  93  280
  94  281
  94  282
  95  283
  95  284
  97  286
  97  287
  98  288
  98  289
 101  292
 101  293
 104  296
 104  297
 112  305
 113  305
 126  318
 127  318
 129  320
 130  320
 131  319
 132  319
 134  317
 135  317
 139  313
 141  313
 142  312
 144  312
 145  311
 146  311
 148  309
 148  308
 149  307
 149  304
 150  303
 150  301
 153  298
 154  298
 156  296
 157  296
 157  295
 158  294
 158  293
 159  292
 159  279
 160  278
 160  277
 161  276
 161  275
 163  273
 163  271
 164  270
 164  263
 165  262
 165  260
 164  259
 164  256
 163  255
 163  254
 162  253
 162  251
 156  245
 156  230
 164  222
 164  221
 166  219
 166  218
 168  216
 168  214
 169  213
 169  210
 170  209
 170  205
 171  204
 171  200
 172  199
 172  197
 173  196
 173  178
 174  177
 174  172
 175  171
 175  164
 176  163
 176  161
 177  160
 177  157
 178  156
 178  155
 179  154
 179  153
 180  152
 180  151
 188  143
 188  142
 190  140
 190  139
 192  137
 192  135
 193  134
 193  133
 194  132
 194  131
 195  130
 195  127
 196  126
 196  125
 197  124
 197  120
 196  119
 196  118
 192  114
 191  114
 189  112
 188  112
 186  110
 185  110
 184  109
 182  109
 181  108
