 190   31
 189   32
 184   32
 183   33
 180   33
 179   34
 176   34
 175   35
 173   35
 172   36
 170   36
 169   37
 166   37
 165   38
 164   38
 163   39
 161   39
 160   40
 159   40
 158   41
 157   41
 156   42
 155   42
 154   43
 153   43
 152   44
 151   44
 150   45
 149   45
 148   46
 147   46
 146   47
 145   47
 144   48
 143   48
 141   50
 140   50
 139   51
 138   51
 136   53
 135   53
 134   54
 133   54
 131   56
 130   56
 128   58
 127   58
 124   61
 123   61
 121   63
 120   63
 118   65
 117   65
 114   68
 113   68
 111   70
 110   70
 105   75
 104   75
 100   79
  99   79
  94   84
  93   84
  81   96
  80   96
  75  101
  75  102
  61  116
  61  117
  57  121
  57  122
  54  125
  54  126
  52  128
  52  129
  50  131
  50  132
  48  134
  48  135
  46  137
  46  138
  45  139
  45  140
  44  141
  44  142
  43  143
  43  250
  44  251
  44  252
  45  253
  46  253
  47  254
  47  255
  48  256
  48  257
  50  259
  50  260
  51  261
  51  263
  52  264
  52  265
  53  266
  53  268
  54  269
  54  271
  55  272
  55  273
  56  274
  56  277
  57  278
  57  279
  58  280
  58  284
  59  285
  59  287
  60  288
  60  293
  61  294
  61  298
  62  299
  62  310
  63  311
  63  315
  64  316
  64  318
  65  319
  65  321
  66  322
  66  323
  67  324
  67  325
  68  326
  68  327
  73  332
  74  332
  78  336
  78  337
  80  339
  81  339
  82  340
  83  340
  86  343
  86  345
  87  346
  87  347
  88  348
  88  349
  91  352
  91  353
  93  355
  93  356
 108  371
 109  371
 111  373
 112  373
 113  374
 129  374
 130  375
 131  375
 132  376
 133  376
 134  377
 137  377
 139  375
 140  375
 142  373
 157  373
 158  374
 158  375
 161  378
 161  379
 166  384
 166  385
 167  386
 168  386
 176  394
 177  394
 179  396
 180  396
 181  397
 184  397
 185  396
 186  396
 187  395
 188  395
 191  392
 191  391
 192  390
 192  387
 191  386
 191  385
 190  384
 190  383
 189  382
 189  381
 180  372
 179  372
 173  366
 172  366
 169  363
 169  362
 165  358
 165  356
 164  355
 164  340
 165  339
 165  338
 170  333
 171  333
 172  332
 172  331
 173  330
 173  326
 172  325
 172  324
 171  323
 171  322
 169  320
 169  319
 168  318
 168  317
 167  316
 167  298
 168  297
 169  297
 172  294
 172  293
 171  292
 171  290
 168  287
 168  286
 167  285
 167  268
 168  267
 168  266
 165  263
 165  262
 160  257
 160  256
 156  252
 156  251
 155  250
 155  249
 154  248
 154  243
 153  242
 153  241
 149  237
 149  236
 146  233
 145  233
 137  225
 136  225
 133  222
 132  222
 130  220
 129  220
 128  219
 128  205
 129  204
 133  204
 134  203
 138  203
 139  202
 143  202
 144  201
 145  201
 146  200
 148  200
 149  199
 151  199
 152  198
 153  198
 155  196
 156  196
 159  193
 159  192
 160  191
 160  190
 161  189
 161  188
 162  187
 162  186
 163  185
 163  184
 164  183
 164  181
 165  180
 165  179
 166  178
 166  177
 167  176
 167  175
 169  173
 169  172
 171  170
 171  168
 172  167
 172  166
 173  165
 173  161
 174  160
 174  159
 175  158
 175  157
 176  156
 176  155
 178  153
 178  152
 179  151
 179  150
 180  149
 180  148
 181  147
 181  145
 182  144
 182  142
 183  141
 183  139
 184  138
 184  136
 186  134
 186  133
 188  131
 188  130
 190  128
 190  127
 191  126
 191  125
 192  124
 192  122
 193  121
 193  118
 194  117
 194  115
 195  114
 195  112
 197  110
 197  109
 200  106
 200  105
 202  103
 202  102
 203  101
 203  100
 204   99
 204   98
 205   97
 205   95
 206   94
 206   93
 207   92
 207   91
 210   88
 210   87
 214   83
 214   82
 216   80
 216   79
 217   78
 217   76
 218   75
 218   74
 219   73
 219   72
 222   69
 222   68
 224   66
 224   65
 225   64
 225   62
 227   60
 227   58
 228   57
 228   56
 229   55
 229   54
 230   53
 230   51
 231   50
 231   47
 230   46
 230   44
 229   43
 229   42
 227   40
 226   40
 225   39
 224   39
 223   38
 222   38
 221   37
 220   37
 218   35
 217   35
 216   34
 214   34
 213   33
 212   33
 211   32
 208   32
 207   31
