 201   38
 200   39
 192   39
 191   40
 184   40
 183   41
 180   41
 179   42
 175   42
 174   43
 171   43
 170   44
 167   44
 166   45
 164   45
 163   46
 160   46
 159   47
 157   47
 156   48
 154   48
 153   49
 151   49
 150   50
 149   50
 148   51
 145   51
 144   52
 143   52
 142   53
 140   53
 139   54
 137   54
 136   55
 135   55
 134   56
 132   56
 131   57
 130   57
 129   58
 128   58
 127   59
 126   59
 125   60
 123   60
 121   62
 120   62
 119   63
 118   63
 117   64
 116   64
 115   65
 114   65
 113   66
 112   66
 111   67
 110   67
 109   68
 108   68
 106   70
 105   70
 104   71
 103   71
 101   73
 100   73
  99   74
  98   74
  96   76
  95   76
  93   78
  92   78
  90   80
  89   80
  87   82
  86   82
  84   84
  83   84
  81   86
  80   86
  78   88
  77   88
  74   91
  73   91
  71   93
  70   93
  67   96
  66   96
  62  100
  61  100
  56  105
  55  105
  45  115
  44  115
  27  132
  27  134
  26  135
  26  224
  27  225
  27  227
  28  228
  28  229
  30  231
  30  232
  34  236
  34  237
  35  238
  35  249
  36  250
  36  255
  37  256
  37  258
  38  259
  38  263
  39  264
  39  267
  40  268
  40  277
  41  278
  41  281
  42  282
  42  286
  43  287
  43  288
  44  289
  44  291
  45  292
  45  293
  46  294
  46  296
  47  297
  47  298
  48  299
  48  302
  49  303
  49  309
  50  310
  50  311
  52  311
  53  312
  56  312
  57  313
  57  314
  58  315
  58  317
  60  319
  61  319
  62  320
  64  320
  65  321
  66  321
  68  323
  68  324
  70  326
  70  327
  71  328
  71  329
  76  334
  76  335
  80  339
  80  340
  83  343
  83  344
  88  349
  89  349
  90  350
  91  350
  93  352
  93  353
  98  358
  99  358
 100  359
 102  359
 103  360
 114  360
 117  363
 118  363
 120  365
 136  365
 137  366
 137  367
 138  368
 138  370
 140  372
 140  373
 148  381
 149  381
 155  387
 156  387
 157  388
 158  388
 159  389
 160  389
 162  387
 163  387
 166  384
 166  383
 168  381
 168  378
 169  377
 168  376
 168  371
 167  370
 167  368
 166  367
 166  366
 165  365
 165  364
 164  363
 164  362
 160  358
 160  357
 153  350
 153  349
 149  345
 149  344
 146  341
 146  340
 145  339
 145  338
 144  337
 144  321
 149  316
 150  316
 152  314
 153  314
 154  313
 154  312
 155  311
 155  310
 156  309
 155  308
 155  306
 154  305
 154  304
 153  303
 153  302
 151  300
 151  299
 149  297
 149  296
 148  295
 148  294
 147  293
 147  277
 148  276
 148  275
 151  272
 152  272
 153  271
 153  269
 152  268
 152  267
 149  264
 149  263
 146  260
 146  244
 147  243
 147  242
 144  239
 144  238
 142  236
 142  235
 139  232
 138  232
 134  228
 134  227
 133  226
 133  222
 132  221
 132  220
 129  217
 129  216
 124  211
 123  211
 120  208
 120  194
 121  193
 143  193
 144  192
 147  192
 148  191
 149  191
 150  190
 151  190
 160  181
 160  180
 173  167
 173  166
 174  165
 174  164
 175  163
 175  162
 176  161
 176  160
 177  159
 177  157
 183  151
 183  150
 186  147
 186  146
 188  144
 188  143
 189  142
 189  140
 190  139
 190  136
 192  134
 192  133
 197  128
 197  127
 199  125
 199  124
 200  123
 200  122
 201  121
 201  117
 202  116
 202  115
 207  110
 208  110
 210  108
 210  107
 215  102
 215  101
 217   99
 217   98
 222   93
 223   93
 232   84
 232   83
 236   79
 237   79
 240   76
 241   76
 242   75
 242   74
 243   73
 243   72
 245   70
 245   69
 246   68
 246   67
 247   66
 247   64
 248   63
 248   60
 247   59
 247   58
 246   57
 246   56
 239   49
 238   49
 237   48
 235   48
 234   47
 233   47
 231   45
 230   45
 229   44
 228   44
 227   43
 226   43
 225   42
 223   42
 222   41
 219   41
 218   40
 212   40
 211   39
 202   39
