 175   76
 174   77
 168   77
 167   78
 162   78
 161   79
 160   79
 159   80
 157   80
 156   81
 154   81
 153   82
 152   82
 151   83
 149   83
 148   84
 147   84
 146   85
 145   85
 144   86
 143   86
 142   87
 141   87
 140   88
 139   88
 138   89
 137   89
 136   90
 135   90
 133   92
 132   92
 131   93
 130   93
 129   94
 128   94
 127   95
 126   95
 124   97
 123   97
 120  100
 119  100
 117  102
 116  102
 114  104
 113  104
 110  107
 109  107
 105  111
 104  111
  96  119
  95  119
  88  126
  88  127
  83  132
  83  133
  79  137
  79  138
  75  142
  75  143
  73  145
  73  146
  70  149
  70  150
  68  152
  68  153
  67  154
  67  155
  66  156
  66  254
  67  255
  67  259
  68  260
  68  264
  69  265
  69  267
  70  268
  70  271
  71  272
  71  273
  72  274
  72  276
  73  277
  73  278
  74  279
  74  280
  77  283
  78  283
  81  286
  81  287
  87  293
  87  294
  90  297
  90  298
  91  298
  98  305
 100  303
 102  303
 103  302
 111  302
 112  301
 128  301
 130  303
 130  304
 131  305
 131  306
 133  308
 133  311
 134  312
 134  313
 135  314
 135  322
 136  323
 136  326
 137  327
 137  333
 138  334
 138  335
 139  336
 139  337
 142  340
 142  341
 143  341
 145  343
 146  343
 148  345
 148  346
 153  351
 154  350
 154  349
 157  346
 157  344
 158  343
 158  341
 157  340
 157  339
 154  336
 154  335
 148  329
 148  328
 146  326
 146  325
 144  323
 144  322
 142  320
 142  319
 141  318
 141  317
 139  315
 139  314
 137  312
 137  310
 135  308
 135  306
 134  305
 134  304
 133  303
 133  280
 135  278
 135  277
 141  271
 142  271
 143  270
 143  269
 144  268
 144  261
 145  260
 145  259
 146  258
 146  257
 148  255
 149  255
 154  250
 154  237
 155  236
 155  235
 157  233
 154  230
 154  229
 152  227
 152  226
 151  225
 151  224
 150  223
 150  214
 148  212
 148  198
 150  196
 159  196
 160  195
 162  195
 167  190
 167  189
 168  188
 168  187
 169  186
 169  185
 170  184
 170  183
 172  181
 172  180
 173  179
 173  178
 174  177
 174  175
 175  174
 175  172
 176  171
 176  166
 178  164
 178  163
 179  162
 179  160
 180  159
 180  154
 181  153
 181  151
 182  150
 182  147
 183  146
 183  138
 184  137
 184  136
 185  135
 185  133
 186  132
 186  130
 187  129
 187  126
 188  125
 188  124
 189  123
 189  121
 193  117
 193  115
 194  114
 194  112
 196  110
 196  109
 199  106
 199  105
 202  102
 202  101
 204   99
 204   98
 206   96
 206   94
 207   93
 207   90
 205   88
 204   88
 203   87
 202   87
 201   86
 200   86
 196   82
 195   82
 193   80
 191   80
 190   79
 189   79
 188   78
 186   78
 185   77
 181   77
 180   76
