 182  108
 181  109
 176  109
 175  110
 173  110
 172  111
 170  111
 169  112
 167  112
 166  113
 164  113
 163  114
 162  114
 161  115
 160  115
 159  116
 158  116
 157  117
 156  117
 155  118
 154  118
 153  119
 152  119
 151  120
 150  120
 149  121
 148  121
 147  122
 146  122
 145  123
 144  123
 142  125
 141  125
 140  126
 139  126
 136  129
 135  129
 133  131
 132  131
 131  132
 130  132
 127  135
 126  135
 123  138
 122  138
 116  144
 115  144
  96  163
  96  164
  92  168
  92  169
  88  173
  88  174
  85  177
  85  178
  81  182
  81  183
  78  186
  78  187
  76  189
  76  260
  80  264
  80  265
  81  266
  81  267
  84  270
  84  271
  85  272
  85  273
  87  275
  87  276
 104  293
 104  294
 108  298
 109  298
 113  302
 113  303
 116  306
 116  307
 117  308
 117  309
 118  310
 118  311
 121  314
 122  314
 124  316
 124  317
 126  319
 139  319
 140  318
 141  318
 142  317
 142  316
 143  315
 143  314
 146  311
 151  311
 152  310
 153  310
 154  309
 155  309
 156  308
 156  298
 160  294
 161  294
 163  292
 163  291
 164  290
 164  279
 165  278
 165  277
 168  274
 168  273
 169  272
 169  259
 170  258
 169  257
 169  256
 168  255
 168  251
 167  250
 167  248
 165  246
 165  245
 161  241
 160  241
 159  240
 159  225
 161  223
 162  223
 164  221
 165  221
 169  217
 169  216
 176  209
 176  208
 177  207
 177  206
 178  205
 178  201
 179  200
 179  198
 180  197
 180  193
 181  192
 181  189
 182  188
 182  161
 183  160
 183  158
 184  157
 184  155
 185  154
 185  153
 186  152
 186  150
 187  149
 187  148
 190  145
 190  144
 191  143
 191  142
 193  140
 193  139
 194  138
 194  136
 195  135
 195  133
 196  132
 196  131
 197  130
 197  125
 198  124
 198  118
 197  117
 197  116
 196  115
 196  114
 195  113
 194  113
 192  111
 191  111
 190  110
 189  110
 188  109
 187  109
 186  108
