 164   94
 163   95
 158   95
 157   96
 156   96
 155   97
 153   97
 152   98
 151   98
 150   99
 148   99
 147  100
 146  100
 145  101
 144  101
 143  102
 142  102
 141  103
 140  103
 139  104
 138  104
 137  105
 136  105
 135  106
 134  106
 132  108
 131  108
 129  110
 128  110
 126  112
 125  112
 120  117
 119  117
 115  121
 114  121
 106  129
 106  130
 103  133
 103  134
  99  138
  99  139
  95  143
  95  144
  93  146
  93  147
  90  150
  90  151
  88  153
  88  154
  84  158
  84  159
  83  160
  83  161
  81  163
  81  164
  80  165
  80  166
  79  167
  79  168
  77  170
  77  171
  76  172
  76  173
  75  174
  75  240
  76  241
  86  241
  87  242
  88  242
  94  248
  94  249
  95  250
  95  251
  97  253
  97  254
  99  256
  99  257
 100  258
 100  259
 101  260
 101  261
 104  264
 104  265
 114  275
 115  275
 120  280
 120  281
 122  283
 122  286
 124  288
 124  289
 126  291
 127  291
 129  293
 129  294
 132  297
 151  297
 151  296
 149  294
 149  275
 150  274
 150  273
 153  270
 153  269
 152  268
 152  251
 153  250
 153  249
 154  248
 154  247
 155  246
 155  245
 157  243
 157  242
 158  241
 158  239
 159  238
 159  232
 160  231
 160  229
 159  228
 159  227
 158  226
 158  225
 156  223
 156  222
 150  216
 150  202
 152  200
 154  200
 155  199
 156  199
 160  195
 160  194
 161  193
 161  192
 163  190
 163  188
 164  187
 164  186
 165  185
 165  183
 166  182
 166  176
 167  175
 167  173
 168  172
 168  167
 169  166
 169  158
 170  157
 170  144
 171  143
 171  138
 172  137
 172  128
 173  127
 173  123
 174  122
 174  115
 175  114
 175  107
 176  106
 176  104
 175  103
 175  102
 173  100
 173   99
 172   99
 170   97
 169   97
 168   96
 167   96
 166   95
 165   95
