 166   93
 165   94
 163   94
 162   95
 160   95
 159   96
 158   96
 157   97
 156   97
 155   98
 154   98
 153   99
 152   99
 150  101
 149  101
 148  102
 147  102
 144  105
 143  105
 134  114
 133  114
 133  115
 124  124
 124  125
 121  128
 121  129
 118  132
 118  133
 116  135
 116  136
 114  138
 114  139
 113  140
 113  141
 112  142
 112  143
 111  144
 111  145
 109  147
 109  148
 108  149
 108  150
 107  151
 107  152
 105  154
 105  155
 103  157
 103  158
 102  159
 102  160
 101  161
 101  162
  99  164
  99  166
  98  167
  98  168
  97  169
  97  170
  96  171
  96  172
  94  174
  94  175
  93  176
  93  177
  92  178
  92  180
  91  181
  91  182
  90  183
  90  184
  89  185
  89  186
  88  187
  88  250
  99  250
 108  259
 109  259
 112  262
 113  262
 116  265
 117  265
 121  269
 121  270
 122  271
 122  272
 123  273
 123  278
 124  279
 124  293
 125  294
 125  295
 129  299
 130  299
 134  303
 134  304
 135  304
 136  305
 146  305
 147  306
 147  307
 150  310
 151  310
 154  313
 154  314
 168  314
 167  313
 167  311
 166  310
 166  287
 167  286
 167  285
 170  282
 171  282
 171  280
 170  279
 170  260
 171  259
 171  258
 173  256
 173  243
 174  242
 173  241
 173  239
 172  238
 172  237
 171  236
 171  231
 170  230
 170  229
 169  228
 169  227
 168  226
 168  225
 164  221
 164  205
 174  195
 174  194
 175  193
 175  192
 176  191
 176  189
 177  188
 177  185
 178  184
 178  181
 177  180
 177  176
 176  175
 176  173
 175  172
 175  166
 174  165
 174  164
 173  163
 173  159
 172  158
 172  157
 171  156
 171  132
 172  131
 172  129
 173  128
 173  126
 174  125
 174  124
 175  123
 175  121
 176  120
 176  118
 177  117
 177  114
 178  113
 178  110
 179  109
 179  102
 178  101
 178  100
 177   99
 177   98
 175   96
 174   96
 172   94
 171   94
 170   93
