 178   92
 177   93
 175   93
 174   94
 173   94
 172   95
 170   95
 169   96
 168   96
 167   97
 166   97
 165   98
 164   98
 163   99
 162   99
 161  100
 160  100
 159  101
 158  101
 156  103
 155  103
 153  105
 152  105
 149  108
 148  108
 144  112
 143  112
 132  123
 131  123
 131  124
 123  132
 123  133
 118  138
 118  139
 115  142
 115  143
 111  147
  95  147
  94  146
  94  145
  93  144
  90  147
  90  148
  88  150
  88  151
  87  152
  87  154
  86  155
  86  156
  85  157
  85  159
  84  160
  84  162
  83  163
  83  165
  82  166
  82  167
  81  168
  81  170
  80  171
  80  174
  79  175
  79  270
  81  272
  82  272
  83  273
  83  274
  84  275
  84  276
  85  277
  85  278
  86  279
  86  280
  87  281
  87  282
  89  284
  89  285
  90  286
  90  287
  91  288
  91  289
  92  290
  92  291
  93  292
  93  293
  94  294
  94  296
  95  297
  95  299
  96  300
  96  303
  98  305
  98  306
 100  308
 101  308
 103  310
 103  311
 104  312
 105  312
 107  314
 108  314
 111  317
 112  317
 113  318
 114  318
 115  319
 116  319
 117  320
 118  320
 119  321
 120  321
 121  322
 122  322
 123  323
 124  323
 125  324
 126  324
 127  325
 128  325
 130  327
 131  327
 133  329
 134  329
 138  333
 139  333
 141  335
 142  335
 143  336
 144  336
 145  337
 148  337
 149  336
 150  336
 151  335
 152  335
 153  334
 155  334
 156  333
 159  333
 160  332
 162  332
 164  330
 165  330
 165  329
 166  328
 166  317
 171  312
 171  311
 172  310
 172  295
 173  294
 173  293
 176  290
 176  275
 174  273
 174  271
 173  270
 173  269
 172  268
 172  264
 171  263
 171  262
 170  261
 170  260
 164  254
 163  254
 162  253
 162  238
 164  236
 165  236
 166  235
 167  235
 172  230
 172  228
 174  226
 174  223
 175  222
 175  220
 176  219
 176  216
 177  215
 177  214
 178  213
 178  211
 179  210
 179  200
 180  199
 180  178
 181  177
 181  159
 182  158
 182  156
 183  155
 183  151
 184  150
 184  146
 185  145
 185  142
 187  140
 187  138
 189  136
 189  135
 190  134
 190  133
 191  132
 191  129
 192  128
 192  126
 193  125
 193  123
 194  122
 194  119
 195  118
 195  115
 196  114
 196  108
 195  107
 195  105
 194  104
 194  102
 193  101
 193  100
 192   99
 191   99
 190   98
 189   98
 188   97
 187   97
 184   94
 183   94
 182   93
 181   93
 180   92
