 176  113
 175  114
 172  114
 171  115
 169  115
 168  116
 166  116
 165  117
 164  117
 163  118
 161  118
 160  119
 159  119
 158  120
 157  120
 155  122
 154  122
 153  123
 152  123
 151  124
 150  124
 149  125
 148  125
 146  127
 145  127
 143  129
 142  129
 138  133
 137  133
 134  136
 133  136
 129  140
 128  140
 123  145
 122  145
 114  153
 113  153
 107  159
 105  159
 101  163
 100  163
  99  164
  99  165
  93  171
  93  172
  86  179
  86  180
  85  181
  85  182
  84  183
  84  275
  85  276
  85  278
  86  279
  86  280
  87  281
  87  283
  88  284
  88  285
  89  286
  89  288
  90  289
  90  290
  91  291
  91  292
  92  293
  92  294
  93  295
  93  296
  95  298
  95  300
  97  302
  97  303
  98  304
  98  305
 107  314
 108  314
 109  315
 112  315
 113  316
 114  315
 116  315
 117  314
 119  314
 120  313
 122  313
 123  312
 124  312
 126  310
 126  307
 127  306
 127  303
 128  302
 128  300
 130  298
 131  298
 132  297
 133  297
 136  294
 136  292
 137  291
 137  281
 142  276
 142  275
 143  274
 143  270
 149  264
 149  263
 150  262
 150  257
 148  255
 148  254
 145  251
 144  251
 139  246
 139  245
 136  242
 136  228
 137  227
 146  227
 147  226
 149  226
 150  225
 151  225
 152  224
 153  224
 159  218
 159  217
 162  214
 162  213
 165  210
 165  208
 166  207
 166  206
 167  205
 167  195
 168  194
 168  185
 169  184
 169  176
 170  175
 170  171
 171  170
 171  166
 172  165
 172  163
 173  162
 173  160
 174  159
 174  157
 176  155
 176  154
 177  153
 177  152
 178  151
 178  150
 179  149
 179  148
 181  146
 181  145
 182  144
 182  143
 184  141
 184  140
 185  139
 185  138
 186  137
 186  135
 187  134
 187  132
 188  131
 188  130
 189  129
 189  126
 190  125
 189  124
 189  123
 188  122
 188  121
 187  120
 186  120
 185  119
 184  119
 180  115
 179  115
 177  113
