 179    9
 178   10
 172   10
 171   11
 167   11
 166   12
 163   12
 162   13
 159   13
 158   14
 156   14
 155   15
 153   15
 152   16
 151   16
 150   17
 149   17
 148   18
 146   18
 145   19
 144   19
 143   20
 142   20
 141   21
 140   21
 139   22
 138   22
 137   23
 136   23
 135   24
 134   24
 132   26
 131   26
 130   27
 129   27
 128   28
 127   28
 126   29
 125   29
 123   31
 122   31
 121   32
 120   32
 118   34
 117   34
 115   36
 114   36
 113   37
 112   37
 110   39
 109   39
 107   41
 106   41
 103   44
 102   44
 100   46
  99   46
  97   48
  96   48
  93   51
  92   51
  89   54
  88   54
  85   57
  84   57
  79   62
  78   62
  75   65
  74   65
  72   67
  71   67
  67   71
  67   72
  62   77
  62   78
  56   84
  55   84
  32  107
  32  108
  31  109
  31  258
  32  259
  32  261
  33  262
  33  263
  34  264
  34  277
  35  278
  35  282
  36  283
  36  287
  37  288
  37  293
  38  294
  38  309
  39  310
  39  328
  41  330
  41  331
  42  332
  44  332
  45  333
  47  333
  48  334
  48  335
  49  336
  49  337
  50  338
  50  339
  51  340
  52  340
  53  341
  55  341
  56  342
  56  344
  57  345
  57  349
  58  350
  58  354
  59  355
  59  356
  61  358
  62  358
  64  360
  65  360
  68  363
  68  364
  72  368
  80  360
  99  360
 100  359
 118  359
 119  360
 120  360
 126  366
 126  367
 127  368
 127  370
 128  371
 128  373
 129  374
 129  375
 130  376
 130  382
 131  383
 131  385
 132  386
 132  395
 133  396
 133  397
 134  398
 134  401
 136  403
 136  404
 137  405
 137  406
 139  408
 140  408
 142  410
 143  410
 148  415
 148  416
 150  418
 151  417
 151  414
 150  413
 150  412
 149  411
 149  410
 148  409
 148  408
 147  407
 147  406
 145  404
 145  403
 144  402
 144  401
 143  400
 143  398
 142  397
 142  396
 141  395
 141  393
 140  392
 140  391
 139  390
 139  389
 138  388
 138  386
 137  385
 137  384
 136  383
 136  381
 135  380
 135  379
 134  378
 134  375
 133  374
 133  373
 132  372
 132  368
 131  367
 131  366
 130  365
 130  360
 129  359
 129  342
 130  341
 130  336
 131  335
 131  333
 133  331
 133  330
 135  328
 135  327
 137  325
 138  325
 139  324
 142  324
 143  323
 145  323
 146  322
 147  322
 148  321
 149  321
 150  320
 150  319
 151  318
 151  317
 152  316
 152  312
 151  311
 151  292
 152  291
 152  288
 153  287
 153  285
 154  284
 154  279
 156  277
 156  276
 157  275
 158  275
 159  274
 160  274
 161  273
 163  273
 164  272
 165  272
 166  271
 165  270
 165  251
 166  250
 166  248
 167  247
 167  243
 163  239
 163  236
 162  235
 162  232
 161  231
 161  230
 160  229
 160  228
 159  227
 159  225
 158  224
 158  221
 157  220
 157  219
 156  218
 156  215
 155  214
 155  213
 154  212
 154  208
 153  207
 153  205
 152  204
 152  202
 151  201
 151  200
 150  199
 150  198
 149  197
 149  196
 145  192
 145  178
 146  177
 165  177
 166  178
 174  178
 175  177
 178  177
 179  176
 180  176
 181  175
 182  175
 183  174
 184  174
 191  167
 191  166
 192  165
 192  164
 193  163
 193  161
 195  159
 195  158
 197  156
 197  155
 198  154
 198  153
 199  152
 199  149
 200  148
 200  147
 201  146
 201  145
 202  144
 202  143
 203  142
 203  141
 204  140
 204  138
 205  137
 205  134
 206  133
 206  128
 207  127
 207  125
 208  124
 208  122
 209  121
 209  120
 210  119
 210  118
 211  117
 211  115
 212  114
 212  110
 213  109
 213  105
 214  104
 214  101
 215  100
 215   99
 216   98
 216   96
 217   95
 217   92
 218   91
 218   90
 219   89
 219   86
 220   85
 220   84
 221   83
 221   81
 222   80
 222   79
 223   78
 223   74
 224   73
 224   69
 225   68
 225   66
 226   65
 226   64
 228   62
 228   61
 229   60
 229   59
 230   58
 230   57
 231   56
 231   55
 232   54
 232   53
 234   51
 234   50
 237   47
 237   46
 239   44
 239   43
 240   42
 240   40
 241   39
 241   35
 242   34
 242   33
 243   32
 242   31
 242   30
 240   28
 240   27
 239   26
 238   26
 235   23
 234   23
 233   22
 232   22
 231   21
 230   21
 229   20
 228   20
 226   18
 225   18
 224   17
 222   17
 221   16
 220   16
 219   15
 217   15
 216   14
 214   14
 213   13
 210   13
 209   12
 205   12
 204   11
 200   11
 199   10
 191   10
 190    9
