 173   63
 172   64
 166   64
 165   65
 163   65
 162   66
 158   66
 157   67
 155   67
 154   68
 152   68
 151   69
 148   69
 147   70
 146   70
 145   71
 143   71
 142   72
 140   72
 139   73
 138   73
 137   74
 136   74
 135   75
 134   75
 133   76
 131   76
 130   77
 129   77
 128   78
 127   78
 126   79
 125   79
 124   80
 123   80
 121   82
 120   82
 119   83
 118   83
 117   84
 116   84
 115   85
 114   85
 112   87
 111   87
 109   89
 108   89
 106   91
 105   91
 103   93
 102   93
  99   96
  98   96
  95   99
  94   99
  90  103
  89  103
  88  104
  87  104
  85  106
  84  106
  82  108
  81  108
  80  109
  80  110
  76  114
  76  115
  68  123
  68  124
  64  128
  64  129
  63  130
  63  131
  61  133
  61  134
  60  135
  60  136
  59  137
  59  138
  58  139
  58  140
  57  141
  57  142
  56  143
  56  223
  57  224
  57  226
  58  227
  58  229
  59  230
  59  231
  60  232
  60  236
  61  237
  61  238
  62  239
  62  243
  63  244
  63  246
  64  247
  64  252
  65  253
  65  255
  66  256
  66  260
  67  261
  67  264
  68  265
  68  268
  69  269
  69  274
  70  275
  70  278
  71  279
  71  283
  72  284
  72  285
  73  286
  73  289
  74  290
  74  291
  75  292
  75  295
  76  296
  76  297
  78  299
  78  300
  85  307
  86  307
  87  308
  88  308
  90  310
  90  311
  91  312
  91  313
  92  314
  92  315
  94  317
  94  318
  97  321
  98  321
 100  323
 100  324
 101  325
 105  325
 106  324
 124  324
 125  323
 142  323
 144  325
 144  326
 145  327
 145  328
 147  330
 147  332
 148  333
 148  334
 149  335
 149  337
 150  338
 150  339
 151  340
 151  343
 152  344
 152  346
 153  347
 153  352
 154  353
 154  354
 155  355
 155  356
 162  363
 163  363
 164  364
 165  364
 166  363
 167  363
 167  362
 169  360
 169  359
 168  358
 168  356
 164  352
 164  351
 158  345
 158  344
 155  341
 155  340
 153  338
 153  337
 151  335
 151  334
 149  332
 149  331
 148  330
 148  329
 147  328
 147  327
 145  325
 145  323
 144  322
 144  321
 143  320
 143  298
 144  297
 144  296
 145  295
 145  294
 147  292
 148  292
 149  291
 150  291
 153  288
 153  270
 156  267
 157  267
 158  266
 159  266
 160  265
 161  265
 162  264
 163  264
 164  263
 164  248
 165  247
 165  246
 167  244
 167  243
 168  242
 168  240
 166  238
 166  237
 162  233
 162  231
 160  229
 160  226
 158  224
 158  223
 157  222
 157  221
 143  207
 142  207
 141  206
 141  192
 142  191
 160  191
 161  190
 165  190
 166  189
 168  189
 169  188
 170  188
 175  183
 175  182
 177  180
 177  178
 179  176
 179  175
 181  173
 181  172
 182  171
 182  170
 183  169
 183  167
 184  166
 184  164
 185  163
 185  160
 186  159
 186  157
 187  156
 187  155
 188  154
 188  153
 189  152
 189  150
 190  149
 190  140
 191  139
 191  135
 192  134
 192  129
 193  128
 193  127
 194  126
 194  123
 195  122
 195  117
 196  116
 196  111
 197  110
 197  108
 199  106
 199  105
 201  103
 201  102
 203  100
 203   99
 205   97
 205   96
 215   86
 215   85
 216   84
 216   82
 217   81
 217   80
 216   79
 216   78
 215   77
 215   76
 211   72
 210   72
 208   70
 207   70
 206   69
 205   69
 204   68
 203   68
 202   67
 201   67
 200   66
 199   66
 198   65
 196   65
 195   64
 191   64
 190   63
