 185   91
 184   92
 180   92
 179   93
 176   93
 175   94
 173   94
 172   95
 170   95
 169   96
 168   96
 167   97
 165   97
 164   98
 162   98
 161   99
 160   99
 159  100
 158  100
 157  101
 156  101
 155  102
 153  102
 152  103
 151  103
 150  104
 149  104
 148  105
 147  105
 146  106
 145  106
 144  107
 143  107
 142  108
 141  108
 140  109
 139  109
 137  111
 136  111
 135  112
 134  112
 133  113
 132  113
 130  115
 129  115
 127  117
 126  117
 124  119
 123  119
 119  123
 118  123
 115  126
 114  126
 111  129
 110  129
 104  135
 103  135
  95  143
  95  144
  89  150
  89  151
  82  158
  82  159
  77  164
  76  164
  76  165
  75  166
  75  167
  74  168
  74  169
  72  171
  72  172
  70  174
  70  175
  66  179
  66  180
  65  181
  65  269
  66  270
  66  271
  67  272
  68  272
  71  275
  71  276
  72  277
  72  278
  73  279
  73  282
  74  283
  74  285
  75  286
  75  288
  76  289
  76  290
  77  291
  77  293
  78  294
  78  295
  79  296
  79  297
  80  298
  80  299
  82  301
  82  302
  84  304
  84  305
  86  307
  86  308
  93  315
  94  315
  96  317
  96  318
  98  320
  98  321
  99  322
  99  323
 100  324
 100  325
 101  326
 102  326
 104  328
 105  328
 110  333
 110  334
 112  336
 113  336
 114  337
 115  337
 116  338
 123  338
 124  337
 125  337
 126  336
 127  336
 128  335
 129  335
 131  333
 133  333
 134  332
 137  332
 138  331
 142  331
 143  330
 144  330
 146  328
 147  328
 148  327
 148  326
 152  322
 152  321
 156  317
 157  317
 159  315
 160  315
 161  314
 162  314
 164  312
 164  303
 165  302
 165  298
 166  297
 166  296
 174  288
 174  287
 175  286
 175  274
 176  273
 175  272
 175  270
 173  268
 173  267
 172  266
 172  265
 171  264
 171  263
 170  262
 170  261
 169  260
 169  259
 161  251
 160  251
 157  248
 156  248
 155  247
 155  233
 156  232
 158  232
 159  231
 161  231
 162  230
 163  230
 164  229
 165  229
 167  227
 168  227
 171  224
 172  224
 177  219
 178  219
 179  218
 179  217
 183  213
 183  212
 184  211
 184  210
 186  208
 186  207
 187  206
 187  205
 188  204
 188  203
 189  202
 189  201
 190  200
 190  198
 191  197
 191  195
 192  194
 192  188
 193  187
 193  185
 194  184
 194  182
 195  181
 195  179
 196  178
 196  174
 197  173
 197  164
 198  163
 198  162
 199  161
 199  160
 200  159
 200  158
 201  157
 201  155
 202  154
 202  153
 203  152
 203  148
 204  147
 204  145
 205  144
 205  142
 206  141
 206  140
 207  139
 207  136
 208  135
 208  125
 209  124
 209  114
 208  113
 208  110
 207  109
 207  108
 206  107
 206  106
 205  105
 205  104
 204  103
 204  102
 202  100
 202   99
 201   99
 199   97
 198   97
 197   96
 196   96
 194   94
 193   94
 192   93
 191   93
 190   92
 187   92
 186   91
