 176   84
 175   85
 169   85
 168   86
 164   86
 163   87
 160   87
 159   88
 156   88
 155   89
 153   89
 152   90
 151   90
 150   91
 148   91
 147   92
 145   92
 144   93
 143   93
 142   94
 141   94
 140   95
 139   95
 138   96
 136   96
 135   97
 134   97
 133   98
 132   98
 130  100
 129  100
 128  101
 127  101
 125  103
 124  103
 123  104
 122  104
 120  106
 119  106
 118  107
 107  107
 105  109
 105  110
 103  112
 103  113
 102  114
 102  115
 101  116
 101  117
  96  122
  96  123
  90  129
  89  129
  83  135
  83  136
  81  138
  81  139
  75  145
  75  146
  72  149
  72  150
  71  151
  70  151
  69  152
  68  152
  68  228
  69  229
  69  234
  70  235
  70  239
  71  240
  71  243
  72  244
  72  250
  73  251
  73  253
  74  254
  74  261
  75  262
  75  265
  76  266
  76  274
  77  275
  77  278
  78  279
  78  285
  79  286
  79  287
  80  288
  80  290
  81  291
  81  292
  82  293
  83  293
  87  297
  87  298
  89  300
  90  300
  92  302
  92  304
  93  305
  93  307
  94  308
  94  309
  95  310
  96  310
 103  317
 105  315
 106  315
 109  312
 122  312
 123  311
 141  311
 142  312
 142  328
 143  329
 143  331
 144  332
 144  333
 153  342
 154  342
 156  340
 156  339
 157  338
 156  337
 156  334
 155  333
 155  332
 154  331
 154  329
 153  328
 153  327
 152  326
 152  324
 151  323
 151  322
 150  321
 150  318
 149  317
 149  293
 150  292
 150  285
 151  284
 151  283
 153  281
 154  281
 157  278
 157  277
 158  276
 157  275
 157  256
 161  252
 162  252
 164  250
 164  248
 163  247
 163  226
 162  225
 162  224
 161  223
 161  222
 158  219
 158  218
 156  216
 156  215
 155  214
 155  213
 154  212
 154  197
 155  196
 159  196
 160  195
 162  195
 163  194
 165  194
 166  193
 167  193
 168  192
 169  192
 172  189
 173  189
 181  181
 181  180
 182  179
 182  177
 183  176
 183  175
 184  174
 184  173
 185  172
 185  171
 187  169
 187  168
 188  167
 188  164
 189  163
 189  159
 190  158
 190  157
 191  156
 191  155
 193  153
 193  142
 194  141
 194  139
 195  138
 195  137
 196  136
 196  133
 197  132
 197  124
 198  123
 198  120
 199  119
 199  116
 201  114
 201  113
 203  111
 203  110
 204  109
 204  108
 205  107
 205  106
 206  105
 206  100
 205   99
 205   97
 204   96
 204   95
 201   92
 200   92
 198   90
 197   90
 196   89
 195   89
 194   88
 192   88
 191   87
 190   87
 189   86
 186   86
 185   85
 181   85
 180   84
