 178   86
 177   87
 171   87
 170   88
 167   88
 166   89
 165   89
 164   90
 161   90
 160   91
 159   91
 158   92
 156   92
 155   93
 154   93
 153   94
 152   94
 151   95
 150   95
 149   96
 148   96
 147   97
 146   97
 145   98
 144   98
 143   99
 142   99
 141  100
 140  100
 138  102
 137  102
 135  104
 134  104
 132  106
 131  106
 129  108
 128  108
 126  110
 125  110
 122  113
 121  113
 118  116
 117  116
 112  121
 111  121
 108  124
 107  124
 104  127
 104  128
  98  134
  97  134
  82  149
  82  150
  79  153
  79  154
  77  156
  77  157
  76  158
  75  158
  73  160
  73  239
  74  240
  74  241
  75  242
  75  246
  76  247
  76  248
  77  249
  77  252
  78  253
  78  254
  79  255
  79  258
  80  259
  80  260
  81  261
  81  263
  82  264
  82  266
  83  267
  83  268
  84  269
  84  271
  85  272
  85  273
  86  274
  86  276
  87  277
  87  278
  88  279
  88  281
  89  282
  89  283
  90  284
  90  286
  94  290
  95  290
 100  295
 100  296
 101  296
 105  300
 105  302
 109  306
 110  306
 114  310
 114  311
 117  314
 120  311
 121  311
 122  310
 136  310
 137  311
 138  311
 139  312
 150  312
 151  313
 151  314
 152  315
 152  317
 153  318
 153  321
 154  322
 154  324
 155  325
 155  326
 157  328
 157  329
 161  333
 162  333
 170  341
 171  341
 173  339
 173  338
 174  337
 174  335
 173  334
 173  333
 168  328
 168  327
 155  314
 155  313
 153  311
 153  310
 151  308
 151  306
 150  305
 150  304
 149  303
 149  286
 150  285
 150  284
 151  283
 151  282
 152  281
 153  281
 154  280
 155  280
 156  279
 157  279
 158  278
 158  277
 157  276
 157  258
 160  255
 161  255
 162  254
 162  235
 164  233
 160  229
 160  228
 159  227
 159  226
 158  225
 158  222
 157  221
 157  219
 156  218
 156  217
 155  216
 155  215
 152  212
 151  212
 150  211
 150  196
 151  195
 155  195
 156  194
 159  194
 160  193
 162  193
 163  192
 164  192
 166  190
 167  190
 171  186
 171  185
 173  183
 173  182
 175  180
 175  179
 177  177
 177  175
 178  174
 178  172
 179  171
 179  169
 181  167
 181  166
 182  165
 182  164
 183  163
 183  160
 184  159
 184  154
 185  153
 185  152
 186  151
 186  149
 187  148
 187  146
 188  145
 188  141
 189  140
 189  139
 190  138
 190  137
 191  136
 191  135
 192  134
 192  131
 193  130
 193  129
 195  127
 195  126
 196  125
 196  124
 197  123
 197  121
 198  120
 198  119
 199  118
 199  114
 200  113
 200  111
 201  110
 201  100
 200   99
 200   98
 198   96
 197   96
 195   94
 194   94
 193   93
 192   93
 189   90
 188   90
 187   89
 186   89
 185   88
 183   88
 182   87
 179   87
