 170   84
 169   85
 162   85
 161   86
 158   86
 157   87
 153   87
 152   88
 150   88
 149   89
 147   89
 146   90
 144   90
 143   91
 141   91
 140   92
 139   92
 138   93
 136   93
 135   94
 134   94
 133   95
 132   95
 131   96
 130   96
 129   97
 127   97
 125   99
 124   99
 123  100
 122  100
 121  101
 120  101
 119  102
 118  102
 116  104
 115  104
 113  106
 112  106
 111  107
 110  107
 107  110
 106  110
 103  113
 102  113
  96  119
  95  119
  91  123
  90  123
  80  133
  80  134
  73  141
  73  142
  72  143
  72  144
  71  145
  71  146
  70  147
  70  269
  71  270
  71  274
  72  275
  72  277
  73  278
  73  280
  74  281
  74  282
  76  284
  77  284
  82  289
  82  291
  83  292
  83  295
  84  296
  84  300
  93  309
  94  308
 112  308
 113  309
 122  309
 123  310
 123  324
 122  325
 122  327
 121  328
 121  331
 124  334
 124  335
 126  337
 127  337
 132  342
 134  342
 138  338
 138  337
 139  336
 138  335
 138  332
 136  330
 136  326
 134  324
 134  297
 136  295
 136  293
 138  291
 138  290
 141  287
 142  287
 147  282
 147  281
 148  280
 148  279
 149  278
 149  272
 151  270
 151  269
 153  267
 153  266
 156  263
 158  263
 159  262
 160  262
 162  260
 163  260
 164  259
 164  244
 165  243
 165  240
 166  239
 166  237
 167  236
 167  235
 168  234
 168  232
 167  231
 167  230
 166  229
 166  227
 165  226
 165  225
 164  224
 164  222
 162  220
 162  217
 161  216
 161  215
 160  214
 160  212
 159  211
 159  196
 160  195
 161  195
 162  194
 163  194
 173  184
 173  183
 175  181
 175  175
 177  173
 177  172
 179  170
 179  161
 180  160
 180  158
 181  157
 181  156
 182  155
 182  152
 183  151
 183  147
 184  146
 184  143
 185  142
 185  141
 186  140
 186  139
 187  138
 187  136
 188  135
 188  132
 189  131
 189  130
 190  129
 190  127
 192  125
 192  123
 193  122
 193  121
 194  120
 194  119
 195  118
 195  117
 199  113
 199  112
 200  111
 200  110
 201  109
 201  108
 202  107
 202  106
 203  105
 203   99
 199   95
 198   95
 196   93
 195   93
 194   92
 193   92
 192   91
 191   91
 189   89
 187   89
 186   88
 185   88
 184   87
 181   87
 180   86
 178   86
 177   85
 171   85
