 175   85
 174   86
 169   86
 168   87
 163   87
 162   88
 159   88
 158   89
 155   89
 154   90
 152   90
 151   91
 149   91
 148   92
 146   92
 145   93
 143   93
 142   94
 141   94
 140   95
 138   95
 137   96
 136   96
 135   97
 134   97
 133   98
 132   98
 131   99
 130   99
 129  100
 128  100
 127  101
 126  101
 125  102
 124  102
 123  103
 122  103
 121  104
 120  104
 119  105
 118  105
 116  107
 115  107
 113  109
 112  109
 110  111
 109  111
 107  113
 106  113
 103  116
 102  116
  99  119
  98  119
  93  124
  92  124
  65  151
  65  152
  64  153
  64  237
  65  238
  65  242
  66  243
  66  246
  67  247
  67  250
  68  251
  68  254
  69  255
  69  257
  70  258
  70  261
  71  262
  71  263
  72  264
  72  267
  73  268
  73  269
  75  271
  75  272
  76  273
  76  274
  77  275
  77  276
  79  278
  79  279
  80  279
  83  282
  83  283
  84  284
  84  285
  86  287
  86  288
  87  288
  90  291
  90  292
  91  293
  91  296
  92  297
  92  298
  93  298
  94  299
  95  299
  96  300
  96  301
  97  300
  99  300
 100  299
 126  299
 127  300
 127  301
 128  302
 128  303
 129  304
 129  305
 130  306
 130  307
 131  308
 131  309
 132  310
 132  311
 133  312
 133  317
 134  318
 134  319
 135  320
 135  324
 136  325
 136  326
 137  327
 137  329
 140  332
 140  333
 142  335
 143  335
 147  339
 147  340
 148  340
 150  342
 151  342
 154  339
 154  337
 150  333
 150  331
 146  327
 146  326
 144  324
 144  323
 142  321
 142  320
 141  319
 141  318
 139  316
 139  314
 137  312
 137  310
 135  308
 135  305
 134  304
 134  303
 133  302
 133  280
 134  279
 134  278
 140  272
 141  272
 142  271
 142  270
 144  268
 144  267
 145  266
 145  258
 154  249
 154  236
 155  235
 155  234
 153  232
 153  231
 150  228
 150  224
 149  223
 149  220
 148  219
 148  218
 145  215
 145  201
 146  200
 154  200
 155  199
 157  199
 158  198
 159  198
 161  196
 162  196
 163  195
 163  194
 167  190
 167  189
 170  186
 170  185
 171  184
 171  183
 172  182
 172  180
 173  179
 173  178
 174  177
 174  175
 175  174
 175  173
 176  172
 176  171
 177  170
 177  168
 178  167
 178  161
 179  160
 179  159
 180  158
 180  156
 181  155
 181  154
 182  153
 182  151
 183  150
 183  147
 184  146
 184  144
 185  143
 185  141
 187  139
 187  138
 189  136
 189  134
 190  133
 190  132
 191  131
 191  130
 193  128
 193  127
 196  124
 196  123
 198  121
 198  120
 202  116
 202  115
 205  112
 205  111
 207  109
 207  108
 209  106
 209  104
 210  103
 210  101
 208   99
 208   98
 206   96
 205   96
 203   94
 202   94
 200   92
 199   92
 196   89
 195   89
 194   88
 193   88
 192   87
 189   87
 188   86
 185   86
 184   85
