 192   51
 191   52
 183   52
 182   53
 179   53
 178   54
 174   54
 173   55
 170   55
 169   56
 166   56
 165   57
 163   57
 162   58
 161   58
 160   59
 157   59
 156   60
 154   60
 153   61
 152   61
 151   62
 150   62
 149   63
 147   63
 146   64
 145   64
 144   65
 142   65
 141   66
 140   66
 139   67
 138   67
 137   68
 136   68
 135   69
 134   69
 133   70
 132   70
 131   71
 130   71
 129   72
 128   72
 127   73
 126   73
 124   75
 123   75
 122   76
 121   76
 120   77
 119   77
 118   78
 117   78
 116   79
 115   79
 113   81
 112   81
 111   82
 110   82
 108   84
 107   84
 105   86
 104   86
 103   87
 102   87
 100   89
  99   89
  97   91
  96   91
  94   93
  93   93
  90   96
  89   96
  87   98
  86   98
  84  100
  83  100
  82  101
  81  101
  80  102
  72  102
  72  103
  70  105
  70  106
  69  107
  69  108
  66  111
  66  112
  58  120
  58  121
  54  125
  54  126
  52  128
  52  129
  51  130
  51  131
  49  133
  49  134
  48  135
  48  136
  47  137
  47  138
  46  139
  46  140
  45  141
  45  230
  46  231
  46  232
  48  234
  48  235
  49  236
  49  237
  50  238
  50  242
  51  243
  51  245
  52  246
  52  250
  53  251
  53  253
  54  254
  54  256
  55  257
  55  259
  56  260
  56  267
  57  268
  57  269
  58  270
  58  272
  59  273
  59  274
  60  275
  60  278
  61  279
  61  281
  63  283
  63  285
  65  287
  65  289
  66  290
  66  291
  67  292
  67  294
  68  295
  68  296
  70  298
  70  299
  72  301
  72  302
  76  306
  77  306
  83  312
  84  312
  86  314
  87  314
  88  315
  89  315
  90  316
  91  316
  95  320
  96  320
  98  322
  98  323
 100  325
 101  325
 103  327
 104  327
 110  333
 111  333
 112  334
 120  334
 122  336
 123  336
 125  338
 126  338
 127  339
 135  339
 138  342
 138  343
 139  344
 139  345
 140  346
 140  347
 141  348
 141  350
 142  351
 142  352
 143  353
 143  354
 144  355
 144  356
 145  357
 145  358
 148  361
 148  362
 149  363
 150  363
 153  366
 154  366
 164  376
 165  376
 166  377
 167  376
 168  376
 172  372
 172  371
 173  370
 173  369
 172  368
 172  367
 169  364
 169  363
 166  360
 165  360
 161  356
 160  356
 157  353
 156  353
 144  341
 144  340
 143  339
 143  338
 141  336
 141  334
 140  333
 140  332
 139  331
 139  311
 141  309
 142  309
 143  308
 144  308
 145  307
 146  307
 148  305
 148  304
 149  303
 149  285
 150  284
 150  283
 151  282
 152  282
 154  280
 155  280
 156  279
 157  279
 160  276
 160  273
 159  272
 159  254
 162  251
 163  251
 164  250
 163  249
 163  248
 161  246
 161  245
 158  242
 158  241
 156  239
 156  237
 155  236
 155  235
 154  234
 154  229
 153  228
 153  227
 140  214
 139  214
 135  210
 135  196
 136  195
 158  195
 159  194
 167  194
 168  193
 171  193
 172  192
 173  192
 174  191
 175  191
 180  186
 180  185
 181  184
 181  183
 183  181
 183  180
 185  178
 185  177
 186  176
 186  175
 187  174
 187  173
 188  172
 188  169
 189  168
 189  166
 190  165
 190  164
 191  163
 191  162
 192  161
 192  160
 193  159
 193  156
 194  155
 194  151
 195  150
 195  146
 196  145
 196  144
 197  143
 197  140
 198  139
 198  137
 199  136
 199  131
 200  130
 200  127
 201  126
 201  125
 202  124
 202  123
 203  122
 203  120
 204  119
 204  117
 205  116
 205  114
 206  113
 206  111
 207  110
 207  109
 209  107
 209  106
 210  105
 210  104
 211  103
 211  102
 212  101
 212  100
 213   99
 213   97
 214   96
 214   94
 215   93
 215   92
 216   91
 216   90
 217   89
 217   88
 218   87
 218   86
 219   85
 219   84
 220   83
 220   82
 221   81
 221   80
 222   79
 222   78
 223   77
 223   76
 224   75
 224   74
 225   73
 225   72
 226   71
 226   69
 227   68
 227   66
 228   65
 227   64
 227   63
 226   62
 225   62
 224   61
 223   61
 222   60
 221   60
 220   59
 219   59
 218   58
 217   58
 215   56
 214   56
 213   55
 211   55
 210   54
 208   54
 207   53
 205   53
 204   52
 201   52
 200   51
