 152  103
 151  104
 148  104
 147  105
 145  105
 144  106
 142  106
 141  107
 140  107
 139  108
 138  108
 137  109
 136  109
 135  110
 134  110
 133  111
 132  111
 131  112
 130  112
 129  113
 128  113
 125  116
 124  116
 121  119
 120  119
 117  122
 116  122
 112  126
 111  126
 102  135
 102  136
  95  143
  95  144
  92  147
  92  148
  88  152
  88  153
  85  156
  84  156
  83  157
  83  158
  81  160
  81  161
  80  162
  80  163
  79  164
  79  165
  78  166
  78  167
  77  168
  77  169
  76  170
  76  171
  74  173
  74  174
  73  175
  73  176
  72  177
  72  178
  71  179
  71  244
  81  244
  89  252
  89  253
  96  260
  96  261
 101  266
 101  267
 104  270
 104  271
 107  274
 107  275
 110  278
 110  279
 112  281
 113  281
 116  284
 116  285
 119  288
 120  288
 124  292
 124  293
 125  294
 125  295
 127  297
 128  297
 134  303
 140  303
 141  302
 143  302
 144  301
 146  301
 147  300
 160  300
 156  296
 156  278
 157  277
 157  275
 156  274
 156  273
 155  272
 155  254
 156  253
 156  250
 157  249
 157  239
 156  238
 156  237
 155  236
 155  235
 154  234
 154  232
 153  231
 153  230
 152  229
 152  228
 149  225
 149  211
 155  205
 155  204
 157  202
 157  201
 159  199
 159  197
 160  196
 160  195
 161  194
 161  187
 162  186
 162  181
 163  180
 163  156
 164  155
 164  141
 165  140
 165  131
 166  130
 166  126
 167  125
 167  118
 166  117
 166  115
 165  114
 165  112
 162  109
 161  109
 157  105
 156  105
 155  104
 154  104
 153  103
