 172  112
 171  113
 169  113
 168  114
 166  114
 165  115
 164  115
 163  116
 161  116
 159  118
 158  118
 157  119
 156  119
 155  120
 154  120
 152  122
 151  122
 150  123
 149  123
 147  125
 146  125
 143  128
 142  128
 140  130
 139  130
 137  132
 136  132
 134  134
 133  134
 130  137
 129  137
 126  140
 125  140
 119  146
 118  146
  98  166
  98  167
  93  172
  92  172
  88  176
  88  177
  84  181
  84  182
  79  187
  79  188
  77  190
  77  191
  74  194
  74  267
  75  268
  75  269
  77  271
  77  272
  79  274
  79  275
  81  277
  81  278
  84  281
  84  282
 100  298
 101  298
 108  305
 108  306
 117  315
 121  311
 124  311
 125  310
 126  310
 127  309
 128  309
 130  307
 130  306
 133  303
 134  303
 136  301
 137  301
 138  300
 139  300
 140  299
 141  299
 143  297
 143  296
 144  295
 144  294
 145  293
 145  292
 146  291
 146  290
 149  287
 150  287
 152  285
 152  284
 153  283
 153  272
 154  271
 154  270
 157  267
 157  259
 156  258
 156  257
 155  256
 155  253
 153  251
 153  250
 152  249
 152  248
 149  245
 149  231
 151  229
 154  229
 155  228
 157  228
 159  226
 160  226
 171  215
 171  214
 173  212
 173  211
 174  210
 174  209
 175  208
 175  207
 176  206
 176  205
 177  204
 177  203
 178  202
 178  201
 179  200
 179  199
 181  197
 181  194
 182  193
 182  191
 183  190
 183  188
 184  187
 184  186
 185  185
 185  184
 186  183
 186  182
 187  181
 187  179
 188  178
 188  176
 189  175
 189  174
 190  173
 190  171
 192  169
 192  168
 193  167
 193  166
 194  165
 194  163
 195  162
 195  161
 196  160
 196  158
 197  157
 197  155
 198  154
 198  151
 199  150
 199  147
 200  146
 200  143
 201  142
 201  139
 200  138
 200  136
 199  135
 199  131
 198  130
 198  129
 197  128
 197  126
 196  125
 196  124
 195  123
 195  122
 192  119
 191  119
 189  117
 188  117
 186  115
 185  115
 184  114
 183  114
 182  113
 181  113
 180  112
