 202   25
 201   26
 195   26
 194   27
 187   27
 186   28
 182   28
 181   29
 178   29
 177   30
 173   30
 172   31
 169   31
 168   32
 166   32
 165   33
 163   33
 162   34
 160   34
 159   35
 157   35
 156   36
 155   36
 154   37
 153   37
 152   38
 150   38
 149   39
 148   39
 147   40
 146   40
 145   41
 143   41
 142   42
 141   42
 140   43
 139   43
 138   44
 137   44
 136   45
 135   45
 134   46
 133   46
 132   47
 131   47
 130   48
 129   48
 128   49
 127   49
 126   50
 125   50
 124   51
 123   51
 122   52
 121   52
 120   53
 119   53
 118   54
 117   54
 116   55
 115   55
 114   56
 113   56
 112   57
 111   57
 110   58
 109   58
 107   60
 106   60
 105   61
 104   61
 102   63
 101   63
 100   64
  99   64
  98   65
  97   65
  95   67
  94   67
  92   69
  91   69
  90   70
  89   70
  87   72
  86   72
  85   73
  84   73
  81   76
  80   76
  79   77
  78   77
  75   80
  74   80
  71   83
  70   83
  64   89
  63   89
  59   93
  58   93
  57   94
  56   94
  42  108
  42  109
  38  113
  38  114
  23  129
  23  130
  20  133
  20  135
  19  136
  19  225
  20  226
  20  231
  21  232
  21  233
  22  234
  22  237
  23  238
  23  242
  24  243
  24  246
  25  247
  25  252
  26  253
  26  256
  27  257
  27  262
  28  263
  28  267
  29  268
  29  273
  30  274
  30  276
  31  277
  31  283
  32  284
  32  287
  33  288
  33  292
  34  293
  34  296
  35  297
  35  301
  36  302
  36  304
  37  305
  37  306
  39  308
  39  309
  40  310
  40  311
  41  312
  41  313
  43  315
  43  316
  44  316
  45  317
  46  317
  49  320
  49  321
  53  325
  53  338
  54  339
  54  341
  55  342
  55  344
  56  345
  56  346
  57  346
  59  348
  60  348
  64  352
  64  353
  66  355
  67  355
  68  356
  69  356
  70  357
  71  357
  72  358
  73  358
  74  357
  75  357
  78  354
  79  354
  81  352
  97  352
  98  353
  98  354
 101  357
 102  357
 108  363
 109  363
 110  362
 110  361
 113  358
 127  358
 129  360
 129  361
 131  363
 131  365
 132  366
 132  367
 133  368
 133  369
 134  370
 134  371
 135  372
 135  374
 137  376
 137  378
 138  379
 138  380
 139  381
 139  382
 140  383
 140  384
 141  385
 141  386
 142  387
 142  388
 144  390
 144  391
 153  400
 154  400
 156  402
 157  402
 158  401
 159  401
 160  400
 161  400
 161  399
 163  397
 163  396
 164  395
 164  394
 165  393
 164  392
 164  390
 163  389
 163  388
 162  387
 162  386
 161  385
 161  384
 159  382
 159  381
 155  377
 155  376
 153  374
 153  373
 149  369
 149  368
 145  364
 145  363
 142  360
 142  359
 138  355
 138  354
 135  351
 135  350
 133  348
 133  347
 132  346
 132  345
 131  344
 131  343
 130  342
 130  341
 129  340
 129  320
 133  316
 134  316
 135  315
 136  315
 139  312
 139  310
 138  309
 138  288
 139  287
 140  287
 141  286
 142  286
 143  285
 145  285
 146  284
 148  284
 150  282
 149  281
 149  280
 148  279
 148  262
 151  259
 152  259
 153  258
 155  258
 157  256
 158  256
 159  255
 159  254
 158  253
 158  252
 157  251
 157  250
 155  248
 155  247
 152  244
 152  243
 151  242
 151  229
 150  228
 150  227
 149  226
 149  224
 147  222
 147  221
 145  219
 145  218
 140  213
 140  212
 139  211
 139  197
 141  195
 149  195
 150  194
 152  194
 153  193
 155  193
 156  192
 157  192
 158  191
 159  191
 162  188
 163  188
 167  184
 168  184
 179  173
 179  172
 180  171
 180  170
 181  169
 181  168
 190  159
 190  158
 192  156
 192  154
 193  153
 193  151
 194  150
 194  146
 195  145
 195  144
 196  143
 196  142
 197  141
 197  140
 203  134
 203  133
 204  132
 204  119
 205  118
 211  118
 215  114
 215  113
 216  112
 216  111
 218  109
 218  108
 219  107
 219  106
 221  104
 221  103
 222  102
 222  101
 223  100
 223   99
 225   97
 225   96
 229   92
 229   91
 231   89
 231   88
 232   87
 232   86
 234   84
 234   83
 235   82
 235   80
 236   79
 236   77
 237   76
 238   76
 243   71
 243   70
 247   66
 247   65
 249   63
 249   62
 251   60
 251   59
 252   58
 252   57
 253   56
 253   55
 254   54
 254   50
 249   45
 248   45
 246   43
 245   43
 243   41
 242   41
 241   40
 240   40
 238   38
 237   38
 236   37
 235   37
 234   36
 233   36
 232   35
 231   35
 230   34
 229   34
 227   32
 225   32
 224   31
 223   31
 222   30
 221   30
 220   29
 219   29
 218   28
 217   28
 216   27
 214   27
 213   26
 209   26
 208   25
