 189   65
 188   66
 182   66
 181   67
 179   67
 178   68
 176   68
 175   69
 173   69
 172   70
 171   70
 170   71
 169   71
 168   72
 167   72
 166   73
 165   73
 164   74
 163   74
 162   75
 161   75
 159   77
 158   77
 157   78
 156   78
 155   79
 154   79
 153   80
 152   80
 150   82
 149   82
 147   84
 146   84
 144   86
 143   86
 141   88
 140   88
 137   91
 136   91
 134   93
 133   93
 130   96
 129   96
 125  100
 124  100
 121  103
 120  103
 116  107
 115  107
 110  112
 109  112
 105  116
 104  116
 100  120
  99  120
  96  123
  95  123
  87  131
  73  131
  72  130
  72  124
  69  121
  69  126
  68  127
  68  128
  67  129
  67  130
  66  131
  66  132
  64  134
  64  135
  62  137
  62  138
  60  140
  60  141
  58  143
  58  145
  57  146
  57  219
  58  220
  58  221
  59  222
  59  223
  62  226
  62  227
  63  228
  63  229
  66  232
  66  233
  67  234
  67  235
  68  236
  68  237
  69  238
  69  239
  70  240
  70  241
  72  243
  72  245
  73  246
  73  247
  74  248
  74  249
  75  250
  75  251
  77  253
  77  254
  78  255
  78  258
  79  259
  79  260
  80  261
  80  263
  81  264
  81  265
  82  266
  82  268
  83  269
  83  272
  84  273
  84  276
  85  277
  85  279
  87  281
  87  283
  88  284
  88  286
  89  287
  89  290
  90  291
  90  293
  91  294
  91  298
  92  299
  92  300
  95  303
  96  303
 100  307
 100  322
 101  323
 101  324
 102  325
 102  326
 105  329
 106  329
 112  335
 112  336
 127  336
 128  337
 132  333
 148  333
 149  334
 150  334
 151  335
 152  335
 153  336
 152  335
 152  334
 150  332
 150  330
 149  329
 149  328
 148  327
 148  310
 150  308
 150  307
 151  306
 151  305
 155  301
 156  301
 157  300
 157  281
 158  280
 158  278
 160  276
 160  275
 164  271
 163  270
 163  252
 164  251
 164  250
 165  249
 163  247
 163  245
 162  244
 162  243
 161  242
 161  237
 160  236
 160  235
 159  234
 159  233
 158  232
 158  231
 157  230
 157  229
 154  226
 154  225
 152  223
 152  222
 147  217
 146  217
 145  216
 144  216
 142  214
 142  200
 143  199
 157  199
 158  198
 163  198
 164  197
 167  197
 168  196
 169  196
 170  195
 171  195
 174  192
 175  192
 176  191
 176  190
 180  186
 180  185
 181  184
 181  183
 182  182
 182  181
 183  180
 183  179
 184  178
 184  175
 185  174
 185  171
 186  170
 186  167
 187  166
 187  164
 188  163
 188  162
 189  161
 189  158
 190  157
 190  155
 191  154
 191  151
 192  150
 192  149
 193  148
 193  146
 194  145
 194  144
 195  143
 195  140
 196  139
 196  137
 197  136
 197  132
 198  131
 198  130
 199  129
 199  127
 200  126
 200  125
 201  124
 201  122
 202  121
 202  119
 203  118
 203  117
 204  116
 204  115
 205  114
 205  113
 206  112
 206  109
 207  108
 207  106
 208  105
 208  102
 209  101
 209   99
 210   98
 210   95
 211   94
 211   91
 212   90
 212   88
 213   87
 213   85
 214   84
 214   83
 215   82
 215   79
 216   78
 216   77
 217   76
 215   74
 214   74
 213   73
 212   73
 211   72
 210   72
 208   70
 207   70
 205   68
 204   68
 203   67
 202   67
 201   66
 198   66
 197   65
