 175   94
 174   95
 170   95
 169   96
 167   96
 166   97
 163   97
 162   98
 160   98
 159   99
 158   99
 157  100
 156  100
 155  101
 154  101
 153  102
 151  102
 150  103
 149  103
 148  104
 147  104
 146  105
 145  105
 144  106
 143  106
 142  107
 141  107
 139  109
 138  109
 137  110
 136  110
 134  112
 133  112
 130  115
 129  115
 125  119
 124  119
 117  126
 116  126
 106  136
 106  137
 102  141
 102  142
  99  145
  99  146
  88  157
  84  157
  84  163
  82  165
  82  166
  80  168
  80  169
  73  176
  73  177
  72  178
  72  235
  74  237
  76  237
  80  241
  80  242
  81  243
  81  244
  82  245
  82  246
  83  247
  83  248
  84  249
  84  250
  86  252
  86  253
  88  255
  88  257
  89  258
  89  259
  90  260
  90  262
  91  263
  91  265
  92  266
  92  270
  93  271
  93  272
  94  273
  94  275
  95  276
  95  277
  96  278
  96  281
  97  282
  97  284
  98  285
  98  286
  99  287
  99  288
 100  289
 100  290
 104  294
 105  294
 111  300
 112  300
 114  302
 114  303
 115  304
 115  306
 116  307
 116  308
 120  312
 121  312
 126  317
 126  318
 128  318
 129  317
 145  317
 147  319
 147  320
 148  320
 151  317
 164  317
 160  313
 160  292
 161  291
 162  291
 163  290
 162  289
 162  287
 161  286
 161  269
 167  263
 167  262
 168  261
 168  249
 169  248
 169  246
 168  245
 168  244
 166  242
 166  241
 164  239
 164  237
 163  236
 163  235
 162  234
 162  233
 156  227
 155  227
 153  225
 153  211
 155  209
 156  209
 157  208
 159  208
 166  201
 166  200
 168  198
 168  197
 170  195
 170  194
 171  193
 171  192
 172  191
 172  187
 173  186
 173  184
 174  183
 174  181
 175  180
 175  168
 176  167
 176  166
 177  165
 177  156
 178  155
 178  153
 179  152
 179  151
 181  149
 181  148
 183  146
 183  143
 184  142
 184  140
 185  139
 185  138
 186  137
 186  136
 188  134
 188  133
 189  132
 189  131
 190  130
 190  128
 192  126
 192  125
 193  124
 193  123
 194  122
 194  121
 196  119
 196  117
 197  116
 197  115
 198  114
 198  112
 199  111
 199  110
 200  109
 200  107
 201  106
 201  105
 200  104
 200  103
 199  103
 198  102
 197  102
 196  101
 195  101
 192   98
 191   98
 190   97
 188   97
 187   96
 186   96
 185   95
 181   95
 180   94
