 167  130
 166  131
 163  131
 162  132
 160  132
 159  133
 157  133
 156  134
 155  134
 154  135
 152  135
 151  136
 150  136
 149  137
 148  137
 147  138
 146  138
 145  139
 144  139
 142  141
 140  141
 138  143
 137  143
 135  145
 134  145
 131  148
 130  148
 127  151
 126  151
 122  155
 121  155
 113  163
 112  163
  99  176
  99  177
  95  181
  95  182
  94  183
  90  183
  88  185
  88  245
  89  246
  89  249
  90  250
  90  253
  91  254
  91  257
  92  258
  92  260
  93  261
  93  262
  94  263
  94  265
  95  266
  95  267
  96  268
  96  269
  98  271
  98  272
  99  273
  99  274
 100  275
 100  277
 101  278
 101  279
 102  280
 102  281
 103  282
 103  283
 105  285
 105  286
 113  294
 114  294
 115  295
 117  295
 118  296
 119  296
 120  297
 123  297
 124  296
 127  296
 128  295
 129  295
 130  294
 130  293
 131  292
 131  284
 132  283
 132  282
 134  280
 135  280
 137  278
 137  277
 138  276
 138  264
 140  262
 140  261
 141  260
 141  258
 142  257
 142  253
 143  252
 143  251
 144  250
 144  248
 146  246
 147  246
 148  245
 148  244
 149  243
 149  234
 147  232
 147  217
 151  213
 151  212
 154  209
 154  208
 155  207
 155  206
 156  205
 156  204
 157  203
 157  202
 158  201
 158  200
 160  198
 160  195
 161  194
 161  189
 162  188
 162  187
 163  186
 163  183
 164  182
 164  179
 165  178
 165  176
 166  175
 166  174
 167  173
 167  172
 168  171
 168  170
 169  169
 169  168
 170  167
 170  166
 172  164
 172  163
 175  160
 175  159
 177  157
 177  156
 180  153
 180  152
 181  151
 181  149
 182  148
 182  147
 183  146
 183  145
 184  144
 184  142
 185  141
 185  137
 184  136
 181  136
 180  135
 179  135
 176  132
 175  132
 174  131
 172  131
 171  130
