 182  116
 181  117
 176  117
 175  118
 171  118
 170  119
 167  119
 166  120
 164  120
 163  121
 161  121
 160  122
 158  122
 157  123
 155  123
 154  124
 153  124
 152  125
 150  125
 149  126
 148  126
 147  127
 146  127
 145  128
 143  128
 142  129
 141  129
 140  130
 139  130
 138  131
 137  131
 136  132
 135  132
 134  133
 133  133
 132  134
 131  134
 129  136
 128  136
 127  137
 126  137
 124  139
 123  139
 121  141
 120  141
 118  143
 117  143
 115  145
 114  145
 112  147
 111  147
 109  149
 108  149
 105  152
 104  152
 100  156
  99  156
  95  160
  94  160
  75  179
  75  180
  73  182
  73  183
  68  188
  68  189
  67  190
  67  254
  68  255
  68  257
  69  258
  69  259
  70  260
  70  261
  71  262
  71  263
  72  264
  72  265
  73  266
  73  267
  74  268
  74  269
  75  270
  75  272
  77  274
  77  275
  78  276
  78  277
  79  278
  79  279
  80  280
  80  281
  81  282
  81  287
  82  288
  82  291
  83  292
  83  294
  84  295
  84  296
  85  297
  85  298
  86  299
  86  300
  87  301
  87  302
  95  310
  96  310
  97  311
  98  311
  99  312
 100  312
 101  311
 103  311
 104  310
 106  310
 107  309
 108  309
 109  308
 111  308
 112  307
 113  307
 114  306
 116  306
 118  304
 119  304
 120  303
 121  303
 133  291
 133  290
 134  289
 134  285
 135  284
 135  283
 142  276
 143  276
 144  275
 144  274
 146  272
 146  270
 147  269
 147  268
 148  267
 148  265
 149  264
 149  263
 151  261
 151  259
 152  258
 152  256
 153  255
 153  254
 151  252
 151  251
 149  249
 149  248
 143  242
 142  242
 139  239
 138  239
 135  236
 135  222
 136  221
 151  221
 152  222
 156  222
 157  221
 158  221
 160  219
 161  219
 162  218
 163  218
 165  216
 166  216
 170  212
 170  211
 172  209
 172  208
 174  206
 174  205
 175  204
 175  203
 177  201
 177  199
 178  198
 178  197
 179  196
 179  193
 180  192
 180  191
 181  190
 181  187
 182  186
 182  184
 183  183
 183  179
 184  178
 184  177
 185  176
 185  174
 186  173
 186  172
 187  171
 187  169
 188  168
 188  167
 189  166
 189  165
 190  164
 190  163
 193  160
 193  159
 196  156
 196  155
 197  154
 197  153
 198  152
 198  151
 199  150
 199  149
 200  148
 200  147
 202  145
 202  144
 203  143
 203  140
 204  139
 204  137
 205  136
 205  132
 206  131
 206  127
 205  126
 205  125
 202  122
 201  122
 199  120
 198  120
 197  119
 196  119
 195  118
 194  118
 193  117
 190  117
 189  116
