 184   83
 183   84
 178   84
 177   85
 173   85
 172   86
 170   86
 169   87
 166   87
 165   88
 164   88
 163   89
 161   89
 160   90
 158   90
 157   91
 156   91
 155   92
 154   92
 153   93
 152   93
 151   94
 150   94
 149   95
 148   95
 147   96
 146   96
 145   97
 144   97
 143   98
 142   98
 141   99
 140   99
 138  101
 137  101
 136  102
 135  102
 133  104
 132  104
 131  105
 130  105
 128  107
 127  107
 125  109
 124  109
 123  110
 122  110
 120  112
 119  112
 116  115
 115  115
 112  118
 111  118
 108  121
 107  121
 103  125
 102  125
  79  148
  79  149
  74  154
  74  155
  70  159
  70  160
  66  164
  66  165
  61  170
  61  171
  59  173
  59  174
  58  175
  58  241
  59  242
  59  243
  61  245
  61  246
  63  248
  63  249
  64  250
  64  251
  67  254
  67  256
  69  258
  69  260
  70  261
  70  262
  71  263
  71  264
  72  265
  72  266
  74  268
  74  269
  76  271
  76  272
  77  273
  77  274
  78  275
  78  277
  79  278
  79  279
  80  280
  80  282
  81  283
  81  284
  82  285
  82  289
  83  290
  83  291
  84  292
  84  293
  85  294
  85  295
  86  296
  86  297
  93  304
  94  304
  96  306
  96  307
  99  310
 100  310
 101  311
 102  311
 106  315
 106  316
 107  317
 107  318
 108  319
 108  320
 109  321
 109  322
 113  326
 114  326
 122  334
 123  334
 125  336
 127  336
 128  337
 129  337
 130  338
 144  338
 145  337
 146  337
 148  335
 149  335
 151  333
 166  333
 167  334
 168  334
 172  338
 173  338
 178  343
 179  343
 180  344
 182  344
 184  342
 182  340
 182  339
 177  334
 176  334
 170  328
 169  328
 165  324
 164  324
 159  319
 159  304
 160  303
 160  300
 162  298
 162  297
 163  296
 160  293
 160  292
 156  288
 156  287
 155  286
 155  271
 156  270
 156  268
 154  266
 154  253
 151  250
 150  250
 145  245
 145  244
 143  242
 143  240
 142  239
 142  238
 141  237
 141  236
 131  226
 131  212
 132  211
 139  211
 140  210
 143  210
 144  209
 145  209
 146  208
 147  208
 148  207
 149  207
 151  205
 152  205
 158  199
 158  198
 160  196
 160  195
 163  192
 163  191
 165  189
 165  188
 167  186
 167  184
 169  182
 169  181
 170  180
 170  179
 172  177
 172  176
 175  173
 175  172
 176  171
 176  170
 177  169
 177  168
 178  167
 178  166
 179  165
 179  164
 180  163
 180  162
 182  160
 182  158
 184  156
 184  155
 185  154
 185  153
 186  152
 186  151
 188  149
 188  146
 189  145
 189  144
 191  142
 191  141
 193  139
 193  138
 195  136
 195  135
 197  133
 197  132
 201  128
 201  127
 203  125
 203  124
 204  123
 204  122
 206  120
 206  119
 208  117
 208  116
 210  114
 210  112
 212  110
 212  109
 213  108
 213  107
 214  106
 214  105
 215  104
 215  103
 216  102
 216  101
 215  100
 215   99
 214   98
 214   97
 210   93
 209   93
 207   91
 206   91
 205   90
 204   90
 202   88
 201   88
 200   87
 199   87
 198   86
 197   86
 196   85
 195   85
 194   84
 191   84
 190   83
