 186   66
 185   67
 182   67
 181   68
 179   68
 178   69
 175   69
 174   70
 172   70
 171   71
 169   71
 168   72
 167   72
 166   73
 165   73
 164   74
 162   74
 161   75
 160   75
 158   77
 157   77
 156   78
 155   78
 153   80
 152   80
 151   81
 150   81
 148   83
 147   83
 145   85
 144   85
 143   86
 142   86
 139   89
 138   89
 136   91
 135   91
 132   94
 131   94
 126   99
 125   99
 122  102
 121  102
 117  106
 116  106
 111  111
 110  111
 106  115
 105  115
  97  123
  96  123
  94  125
  78  125
  77  124
  75  124
  75  125
  73  127
  73  128
  71  130
  71  131
  63  139
  63  219
  64  220
  64  221
  65  222
  65  223
  66  224
  66  227
  67  228
  67  230
  68  231
  68  233
  69  234
  69  235
  70  236
  70  238
  71  239
  71  240
  72  241
  72  242
  73  243
  73  245
  74  246
  74  248
  75  249
  75  251
  76  252
  76  254
  77  255
  77  258
  78  259
  78  260
  79  261
  79  263
  80  264
  80  265
  82  267
  82  268
  83  269
  83  270
  84  271
  84  272
  85  272
  90  277
  90  278
  92  280
  92  283
  93  284
  93  285
  94  286
  94  291
  95  292
  95  294
  96  295
  96  299
  97  300
  97  301
  98  302
  98  304
  99  305
  99  308
 100  309
 100  310
 101  311
 101  313
 105  317
 105  325
 106  326
 106  327
 109  330
 110  330
 117  337
 118  337
 120  339
 121  339
 122  340
 137  340
 137  339
 138  338
 138  337
 140  335
 158  335
 157  334
 157  333
 155  331
 155  330
 154  329
 154  328
 153  327
 153  325
 152  324
 152  305
 156  301
 157  301
 158  300
 159  300
 161  298
 160  297
 160  278
 161  277
 161  276
 166  271
 167  271
 166  270
 166  269
 164  267
 164  248
 165  247
 165  246
 166  245
 166  244
 167  243
 167  242
 166  241
 166  240
 164  238
 164  235
 163  234
 163  230
 162  229
 162  228
 161  227
 161  226
 157  222
 157  221
 154  218
 153  218
 149  214
 148  214
 146  212
 146  198
 147  197
 148  197
 149  196
 153  196
 154  195
 161  195
 162  194
 164  194
 165  193
 166  193
 167  192
 168  192
 169  191
 170  191
 172  189
 173  189
 183  179
 183  178
 185  176
 185  175
 186  174
 186  173
 187  172
 187  170
 188  169
 188  167
 189  166
 189  164
 190  163
 190  161
 191  160
 191  159
 192  158
 192  153
 193  152
 193  149
 194  148
 194  144
 195  143
 195  141
 196  140
 196  133
 197  132
 197  130
 198  129
 198  125
 199  124
 199  122
 200  121
 200  117
 201  116
 201  113
 202  112
 202  110
 203  109
 203  105
 204  104
 204  101
 205  100
 205   98
 206   97
 206   95
 207   94
 207   90
 208   89
 208   87
 209   86
 209   81
 210   80
 210   79
 211   78
 211   75
 209   73
 208   73
 207   72
 206   72
 204   70
 203   70
 202   69
 201   69
 200   68
 199   68
 198   67
 196   67
 195   66
