 176   80
 175   81
 172   81
 171   82
 167   82
 166   83
 163   83
 162   84
 161   84
 160   85
 157   85
 156   86
 155   86
 154   87
 153   87
 152   88
 151   88
 150   89
 149   89
 148   90
 147   90
 146   91
 145   91
 144   92
 143   92
 142   93
 141   93
 139   95
 138   95
 136   97
 135   97
 132  100
 131  100
 129  102
 128  102
 122  108
 121  108
 105  124
 105  125
  97  133
  97  134
  92  139
  92  140
  90  142
  90  143
  89  144
  89  145
  87  147
  87  148
  86  149
  86  150
  85  151
  85  152
  83  154
  83  155
  82  156
  82  157
  81  158
  81  159
  80  160
  80  161
  79  162
  79  163
  78  164
  78  165
  77  166
  77  238
  78  239
  78  242
  79  243
  79  244
  80  245
  80  247
  81  248
  81  250
  82  251
  82  252
  83  253
  83  256
  84  257
  84  258
  85  259
  85  262
  86  263
  86  264
  87  265
  87  269
  88  270
  88  272
  89  273
  89  275
  90  276
  90  278
  91  279
  91  284
  92  285
  92  287
  93  288
  93  290
  95  292
  95  293
  96  294
  96  295
  98  297
  98  298
 101  301
 102  301
 114  313
 114  314
 115  314
 121  320
 124  320
 126  318
 136  318
 137  317
 156  317
 157  318
 157  319
 159  321
 159  323
 161  325
 161  326
 163  328
 163  329
 164  330
 164  331
 167  334
 167  335
 169  337
 170  337
 179  346
 180  346
 180  345
 181  344
 180  343
 180  342
 175  337
 174  337
 161  324
 161  323
 159  321
 159  320
 157  318
 157  316
 156  315
 156  297
 157  296
 157  295
 158  294
 159  294
 164  289
 164  273
 165  272
 165  271
 170  266
 171  266
 170  265
 170  246
 171  245
 170  244
 170  243
 165  238
 165  237
 164  236
 164  235
 163  234
 163  233
 161  231
 161  230
 160  229
 160  228
 152  220
 151  220
 148  217
 148  203
 149  202
 151  202
 152  201
 164  201
 165  200
 168  200
 169  199
 170  199
 171  198
 172  198
 174  196
 175  196
 177  194
 177  193
 179  191
 179  190
 180  189
 180  187
 181  186
 181  185
 182  184
 182  182
 183  181
 183  180
 184  179
 184  174
 185  173
 185  164
 186  163
 186  152
 187  151
 187  128
 188  127
 188  121
 189  120
 189  116
 190  115
 190  114
 191  113
 191  110
 192  109
 192  108
 193  107
 193  106
 194  105
 194  104
 195  103
 195  101
 196  100
 196   97
 197   96
 197   95
 198   94
 197   93
 197   92
 196   91
 196   90
 195   89
 194   89
 193   88
 192   88
 191   87
 190   87
 187   84
 186   84
 185   83
 184   83
 183   82
 181   82
 180   81
 179   81
 178   80
