 183   58
 182   59
 179   59
 178   60
 174   60
 173   61
 170   61
 169   62
 167   62
 166   63
 163   63
 162   64
 161   64
 160   65
 158   65
 157   66
 155   66
 154   67
 153   67
 152   68
 151   68
 150   69
 149   69
 148   70
 147   70
 146   71
 144   71
 143   72
 142   72
 140   74
 139   74
 138   75
 137   75
 136   76
 135   76
 134   77
 133   77
 132   78
 131   78
 130   79
 129   79
 127   81
 126   81
 125   82
 124   82
 122   84
 121   84
 119   86
 118   86
 117   87
 116   87
 114   89
 113   89
 111   91
 110   91
 108   93
 107   93
 105   95
 104   95
 102   97
 101   97
  98  100
  97  100
  95  102
  94  102
  89  107
  88  107
  83  112
  82  112
  68  126
  68  127
  61  134
  61  135
  56  140
  56  141
  52  145
  52  146
  50  148
  50  149
  48  151
  48  152
  47  153
  47  154
  46  155
  46  257
  47  257
  51  261
  51  264
  52  265
  52  272
  53  273
  53  280
  54  281
  54  282
  58  286
  58  287
  61  290
  61  291
  63  293
  64  293
  67  296
  67  297
  70  300
  71  300
  78  307
  78  308
  85  315
  85  316
  88  319
  88  320
  91  323
  91  324
  95  328
  95  334
  96  335
  96  337
  97  338
  97  339
  98  340
  98  341
  99  342
 100  342
 101  343
 104  343
 105  344
 105  346
 106  347
 106  348
 107  349
 109  347
 114  347
 115  346
 131  346
 132  347
 132  350
 133  351
 133  352
 136  355
 137  355
 138  356
 140  356
 140  341
 141  340
 141  339
 142  338
 158  338
 158  337
 157  336
 157  335
 156  334
 156  311
 158  309
 158  308
 160  306
 161  306
 162  305
 169  305
 169  303
 168  302
 168  282
 169  281
 169  280
 170  279
 171  279
 173  277
 174  277
 174  275
 172  273
 172  272
 171  271
 171  270
 170  269
 170  268
 169  267
 169  249
 170  248
 170  246
 168  244
 168  243
 166  241
 166  240
 165  239
 165  238
 164  237
 164  235
 163  234
 163  232
 162  231
 162  230
 161  229
 161  228
 160  227
 160  226
 158  224
 158  223
 152  217
 151  217
 150  216
 150  201
 151  200
 166  200
 167  199
 172  199
 173  198
 174  198
 175  197
 176  197
 177  196
 178  196
 179  195
 180  195
 187  188
 187  187
 189  185
 189  184
 191  182
 191  181
 193  179
 193  177
 194  176
 194  175
 195  174
 195  172
 196  171
 196  170
 197  169
 197  168
 198  167
 198  166
 199  165
 199  163
 200  162
 200  160
 201  159
 201  153
 202  152
 202  150
 203  149
 203  148
 204  147
 204  146
 205  145
 205  143
 206  142
 206  127
 207  126
 207  124
 208  123
 208  120
 209  119
 209  118
 210  117
 210  116
 212  114
 212  113
 214  111
 214  110
 215  109
 215  108
 216  107
 216  106
 217  105
 217  104
 218  103
 218  102
 220  100
 220   99
 222   97
 222   96
 223   95
 223   94
 224   93
 224   92
 225   91
 225   88
 226   87
 226   85
 227   84
 227   82
 228   81
 228   77
 227   76
 227   74
 223   70
 222   70
 221   69
 220   69
 218   67
 217   67
 215   65
 214   65
 213   64
 212   64
 211   63
 209   63
 208   62
 207   62
 206   61
 204   61
 203   60
 200   60
 199   59
 196   59
 195   58
