 162   92
 161   93
 159   93
 158   94
 157   94
 156   95
 155   95
 154   96
 153   96
 152   97
 151   97
 150   98
 149   98
 148   99
 147   99
 145  101
 144  101
 142  103
 141  103
 139  105
 138  105
 131  112
 130  112
 130  113
 121  122
 121  123
 118  126
 118  127
 114  131
 114  132
 113  133
 113  134
 111  136
 111  137
 110  138
 110  139
 108  141
  94  141
  93  140
  91  140
  91  142
  90  143
  90  150
  89  151
  89  155
  88  156
  88  159
  87  160
  87  252
  98  252
  99  253
  99  254
 112  267
 113  267
 120  274
 120  275
 121  276
 121  277
 122  278
 122  279
 124  281
 124  284
 125  285
 125  287
 126  288
 126  292
 127  293
 127  294
 129  296
 129  297
 130  297
 136  303
 137  303
 139  305
 140  305
 141  306
 143  306
 144  307
 148  307
 149  308
 149  309
 150  309
 152  311
 153  311
 155  313
 155  314
 157  316
 168  316
 170  318
 170  320
 171  321
 171  322
 172  323
 172  324
 175  327
 173  325
 173  324
 172  323
 172  322
 170  320
 170  318
 169  317
 169  316
 168  315
 168  313
 167  312
 167  311
 166  310
 166  307
 165  306
 165  288
 166  287
 166  285
 168  283
 169  283
 170  282
 170  281
 169  280
 169  262
 170  261
 170  260
 172  258
 172  243
 173  242
 173  240
 172  239
 172  233
 171  232
 171  230
 170  229
 170  227
 167  224
 166  224
 164  222
 163  222
 162  221
 162  206
 163  205
 164  205
 170  199
 170  198
 172  196
 172  195
 173  194
 173  193
 174  192
 174  190
 175  189
 175  187
 176  186
 176  179
 175  178
 175  176
 174  175
 174  171
 173  170
 173  167
 172  166
 172  163
 171  162
 171  160
 170  159
 170  157
 169  156
 169  131
 170  130
 170  128
 171  127
 171  126
 172  125
 172  123
 173  122
 173  121
 174  120
 174  116
 175  115
 175  103
 174  102
 174   99
 173   98
 173   97
 172   97
 170   95
 169   95
 167   93
 166   93
 165   92
