 174   93
 173   94
 171   94
 170   95
 167   95
 166   96
 164   96
 163   97
 161   97
 160   98
 158   98
 157   99
 156   99
 155  100
 153  100
 152  101
 151  101
 150  102
 149  102
 148  103
 147  103
 146  104
 145  104
 144  105
 143  105
 142  106
 141  106
 140  107
 139  107
 137  109
 136  109
 135  110
 134  110
 132  112
 131  112
 129  114
 128  114
 126  116
 125  116
 123  118
 122  118
 119  121
 118  121
 102  137
  87  137
  86  136
  86  132
  85  131
  84  131
  83  130
  83  136
  86  139
  86  154
  84  156
  84  157
  83  158
  83  159
  82  160
  82  161
  81  162
  81  163
  80  164
  80  238
  81  239
  89  239
  90  240
  90  244
  91  245
  91  247
  92  248
  92  252
  93  253
  93  254
  94  255
  94  256
  95  257
  95  258
  96  259
  96  260
 110  274
 110  275
 111  276
 111  283
 112  284
 112  285
 116  289
 117  289
 120  292
 120  293
 121  294
 122  294
 123  295
 134  295
 135  296
 141  296
 144  299
 144  300
 145  301
 145  302
 149  306
 149  307
 150  308
 149  307
 149  306
 147  304
 147  303
 146  302
 146  301
 145  300
 145  299
 144  298
 144  277
 145  276
 145  275
 147  273
 148  273
 149  272
 150  272
 150  254
 151  253
 151  252
 152  251
 152  250
 157  245
 157  244
 158  243
 158  241
 159  240
 159  238
 160  237
 160  236
 163  233
 163  227
 162  226
 162  224
 154  216
 154  201
 155  200
 158  200
 160  198
 161  198
 166  193
 166  192
 168  190
 168  189
 170  187
 170  186
 171  185
 171  184
 172  183
 172  181
 173  180
 173  178
 174  177
 174  176
 175  175
 175  173
 176  172
 176  171
 177  170
 177  167
 178  166
 178  164
 179  163
 179  160
 180  159
 180  157
 181  156
 181  153
 182  152
 182  150
 183  149
 183  146
 184  145
 184  142
 185  141
 185  139
 186  138
 186  135
 187  134
 187  132
 188  131
 188  128
 189  127
 189  126
 190  125
 190  122
 191  121
 191  119
 192  118
 192  112
 193  111
 193  108
 194  107
 194  106
 193  105
 193  104
 191  102
 191  101
 189   99
 188   99
 187   98
 186   98
 185   97
 184   97
 182   95
 181   95
 180   94
 179   94
 178   93
