 180  105
 179  106
 174  106
 173  107
 170  107
 169  108
 167  108
 166  109
 163  109
 162  110
 161  110
 160  111
 158  111
 157  112
 156  112
 155  113
 154  113
 153  114
 152  114
 151  115
 150  115
 149  116
 148  116
 147  117
 146  117
 145  118
 144  118
 143  119
 142  119
 140  121
 139  121
 138  122
 137  122
 136  123
 135  123
 134  124
 133  124
 131  126
 130  126
 129  127
 128  127
 126  129
 125  129
 123  131
 122  131
 120  133
 119  133
 118  134
 117  134
 115  136
 114  136
 113  137
 112  137
 104  145
 103  145
  99  149
  98  149
  95  152
  94  152
  92  154
  90  154
  89  155
  87  155
  86  156
  85  156
  84  157
  84  158
  82  160
  82  161
  76  167
  76  168
  73  171
  73  172
  68  177
  68  178
  66  180
  66  181
  62  185
  62  186
  60  188
  60  190
  59  191
  59  264
  60  265
  60  266
  62  268
  62  269
  63  270
  63  271
  64  272
  64  273
  65  274
  65  275
  66  276
  66  277
  67  278
  67  279
  69  281
  69  282
  71  284
  71  285
  75  289
  75  290
  76  291
  76  292
  78  294
  78  295
  82  299
  82  300
  83  301
  83  302
  85  304
  85  305
  87  307
  87  308
  99  320
 100  320
 101  321
 102  321
 103  322
 107  322
 108  323
 112  323
 113  322
 115  322
 116  321
 118  321
 119  320
 121  320
 122  319
 124  319
 125  318
 126  318
 128  316
 129  316
 132  313
 133  313
 135  311
 136  311
 137  310
 138  310
 139  309
 141  309
 143  307
 144  307
 147  304
 147  303
 152  298
 153  298
 156  295
 157  295
 159  293
 159  292
 160  291
 160  290
 161  289
 161  288
 167  282
 167  281
 168  280
 168  279
 170  277
 170  274
 171  273
 171  271
 172  270
 172  268
 173  267
 173  264
 171  262
 171  261
 168  258
 168  257
 167  256
 167  255
 166  254
 166  252
 164  250
 164  249
 157  242
 156  242
 155  241
 155  227
 156  226
 159  226
 160  225
 166  225
 167  224
 174  224
 175  223
 178  223
 179  222
 180  222
 181  221
 182  221
 186  217
 187  217
 188  216
 188  215
 191  212
 191  211
 193  209
 193  208
 195  206
 195  205
 196  204
 196  203
 197  202
 197  201
 198  200
 198  199
 199  198
 199  196
 200  195
 200  194
 201  193
 201  192
 202  191
 202  190
 203  189
 203  188
 204  187
 204  186
 205  185
 205  182
 206  181
 206  179
 207  178
 207  175
 208  174
 208  172
 209  171
 209  166
 210  165
 210  162
 211  161
 211  159
 212  158
 212  153
 213  152
 213  149
 214  148
 214  129
 213  128
 213  126
 212  125
 212  124
 211  123
 211  121
 209  119
 209  118
 208  117
 208  116
 205  113
 204  113
 202  111
 201  111
 199  109
 198  109
 197  108
 196  108
 195  107
 194  107
 193  106
 190  106
 189  105
