 175   85
 174   86
 170   86
 169   87
 166   87
 165   88
 163   88
 162   89
 161   89
 160   90
 158   90
 157   91
 156   91
 155   92
 154   92
 153   93
 152   93
 151   94
 149   94
 147   96
 146   96
 145   97
 144   97
 143   98
 142   98
 141   99
 140   99
 138  101
 137  101
 134  104
 133  104
 131  106
 130  106
 128  108
 127  108
 125  110
 124  110
 117  117
 116  117
 109  124
 109  125
  98  136
  98  137
  97  138
  97  139
  96  140
  96  141
  95  142
  95  143
  92  146
  92  147
  91  148
  91  149
  90  150
  90  151
  89  152
  89  153
  86  156
  86  157
  85  158
  85  159
  84  160
  84  161
  83  162
  83  244
  85  246
  89  246
  91  248
  91  249
  92  250
  92  252
  93  253
  93  254
  94  255
  94  256
  95  257
  95  258
  96  259
  96  260
  97  261
  97  262
  98  263
  98  264
  99  265
  99  266
 101  268
 101  269
 111  279
 111  283
 112  284
 112  288
 115  291
 115  292
 116  292
 120  296
 120  297
 121  297
 123  295
 134  295
 135  294
 150  294
 150  279
 152  277
 153  277
 154  276
 154  264
 155  263
 155  262
 156  261
 157  261
 160  258
 161  258
 161  257
 162  256
 162  247
 164  245
 164  244
 163  243
 163  236
 162  235
 162  233
 160  231
 160  230
 159  229
 158  229
 155  226
 154  226
 153  225
 152  225
 150  223
 149  223
 148  222
 147  222
 144  219
 143  219
 138  214
 138  200
 139  199
 146  199
 147  198
 153  198
 154  197
 157  197
 158  196
 159  196
 160  195
 162  195
 164  193
 165  193
 170  188
 170  187
 172  185
 172  184
 173  183
 173  182
 175  180
 175  178
 177  176
 177  173
 178  172
 178  170
 179  169
 179  161
 180  160
 180  135
 181  134
 181  130
 182  129
 182  125
 183  124
 183  122
 184  121
 184  119
 185  118
 185  117
 186  116
 186  114
 187  113
 187  112
 188  111
 188  107
 189  106
 189  104
 190  103
 190   95
 189   94
 189   93
 188   92
 187   92
 186   91
 185   91
 182   88
 181   88
 180   87
 179   87
 178   86
 177   86
 176   85
