 183   50
 182   51
 177   51
 176   52
 174   52
 173   53
 170   53
 169   54
 168   54
 167   55
 165   55
 164   56
 162   56
 161   57
 160   57
 159   58
 158   58
 157   59
 156   59
 155   60
 154   60
 152   62
 151   62
 150   63
 149   63
 148   64
 147   64
 146   65
 145   65
 143   67
 142   67
 141   68
 140   68
 138   70
 137   70
 135   72
 134   72
 131   75
 130   75
 127   78
 126   78
 123   81
 122   81
 118   85
 117   85
 110   92
 109   92
  99  102
  99  103
  97  105
  97  106
  91  112
  91  113
  88  116
  88  117
  85  120
  83  120
  82  121
  74  121
  74  130
  73  131
  73  134
  72  135
  72  137
  71  138
  71  139
  70  140
  70  141
  69  142
  69  143
  68  144
  68  145
  67  146
  67  238
  68  239
  68  241
  69  242
  69  243
  70  244
  70  245
  71  246
  71  247
  72  248
  72  252
  73  253
  73  254
  74  255
  74  257
  75  258
  75  260
  76  261
  76  263
  77  264
  77  266
  78  267
  78  268
  79  269
  79  271
  80  272
  80  273
  81  274
  81  278
  82  279
  82  280
  83  281
  83  285
  84  286
  84  287
  85  288
  85  291
  86  292
  86  294
  87  295
  87  298
  88  299
  88  300
  89  301
  89  303
  90  304
  90  306
  91  307
  91  308
 104  321
 105  321
 107  323
 107  324
 108  325
 108  326
 110  328
 110  329
 111  330
 112  330
 120  338
 122  338
 124  336
 125  336
 127  334
 128  334
 129  333
 145  333
 146  332
 167  332
 168  333
 169  333
 170  334
 171  334
 174  337
 174  338
 176  340
 176  341
 177  342
 177  343
 179  345
 179  347
 181  349
 181  351
 182  352
 182  353
 183  354
 183  356
 184  357
 184  358
 185  359
 185  361
 187  363
 187  364
 199  376
 200  376
 201  377
 203  377
 204  376
 204  375
 206  373
 206  372
 207  371
 207  370
 206  369
 206  368
 205  367
 205  366
 196  357
 195  357
 188  350
 187  350
 184  347
 183  347
 177  341
 177  340
 172  335
 172  334
 170  332
 170  330
 168  328
 168  326
 166  324
 166  302
 167  301
 167  300
 168  299
 168  298
 171  295
 171  294
 174  291
 174  272
 175  271
 175  270
 176  269
 176  268
 178  266
 179  266
 183  262
 181  260
 181  259
 180  258
 180  242
 181  241
 181  239
 182  238
 182  236
 176  230
 175  230
 168  223
 168  221
 167  220
 167  219
 166  218
 166  217
 158  209
 157  209
 156  208
 156  194
 157  193
 174  193
 175  192
 177  192
 178  191
 179  191
 180  190
 181  190
 182  189
 183  189
 188  184
 188  183
 189  182
 189  181
 190  180
 190  178
 191  177
 191  175
 192  174
 192  172
 193  171
 193  168
 194  167
 194  159
 195  158
 195  157
 196  156
 196  153
 197  152
 197  150
 198  149
 198  129
 199  128
 199   95
 200   94
 200   89
 201   88
 201   86
 202   85
 202   83
 203   82
 203   79
 204   78
 204   77
 205   76
 205   74
 206   73
 206   72
 207   71
 207   66
 206   65
 206   64
 205   63
 205   62
 204   61
 204   60
 201   57
 200   57
 198   55
 197   55
 196   54
 195   54
 193   52
 192   52
 191   51
 188   51
 187   50
