 170   90
 169   91
 167   91
 166   92
 164   92
 163   93
 161   93
 160   94
 159   94
 158   95
 156   95
 155   96
 154   96
 153   97
 151   97
 150   98
 149   98
 148   99
 147   99
 146  100
 145  100
 144  101
 143  101
 142  102
 141  102
 139  104
 138  104
 137  105
 136  105
 135  106
 134  106
 132  108
 131  108
 130  109
 129  109
 127  111
 126  111
 123  114
 122  114
 119  117
 118  117
 114  121
 113  121
 106  128
  91  128
  90  127
  89  127
  88  126
  87  126
  87  131
  86  132
  86  134
  82  138
  82  139
  80  141
  80  142
  78  144
  78  145
  76  147
  76  148
  75  149
  75  232
  77  234
  81  234
  85  238
  86  238
  87  239
  88  239
  91  242
  91  243
  95  247
  95  248
  99  252
  99  253
 103  257
 104  257
 106  259
 106  260
 107  261
 107  262
 109  264
 109  265
 115  271
 116  271
 123  278
 124  278
 128  282
 132  282
 133  283
 133  284
 134  285
 134  293
 136  295
 136  296
 137  297
 138  297
 144  303
 145  303
 146  304
 149  304
 150  305
 152  305
 150  303
 150  284
 153  281
 153  280
 154  279
 154  263
 155  262
 155  261
 156  260
 156  259
 158  257
 158  256
 160  254
 160  253
 162  251
 162  249
 163  248
 163  247
 164  246
 164  245
 166  243
 166  242
 167  241
 167  240
 169  238
 169  237
 170  236
 170  235
 171  234
 171  233
 173  231
 173  227
 172  226
 172  225
 171  224
 171  222
 169  220
 169  219
 163  213
 162  213
 160  211
 160  196
 161  195
 162  195
 163  194
 164  194
 165  193
 166  193
 167  192
 168  192
 169  191
 170  191
 172  189
 173  189
 178  184
 179  184
 180  183
 180  182
 183  179
 183  178
 184  177
 184  176
 186  174
 186  173
 187  172
 187  171
 188  170
 188  168
 189  167
 189  166
 190  165
 190  162
 191  161
 191  154
 192  153
 192  150
 193  149
 193  142
 194  141
 194  139
 195  138
 195  129
 196  128
 196  126
 197  125
 197  121
 198  120
 198  118
 199  117
 199  105
 198  104
 198  103
 197  102
 197  101
 196  100
 196   99
 195   98
 194   98
 192   96
 191   96
 189   94
 188   94
 187   93
 186   93
 185   92
 184   92
 183   91
 181   91
 180   90
