 187   69
 186   70
 184   70
 183   71
 181   71
 180   72
 178   72
 177   73
 176   73
 175   74
 173   74
 172   75
 170   75
 169   76
 168   76
 167   77
 166   77
 165   78
 163   78
 162   79
 161   79
 160   80
 159   80
 158   81
 157   81
 155   83
 154   83
 153   84
 152   84
 149   87
 148   87
 146   89
 145   89
 142   92
 141   92
 138   95
 137   95
 131  101
 130  101
 111  120
 110  120
  97  133
  87  133
  87  134
  86  135
  86  137
  85  138
  85  139
  84  140
  84  141
  83  142
  83  143
  82  144
  82  145
  79  148
  79  149
  74  154
  74  155
  68  161
  68  162
  67  163
  67  164
  66  165
  66  167
  65  168
  65  224
  67  226
  67  227
  68  228
  68  229
  69  230
  69  231
  71  233
  71  235
  72  236
  72  237
  73  238
  73  240
  74  241
  74  242
  75  243
  75  244
  76  245
  76  246
  77  247
  77  248
  78  249
  78  250
  79  251
  79  252
  80  253
  80  255
  82  257
  82  258
  83  259
  83  260
  84  261
  84  263
  85  264
  85  265
  86  266
  86  267
  87  268
  87  269
  88  270
  88  271
  89  272
  89  274
  90  275
  90  276
  91  277
  91  278
  92  279
  92  280
  93  281
  93  283
  94  284
  94  285
  95  286
  95  287
  96  288
  96  289
  97  290
  97  291
  98  292
  98  294
  99  295
  99  297
 100  298
 100  300
 101  301
 101  302
 103  304
 103  305
 104  306
 105  306
 113  314
 114  314
 115  315
 116  315
 119  318
 119  322
 120  323
 120  324
 122  326
 122  327
 124  329
 125  329
 133  337
 134  337
 135  338
 136  338
 138  336
 155  336
 156  337
 156  334
 157  333
 157  332
 159  330
 175  330
 175  329
 171  325
 171  323
 169  321
 169  300
 170  299
 170  298
 174  294
 174  293
 173  292
 173  289
 172  288
 172  271
 173  270
 173  268
 174  267
 174  266
 175  265
 175  264
 177  262
 176  261
 176  260
 175  259
 175  258
 174  257
 174  241
 175  240
 175  237
 173  235
 173  234
 171  232
 171  231
 166  226
 166  225
 164  223
 164  222
 160  218
 160  204
 161  203
 162  203
 163  202
 164  202
 165  201
 167  201
 168  200
 169  200
 170  199
 171  199
 172  198
 173  198
 174  197
 175  197
 176  196
 177  196
 180  193
 181  193
 184  190
 184  189
 186  187
 186  185
 187  184
 187  183
 188  182
 188  180
 189  179
 189  177
 190  176
 190  174
 191  173
 191  168
 192  167
 192  165
 193  164
 193  160
 194  159
 194  157
 195  156
 195  150
 196  149
 196  146
 197  145
 197  135
 198  134
 198  130
 199  129
 199  125
 200  124
 200  121
 201  120
 201  115
 202  114
 202  111
 203  110
 203  107
 204  106
 204  101
 205  100
 205   98
 206   97
 206   94
 207   93
 207   92
 208   91
 208   87
 209   86
 209   83
 210   82
 209   81
 209   80
 207   78
 207   77
 206   77
 205   76
 204   76
 203   75
 201   75
 197   71
 196   71
 195   70
 194   70
 193   69
