 185   73
 184   74
 182   74
 181   75
 177   75
 176   76
 175   76
 174   77
 172   77
 171   78
 170   78
 169   79
 167   79
 166   80
 165   80
 164   81
 163   81
 162   82
 161   82
 160   83
 159   83
 158   84
 157   84
 155   86
 154   86
 153   87
 152   87
 149   90
 148   90
 146   92
 145   92
 141   96
 140   96
 137   99
 136   99
 132  103
 131  103
 124  110
 123  110
 117  116
 116  116
 106  126
 105  126
  84  147
  84  148
  77  155
  77  156
  73  160
  73  161
  71  163
  71  164
  67  168
  67  169
  65  171
  65  172
  63  174
  63  175
  62  176
  62  230
  63  231
  63  233
  64  234
  64  236
  66  238
  66  241
  67  242
  67  244
  68  245
  68  249
  69  250
  69  252
  70  253
  70  257
  71  258
  71  259
  72  260
  72  262
  73  263
  73  264
  74  265
  74  267
  75  268
  75  269
  76  270
  76  272
  77  273
  77  276
  78  277
  78  279
  79  280
  79  282
  80  283
  80  285
  81  286
  81  288
  82  289
  82  290
  83  291
  83  294
  84  295
  84  296
  85  297
  85  299
  86  300
  86  301
  87  302
  87  304
  88  305
  88  307
  89  308
  89  310
  90  311
  90  315
  91  316
  91  317
  92  318
  92  319
 100  327
 101  327
 103  329
 104  329
 105  330
 106  330
 108  332
 108  340
 109  341
 109  343
 111  345
 111  346
 112  346
 116  350
 116  351
 117  351
 119  353
 121  353
 123  351
 140  351
 141  352
 142  352
 142  345
 143  344
 162  344
 163  345
 161  343
 161  342
 157  338
 157  337
 155  335
 155  333
 154  332
 154  315
 155  314
 155  313
 158  310
 159  310
 160  309
 162  309
 163  308
 163  307
 162  306
 162  305
 161  304
 161  302
 160  301
 160  284
 161  283
 161  279
 162  278
 162  277
 165  274
 165  260
 166  259
 166  256
 167  255
 166  254
 166  253
 164  251
 164  249
 163  248
 163  242
 162  241
 162  238
 161  237
 161  236
 159  234
 159  233
 153  227
 152  227
 151  226
 151  212
 152  211
 154  211
 155  210
 158  210
 159  209
 161  209
 162  208
 163  208
 164  207
 165  207
 168  204
 169  204
 172  201
 172  200
 176  196
 176  195
 181  190
 181  189
 183  187
 183  185
 184  184
 184  182
 185  181
 185  177
 186  176
 186  175
 187  174
 187  171
 188  170
 188  167
 189  166
 189  163
 190  162
 190  157
 191  156
 191  154
 192  153
 192  140
 193  139
 193  137
 194  136
 194  132
 195  131
 195  126
 196  125
 196  121
 197  120
 197  119
 198  118
 198  116
 199  115
 199  114
 200  113
 200  111
 201  110
 201  109
 202  108
 202  107
 203  106
 203  105
 204  104
 204  103
 205  102
 205  100
 206   99
 206   98
 207   97
 207   95
 208   94
 208   93
 209   92
 209   90
 210   89
 210   88
 211   87
 211   84
 209   82
 208   82
 207   81
 206   81
 204   79
 203   79
 201   77
 199   77
 198   76
 197   76
 196   75
 193   75
 192   74
 188   74
 187   73
