 178  123
 177  124
 174  124
 173  125
 171  125
 170  126
 168  126
 167  127
 165  127
 164  128
 163  128
 162  129
 160  129
 158  131
 156  131
 155  132
 154  132
 152  134
 151  134
 150  135
 149  135
 148  136
 147  136
 145  138
 144  138
 142  140
 141  140
 139  142
 138  142
 134  146
 133  146
 129  150
 128  150
 126  152
 125  152
 120  157
 119  157
 113  163
 112  163
  98  177
  97  177
  90  184
  90  185
  84  191
  84  192
  81  195
  80  195
  78  197
  78  268
  79  269
  79  270
  80  271
  80  272
  82  274
  82  275
  96  289
  97  289
 101  293
 102  293
 112  303
 114  303
 116  301
 117  301
 119  299
 120  299
 127  292
 128  292
 134  286
 134  285
 136  283
 137  283
 142  278
 142  276
 143  275
 143  273
 144  272
 144  271
 145  270
 145  268
 146  267
 146  266
 147  265
 147  256
 146  255
 146  254
 145  253
 145  252
 144  251
 144  250
 142  248
 142  247
 141  246
 140  246
 138  244
 137  244
 136  243
 136  229
 137  228
 150  228
 151  227
 152  227
 158  221
 158  220
 160  218
 160  217
 162  215
 162  214
 163  213
 163  212
 164  211
 164  207
 165  206
 165  205
 166  204
 166  202
 167  201
 167  199
 168  198
 168  194
 169  193
 169  191
 170  190
 170  188
 171  187
 171  186
 172  185
 172  183
 173  182
 173  181
 175  179
 175  178
 177  176
 177  175
 179  173
 179  172
 182  169
 182  168
 184  166
 184  165
 188  161
 188  160
 191  157
 191  156
 192  155
 192  154
 193  153
 193  152
 194  151
 194  148
 195  147
 195  145
 196  144
 196  142
 197  141
 197  139
 196  138
 196  136
 195  135
 195  134
 194  133
 194  132
 191  129
 190  129
 188  127
 187  127
 186  126
 185  126
 183  124
 181  124
 180  123
