 174   99
 173  100
 170  100
 169  101
 167  101
 166  102
 163  102
 162  103
 161  103
 160  104
 158  104
 157  105
 156  105
 155  106
 154  106
 153  107
 152  107
 151  108
 150  108
 149  109
 148  109
 146  111
 145  111
 144  112
 143  112
 142  113
 141  113
 140  114
 139  114
 137  116
 136  116
 134  118
 133  118
 131  120
 130  120
 127  123
 126  123
 123  126
 122  126
 119  129
 118  129
 112  135
 111  135
  99  147
  99  148
  96  151
  96  152
  91  157
  82  157
  82  158
  80  160
  80  161
  79  162
  79  163
  78  164
  78  165
  77  166
  77  168
  74  171
  74  173
  73  174
  73  259
  74  260
  74  261
  75  262
  75  264
  76  265
  76  266
  78  268
  79  268
  81  270
  81  271
  82  272
  82  273
  83  274
  83  275
  85  277
  85  280
  86  281
  86  282
  87  283
  87  286
  88  287
  88  289
  89  290
  89  294
  90  295
  90  297
  91  298
  91  299
 112  320
 112  321
 113  322
 114  322
 116  324
 116  325
 118  327
 119  327
 120  328
 121  328
 122  329
 129  329
 130  328
 132  328
 133  327
 134  327
 135  326
 136  326
 137  325
 138  325
 141  322
 142  322
 144  320
 146  320
 147  319
 148  319
 149  318
 150  318
 154  314
 154  313
 158  309
 159  309
 161  307
 162  307
 166  303
 166  302
 167  301
 167  299
 168  298
 168  294
 169  293
 169  292
 170  291
 170  290
 173  287
 173  286
 174  285
 174  284
 175  283
 175  281
 176  280
 176  273
 177  272
 177  269
 176  268
 176  267
 174  265
 174  264
 173  263
 173  262
 172  261
 172  260
 171  259
 171  258
 170  257
 170  256
 168  254
 168  253
 161  246
 160  246
 157  243
 157  229
 158  228
 161  228
 162  227
 163  227
 164  226
 165  226
 168  223
 169  223
 175  217
 175  216
 179  212
 179  211
 181  209
 181  207
 182  206
 182  205
 183  204
 183  202
 185  200
 185  198
 186  197
 186  196
 187  195
 187  192
 188  191
 188  176
 189  175
 189  165
 190  164
 190  161
 191  160
 191  158
 192  157
 192  154
 193  153
 193  152
 194  151
 194  148
 195  147
 195  145
 196  144
 196  140
 197  139
 197  138
 198  137
 198  135
 199  134
 199  132
 200  131
 200  126
 201  125
 201  121
 202  120
 201  119
 201  116
 200  115
 200  112
 199  111
 199  110
 197  108
 197  107
 196  106
 195  106
 194  105
 193  105
 190  102
 189  102
 188  101
 187  101
 186  100
 184  100
 183   99
