 174  103
 173  104
 170  104
 169  105
 167  105
 166  106
 164  106
 163  107
 162  107
 161  108
 159  108
 158  109
 157  109
 156  110
 155  110
 154  111
 153  111
 152  112
 151  112
 149  114
 148  114
 147  115
 146  115
 144  117
 143  117
 142  118
 141  118
 138  121
 137  121
 134  124
 133  124
 130  127
 129  127
 110  146
 110  147
 104  153
 104  154
 101  157
 101  158
  97  162
  97  163
  96  164
  82  164
  81  163
  81  160
  79  160
  79  161
  78  162
  78  163
  77  164
  77  168
  76  169
  76  170
  75  171
  75  173
  74  174
  74  256
  75  257
  75  259
  76  260
  76  261
  77  262
  77  264
  79  266
  79  267
  80  268
  80  269
  82  271
  82  272
  84  274
  84  275
  86  277
  86  278
  89  281
  89  282
  90  283
  90  284
  92  286
  92  287
  93  288
  93  289
  97  293
  97  294
  98  295
  99  295
 100  296
 101  296
 104  299
 104  300
 105  301
 105  302
 106  303
 106  304
 108  306
 108  307
 114  313
 115  313
 118  316
 119  316
 122  319
 123  319
 128  324
 129  324
 130  325
 131  324
 132  324
 133  323
 135  323
 136  322
 137  322
 139  320
 140  320
 143  317
 144  317
 149  312
 150  312
 154  308
 154  307
 157  304
 157  303
 161  299
 161  298
 163  296
 163  295
 164  294
 164  291
 165  290
 165  288
 166  287
 166  285
 167  284
 167  283
 168  282
 168  281
 169  280
 169  279
 170  278
 170  274
 171  273
 171  269
 172  268
 172  267
 173  266
 173  263
 172  262
 172  259
 171  258
 171  257
 170  256
 170  255
 163  248
 162  248
 159  245
 158  245
 157  244
 157  229
 159  227
 160  227
 163  224
 164  224
 168  220
 169  220
 172  217
 172  216
 173  215
 173  214
 174  213
 174  211
 175  210
 175  207
 176  206
 176  204
 177  203
 177  195
 178  194
 178  179
 179  178
 179  169
 180  168
 180  167
 181  166
 181  163
 182  162
 182  161
 183  160
 183  159
 184  158
 184  157
 185  156
 185  155
 187  153
 187  152
 190  149
 190  148
 192  146
 192  145
 194  143
 194  142
 195  141
 195  140
 196  139
 196  137
 197  136
 197  135
 198  134
 198  132
 199  131
 199  128
 200  127
 200  125
 201  124
 201  122
 200  121
 200  120
 199  119
 199  117
 198  116
 198  115
 197  114
 197  113
 193  109
 192  109
 190  107
 189  107
 188  106
 187  106
 186  105
 185  105
 184  104
 183  104
 182  103
