 175  115
 174  116
 170  116
 169  117
 166  117
 165  118
 161  118
 160  119
 158  119
 157  120
 154  120
 153  121
 151  121
 150  122
 149  122
 148  123
 146  123
 145  124
 144  124
 143  125
 141  125
 140  126
 139  126
 138  127
 137  127
 136  128
 135  128
 134  129
 133  129
 132  130
 130  130
 129  131
 128  131
 127  132
 126  132
 125  133
 124  133
 123  134
 122  134
 121  135
 120  135
 118  137
 117  137
 115  139
 114  139
 112  141
 111  141
 109  143
 108  143
 105  146
 104  146
 102  148
 101  148
  98  151
  97  151
  93  155
  92  155
  88  159
  87  159
  79  167
  78  167
  66  179
  66  180
  64  182
  63  182
  63  183
  62  184
  62  271
  63  272
  63  273
  64  274
  64  275
  65  276
  65  277
  66  278
  66  279
  67  280
  67  283
  68  284
  68  286
  69  287
  69  289
  70  290
  70  291
  71  292
  71  293
  74  296
  74  297
  76  299
  76  300
  87  311
  88  311
  89  312
  90  312
  91  313
  92  313
  93  314
  94  314
  95  313
  98  313
  99  312
 100  312
 101  311
 103  311
 104  310
 105  310
 107  308
 108  308
 109  307
 110  307
 111  306
 112  306
 115  303
 116  303
 117  302
 118  302
 119  301
 120  301
 121  300
 123  300
 124  299
 125  299
 128  296
 128  295
 130  293
 130  291
 131  290
 131  289
 133  287
 133  286
 137  282
 137  281
 140  278
 140  277
 141  276
 141  274
 142  273
 142  272
 143  271
 143  269
 144  268
 144  267
 145  266
 145  264
 146  263
 146  254
 145  253
 145  252
 144  251
 144  250
 143  249
 143  248
 141  246
 141  245
 140  244
 140  230
 141  229
 145  229
 146  228
 149  228
 151  226
 152  226
 153  225
 154  225
 157  222
 158  222
 165  215
 165  213
 167  211
 167  210
 168  209
 168  208
 169  207
 169  206
 170  205
 170  204
 171  203
 171  200
 172  199
 172  196
 173  195
 173  193
 174  192
 174  191
 175  190
 175  189
 176  188
 176  187
 177  186
 177  185
 178  184
 178  182
 180  180
 180  179
 181  178
 181  177
 184  174
 184  173
 201  156
 201  155
 206  150
 206  149
 208  147
 208  145
 209  144
 209  143
 210  142
 210  140
 211  139
 211  136
 212  135
 212  132
 210  130
 210  129
 209  129
 208  128
 207  128
 205  126
 204  126
 202  124
 201  124
 199  122
 198  122
 197  121
 196  121
 194  119
 193  119
 192  118
 191  118
 190  117
 188  117
 187  116
 183  116
 182  115
