 186   70
 185   71
 182   71
 181   72
 177   72
 176   73
 173   73
 172   74
 170   74
 169   75
 166   75
 165   76
 164   76
 163   77
 161   77
 160   78
 158   78
 157   79
 156   79
 155   80
 153   80
 152   81
 151   81
 150   82
 149   82
 148   83
 146   83
 145   84
 144   84
 143   85
 142   85
 141   86
 140   86
 139   87
 138   87
 137   88
 136   88
 135   89
 134   89
 133   90
 132   90
 131   91
 130   91
 129   92
 128   92
 126   94
 125   94
 124   95
 123   95
 122   96
 121   96
 119   98
 118   98
 117   99
 116   99
 114  101
 113  101
 111  103
 110  103
 108  105
 107  105
 105  107
 104  107
 101  110
 100  110
  97  113
  96  113
  93  116
  92  116
  90  118
  75  118
  75  128
  74  129
  74  130
  64  140
  64  141
  56  149
  56  150
  53  153
  53  154
  52  155
  52  226
  53  227
  53  230
  54  231
  54  232
  55  233
  55  234
  56  235
  56  237
  57  238
  57  240
  58  241
  58  243
  59  244
  59  249
  60  250
  60  253
  61  254
  61  259
  62  260
  62  265
  63  266
  63  271
  64  272
  64  279
  65  280
  65  282
  66  283
  66  285
  67  286
  67  287
  70  290
  71  290
  75  294
  75  295
  79  299
  79  304
  80  305
  80  307
  81  308
  81  310
  82  311
  82  312
  84  314
  84  315
  85  316
  85  317
  86  318
  87  318
  94  325
  96  323
 112  323
 114  325
 115  324
 129  324
 130  325
 130  327
 131  328
 131  334
 132  335
 132  336
 133  337
 133  340
 134  341
 134  342
 135  343
 135  344
 140  349
 142  349
 144  351
 144  352
 145  353
 145  354
 146  355
 146  354
 145  353
 145  352
 144  351
 144  348
 143  347
 143  346
 142  345
 142  343
 140  341
 140  339
 139  338
 139  337
 138  336
 138  335
 137  334
 137  333
 136  332
 136  331
 135  330
 135  329
 133  327
 133  325
 132  324
 132  323
 131  322
 131  320
 130  319
 130  318
 129  317
 129  293
 133  289
 137  289
 138  288
 140  288
 141  287
 142  287
 142  267
 144  265
 148  265
 149  264
 151  264
 151  245
 154  242
 154  240
 153  239
 153  238
 151  236
 151  235
 150  234
 150  233
 149  232
 149  231
 148  230
 148  228
 147  227
 147  226
 146  225
 146  224
 145  223
 145  222
 144  221
 144  220
 142  218
 142  217
 138  213
 138  212
 137  211
 137  197
 138  196
 149  196
 150  195
 151  195
 152  194
 153  194
 154  193
 155  193
 159  189
 160  189
 168  181
 168  180
 169  179
 169  178
 170  177
 170  176
 171  175
 171  174
 173  172
 173  171
 176  168
 176  167
 177  166
 177  159
 178  158
 178  157
 181  154
 181  153
 182  152
 182  151
 183  150
 183  148
 184  147
 184  145
 185  144
 185  142
 186  141
 186  140
 190  136
 190  135
 192  133
 192  132
 193  131
 193  130
 194  129
 194  128
 195  127
 195  126
 198  123
 198  122
 202  118
 202  117
 203  116
 203  115
 204  114
 204  113
 205  112
 205  111
 211  105
 211  104
 216   99
 216   98
 220   94
 220   93
 221   92
 221   90
 222   89
 222   88
 220   86
 220   85
 218   83
 217   83
 215   81
 214   81
 213   80
 212   80
 210   78
 209   78
 207   76
 206   76
 205   75
 204   75
 203   74
 201   74
 200   73
 199   73
 198   72
 195   72
 194   71
 192   71
 191   70
