 179   87
 178   88
 172   88
 171   89
 167   89
 166   90
 162   90
 161   91
 160   91
 159   92
 156   92
 155   93
 153   93
 152   94
 150   94
 149   95
 147   95
 146   96
 145   96
 144   97
 142   97
 141   98
 140   98
 139   99
 138   99
 137  100
 136  100
 135  101
 134  101
 133  102
 132  102
 131  103
 130  103
 128  105
 127  105
 126  106
 125  106
 123  108
 122  108
 120  110
 119  110
 117  112
 116  112
 114  114
 113  114
 110  117
 109  117
 106  120
 105  120
  87  138
  87  139
  82  144
  82  145
  76  151
  76  152
  71  157
  70  157
  69  158
  69  159
  68  160
  68  161
  67  162
  67  235
  68  236
  68  240
  69  241
  69  243
  70  244
  70  248
  71  249
  71  253
  72  254
  72  255
  73  256
  73  260
  74  261
  74  262
  75  263
  75  269
  76  270
  76  271
  77  272
  77  276
  78  277
  78  278
  79  279
  79  280
  80  281
  80  282
  83  285
  84  285
  89  290
  90  290
  92  292
  92  295
  93  296
  93  297
  94  298
  94  299
  95  300
  95  301
  96  301
 101  306
 103  306
 105  304
 106  304
 107  303
 108  303
 109  302
 114  302
 115  301
 117  301
 118  300
 132  300
 134  302
 134  303
 136  305
 136  308
 137  309
 137  310
 138  311
 138  316
 139  317
 139  319
 140  320
 140  325
 141  326
 141  327
 142  328
 142  330
 145  333
 145  334
 150  339
 151  339
 152  340
 153  340
 156  337
 156  335
 154  333
 154  332
 153  331
 153  330
 151  328
 151  327
 149  325
 149  324
 147  322
 147  321
 143  317
 143  313
 142  312
 142  309
 141  308
 141  307
 140  306
 140  302
 139  301
 139  299
 138  298
 138  283
 139  282
 139  281
 140  280
 140  278
 145  273
 146  273
 148  271
 148  270
 149  269
 149  268
 150  267
 150  266
 151  265
 151  257
 152  256
 152  255
 157  250
 157  249
 158  248
 158  234
 157  233
 157  232
 153  228
 153  227
 152  226
 152  224
 151  223
 151  219
 147  215
 147  201
 148  200
 157  200
 158  199
 160  199
 161  198
 163  198
 168  193
 168  192
 169  191
 169  188
 170  187
 171  187
 174  184
 174  183
 175  182
 175  179
 176  178
 176  176
 177  175
 177  172
 178  171
 178  170
 179  169
 179  165
 180  164
 180  159
 181  158
 181  156
 182  155
 182  154
 183  153
 183  150
 184  149
 184  147
 185  146
 185  143
 186  142
 186  140
 187  139
 187  138
 188  137
 188  136
 189  135
 189  134
 190  133
 190  131
 191  130
 191  128
 192  127
 192  126
 195  123
 195  122
 197  120
 197  119
 199  117
 199  116
 200  115
 200  114
 202  112
 202  111
 203  110
 203  109
 205  107
 205  106
 207  104
 207  100
 205   98
 205   97
 204   96
 204   95
 203   94
 202   94
 201   93
 200   93
 198   91
 197   91
 196   90
 195   90
 194   89
 193   89
 192   88
 190   88
 189   87
