 191   57
 190   58
 186   58
 185   59
 178   59
 177   60
 174   60
 173   61
 170   61
 169   62
 167   62
 166   63
 164   63
 163   64
 161   64
 160   65
 158   65
 157   66
 156   66
 155   67
 153   67
 152   68
 151   68
 150   69
 149   69
 148   70
 146   70
 145   71
 144   71
 143   72
 142   72
 141   73
 140   73
 139   74
 138   74
 137   75
 136   75
 135   76
 134   76
 133   77
 132   77
 131   78
 130   78
 129   79
 128   79
 126   81
 125   81
 124   82
 123   82
 122   83
 121   83
 120   84
 119   84
 117   86
 116   86
 115   87
 114   87
 112   89
 111   89
 110   90
 109   90
 107   92
 106   92
 104   94
 103   94
 101   96
 100   96
  98   98
  97   98
  95  100
  94  100
  92  102
  91  102
  86  107
  85  107
  81  111
  80  111
  74  117
  74  118
  66  126
  66  127
  63  130
  63  131
  57  137
  57  138
  55  140
  55  141
  53  143
  53  144
  50  147
  50  148
  49  149
  49  150
  48  151
  48  152
  46  154
  46  155
  45  156
  45  157
  44  158
  44  220
  45  221
  45  222
  46  223
  46  224
  48  226
  48  227
  49  228
  49  229
  51  231
  51  232
  55  236
  55  237
  56  238
  56  241
  57  242
  57  243
  58  244
  58  246
  59  247
  59  248
  60  249
  60  250
  61  251
  61  252
  63  254
  63  255
  64  256
  64  257
  65  258
  65  259
  67  261
  67  262
  70  265
  70  266
  71  267
  71  268
  72  269
  72  270
  73  271
  73  275
  74  276
  74  277
  75  278
  75  279
  76  280
  76  283
  78  285
  78  289
  79  290
  79  292
  80  293
  80  298
  81  299
  81  302
  82  303
  82  305
  83  306
  83  307
  89  313
  90  313
  96  319
  97  319
  99  321
 101  321
 104  324
 104  325
 106  327
 106  328
 108  330
 109  330
 110  331
 111  331
 113  333
 113  334
 114  335
 127  335
 129  337
 145  337
 148  340
 148  341
 150  343
 150  344
 152  346
 152  348
 154  350
 154  352
 155  353
 155  354
 168  367
 169  367
 172  370
 173  369
 174  369
 176  367
 176  366
 177  365
 176  364
 176  363
 164  351
 163  351
 158  346
 157  346
 153  342
 152  342
 150  340
 150  339
 148  337
 148  336
 147  335
 147  333
 145  331
 145  307
 148  304
 149  304
 150  303
 151  303
 152  302
 152  296
 151  295
 151  279
 152  278
 153  278
 154  277
 155  277
 158  274
 158  254
 159  253
 159  251
 158  250
 158  249
 156  247
 156  246
 154  244
 154  241
 153  240
 153  235
 152  234
 152  232
 151  231
 151  230
 147  226
 147  225
 137  215
 136  215
 134  213
 134  199
 136  197
 160  197
 161  196
 172  196
 173  195
 175  195
 176  194
 178  194
 179  193
 180  193
 183  190
 183  189
 184  188
 184  187
 186  185
 186  184
 189  181
 189  180
 191  178
 191  177
 192  176
 192  175
 193  174
 193  169
 194  168
 194  167
 195  166
 195  164
 196  163
 196  162
 197  161
 197  158
 198  157
 198  153
 199  152
 199  147
 200  146
 200  144
 201  143
 201  140
 202  139
 202  135
 203  134
 203  131
 204  130
 204  128
 205  127
 205  126
 206  125
 206  123
 207  122
 207  121
 208  120
 208  116
 209  115
 209  114
 210  113
 210  112
 211  111
 211  110
 212  109
 212  108
 213  107
 213  106
 214  105
 214  104
 215  103
 215  101
 216  100
 216   99
 217   98
 217   97
 218   96
 218   95
 219   94
 219   93
 221   91
 221   90
 222   89
 222   88
 223   87
 223   86
 224   85
 224   84
 225   83
 225   82
 227   80
 227   79
 228   78
 228   76
 229   75
 229   73
 230   72
 229   71
 229   70
 227   68
 226   68
 225   67
 224   67
 222   65
 221   65
 220   64
 219   64
 218   63
 217   63
 216   62
 215   62
 214   61
 213   61
 212   60
 210   60
 209   59
 204   59
 203   58
 199   58
 198   57
