 208    9
 207   10
 198   10
 197   11
 193   11
 192   12
 187   12
 186   13
 183   13
 182   14
 179   14
 178   15
 176   15
 175   16
 173   16
 172   17
 170   17
 169   18
 167   18
 166   19
 165   19
 164   20
 162   20
 161   21
 159   21
 158   22
 157   22
 156   23
 154   23
 153   24
 152   24
 151   25
 150   25
 149   26
 147   26
 146   27
 145   27
 144   28
 143   28
 142   29
 141   29
 140   30
 139   30
 138   31
 137   31
 136   32
 135   32
 134   33
 133   33
 132   34
 131   34
 130   35
 129   35
 128   36
 127   36
 126   37
 125   37
 124   38
 123   38
 122   39
 121   39
 120   40
 119   40
 118   41
 117   41
 116   42
 115   42
 113   44
 112   44
 111   45
 110   45
 109   46
 108   46
 107   47
 106   47
 103   50
 102   50
 100   52
  99   52
  97   54
  96   54
  94   56
  93   56
  90   59
  89   59
  87   61
  86   61
  83   64
  82   64
  80   66
  79   66
  77   68
  76   68
  67   77
  66   77
  58   85
  57   85
  49   93
  49   94
  43  100
  43  101
  36  108
  36  109
  32  113
  32  114
  30  116
  30  117
  28  119
  28  120
  25  123
  25  124
  24  125
  24  224
  25  225
  25  226
  26  227
  26  229
  27  230
  27  233
  28  234
  28  236
  29  237
  29  239
  30  240
  30  241
  31  242
  31  248
  32  249
  32  253
  33  254
  33  259
  34  260
  34  262
  35  263
  35  267
  36  268
  36  271
  37  272
  37  276
  38  277
  38  285
  39  286
  39  292
  40  293
  40  297
  41  298
  41  299
  42  300
  42  304
  43  305
  43  306
  44  307
  44  309
  45  310
  45  311
  46  312
  46  314
  47  315
  47  316
  48  317
  48  318
  49  319
  49  321
  51  323
  51  324
  52  325
  52  326
  60  334
  61  334
  62  335
  63  335
  64  336
  65  336
  66  337
  67  337
  68  338
  68  347
  69  348
  69  354
  70  355
  70  359
  71  360
  71  361
  72  362
  72  363
  73  364
  73  365
  75  367
  75  368
  84  377
  85  377
  87  379
  88  378
  89  378
  90  377
  91  377
  93  375
  93  374
  95  372
  95  371
  97  369
 111  369
 118  376
 119  376
 120  377
 121  376
 122  376
 123  375
 138  375
 139  376
 139  377
 140  378
 140  379
 142  381
 142  383
 144  385
 144  388
 146  390
 146  393
 147  394
 147  395
 148  396
 148  398
 149  399
 149  401
 150  402
 150  403
 151  404
 151  406
 152  407
 152  408
 153  409
 153  412
 154  413
 154  414
 155  415
 155  416
 157  418
 158  418
 159  419
 168  419
 169  418
 171  418
 172  417
 173  417
 174  416
 175  416
 175  415
 176  414
 176  413
 177  412
 177  409
 178  408
 178  406
 177  405
 177  402
 176  401
 176  400
 175  399
 175  398
 174  397
 174  396
 172  394
 172  393
 170  391
 170  390
 168  388
 168  387
 164  383
 164  382
 162  380
 162  379
 159  376
 159  375
 157  373
 157  372
 156  371
 156  370
 155  369
 155  368
 153  366
 153  365
 152  364
 152  363
 151  362
 151  361
 150  360
 150  359
 149  358
 149  357
 148  356
 148  355
 147  354
 147  353
 146  352
 146  332
 150  328
 151  328
 152  327
 153  327
 155  325
 155  324
 157  322
 157  318
 156  317
 156  315
 155  314
 155  298
 156  297
 156  295
 158  293
 159  293
 160  292
 162  292
 164  290
 165  290
 167  288
 167  287
 166  286
 166  284
 164  282
 164  261
 165  260
 165  259
 168  256
 169  256
 171  254
 171  253
 170  252
 170  251
 169  250
 169  249
 167  247
 167  246
 164  243
 164  242
 159  237
 159  236
 157  234
 157  233
 156  232
 156  231
 155  230
 155  229
 154  228
 154  227
 153  226
 153  225
 152  224
 152  223
 151  222
 151  221
 150  220
 150  219
 149  218
 149  217
 146  214
 146  213
 136  203
 135  203
 132  200
 131  200
 129  198
 128  198
 126  196
 126  182
 127  181
 153  181
 154  180
 156  180
 157  179
 159  179
 160  178
 161  178
 162  177
 163  177
 172  168
 172  167
 175  164
 175  163
 177  161
 178  161
 179  160
 179  159
 182  156
 182  155
 183  154
 183  153
 184  152
 184  151
 185  150
 185  146
 186  145
 186  144
 187  143
 187  142
 188  141
 188  140
 192  136
 192  135
 194  133
 194  130
 195  129
 195  126
 196  125
 196  118
 198  116
 198  115
 200  113
 200  112
 202  110
 202  109
 203  108
 203  107
 204  106
 204  104
 205  103
 205   99
 206   98
 206   97
 207   96
 207   95
 208   94
 208   93
 215   86
 215   85
 216   84
 216   83
 217   82
 217   81
 218   80
 218   79
 219   78
 219   77
 222   74
 222   73
 229   66
 229   65
 231   63
 231   62
 232   61
 232   60
 234   58
 234   57
 240   51
 240   50
 241   49
 241   48
 242   47
 242   46
 243   45
 243   44
 244   43
 244   42
 245   41
 245   40
 246   39
 246   38
 247   37
 247   36
 248   35
 248   34
 249   33
 249   31
 250   30
 250   26
 249   25
 249   24
 243   18
 242   18
 241   17
 240   17
 239   16
 238   16
 237   15
 235   15
 234   14
 233   14
 232   13
 229   13
 228   12
 226   12
 225   11
 221   11
 220   10
 212   10
 211    9
