 155  160
 154  161
 153  161
 152  162
 150  162
 149  163
 148  163
 147  164
 146  164
 145  165
 144  165
 142  167
 141  167
 140  168
 139  168
 137  170
 136  170
 135  171
 134  171
 132  173
 131  173
 130  174
 129  174
 128  175
 127  175
 125  177
 124  177
 122  179
 121  179
 119  181
 118  181
 117  182
 116  182
 115  183
 114  183
 113  184
 112  184
 111  185
 110  185
 109  186
 108  186
 106  188
 105  188
 103  190
 103  255
 105  257
 108  257
 109  258
 109  268
 111  268
 112  267
 113  267
 115  265
 132  265
 133  266
 146  266
 146  264
 147  263
 147  258
 149  256
 152  256
 154  254
 154  246
 155  245
 155  240
 154  239
 154  238
 153  237
 153  229
 149  229
 148  228
 148  214
 150  212
 151  212
 152  211
 153  211
 154  210
 155  210
 160  205
 161  205
 164  202
 164  201
 165  200
 165  199
 166  198
 166  197
 167  196
 167  195
 168  194
 168  191
 169  190
 169  189
 170  188
 170  178
 171  177
 171  173
 169  171
 169  170
 167  168
 167  167
 166  167
 161  162
 160  162
 159  161
 158  161
 157  160
