 179  108
 178  109
 172  109
 171  110
 168  110
 167  111
 166  111
 165  112
 163  112
 162  113
 160  113
 159  114
 158  114
 157  115
 156  115
 155  116
 154  116
 153  117
 152  117
 151  118
 150  118
 149  119
 148  119
 147  120
 146  120
 145  121
 144  121
 142  123
 141  123
 138  126
 137  126
 134  129
 133  129
 131  131
 130  131
 126  135
 125  135
 121  139
 120  139
 111  148
 111  149
 109  151
 108  151
 103  156
 103  157
  97  163
  97  164
  93  168
  93  169
  87  175
  87  176
  83  180
  83  181
  74  190
  74  191
  73  192
  73  193
  72  194
  72  259
  73  260
  73  261
  74  262
  74  263
  76  265
  76  266
  77  267
  77  268
  78  269
  78  271
  79  272
  79  273
  80  274
  80  276
  81  277
  81  278
  82  279
  82  281
  83  282
  83  283
  84  284
  84  285
  85  286
  85  287
  86  288
  86  289
  88  291
  88  292
  90  294
  90  295
  91  296
  91  297
  93  299
  93  300
  96  303
  96  304
  97  305
  97  306
 100  309
 100  310
 101  310
 110  319
 112  319
 113  320
 114  319
 120  319
 121  318
 124  318
 125  317
 127  317
 128  316
 129  316
 132  313
 132  312
 133  311
 133  309
 134  308
 134  307
 137  304
 138  304
 139  303
 140  303
 143  300
 143  299
 144  298
 144  297
 145  296
 145  287
 146  286
 146  285
 152  279
 152  277
 153  276
 153  273
 154  272
 154  271
 156  269
 155  268
 155  265
 154  264
 154  259
 153  258
 153  257
 152  256
 152  255
 146  249
 145  249
 144  248
 144  234
 145  233
 146  233
 147  232
 148  232
 149  231
 150  231
 152  229
 153  229
 162  220
 162  219
 164  217
 164  215
 165  214
 165  213
 166  212
 166  210
 167  209
 167  206
 168  205
 168  203
 169  202
 169  200
 170  199
 170  197
 171  196
 171  185
 172  184
 172  179
 173  178
 173  174
 174  173
 174  169
 175  168
 175  166
 176  165
 176  161
 177  160
 177  158
 178  157
 178  156
 180  154
 180  153
 182  151
 183  151
 195  139
 195  138
 197  136
 197  135
 198  134
 198  133
 199  132
 199  131
 200  130
 200  129
 201  128
 201  126
 202  125
 202  123
 201  122
 201  121
 197  117
 196  117
 195  116
 194  116
 190  112
 189  112
 188  111
 187  111
 186  110
 185  110
 184  109
 181  109
 180  108
