 176  120
 175  121
 170  121
 169  122
 166  122
 165  123
 161  123
 160  124
 158  124
 157  125
 155  125
 154  126
 152  126
 151  127
 149  127
 148  128
 146  128
 145  129
 143  129
 142  130
 141  130
 140  131
 138  131
 137  132
 136  132
 135  133
 134  133
 133  134
 132  134
 131  135
 130  135
 129  136
 128  136
 127  137
 126  137
 125  138
 124  138
 122  140
 121  140
 120  141
 118  141
 117  142
 116  142
 114  144
 113  144
 111  146
 110  146
 109  147
 108  147
 106  149
 105  149
 104  150
 103  150
 101  152
  86  152
  85  151
  85  142
  79  142
  77  144
  77  145
  76  146
  76  147
  75  148
  75  149
  74  150
  74  151
  73  152
  73  153
  70  156
  70  157
  66  161
  66  162
  64  164
  64  165
  63  166
  63  287
  64  288
  64  289
  65  290
  65  292
  66  293
  66  294
  67  295
  67  296
  77  306
  78  306
  79  307
  81  307
  82  308
  84  308
  85  309
  88  309
  89  308
  93  308
  94  307
  97  307
  98  306
 101  306
 102  305
 104  305
 105  304
 107  304
 108  303
 110  303
 111  302
 112  302
 113  301
 114  301
 115  300
 116  300
 117  299
 118  299
 119  298
 120  298
 121  297
 122  297
 123  296
 124  296
 125  295
 126  295
 127  294
 128  294
 131  291
 132  291
 145  278
 145  277
 147  275
 147  274
 149  272
 149  271
 150  270
 150  269
 151  268
 151  266
 150  265
 150  264
 148  262
 148  260
 146  258
 146  257
 145  256
 145  255
 144  254
 144  253
 142  251
 142  250
 141  249
 141  248
 139  246
 139  232
 140  231
 156  231
 157  232
 163  232
 164  231
 166  231
 168  229
 169  229
 181  217
 181  216
 183  214
 183  213
 185  211
 185  210
 189  206
 189  205
 190  204
 190  203
 191  202
 191  201
 192  200
 192  199
 193  198
 193  197
 194  196
 194  194
 195  193
 195  192
 196  191
 196  190
 197  189
 197  188
 198  187
 198  184
 199  183
 199  182
 200  181
 200  180
 201  179
 201  178
 202  177
 202  176
 204  174
 204  172
 205  171
 205  170
 206  169
 206  167
 207  166
 207  163
 208  162
 208  160
 209  159
 209  155
 210  154
 210  152
 211  151
 211  140
 212  139
 212  137
 211  136
 211  134
 208  131
 207  131
 205  129
 204  129
 202  127
 201  127
 199  125
 198  125
 197  124
 196  124
 195  123
 193  123
 192  122
 191  122
 190  121
 186  121
 185  120
