 169  129
 168  130
 165  130
 164  131
 161  131
 160  132
 159  132
 158  133
 156  133
 155  134
 154  134
 153  135
 152  135
 151  136
 150  136
 149  137
 148  137
 147  138
 146  138
 144  140
 143  140
 142  141
 141  141
 139  143
 138  143
 136  145
 135  145
 132  148
 131  148
 128  151
 127  151
 123  155
 122  155
 106  171
 105  171
 102  174
 102  175
  98  179
  98  180
  95  183
  95  184
  92  187
  92  188
  90  190
  90  242
  91  243
  91  244
  92  245
  92  246
  94  248
  94  249
  97  252
  97  254
  98  255
  98  257
  99  258
  99  259
 100  260
 100  261
 101  262
 101  263
 102  264
 102  265
 104  267
 104  268
 106  270
 106  271
 108  273
 108  274
 110  276
 110  278
 113  281
 113  282
 115  284
 115  285
 119  289
 119  290
 126  297
 127  297
 128  298
 129  298
 130  299
 133  299
 136  296
 137  296
 139  294
 140  294
 143  291
 143  280
 146  277
 146  261
 147  260
 147  259
 148  258
 148  256
 149  255
 149  250
 150  249
 150  247
 149  246
 149  245
 148  244
 148  243
 147  242
 147  241
 146  240
 145  240
 142  237
 141  237
 140  236
 140  222
 142  220
 143  220
 150  213
 151  213
 156  208
 156  206
 157  205
 157  204
 158  203
 158  201
 159  200
 159  199
 160  198
 160  196
 161  195
 161  191
 162  190
 162  187
 163  186
 163  184
 164  183
 164  181
 165  180
 165  176
 166  175
 166  173
 167  172
 167  171
 168  170
 168  169
 169  168
 169  166
 171  164
 171  163
 172  162
 172  161
 174  159
 174  158
 176  156
 176  155
 178  153
 178  152
 180  150
 180  149
 181  148
 181  147
 182  146
 182  144
 183  143
 183  142
 184  141
 184  137
 183  136
 183  135
 181  133
 180  133
 178  131
 177  131
 176  130
 175  130
 174  129
