 176   82
 175   83
 170   83
 169   84
 165   84
 164   85
 162   85
 161   86
 158   86
 157   87
 155   87
 154   88
 153   88
 152   89
 150   89
 149   90
 148   90
 147   91
 146   91
 145   92
 143   92
 142   93
 141   93
 140   94
 139   94
 138   95
 137   95
 136   96
 135   96
 134   97
 133   97
 132   98
 131   98
 130   99
 129   99
 128  100
 127  100
 126  101
 125  101
 123  103
 122  103
 120  105
 119  105
 118  106
 117  106
 114  109
 113  109
 111  111
 110  111
 107  114
 106  114
  99  121
  98  121
  84  135
  84  136
  72  148
  72  149
  69  152
  69  153
  68  154
  68  236
  69  237
  69  240
  70  241
  70  245
  71  246
  71  248
  72  249
  72  252
  73  253
  73  254
  74  255
  74  258
  75  259
  75  260
  76  261
  76  265
  77  266
  77  267
  78  268
  78  272
  79  273
  79  275
  80  276
  80  279
  81  280
  81  281
  82  282
  82  283
  85  286
  86  286
  89  289
  89  290
  91  292
  91  293
  93  295
  93  297
  94  298
  94  299
  95  300
  95  301
 106  312
 107  311
 125  311
 129  315
 143  315
 145  317
 145  318
 146  319
 146  320
 147  321
 147  322
 148  323
 148  326
 149  327
 149  328
 150  329
 150  330
 151  331
 151  332
 154  335
 155  335
 160  340
 160  341
 161  342
 162  342
 165  345
 166  344
 167  344
 168  343
 168  342
 169  341
 169  339
 167  337
 167  336
 162  331
 161  331
 154  324
 154  323
 150  319
 150  318
 148  316
 148  315
 146  313
 146  311
 145  310
 145  309
 144  308
 144  306
 143  305
 143  285
 144  284
 144  283
 146  281
 147  281
 148  280
 149  280
 150  279
 151  279
 152  278
 152  277
 151  276
 151  273
 150  272
 150  255
 153  252
 154  252
 155  251
 156  251
 158  249
 158  230
 159  229
 159  226
 157  224
 157  223
 156  222
 156  221
 153  218
 153  217
 151  215
 151  214
 147  210
 147  196
 148  195
 154  195
 155  194
 156  194
 157  193
 158  193
 159  192
 160  192
 163  189
 163  188
 165  186
 165  185
 167  183
 167  182
 168  181
 168  180
 169  179
 169  178
 170  177
 170  176
 171  175
 171  174
 174  171
 174  170
 175  169
 175  168
 176  167
 176  163
 177  162
 177  161
 178  160
 178  159
 180  157
 180  156
 182  154
 182  151
 183  150
 183  145
 185  143
 185  142
 187  140
 187  138
 188  137
 188  135
 189  134
 189  132
 191  130
 191  129
 195  125
 195  123
 196  122
 196  121
 197  120
 197  119
 199  117
 199  116
 202  113
 202  111
 203  110
 203  108
 204  107
 204  104
 205  103
 205  101
 206  100
 206   97
 205   96
 205   95
 202   92
 201   92
 200   91
 199   91
 196   88
 195   88
 194   87
 193   87
 191   85
 190   85
 189   84
 187   84
 186   83
 183   83
 182   82
