 181  109
 180  110
 177  110
 176  111
 174  111
 173  112
 171  112
 170  113
 168  113
 167  114
 165  114
 164  115
 163  115
 162  116
 160  116
 159  117
 158  117
 157  118
 156  118
 155  119
 153  119
 152  120
 151  120
 149  122
 148  122
 147  123
 146  123
 145  124
 144  124
 143  125
 142  125
 140  127
 139  127
 138  128
 137  128
 135  130
 134  130
 132  132
 131  132
 129  134
 128  134
 125  137
 124  137
 121  140
 120  140
 117  143
 116  143
 113  146
 112  146
 101  157
 100  157
  87  170
  87  171
  80  178
  80  179
  77  182
  77  183
  74  186
  74  187
  73  188
  73  265
  74  266
  74  267
  76  269
  76  270
  77  271
  77  272
  79  274
  79  275
  81  277
  82  277
  88  283
  88  284
  96  292
  96  293
  99  296
  99  297
 100  297
 103  300
 103  301
 105  303
 105  305
 106  306
 106  307
 107  308
 107  309
 117  319
 130  319
 132  317
 132  316
 136  312
 141  312
 142  311
 143  311
 146  308
 146  300
 148  298
 149  298
 151  296
 152  296
 155  293
 155  292
 156  291
 156  285
 157  284
 157  283
 161  279
 161  278
 162  277
 162  268
 163  267
 163  266
 165  264
 164  263
 164  260
 163  259
 163  255
 162  254
 162  253
 161  252
 161  251
 159  249
 159  248
 154  243
 154  229
 156  227
 157  227
 172  212
 172  211
 174  209
 174  207
 175  206
 175  205
 176  204
 176  200
 177  199
 177  197
 178  196
 178  194
 179  193
 179  191
 180  190
 180  179
 181  178
 181  165
 182  164
 182  163
 183  162
 183  160
 185  158
 185  156
 186  155
 186  154
 187  153
 187  152
 190  149
 190  148
 192  146
 192  145
 194  143
 194  142
 195  141
 195  140
 196  139
 196  137
 197  136
 197  135
 198  134
 198  132
 199  131
 199  129
 200  128
 200  124
 201  123
 201  120
 200  119
 200  118
 199  117
 199  116
 198  115
 197  115
 196  114
 195  114
 193  112
 192  112
 190  110
 189  110
 188  109
