 156  156
 155  157
 153  157
 152  158
 150  158
 149  159
 147  159
 145  161
 144  161
 141  164
 140  164
 138  166
 137  166
 134  169
 133  169
 128  174
 127  174
 125  176
 124  176
 121  179
 120  179
 116  183
 116  184
 113  187
 112  187
 110  189
 107  189
 106  190
 105  190
 104  191
 103  191
 102  192
 102  193
 100  195
 100  196
  99  197
  99  239
 111  239
 112  240
 112  242
 113  243
 113  244
 114  244
 117  247
 117  248
 118  249
 118  250
 119  251
 119  253
 120  254
 120  255
 121  256
 121  257
 131  267
 132  267
 134  269
 134  270
 135  271
 144  271
 145  270
 145  268
 146  267
 146  265
 148  263
 149  263
 150  262
 152  262
 154  260
 151  257
 151  242
 153  240
 155  240
 152  237
 152  236
 151  235
 151  234
 149  232
 149  231
 148  230
 147  230
 144  227
 144  213
 146  211
 150  211
 151  210
 154  210
 155  209
 156  209
 157  208
 158  208
 160  206
 161  206
 165  202
 165  201
 167  199
 167  198
 169  196
 169  195
 170  194
 170  193
 171  192
 171  190
 172  189
 172  187
 173  186
 173  184
 174  183
 174  181
 175  180
 175  178
 174  177
 174  174
 173  173
 173  171
 172  170
 172  169
 171  168
 171  167
 168  164
 167  164
 165  162
 164  162
 160  158
 159  158
 158  157
 157  157
