 180  101
 179  102
 175  102
 174  103
 171  103
 170  104
 168  104
 167  105
 164  105
 163  106
 162  106
 161  107
 159  107
 158  108
 157  108
 156  109
 155  109
 154  110
 153  110
 152  111
 151  111
 150  112
 149  112
 148  113
 147  113
 145  115
 144  115
 143  116
 142  116
 141  117
 140  117
 138  119
 137  119
 135  121
 134  121
 132  123
 131  123
 128  126
 127  126
 123  130
 122  130
 102  150
 102  151
  98  155
  97  155
  96  156
  86  156
  86  167
  85  168
  85  169
  84  170
  84  171
  80  175
  80  176
  76  180
  76  181
  75  182
  75  183
  73  185
  73  186
  71  188
  71  189
  70  190
  70  258
  73  261
  73  265
  74  266
  74  268
  75  269
  75  276
  76  277
  76  278
  77  279
  77  280
  78  281
  78  282
  79  283
  79  284
  80  285
  80  286
  81  287
  81  288
  82  289
  82  290
  83  291
  83  292
  84  293
  84  295
  86  297
  86  298
  87  299
  87  300
  88  301
  88  302
  91  305
  91  306
  95  310
  95  311
  97  313
  97  314
 108  325
 109  325
 110  326
 115  326
 116  325
 117  325
 118  324
 120  324
 121  323
 122  323
 123  322
 124  322
 125  321
 126  321
 127  320
 128  320
 129  319
 130  319
 132  317
 133  317
 134  316
 135  316
 144  307
 145  307
 147  305
 147  304
 149  302
 149  300
 150  299
 150  298
 151  297
 151  295
 152  294
 152  293
 154  291
 154  290
 156  288
 156  287
 157  286
 157  285
 158  284
 158  282
 159  281
 159  280
 160  279
 160  278
 162  276
 162  274
 163  273
 163  271
 164  270
 164  268
 163  267
 163  265
 162  264
 162  262
 160  260
 160  259
 157  256
 156  256
 153  253
 152  253
 147  248
 146  248
 144  246
 143  246
 141  244
 140  244
 139  243
 138  243
 137  242
 137  228
 138  227
 148  227
 149  226
 151  226
 152  225
 154  225
 155  224
 156  224
 158  222
 159  222
 161  220
 162  220
 168  214
 168  213
 170  211
 170  209
 171  208
 171  207
 172  206
 172  203
 173  202
 173  200
 174  199
 174  197
 175  196
 175  185
 176  184
 176  182
 177  181
 177  175
 178  174
 178  172
 179  171
 179  168
 180  167
 180  166
 181  165
 181  162
 182  161
 182  160
 183  159
 183  158
 184  157
 184  156
 188  152
 188  151
 191  148
 191  147
 194  144
 194  143
 196  141
 196  140
 197  139
 197  138
 198  137
 198  136
 199  135
 199  134
 200  133
 200  132
 201  131
 201  129
 202  128
 202  127
 203  126
 203  121
 204  120
 203  119
 203  116
 202  115
 202  114
 200  112
 200  111
 199  110
 198  110
 197  109
 196  109
 195  108
 194  108
 191  105
 190  105
 189  104
 188  104
 187  103
 185  103
 184  102
 181  102
