 169   85
 168   86
 163   86
 162   87
 161   87
 160   88
 158   88
 157   89
 156   89
 155   90
 153   90
 152   91
 151   91
 150   92
 149   92
 148   93
 147   93
 146   94
 145   94
 143   96
 142   96
 141   97
 140   97
 139   98
 138   98
 136  100
 135  100
 133  102
 132  102
 130  104
 129  104
 125  108
 124  108
 119  113
 118  113
 113  118
 112  118
 103  127
 103  128
 102  129
 102  130
  98  134
  97  134
  96  135
  95  135
  94  136
  93  136
  92  137
  92  138
  91  139
  91  141
  90  142
  90  143
  89  144
  89  145
  88  146
  88  148
  87  149
  87  150
  86  151
  86  153
  85  154
  85  155
  84  156
  84  157
  83  158
  83  159
  82  160
  82  162
  81  163
  81  229
  83  231
  84  231
  85  232
  85  233
  86  234
  86  237
  87  238
  87  239
  89  241
  89  243
  90  244
  90  248
  91  249
  91  251
  92  252
  92  253
  93  254
  93  255
  94  256
  94  257
  95  258
  95  259
  96  260
  96  261
  98  263
  98  264
 107  273
 108  273
 113  278
 113  281
 114  282
 114  285
 115  286
 115  288
 117  290
 117  291
 118  292
 119  292
 122  295
 122  296
 123  297
 126  294
 135  294
 138  291
 152  291
 152  276
 153  275
 154  275
 155  274
 155  260
 159  256
 160  256
 162  254
 162  245
 163  244
 163  243
 164  242
 164  236
 163  235
 163  233
 162  232
 162  231
 157  226
 156  226
 151  221
 150  221
 146  217
 145  217
 144  216
 144  201
 145  200
 146  200
 147  199
 151  199
 152  198
 153  198
 154  197
 156  197
 157  196
 158  196
 159  195
 160  195
 161  194
 162  194
 167  189
 167  188
 169  186
 169  185
 171  183
 171  182
 173  180
 173  179
 174  178
 174  177
 175  176
 175  172
 176  171
 176  166
 177  165
 177  152
 178  151
 178  133
 179  132
 179  128
 180  127
 180  124
 181  123
 181  121
 182  120
 182  118
 183  117
 183  116
 184  115
 184  112
 185  111
 185  110
 186  109
 186  102
 187  101
 187   96
 186   95
 186   94
 183   91
 182   91
 181   90
 180   90
 177   87
 176   87
 175   86
 174   86
 173   85
