 188    0
 188    8
 187    9
 183    9
 182   10
 178   10
 177   11
 174   11
 173   12
 170   12
 169   13
 167   13
 166   14
 164   14
 163   15
 161   15
 160   16
 159   16
 158   17
 155   17
 154   18
 153   18
 152   19
 150   19
 149   20
 148   20
 147   21
 146   21
 145   22
 143   22
 142   23
 141   23
 140   24
 138   24
 137   25
 136   25
 135   26
 134   26
 133   27
 132   27
 131   28
 130   28
 129   29
 128   29
 127   30
 125   30
 124   31
 123   31
 122   32
 121   32
 120   33
 119   33
 118   34
 117   34
 116   35
 115   35
 114   36
 113   36
 111   38
 110   38
 109   39
 108   39
 107   40
 106   40
 105   41
 104   41
 102   43
 101   43
 100   44
  99   44
  97   46
  96   46
  94   48
  93   48
  91   50
  90   50
  88   52
  87   52
  85   54
  84   54
  81   57
  80   57
  76   61
  75   61
  72   64
  71   64
  69   66
  68   66
  64   70
  63   70
  51   82
  50   82
  35   97
  35   98
  31  102
  31  103
  28  106
  28  107
  25  110
  25  111
  23  113
  23  115
  22  116
  22  222
  23  223
  23  226
  24  227
  24  230
  25  231
  25  232
  26  233
  26  236
  27  237
  27  238
  28  239
  28  241
  29  242
  29  243
  30  244
  30  246
  31  247
  31  249
  32  250
  32  252
  33  253
  33  257
  34  258
  34  260
  35  261
  35  267
  36  268
  36  269
  37  270
  37  277
  38  278
  38  281
  39  282
  39  292
  40  293
  40  296
  41  297
  41  301
  42  302
  42  304
  43  305
  43  307
  44  308
  44  310
  45  311
  45  312
  46  313
  46  315
  48  317
  48  319
  50  321
  50  322
  51  323
  51  324
  53  326
  54  326
  62  334
  63  334
  64  335
  67  335
  69  337
  69  342
  70  343
  70  350
  71  351
  71  353
  72  354
  72  356
  73  357
  73  358
  74  359
  74  360
  75  361
  75  362
  87  374
  88  374
  90  376
  91  376
  92  377
  96  377
  98  375
  99  375
 100  374
 100  373
 102  371
 102  370
 103  369
 103  368
 104  367
 120  367
 126  373
 128  373
 129  372
 130  372
 131  371
 146  371
 149  374
 149  375
 151  377
 151  378
 152  379
 152  380
 154  382
 154  383
 155  384
 155  385
 156  386
 156  387
 157  388
 157  389
 159  391
 159  392
 160  393
 160  394
 161  395
 161  396
 163  398
 163  400
 164  401
 164  402
 166  404
 166  405
 168  407
 168  408
 172  412
 173  412
 180  419
 181  419
 182  420
 183  420
 184  421
 184  428
 194  428
 194  421
 195  420
 196  420
 198  418
 198  417
 199  416
 199  415
 200  414
 200  411
 199  410
 199  409
 198  408
 198  406
 197  405
 197  404
 196  403
 196  402
 195  401
 195  400
 193  398
 193  397
 189  393
 189  392
 165  368
 165  367
 163  365
 163  364
 161  362
 161  361
 158  358
 158  357
 156  355
 156  354
 155  353
 155  352
 154  351
 154  350
 152  348
 152  327
 156  323
 156  322
 159  319
 159  318
 160  317
 160  314
 159  313
 159  311
 158  310
 158  309
 157  308
 157  292
 158  291
 158  290
 159  289
 159  288
 161  286
 162  286
 164  284
 165  284
 166  283
 166  282
 167  281
 166  280
 166  279
 165  278
 165  277
 164  276
 164  275
 163  274
 163  256
 165  254
 165  253
 166  252
 167  252
 170  249
 170  248
 171  247
 170  246
 170  245
 169  244
 169  243
 168  242
 168  241
 165  238
 165  237
 159  231
 159  230
 155  226
 155  225
 154  224
 154  221
 153  220
 153  218
 152  217
 152  215
 151  214
 151  213
 150  212
 150  211
 148  209
 148  208
 142  202
 141  202
 136  197
 136  182
 137  181
 145  181
 146  180
 152  180
 153  179
 156  179
 157  178
 158  178
 159  177
 160  177
 161  176
 162  176
 164  174
 165  174
 167  172
 168  172
 171  169
 171  168
 186  153
 186  152
 187  151
 187  150
 188  149
 188  147
 189  146
 189  142
 190  141
 190  140
 191  139
 191  138
 194  135
 194  134
 197  131
 197  129
 198  128
 198  125
 199  124
 199  115
 200  114
 200  113
 201  112
 201  111
 205  107
 205  106
 206  105
 206  104
 207  103
 207  101
 208  100
 208   95
 209   94
 209   93
 211   91
 211   90
 215   86
 215   85
 216   84
 216   83
 217   82
 217   81
 218   80
 218   79
 219   78
 219   77
 229   67
 229   66
 231   64
 231   63
 233   61
 233   60
 235   58
 235   57
 239   53
 239   52
 244   47
 244   46
 245   45
 245   44
 247   42
 247   41
 248   40
 248   38
 249   37
 249   36
 250   35
 250   33
 251   32
 251   30
 252   29
 252   26
 251   25
 251   24
 246   19
 245   19
 244   18
 243   18
 242   17
 241   17
 240   16
 239   16
 238   15
 237   15
 236   14
 235   14
 234   13
 233   13
 232   12
 230   12
 229   11
 227   11
 226   10
 224   10
 223    9
 218    9
 217    8
 217    0
