 179   81
 178   82
 176   82
 175   83
 173   83
 172   84
 171   84
 170   85
 168   85
 167   86
 165   86
 164   87
 162   87
 161   88
 159   88
 158   89
 157   89
 156   90
 156   91
 149   98
 148   98
 123  123
 123  124
 119  128
 119  129
 114  134
 114  135
 110  139
 110  140
 106  144
 106  145
 104  147
 104  148
 101  151
 101  152
  98  155
  98  156
  96  158
  96  159
  95  160
  95  161
  92  164
  92  165
  91  166
  91  167
  89  169
  89  170
  88  171
  88  172
  86  174
  86  175
  85  176
  85  177
  83  179
  83  180
  82  181
  82  182
  81  183
  81  184
  80  185
  80  186
  79  187
  79  260
  81  262
  81  263
  82  264
  82  265
  83  266
  83  268
  84  269
  84  271
  85  272
  85  273
  86  274
  86  276
  87  277
  87  279
  88  280
  88  281
  93  286
  93  287
  96  290
  96  292
  97  293
  97  294
  98  295
  98  296
 100  298
 100  299
 102  301
 102  302
 103  302
 114  313
 114  315
 115  316
 115  317
 116  318
 116  320
 118  322
 118  323
 119  324
 119  325
 120  326
 120  327
 122  329
 122  330
 134  342
 135  342
 136  343
 147  343
 150  346
 153  343
 161  343
 162  342
 163  342
 163  340
 162  339
 162  319
 164  317
 165  317
 166  316
 169  316
 170  315
 171  315
 170  314
 170  313
 169  312
 169  311
 168  310
 168  291
 170  289
 171  289
 172  288
 172  272
 174  270
 171  267
 171  257
 170  256
 170  254
 168  252
 168  251
 159  242
 158  242
 153  237
 153  223
 154  222
 157  222
 158  221
 161  221
 162  220
 165  220
 166  219
 167  219
 173  213
 173  212
 177  208
 177  207
 179  205
 179  204
 181  202
 181  201
 183  199
 183  198
 184  197
 184  196
 185  195
 185  191
 186  190
 186  184
 187  183
 187  181
 188  180
 188  178
 189  177
 189  175
 190  174
 190  133
 191  132
 191  126
 192  125
 192  122
 193  121
 193  119
 194  118
 194  112
 195  111
 195  108
 196  107
 196   97
 195   96
 195   94
 194   93
 194   92
 189   87
 188   87
 186   85
 185   85
 183   83
 182   83
 181   82
 180   82
