 182   59
 181   60
 176   60
 175   61
 170   61
 169   62
 167   62
 166   63
 163   63
 162   64
 161   64
 160   65
 158   65
 157   66
 156   66
 155   67
 154   67
 153   68
 152   68
 150   70
 149   70
 148   71
 147   71
 146   72
 145   72
 144   73
 143   73
 141   75
 140   75
 138   77
 137   77
 135   79
 134   79
 131   82
 130   82
 128   84
 127   84
 124   87
 123   87
 120   90
 119   90
 115   94
 114   94
 105  103
 105  104
  98  111
  98  112
  93  117
  93  118
  89  122
  89  123
  86  126
  86  127
  85  128
  85  129
  82  132
  82  133
  81  134
  81  135
  80  136
  80  137
  78  139
  78  140
  74  144
  74  145
  73  146
  73  147
  72  148
  72  149
  71  150
  71  151
  70  152
  70  153
  69  154
  69  155
  68  156
  68  226
  69  227
  69  230
  70  231
  70  232
  71  233
  71  234
  72  235
  72  236
  73  237
  73  239
  74  240
  74  241
  75  242
  75  244
  76  245
  76  246
  77  247
  77  249
  78  250
  78  251
  79  252
  79  253
  80  254
  80  257
  81  258
  81  259
  82  260
  82  262
  83  263
  83  264
  84  265
  84  267
  85  268
  85  269
  86  270
  86  272
  87  273
  87  274
  89  276
  89  277
  91  279
  91  280
  95  284
  96  284
  98  286
  98  298
  99  299
  99  303
 100  304
 100  307
 101  308
 101  309
 102  309
 103  310
 104  310
 106  312
 106  313
 107  314
 107  315
 118  326
 120  326
 121  325
 122  325
 123  324
 124  324
 126  322
 159  322
 160  323
 161  323
 162  324
 162  325
 163  326
 162  325
 162  324
 160  322
 160  320
 159  319
 159  318
 158  317
 158  315
 157  314
 157  312
 156  311
 156  294
 157  293
 157  291
 158  290
 158  289
 163  284
 163  283
 165  281
 165  265
 166  264
 166  263
 167  262
 167  261
 172  256
 173  256
 174  255
 173  254
 173  235
 175  233
 165  223
 165  222
 164  221
 164  220
 163  219
 163  217
 162  216
 162  214
 157  209
 157  195
 158  194
 159  194
 160  193
 168  193
 169  192
 172  192
 173  191
 175  191
 176  190
 177  190
 180  187
 180  186
 181  185
 181  184
 182  183
 182  179
 183  178
 183  177
 184  176
 184  174
 185  173
 185  172
 186  171
 186  164
 187  163
 187  160
 188  159
 188  156
 189  155
 189  153
 190  152
 190  138
 191  137
 191  117
 192  116
 192  111
 193  110
 193  104
 194  103
 194  102
 195  101
 195   98
 196   97
 196   96
 197   95
 197   93
 198   92
 198   90
 199   89
 199   88
 200   87
 200   86
 201   85
 201   83
 202   82
 202   80
 203   79
 203   78
 204   77
 204   75
 205   74
 205   73
 206   72
 206   69
 205   68
 205   67
 204   67
 202   65
 201   65
 199   63
 198   63
 197   62
 196   62
 195   61
 192   61
 191   60
 188   60
 187   59
