 189   38
 188   39
 182   39
 181   40
 177   40
 176   41
 173   41
 172   42
 168   42
 167   43
 165   43
 164   44
 163   44
 162   45
 159   45
 158   46
 157   46
 156   47
 155   47
 154   48
 152   48
 151   49
 150   49
 149   50
 147   50
 146   51
 145   51
 144   52
 143   52
 142   53
 141   53
 140   54
 139   54
 138   55
 137   55
 135   57
 134   57
 133   58
 132   58
 131   59
 130   59
 129   60
 128   60
 127   61
 126   61
 124   63
 123   63
 121   65
 120   65
 119   66
 118   66
 116   68
 115   68
 113   70
 112   70
 109   73
 108   73
 105   76
 104   76
 100   80
  99   80
  95   84
  94   84
  90   88
  89   88
  82   95
  81   95
  60  116
  60  117
  50  127
  49  127
  47  129
  47  235
  48  236
  48  237
  49  237
  50  238
  50  240
  51  241
  51  244
  52  245
  52  251
  56  255
  56  256
  57  257
  57  260
  58  261
  58  262
  59  263
  59  264
  60  265
  60  267
  61  268
  61  269
  62  270
  62  273
  64  275
  64  278
  65  279
  65  280
  66  281
  66  283
  67  284
  67  285
  68  286
  68  287
  69  288
  69  289
  70  290
  70  291
  71  292
  71  293
  72  294
  72  296
  73  297
  73  299
  74  300
  74  301
  75  302
  75  303
  76  304
  76  305
  77  306
  77  309
  78  310
  78  311
  79  312
  79  314
  80  315
  80  316
  82  318
  82  319
  87  324
  88  324
  91  327
  91  328
  92  329
  92  334
  93  335
  93  336
  94  337
  94  340
  95  341
  95  342
 106  353
 107  353
 108  354
 109  353
 112  353
 113  352
 130  352
 131  353
 132  353
 133  354
 134  354
 135  353
 155  353
 156  354
 157  354
 162  359
 162  360
 164  362
 164  363
 165  364
 165  365
 166  366
 166  367
 167  368
 167  369
 168  370
 168  371
 170  373
 170  374
 171  375
 171  376
 174  379
 174  380
 176  382
 177  382
 183  388
 185  388
 189  384
 189  383
 190  382
 190  377
 188  375
 188  374
 185  371
 184  371
 180  367
 179  367
 177  365
 176  365
 173  362
 172  362
 169  359
 168  359
 162  353
 162  352
 160  350
 160  349
 158  347
 158  346
 157  345
 157  342
 156  341
 156  322
 157  321
 157  319
 158  318
 158  317
 165  310
 165  309
 167  307
 167  285
 168  284
 168  283
 169  282
 169  281
 172  278
 173  278
 174  277
 175  277
 177  275
 177  252
 179  250
 179  249
 174  244
 174  243
 171  240
 171  239
 170  238
 170  234
 169  233
 169  231
 168  230
 168  227
 167  226
 167  225
 158  216
 157  216
 155  214
 155  200
 156  199
 158  199
 159  198
 163  198
 164  197
 167  197
 168  196
 169  196
 170  195
 171  195
 172  194
 173  194
 174  193
 175  193
 185  183
 185  182
 187  180
 187  179
 188  178
 188  177
 189  176
 189  175
 190  174
 190  172
 191  171
 191  169
 192  168
 192  165
 193  164
 193  162
 194  161
 194  159
 195  158
 195  157
 196  156
 196  153
 197  152
 197  150
 198  149
 198  146
 199  145
 199  143
 200  142
 200  140
 201  139
 201  138
 202  137
 202  136
 203  135
 203  132
 204  131
 204  130
 205  129
 205  122
 206  121
 206  119
 207  118
 207  113
 208  112
 208  111
 209  110
 209  107
 210  106
 210  102
 211  101
 211   98
 212   97
 212   94
 213   93
 213   92
 214   91
 214   89
 215   88
 215   87
 216   86
 216   84
 217   83
 217   82
 218   81
 218   80
 219   79
 219   78
 220   77
 220   76
 221   75
 221   74
 222   73
 222   72
 223   71
 223   70
 224   69
 224   67
 225   66
 225   65
 226   64
 226   63
 227   62
 227   59
 228   58
 227   57
 227   54
 226   53
 226   52
 224   50
 224   49
 223   49
 221   47
 220   47
 219   46
 218   46
 216   44
 215   44
 214   43
 213   43
 212   42
 210   42
 209   41
 207   41
 206   40
 203   40
 202   39
 197   39
 196   38
