 180  117
 179  118
 175  118
 174  119
 172  119
 171  120
 169  120
 168  121
 166  121
 165  122
 164  122
 163  123
 161  123
 160  124
 159  124
 158  125
 157  125
 156  126
 155  126
 154  127
 153  127
 152  128
 151  128
 150  129
 149  129
 148  130
 147  130
 146  131
 145  131
 143  133
 142  133
 140  135
 139  135
 138  136
 137  136
 135  138
 134  138
 132  140
 131  140
 129  142
 128  142
 126  144
 125  144
 121  148
 120  148
 118  150
 117  150
 114  153
 113  153
 109  157
 102  157
 101  158
 100  158
  97  161
  97  162
  95  164
  95  165
  91  169
  91  170
  88  173
  88  174
  85  177
  85  178
  84  179
  84  180
  81  183
  81  184
  80  185
  80  186
  79  187
  79  188
  75  192
  75  259
  76  260
  76  261
  77  262
  77  263
  79  265
  79  266
  80  267
  80  268
  82  270
  82  271
  84  273
  84  274
  86  276
  86  277
  88  279
  88  280
  89  281
  89  282
  91  284
  91  285
  97  291
  97  292
 101  296
 101  298
 102  299
 102  300
 103  301
 103  302
 112  311
 113  311
 114  312
 120  312
 121  311
 122  311
 124  309
 124  308
 125  307
 126  307
 127  306
 131  306
 132  305
 134  305
 135  304
 135  303
 136  302
 136  297
 137  296
 137  295
 138  294
 139  294
 140  293
 141  293
 142  292
 144  292
 146  290
 146  288
 147  287
 147  282
 153  276
 153  275
 154  274
 154  262
 155  261
 155  256
 154  255
 154  254
 153  253
 153  251
 151  249
 151  248
 146  243
 146  229
 147  228
 149  228
 150  227
 153  227
 154  226
 155  226
 156  225
 157  225
 161  221
 161  220
 164  217
 164  216
 168  212
 168  211
 170  209
 170  204
 171  203
 171  199
 172  198
 172  194
 173  193
 173  179
 174  178
 174  175
 175  174
 175  171
 176  170
 176  169
 177  168
 177  167
 178  166
 178  165
 179  164
 179  163
 180  162
 180  161
 182  159
 182  158
 186  154
 186  153
 190  149
 190  148
 192  146
 192  145
 193  144
 193  143
 194  142
 194  141
 195  140
 195  138
 196  137
 196  135
 197  134
 197  132
 198  131
 198  129
 199  128
 199  127
 198  126
 198  125
 197  124
 196  124
 194  122
 193  122
 191  120
 190  120
 188  118
 186  118
 185  117
