 170   65
 169   66
 166   66
 165   67
 163   67
 162   68
 159   68
 158   69
 157   69
 156   70
 154   70
 153   71
 152   71
 151   72
 150   72
 149   73
 148   73
 147   74
 146   74
 145   75
 144   75
 143   76
 142   76
 140   78
 139   78
 137   80
 136   80
 135   81
 134   81
 128   87
 127   87
 124   90
 123   90
 117   96
 116   96
 111  101
 111  102
  95  118
  94  118
  91  121
  91  122
  89  124
  89  125
  87  127
  87  128
  82  133
  82  134
  79  137
  79  138
  78  139
  78  140
  76  142
  76  143
  75  144
  75  276
  76  277
  85  277
  86  278
  86  280
  87  281
  87  282
  88  283
  88  288
  89  289
  89  291
  90  292
  90  295
  91  296
  91  297
  93  299
  93  300
  97  304
  98  304
 100  306
 100  307
 101  308
 102  308
 106  312
 106  313
 107  314
 107  315
 108  316
 108  318
 110  320
 110  321
 111  321
 112  322
 113  322
 116  325
 116  326
 117  327
 117  328
 118  328
 119  329
 121  329
 122  328
 136  328
 137  327
 157  327
 158  328
 159  328
 160  329
 160  330
 162  332
 162  333
 164  335
 164  336
 165  337
 165  338
 166  339
 166  340
 167  341
 167  342
 168  343
 168  344
 169  345
 169  346
 170  347
 170  348
 171  349
 171  350
 177  356
 178  356
 181  359
 181  360
 184  363
 187  363
 187  362
 188  361
 188  359
 186  357
 186  356
 167  337
 167  336
 162  331
 162  330
 161  329
 161  328
 160  327
 160  325
 159  324
 159  323
 158  322
 158  300
 161  297
 162  297
 166  293
 166  274
 167  273
 167  271
 172  266
 171  265
 171  247
 172  246
 172  244
 171  243
 171  242
 165  236
 165  235
 164  234
 164  233
 163  232
 163  231
 162  230
 162  228
 161  227
 161  225
 160  224
 160  223
 158  221
 158  220
 155  217
 155  215
 152  212
 152  198
 153  197
 155  197
 156  196
 159  196
 160  195
 162  195
 163  194
 165  194
 166  193
 167  193
 168  192
 169  192
 170  191
 171  191
 178  184
 178  183
 179  182
 179  180
 180  179
 180  177
 181  176
 181  175
 182  174
 182  171
 183  170
 183  167
 184  166
 184  160
 185  159
 185  157
 186  156
 186  143
 187  142
 187  138
 188  137
 188  119
 189  118
 189  112
 190  111
 190  107
 191  106
 191  105
 192  104
 192  101
 193  100
 193   98
 194   97
 194   95
 195   94
 195   92
 196   91
 196   90
 197   89
 197   87
 198   86
 198   85
 199   84
 199   81
 198   80
 198   79
 196   77
 196   76
 194   74
 193   74
 192   73
 191   73
 189   71
 188   71
 186   69
 185   69
 183   67
 182   67
 181   66
 180   66
 179   65
