 192   53
 191   54
 183   54
 182   55
 178   55
 177   56
 173   56
 172   57
 170   57
 169   58
 167   58
 166   59
 163   59
 162   60
 160   60
 159   61
 157   61
 156   62
 155   62
 154   63
 152   63
 151   64
 150   64
 149   65
 148   65
 147   66
 145   66
 144   67
 143   67
 142   68
 141   68
 140   69
 139   69
 138   70
 137   70
 136   71
 135   71
 134   72
 133   72
 132   73
 131   73
 130   74
 129   74
 127   76
 126   76
 125   77
 124   77
 123   78
 122   78
 121   79
 120   79
 118   81
 117   81
 116   82
 115   82
 114   83
 113   83
 111   85
 110   85
 109   86
 108   86
 107   87
 106   87
 104   89
 103   89
 102   90
 101   90
  99   92
  98   92
  96   94
  95   94
  94   95
  93   95
  91   97
  90   97
  88   99
  87   99
  85  101
  84  101
  81  104
  80  104
  76  108
  75  108
  71  112
  70  112
  69  113
  68  113
  67  114
  66  114
  65  115
  63  115
  62  116
  61  116
  61  117
  60  118
  60  120
  44  136
  44  137
  38  143
  38  144
  37  145
  37  228
  38  229
  38  231
  39  232
  39  234
  40  235
  40  241
  41  242
  41  244
  42  245
  42  246
  43  247
  43  251
  44  252
  44  256
  45  257
  45  263
  46  264
  46  267
  47  268
  47  274
  48  275
  48  278
  49  279
  49  283
  50  284
  50  285
  51  286
  52  286
  56  290
  56  292
  57  293
  57  294
  58  295
  58  298
  59  299
  59  300
  60  301
  60  303
  61  304
  61  305
  62  306
  62  309
  63  310
  63  311
  64  312
  64  313
  65  314
  65  315
  66  316
  67  316
  68  317
  69  317
  73  321
  73  322
  75  324
  75  325
  76  326
  76  337
  77  338
  77  339
  78  340
  78  341
  80  343
  80  344
  81  345
  82  345
  89  352
  90  352
  90  349
  91  348
  91  345
  92  344
  92  343
  96  339
 111  339
 112  340
 112  343
 113  344
 113  346
 114  347
 114  349
 116  351
 116  352
 118  354
 119  354
 120  355
 120  337
 121  336
 121  335
 123  333
 141  333
 141  332
 140  331
 140  312
 141  311
 141  310
 143  308
 144  308
 145  307
 148  307
 149  306
 156  306
 156  305
 154  303
 154  282
 157  279
 162  279
 163  278
 165  278
 164  277
 164  276
 162  274
 162  273
 160  271
 160  252
 162  250
 163  250
 164  249
 164  247
 162  245
 162  244
 159  241
 159  240
 158  239
 158  237
 157  236
 157  232
 156  231
 156  229
 154  227
 154  226
 151  223
 151  222
 149  220
 149  206
 150  205
 160  205
 161  204
 163  204
 164  203
 165  203
 166  202
 167  202
 168  201
 169  201
 173  197
 174  197
 175  196
 175  195
 178  192
 179  192
 184  187
 184  186
 186  184
 186  183
 187  182
 187  181
 188  180
 188  178
 189  177
 189  176
 190  175
 190  173
 192  171
 192  170
 193  169
 193  168
 195  166
 195  164
 196  163
 196  161
 197  160
 197  155
 198  154
 198  153
 199  152
 199  150
 200  149
 200  148
 201  147
 201  146
 202  145
 202  144
 203  143
 203  139
 204  138
 204  134
 205  133
 205  131
 206  130
 206  129
 207  128
 207  127
 209  125
 209  124
 210  123
 210  122
 211  121
 211  120
 213  118
 213  117
 219  111
 219  110
 222  107
 222  106
 224  104
 224  103
 225  102
 225  101
 226  100
 226   99
 228   97
 228   96
 229   95
 229   94
 230   93
 230   91
 231   90
 231   89
 232   88
 232   86
 233   85
 233   84
 234   83
 234   81
 235   80
 235   79
 236   78
 236   72
 233   69
 233   68
 231   66
 230   66
 229   65
 228   65
 226   63
 225   63
 224   62
 223   62
 222   61
 220   61
 219   60
 218   60
 217   59
 216   59
 215   58
 214   58
 213   57
 211   57
 210   56
 207   56
 206   55
 202   55
 201   54
 194   54
 193   53
