 177   72
 176   73
 170   73
 169   74
 165   74
 164   75
 162   75
 161   76
 159   76
 158   77
 156   77
 155   78
 154   78
 153   79
 151   79
 150   80
 149   80
 148   81
 147   81
 145   83
 143   83
 141   85
 140   85
 139   86
 138   86
 136   88
 135   88
 134   89
 133   89
 131   91
 130   91
 128   93
 127   93
 125   95
 124   95
 119  100
 118  100
 114  104
 113  104
 109  108
 108  108
 101  115
 100  115
  90  125
  90  126
  87  129
  87  130
  85  132
  85  133
  81  137
  81  138
  78  141
  78  142
  76  144
  76  145
  74  147
  74  148
  73  149
  73  150
  72  151
  72  235
  73  236
  73  238
  74  239
  74  240
  76  242
  76  244
  77  245
  77  246
  78  247
  78  248
  79  249
  79  250
  80  251
  80  254
  81  255
  81  256
  82  257
  82  260
  83  261
  83  262
  84  263
  84  265
  85  266
  85  269
  86  270
  86  272
  87  273
  87  276
  88  277
  88  278
  89  279
  89  283
  90  284
  90  285
  91  286
  91  287
  92  288
  92  289
  93  290
  93  291
  95  293
  95  294
  99  298
 100  298
 103  301
 103  302
 104  303
 104  304
 105  305
 105  306
 106  307
 106  309
 107  310
 107  311
 108  312
 108  313
 109  314
 109  315
 110  316
 111  316
 117  322
 120  322
 121  321
 135  321
 136  320
 152  320
 153  321
 154  321
 156  323
 156  324
 158  326
 158  327
 160  329
 160  330
 161  331
 161  332
 162  333
 162  334
 163  335
 163  337
 164  338
 164  339
 165  340
 165  342
 167  344
 167  345
 175  353
 176  353
 177  354
 178  354
 179  353
 180  353
 181  352
 180  351
 180  350
 165  335
 165  334
 161  330
 161  329
 159  327
 159  326
 158  325
 158  324
 156  322
 156  321
 155  320
 155  319
 154  318
 154  297
 158  293
 159  293
 160  292
 161  292
 164  289
 164  272
 165  271
 165  269
 166  268
 166  267
 170  263
 170  244
 171  243
 171  242
 172  241
 172  240
 165  233
 165  232
 163  230
 163  228
 162  227
 162  226
 161  225
 161  223
 160  222
 160  221
 159  220
 159  219
 158  218
 158  217
 155  214
 154  214
 152  212
 152  198
 153  197
 156  197
 157  196
 159  196
 160  195
 164  195
 165  194
 166  194
 167  193
 168  193
 170  191
 171  191
 173  189
 173  188
 174  187
 174  186
 175  185
 175  183
 176  182
 176  181
 177  180
 177  179
 178  178
 178  177
 179  176
 179  174
 180  173
 180  169
 181  168
 181  166
 182  165
 182  162
 183  161
 183  159
 184  158
 184  153
 185  152
 185  144
 186  143
 186  140
 187  139
 187  125
 188  124
 188  121
 189  120
 189  118
 190  117
 190  116
 191  115
 191  114
 192  113
 192  112
 193  111
 193  110
 194  109
 194  108
 195  107
 195  104
 196  103
 196  102
 197  101
 197   99
 198   98
 198   97
 199   96
 199   95
 200   94
 200   93
 201   92
 201   91
 202   90
 202   85
 201   84
 201   83
 199   81
 198   81
 196   79
 195   79
 193   77
 192   77
 190   75
 189   75
 188   74
 186   74
 185   73
 182   73
 181   72
