 174   76
 173   77
 169   77
 168   78
 164   78
 163   79
 161   79
 160   80
 158   80
 157   81
 155   81
 154   82
 153   82
 152   83
 151   83
 150   84
 149   84
 148   85
 147   85
 146   86
 144   86
 143   87
 142   87
 140   89
 139   89
 138   90
 137   90
 135   92
 134   92
 133   93
 132   93
 131   94
 130   94
 129   95
 128   95
 126   97
 125   97
 123   99
 122   99
 120  101
 119  101
 117  103
 116  103
 110  109
 109  109
 100  118
  99  118
  96  121
  94  121
  93  122
  92  122
  91  123
  91  124
  88  127
  88  128
  84  132
  84  133
  75  142
  75  143
  74  144
  74  145
  73  146
  73  149
  72  150
  72  151
  71  152
  71  231
  72  232
  72  234
  73  235
  73  237
  74  238
  74  241
  75  242
  75  243
  76  244
  76  247
  77  248
  77  249
  78  250
  78  253
  79  254
  79  255
  80  256
  80  260
  81  261
  81  262
  82  263
  82  266
  83  267
  83  269
  84  270
  84  272
  85  273
  85  275
  86  276
  86  278
  87  279
  87  281
  88  282
  88  283
  89  284
  89  287
  90  288
  90  289
  92  291
  92  292
  95  295
  96  295
 104  303
 104  304
 105  305
 105  306
 106  307
 106  308
 107  309
 107  310
 108  311
 109  311
 117  319
 120  319
 122  317
 123  317
 124  316
 140  316
 141  317
 142  317
 143  318
 159  318
 161  320
 161  321
 163  323
 163  325
 165  327
 165  329
 166  330
 166  331
 167  332
 167  334
 168  335
 168  336
 169  337
 169  338
 175  344
 176  344
 184  352
 186  352
 186  351
 188  349
 188  346
 186  344
 186  343
 182  339
 182  338
 181  337
 180  337
 170  327
 170  326
 167  323
 167  322
 165  320
 165  319
 163  317
 163  315
 161  313
 161  311
 160  310
 160  309
 159  308
 159  287
 164  282
 165  282
 166  281
 166  280
 167  279
 167  277
 166  276
 166  260
 167  259
 167  258
 168  257
 169  257
 172  254
 172  237
 173  236
 173  234
 171  232
 171  231
 169  229
 169  228
 167  226
 167  224
 166  223
 166  222
 165  221
 165  220
 158  213
 157  213
 156  212
 156  197
 157  196
 161  196
 162  195
 164  195
 165  194
 167  194
 168  193
 169  193
 170  192
 171  192
 175  188
 175  187
 176  186
 176  185
 178  183
 178  182
 179  181
 179  180
 180  179
 180  177
 181  176
 181  175
 182  174
 182  171
 183  170
 183  169
 184  168
 184  165
 185  164
 185  156
 186  155
 186  153
 187  152
 187  150
 188  149
 188  135
 189  134
 189  132
 190  131
 190  130
 191  129
 191  123
 192  122
 192  121
 193  120
 193  119
 195  117
 195  116
 196  115
 196  114
 197  113
 197  110
 198  109
 198  107
 199  106
 199  105
 200  104
 200  103
 201  102
 201  101
 202  100
 202   97
 203   96
 203   94
 204   93
 204   91
 203   90
 203   89
 201   87
 201   86
 200   85
 199   85
 198   84
 197   84
 196   83
 195   83
 193   81
 192   81
 190   79
 189   79
 188   78
 186   78
 185   77
 183   77
 182   76
