 170  126
 169  127
 165  127
 164  128
 162  128
 161  129
 159  129
 158  130
 156  130
 155  131
 154  131
 153  132
 152  132
 151  133
 150  133
 149  134
 148  134
 147  135
 146  135
 145  136
 144  136
 142  138
 141  138
 138  141
 137  141
 135  143
 134  143
 132  145
 131  145
 130  146
 129  146
 126  149
 125  149
 120  154
 119  154
 114  159
 113  159
 109  163
 105  163
 104  164
 103  164
 102  165
 102  166
 101  167
 101  170
  99  172
  99  173
  96  176
  96  177
  92  181
  92  182
  88  186
  88  187
  84  191
  84  192
  83  193
  83  247
  84  248
  84  249
  87  252
  87  254
  88  255
  88  256
  90  258
  90  259
  91  260
  91  262
  92  263
  92  265
  93  266
  93  267
  94  268
  94  269
  95  270
  95  271
  96  272
  96  273
  97  274
  97  275
 101  279
 101  280
 107  286
 107  287
 110  290
 110  291
 121  302
 122  302
 123  303
 124  303
 125  304
 126  303
 128  303
 129  302
 130  302
 132  300
 132  299
 135  296
 136  296
 137  295
 139  295
 141  293
 141  292
 142  291
 142  287
 143  286
 143  285
 144  284
 144  283
 145  282
 146  282
 148  280
 149  280
 150  279
 150  277
 151  276
 151  273
 152  272
 152  269
 155  266
 155  265
 156  264
 156  252
 155  251
 155  249
 154  248
 154  246
 152  244
 152  243
 148  239
 148  225
 150  223
 152  223
 154  221
 155  221
 158  218
 159  218
 161  216
 161  215
 163  213
 163  212
 166  209
 166  208
 167  207
 167  204
 168  203
 168  196
 169  195
 169  178
 170  177
 170  173
 171  172
 171  170
 172  169
 172  168
 174  166
 174  165
 176  163
 176  162
 182  156
 182  155
 185  152
 185  151
 187  149
 187  147
 188  146
 188  145
 189  144
 189  141
 190  140
 190  136
 188  134
 188  133
 187  133
 185  131
 184  131
 181  128
 180  128
 179  127
 178  127
 177  126
