 168  101
 167  102
 164  102
 163  103
 161  103
 160  104
 159  104
 158  105
 156  105
 155  106
 154  106
 153  107
 152  107
 151  108
 150  108
 148  110
 147  110
 145  112
 144  112
 142  114
 141  114
 136  119
 135  119
 120  134
 120  135
 118  137
 104  137
 104  141
 103  142
 103  145
 102  146
 102  147
 101  148
 101  150
  94  157
  94  158
  93  159
  93  160
  91  162
  91  163
  90  164
  90  248
  92  250
  93  250
  95  252
  95  253
  96  254
  96  255
  97  256
  97  258
  98  259
  98  260
  99  260
 100  261
 101  261
 107  267
 107  268
 111  272
 111  273
 115  277
 115  289
 116  290
 116  291
 119  294
 120  294
 123  297
 123  298
 125  300
 126  300
 127  301
 137  301
 138  302
 139  302
 144  307
 144  308
 145  309
 159  309
 166  316
 164  314
 164  313
 162  311
 162  309
 161  308
 161  307
 160  306
 160  287
 161  286
 161  285
 164  282
 164  265
 165  264
 165  263
 166  262
 166  261
 167  260
 167  259
 169  257
 169  246
 170  245
 169  244
 169  243
 168  242
 168  240
 167  239
 167  235
 166  234
 166  232
 165  231
 165  229
 160  224
 160  209
 161  208
 162  208
 163  207
 164  207
 165  206
 166  206
 169  203
 169  202
 170  201
 170  200
 171  199
 171  198
 172  197
 172  196
 173  195
 173  194
 174  193
 174  191
 175  190
 175  187
 176  186
 176  182
 177  181
 177  169
 176  168
 176  145
 177  144
 177  143
 178  142
 178  141
 179  140
 179  139
 180  138
 180  137
 181  136
 181  134
 182  133
 182  131
 183  130
 183  128
 184  127
 184  115
 183  114
 183  113
 182  112
 182  111
 181  110
 181  109
 180  109
 178  107
 177  107
 173  103
 172  103
 171  102
 170  102
 169  101
