 171   37
 170   38
 161   38
 160   39
 156   39
 155   40
 151   40
 150   41
 147   41
 146   42
 142   42
 141   43
 139   43
 138   44
 136   44
 135   45
 133   45
 132   46
 130   46
 129   47
 128   47
 127   48
 124   48
 123   49
 122   49
 121   50
 119   50
 118   51
 116   51
 115   52
 114   52
 113   53
 112   53
 111   54
 109   54
 108   55
 107   55
 106   56
 104   56
 103   57
 102   57
 101   58
 100   58
  99   59
  98   59
  97   60
  96   60
  95   61
  94   61
  93   62
  92   62
  91   63
  90   63
  89   64
  88   64
  86   66
  85   66
  84   67
  83   67
  82   68
  81   68
  80   69
  79   69
  77   71
  76   71
  74   73
  73   73
  72   74
  71   74
  70   75
  69   75
  67   77
  66   77
  64   79
  63   79
  61   81
  60   81
  58   83
  57   83
  54   86
  53   86
  51   88
  50   88
  46   92
  45   92
  40   97
  39   97
  35  101
  34  101
  25  110
  25  112
  24  113
  24  297
  25  298
  25  301
  27  303
  27  304
  29  306
  30  306
  31  307
  32  307
  34  309
  34  310
  36  312
  36  313
  37  314
  37  327
  38  328
  38  329
  49  340
  50  340
  51  341
  53  339
  54  339
  60  333
  75  333
  76  334
  78  334
  82  330
  98  330
 100  332
 100  335
 101  336
 101  340
 102  341
 102  350
 103  351
 103  376
 104  377
 104  379
 105  380
 105  381
 106  382
 106  383
 112  389
 113  389
 114  390
 115  390
 116  391
 122  391
 123  390
 124  390
 125  389
 126  389
 126  388
 127  387
 127  385
 126  384
 126  383
 125  382
 125  381
 124  380
 124  379
 122  377
 122  376
 121  375
 121  374
 120  373
 120  371
 118  369
 118  366
 117  365
 117  364
 116  363
 116  359
 115  358
 115  356
 114  355
 114  352
 113  351
 113  347
 112  346
 112  342
 111  341
 111  316
 112  315
 112  313
 113  312
 113  311
 114  310
 114  309
 121  302
 126  302
 127  301
 130  301
 131  300
 132  300
 135  297
 135  294
 136  293
 136  279
 137  278
 137  275
 138  274
 138  271
 139  270
 139  269
 140  268
 140  267
 142  265
 145  265
 146  264
 150  264
 151  263
 153  263
 154  262
 155  262
 157  260
 157  257
 156  256
 156  255
 155  254
 155  236
 156  235
 156  233
 157  232
 157  231
 158  230
 158  229
 160  227
 160  226
 162  224
 162  223
 161  222
 161  220
 159  218
 159  217
 158  216
 158  215
 157  214
 157  213
 156  212
 156  198
 158  196
 160  196
 161  195
 163  195
 164  194
 166  194
 168  192
 169  192
 174  187
 175  187
 182  180
 182  179
 183  178
 183  176
 185  174
 185  173
 187  171
 187  170
 190  167
 190  166
 192  164
 192  163
 193  162
 193  161
 194  160
 194  159
 195  158
 195  157
 196  156
 196  153
 197  152
 197  151
 199  149
 199  148
 203  144
 203  143
 204  142
 204  141
 205  140
 205  139
 206  138
 206  136
 207  135
 207  133
 208  132
 208  131
 209  130
 209  129
 212  126
 212  125
 215  122
 215  121
 216  120
 216  119
 217  118
 217  117
 218  116
 218  115
 220  113
 220  112
 224  108
 224  107
 225  106
 225  105
 226  104
 226  103
 227  102
 227  101
 228  100
 228   99
 230   97
 230   96
 234   92
 234   91
 236   89
 236   88
 238   86
 238   85
 240   83
 240   82
 243   79
 243   78
 245   76
 245   75
 247   73
 247   72
 248   71
 248   69
 249   68
 248   67
 248   65
 244   61
 244   60
 243   59
 242   59
 241   58
 241   57
 240   57
 238   55
 237   55
 236   54
 235   54
 233   52
 232   52
 231   51
 230   51
 229   50
 228   50
 227   49
 226   49
 225   48
 224   48
 223   47
 222   47
 221   46
 220   46
 219   45
 217   45
 216   44
 215   44
 214   43
 212   43
 211   42
 209   42
 208   41
 205   41
 204   40
 200   40
 199   39
 194   39
 193   38
 185   38
 184   37
