 180  113
 179  114
 175  114
 174  115
 169  115
 168  116
 166  116
 165  117
 163  117
 162  118
 160  118
 159  119
 157  119
 156  120
 155  120
 154  121
 153  121
 152  122
 151  122
 150  123
 149  123
 148  124
 147  124
 146  125
 145  125
 144  126
 143  126
 142  127
 141  127
 140  128
 139  128
 138  129
 137  129
 136  130
 135  130
 133  132
 132  132
 131  133
 130  133
 128  135
 127  135
 125  137
 124  137
 122  139
 121  139
 119  141
 118  141
 115  144
 114  144
 111  147
 110  147
 107  150
 106  150
  99  157
  98  157
  91  164
  91  165
  83  173
  77  173
  77  181
  75  183
  75  184
  70  189
  70  190
  69  191
  69  192
  68  193
  68  271
  69  272
  69  273
  70  274
  71  274
  72  275
  72  277
  73  278
  73  279
  74  280
  74  283
  75  284
  75  285
  76  286
  76  288
  77  289
  77  291
  78  292
  78  293
  79  293
  81  295
  81  296
  82  297
  82  298
  83  299
  83  300
  84  301
  84  302
  86  304
  86  305
  94  313
  95  313
  96  314
  98  314
  99  315
 102  315
 103  314
 106  314
 107  313
 110  313
 111  312
 113  312
 114  311
 115  311
 116  310
 118  310
 119  309
 120  309
 121  308
 122  308
 123  307
 124  307
 125  306
 127  306
 128  305
 129  305
 131  303
 132  303
 134  301
 135  301
 137  299
 138  299
 140  297
 141  297
 143  295
 144  295
 148  291
 148  290
 149  289
 149  288
 152  285
 152  284
 156  280
 156  279
 158  277
 158  276
 159  275
 159  274
 160  273
 160  272
 161  271
 161  270
 163  268
 163  266
 161  264
 161  263
 159  261
 159  260
 157  258
 157  257
 155  255
 155  254
 153  252
 153  251
 150  248
 150  247
 146  243
 146  228
 147  227
 150  227
 151  226
 168  226
 169  225
 170  225
 171  224
 172  224
 174  222
 175  222
 183  214
 183  213
 185  211
 185  209
 187  207
 187  205
 188  204
 188  203
 189  202
 189  201
 190  200
 190  199
 191  198
 191  197
 192  196
 192  195
 193  194
 193  192
 194  191
 194  189
 195  188
 195  185
 196  184
 196  182
 197  181
 197  179
 198  178
 198  174
 199  173
 199  172
 200  171
 200  168
 201  167
 201  166
 202  165
 202  162
 203  161
 203  158
 204  157
 204  153
 205  152
 205  146
 206  145
 206  140
 207  139
 207  138
 206  137
 206  129
 205  128
 205  126
 204  125
 204  124
 201  121
 200  121
 197  118
 196  118
 195  117
 194  117
 193  116
 192  116
 191  115
 189  115
 188  114
 184  114
 183  113
