 182   45
 181   46
 178   46
 177   47
 174   47
 173   48
 170   48
 169   49
 168   49
 167   50
 164   50
 163   51
 162   51
 161   52
 160   52
 159   53
 157   53
 156   54
 155   54
 154   55
 153   55
 152   56
 151   56
 150   57
 149   57
 148   58
 147   58
 146   59
 145   59
 144   60
 143   60
 142   61
 141   61
 140   62
 139   62
 137   64
 136   64
 135   65
 134   65
 132   67
 131   67
 129   69
 128   69
 126   71
 125   71
 123   73
 122   73
 119   76
 118   76
 115   79
 114   79
 109   84
 108   84
 104   88
 103   88
  78  113
  77  113
  75  115
  71  115
  70  116
  69  116
  66  119
  66  120
  64  122
  64  123
  63  124
  63  125
  61  127
  61  128
  60  129
  60  130
  57  133
  57  134
  56  135
  56  136
  53  139
  53  140
  52  141
  52  242
  53  243
  53  244
  54  245
  54  246
  56  248
  56  251
  57  252
  57  253
  59  255
  59  256
  60  257
  60  259
  61  260
  61  261
  62  262
  62  264
  63  265
  63  266
  64  267
  64  268
  65  269
  65  271
  66  272
  66  273
  67  274
  67  275
  68  276
  68  278
  69  279
  69  280
  70  281
  70  282
  71  283
  71  285
  72  286
  72  287
  73  288
  73  289
  74  290
  74  291
  75  292
  75  293
  76  294
  76  296
  77  297
  77  298
  78  299
  78  300
  79  301
  79  302
  80  303
  80  304
  81  305
  81  306
  82  307
  82  308
  83  309
  83  310
  84  311
  84  312
  85  313
  85  314
  86  315
  86  316
  87  317
  87  318
  90  321
  90  322
  93  325
  94  325
 100  331
 101  331
 102  332
 103  332
 104  333
 108  333
 109  334
 109  337
 110  338
 110  340
 112  342
 112  343
 117  348
 118  348
 124  354
 125  354
 126  355
 128  355
 129  354
 130  354
 131  353
 132  353
 133  352
 133  351
 135  349
 135  348
 138  345
 154  345
 160  351
 161  351
 163  349
 163  348
 165  346
 179  346
 186  353
 186  354
 187  355
 187  356
 189  358
 189  359
 191  361
 191  362
 192  363
 192  364
 194  366
 194  367
 197  370
 197  371
 200  374
 201  374
 208  381
 209  381
 210  382
 211  382
 212  383
 215  383
 217  381
 218  381
 220  379
 220  378
 221  377
 221  376
 222  375
 222  373
 221  372
 221  370
 219  368
 219  367
 217  365
 217  364
 212  359
 211  359
 208  356
 207  356
 203  352
 202  352
 200  350
 199  350
 196  347
 195  347
 193  345
 192  345
 187  340
 186  340
 175  329
 175  328
 173  326
 173  325
 171  323
 171  305
 172  304
 172  303
 175  300
 175  298
 174  297
 174  296
 171  293
 171  292
 169  290
 169  273
 173  269
 173  268
 171  266
 171  265
 170  264
 170  249
 174  245
 170  241
 169  241
 166  238
 165  238
 164  237
 163  237
 158  232
 158  226
 157  225
 157  222
 156  221
 156  220
 155  219
 155  218
 153  216
 153  201
 154  200
 156  200
 158  198
 159  198
 165  192
 165  191
 167  189
 167  188
 169  186
 169  184
 170  183
 170  182
 171  181
 171  180
 172  179
 172  178
 173  177
 173  176
 174  175
 174  174
 175  173
 175  171
 176  170
 176  168
 177  167
 177  164
 178  163
 178  161
 179  160
 179  159
 180  158
 180  157
 181  156
 181  155
 182  154
 182  151
 183  150
 183  148
 184  147
 184  141
 185  140
 185  139
 186  138
 186  137
 187  136
 187  135
 188  134
 188  133
 189  132
 189  131
 190  130
 190  128
 191  127
 191  123
 192  122
 192  121
 193  120
 193  119
 194  118
 194  117
 195  116
 195  115
 197  113
 197  111
 198  110
 198  109
 199  108
 199  106
 200  105
 200  103
 201  102
 201  101
 202  100
 202   99
 204   97
 204   96
 206   94
 206   93
 207   92
 207   91
 208   90
 208   88
 209   87
 209   85
 210   84
 210   83
 212   81
 212   80
 213   79
 213   78
 214   77
 214   76
 215   75
 215   74
 216   73
 216   72
 217   71
 217   69
 218   68
 218   66
 219   65
 219   58
 215   54
 214   54
 213   53
 212   53
 211   52
 210   52
 208   50
 207   50
 206   49
 205   49
 204   48
 203   48
 202   47
 200   47
 199   46
 196   46
 195   45
