 166  129
 165  130
 164  130
 163  131
 161  131
 160  132
 158  132
 157  133
 156  133
 155  134
 154  134
 153  135
 152  135
 151  136
 150  136
 149  137
 148  137
 145  140
 144  140
 142  142
 141  142
 135  148
 134  148
 117  165
 117  166
 112  171
 112  172
 108  176
 108  177
 104  181
 104  182
 100  186
 100  187
  98  189
  98  190
  96  192
  96  193
  94  195
  94  197
  93  198
  93  251
  95  253
 101  253
 103  255
 103  256
 104  257
 104  258
 106  260
 106  261
 107  262
 108  262
 109  263
 109  264
 111  266
 111  267
 117  273
 117  274
 121  278
 121  279
 123  281
 124  281
 126  283
 126  284
 142  300
 143  300
 144  301
 147  301
 148  300
 149  300
 149  299
 153  295
 154  295
 156  293
 156  282
 157  281
 157  280
 158  279
 158  260
 159  259
 159  257
 160  256
 160  253
 159  252
 159  250
 158  249
 158  247
 153  242
 152  242
 151  241
 151  226
 152  225
 152  224
 153  223
 153  222
 154  221
 154  220
 158  216
 158  215
 159  214
 159  213
 160  212
 160  210
 161  209
 161  207
 162  206
 162  203
 163  202
 163  199
 164  198
 164  190
 165  189
 165  185
 166  184
 166  178
 167  177
 167  175
 168  174
 168  171
 169  170
 169  169
 170  168
 170  166
 171  165
 171  163
 173  161
 173  160
 174  159
 174  158
 175  157
 175  156
 177  154
 177  153
 178  152
 178  151
 179  150
 179  148
 180  147
 180  146
 181  145
 181  142
 182  141
 181  140
 181  138
 180  137
 180  136
 179  135
 178  135
 177  134
 176  134
 172  130
 171  130
 170  129
