 174  104
 173  105
 170  105
 169  106
 167  106
 166  107
 164  107
 163  108
 161  108
 160  109
 159  109
 158  110
 157  110
 156  111
 154  111
 153  112
 152  112
 151  113
 150  113
 149  114
 148  114
 147  115
 146  115
 145  116
 144  116
 143  117
 142  117
 140  119
 139  119
 138  120
 137  120
 136  121
 135  121
 133  123
 132  123
 131  124
 130  124
 128  126
 127  126
 125  128
 124  128
 122  130
 121  130
 120  131
 119  131
 117  133
 116  133
 112  137
 111  137
 108  140
 107  140
 103  144
 102  144
 101  145
  96  145
  96  149
  95  150
  85  150
  85  151
  83  153
  83  154
  82  155
  81  155
  81  158
  79  160
  79  161
  77  163
  77  164
  75  166
  75  167
  74  168
  74  169
  72  171
  72  172
  68  176
  68  177
  66  179
  66  180
  65  181
  65  182
  64  183
  64  248
  65  249
  65  250
  66  251
  66  252
  67  253
  67  255
  68  256
  68  257
  69  258
  69  260
  70  261
  70  262
  71  263
  71  267
  72  268
  72  271
  73  272
  73  276
  74  277
  74  278
  75  279
  75  281
  76  282
  76  283
  77  284
  77  286
  78  287
  78  289
  79  290
  79  291
  80  292
  80  293
  81  294
  81  295
  82  296
  82  297
  93  308
  93  309
  94  310
  94  311
  96  313
  96  314
  97  315
  98  315
 104  321
 104  322
 106  324
 107  323
 107  322
 108  321
 108  320
 111  317
 122  317
 122  316
 123  315
 123  312
 124  311
 124  309
 125  308
 125  307
 126  306
 131  306
 132  305
 133  305
 135  303
 135  302
 136  301
 136  292
 137  291
 138  291
 139  290
 140  290
 143  287
 143  276
 144  275
 145  275
 147  273
 148  273
 149  272
 149  271
 150  270
 150  261
 152  259
 152  257
 147  252
 147  250
 146  249
 146  247
 145  246
 145  243
 143  241
 143  240
 140  237
 140  223
 141  222
 147  222
 148  221
 150  221
 151  220
 153  220
 155  218
 156  218
 159  215
 159  214
 163  210
 163  209
 164  208
 164  207
 165  206
 165  205
 166  204
 166  199
 167  198
 167  194
 168  193
 168  192
 169  191
 169  189
 170  188
 170  185
 171  184
 171  179
 172  178
 172  177
 173  176
 173  174
 174  173
 174  172
 175  171
 175  170
 176  169
 176  168
 177  167
 177  165
 178  164
 178  163
 180  161
 180  160
 182  158
 182  157
 184  155
 184  154
 185  153
 185  152
 189  148
 189  147
 194  142
 194  141
 203  132
 203  131
 204  130
 204  129
 205  128
 205  127
 207  125
 207  124
 208  123
 208  121
 209  120
 209  118
 205  114
 204  114
 202  112
 201  112
 199  110
 198  110
 196  108
 195  108
 194  107
 192  107
 191  106
 190  106
 189  105
 187  105
 186  104
