 189   63
 188   64
 183   64
 182   65
 179   65
 178   66
 176   66
 175   67
 173   67
 172   68
 170   68
 169   69
 168   69
 167   70
 166   70
 165   71
 163   71
 162   72
 161   72
 159   74
 158   74
 157   75
 156   75
 155   76
 154   76
 153   77
 152   77
 150   79
 149   79
 147   81
 146   81
 145   82
 144   82
 141   85
 140   85
 138   87
 137   87
 135   89
 134   89
 131   92
 130   92
 127   95
 126   95
 121  100
 120  100
 114  106
 113  106
 108  111
 107  111
  99  119
  98  119
  86  131
  85  131
  84  132
  83  132
  82  133
  74  133
  73  134
  73  135
  71  137
  71  138
  70  139
  70  140
  69  141
  69  142
  68  143
  68  144
  67  145
  67  146
  66  147
  66  148
  65  149
  65  150
  64  151
  64  152
  63  153
  63  230
  64  231
  64  232
  65  233
  65  234
  66  235
  66  236
  67  237
  67  238
  68  239
  68  240
  69  241
  69  242
  70  243
  70  244
  71  245
  71  246
  72  247
  72  250
  73  251
  73  252
  74  253
  74  254
  75  255
  75  256
  76  257
  76  258
  77  259
  77  260
  78  261
  78  262
  79  263
  79  264
  80  265
  80  266
  81  267
  81  269
  82  270
  82  271
  83  272
  83  275
  84  276
  84  277
  85  278
  85  280
  86  281
  86  282
  87  283
  87  285
  88  286
  88  287
  89  288
  89  290
  90  291
  90  292
  91  293
  91  295
  92  296
  92  298
  93  299
  93  300
  94  301
  94  303
  96  305
  96  306
  97  307
  97  308
  98  309
  98  310
 100  312
 100  314
 102  316
 102  317
 104  319
 104  326
 105  327
 105  329
 110  334
 111  334
 114  337
 114  338
 116  340
 117  340
 119  342
 122  342
 123  341
 140  341
 140  339
 142  337
 161  337
 160  336
 160  335
 158  333
 158  332
 157  331
 157  330
 155  328
 155  327
 153  325
 153  323
 152  322
 152  306
 154  304
 154  303
 156  301
 157  301
 159  299
 160  299
 161  298
 159  296
 159  277
 160  276
 160  275
 162  273
 163  273
 166  270
 164  268
 164  267
 163  266
 163  247
 165  245
 165  244
 166  243
 166  242
 163  239
 163  238
 162  237
 162  230
 161  229
 161  226
 159  224
 159  223
 157  221
 157  220
 156  219
 155  219
 151  215
 150  215
 149  214
 149  200
 150  199
 153  199
 154  198
 158  198
 159  197
 161  197
 162  196
 165  196
 166  195
 167  195
 168  194
 169  194
 171  192
 172  192
 179  185
 179  184
 185  178
 185  176
 186  175
 186  174
 187  173
 187  169
 188  168
 188  167
 189  166
 189  164
 190  163
 190  162
 191  161
 191  159
 192  158
 192  154
 193  153
 193  150
 194  149
 194  147
 195  146
 195  144
 196  143
 196  140
 197  139
 197  132
 198  131
 198  127
 199  126
 199  125
 200  124
 200  117
 201  116
 201  111
 202  110
 202  107
 203  106
 203  103
 204  102
 204   99
 205   98
 205   96
 206   95
 206   93
 207   92
 207   89
 208   88
 208   86
 209   85
 209   81
 210   80
 210   78
 211   77
 211   74
 209   72
 208   72
 207   71
 206   71
 205   70
 204   70
 201   67
 200   67
 199   66
 198   66
 197   65
 196   65
 195   64
 192   64
 191   63
