 176   90
 175   91
 171   91
 170   92
 168   92
 167   93
 164   93
 163   94
 162   94
 161   95
 160   95
 159   96
 158   96
 157   97
 156   97
 155   98
 154   98
 153   99
 152   99
 151  100
 150  100
 149  101
 148  101
 147  102
 146  102
 144  104
 143  104
 142  105
 141  105
 139  107
 138  107
 136  109
 135  109
 131  113
 130  113
 125  118
 124  118
 120  122
 119  122
 111  130
 111  131
 100  142
  99  142
  98  143
  96  143
  95  144
  94  144
  93  145
  92  145
  81  156
  80  156
  76  160
  75  160
  74  161
  73  161
  73  162
  72  163
  72  233
  73  234
  73  237
  74  238
  74  239
  75  240
  75  243
  76  244
  76  248
  77  249
  77  253
  78  254
  78  255
  79  256
  79  259
  80  260
  80  269
  81  270
  81  278
  82  279
  82  287
  83  288
  83  289
  84  290
  84  291
  85  292
  85  293
  87  295
  87  296
  88  296
  89  297
  90  297
  93  300
  93  301
  97  305
  97  306
  99  308
  99  309
 100  310
 100  311
 103  314
 104  314
 109  319
 109  320
 110  320
 111  321
 112  320
 128  320
 132  324
 132  321
 133  320
 133  319
 135  317
 150  317
 149  316
 149  315
 148  314
 148  298
 149  297
 149  296
 151  294
 152  294
 153  293
 156  293
 157  292
 158  292
 158  291
 157  290
 157  289
 156  288
 156  273
 157  272
 157  271
 160  268
 161  268
 164  265
 164  251
 165  250
 165  249
 166  248
 166  247
 165  246
 165  245
 164  244
 164  243
 162  241
 162  240
 160  238
 160  237
 152  229
 152  214
 154  212
 156  212
 157  211
 158  211
 159  210
 160  210
 162  208
 163  208
 165  206
 166  206
 171  201
 171  200
 173  198
 173  197
 174  196
 174  195
 175  194
 175  192
 176  191
 176  189
 177  188
 177  186
 178  185
 178  184
 179  183
 179  182
 180  181
 180  180
 181  179
 181  177
 182  176
 182  169
 183  168
 183  166
 184  165
 184  161
 185  160
 185  154
 186  153
 186  151
 187  150
 187  149
 188  148
 188  146
 189  145
 189  142
 190  141
 190  137
 191  136
 191  135
 192  134
 192  133
 193  132
 193  130
 194  129
 194  128
 195  127
 195  125
 196  124
 196  123
 197  122
 197  121
 198  120
 198  119
 199  118
 199  115
 200  114
 200  112
 201  111
 201  108
 202  107
 202  104
 201  103
 201  102
 199  100
 199   99
 198   99
 196   97
 195   97
 194   96
 193   96
 191   94
 190   94
 189   93
 188   93
 187   92
 185   92
 184   91
 181   91
 180   90
