 188   90
 187   91
 182   91
 181   92
 177   92
 176   93
 174   93
 173   94
 170   94
 169   95
 168   95
 167   96
 166   96
 165   97
 163   97
 162   98
 161   98
 160   99
 158   99
 157  100
 156  100
 155  101
 154  101
 153  102
 152  102
 151  103
 150  103
 149  104
 148  104
 147  105
 146  105
 145  106
 144  106
 142  108
 141  108
 140  109
 139  109
 138  110
 137  110
 135  112
 134  112
 132  114
 131  114
 129  116
 128  116
 126  118
 125  118
 123  120
 122  120
 119  123
 118  123
 114  127
 113  127
 108  132
 107  132
  97  142
  96  142
  93  145
  93  146
  85  154
  85  155
  81  159
  81  160
  79  162
  79  163
  77  165
  77  166
  75  168
  75  169
  73  171
  73  172
  71  174
  71  175
  69  177
  69  178
  66  181
  66  182
  65  183
  65  267
  66  268
  66  269
  67  270
  67  272
  68  273
  68  275
  69  276
  69  277
  70  278
  71  278
  77  284
  79  284
  82  287
  83  287
  85  289
  85  291
  86  292
  86  293
  87  294
  87  303
  88  304
  88  309
  89  310
  89  312
  90  313
  90  314
  91  315
  91  316
  92  317
  92  318
  93  319
  93  320
  95  322
  95  323
  96  324
  96  325
 105  334
 106  334
 110  338
 117  338
 118  337
 119  337
 120  336
 120  331
 121  330
 137  330
 138  331
 140  331
 143  328
 143  327
 144  326
 144  324
 145  323
 145  322
 147  320
 147  319
 151  315
 152  315
 153  314
 154  314
 155  313
 156  313
 156  312
 159  309
 159  296
 168  287
 168  285
 169  284
 169  277
 170  276
 170  270
 167  267
 167  266
 165  264
 165  261
 164  260
 164  259
 162  257
 162  256
 158  252
 157  252
 153  248
 153  233
 154  232
 156  232
 157  231
 159  231
 160  230
 161  230
 162  229
 163  229
 165  227
 166  227
 167  226
 168  226
 170  224
 171  224
 174  221
 175  221
 181  215
 181  214
 184  211
 184  210
 186  208
 186  207
 187  206
 187  205
 189  203
 189  199
 190  198
 190  195
 191  194
 191  190
 192  189
 192  186
 193  185
 193  183
 194  182
 194  180
 195  179
 195  177
 196  176
 196  165
 197  164
 197  163
 199  161
 199  160
 200  159
 200  158
 201  157
 201  156
 202  155
 202  152
 203  151
 203  147
 204  146
 204  143
 205  142
 205  140
 206  139
 206  136
 207  135
 207  126
 208  125
 208  121
 209  120
 209  108
 208  107
 208  106
 207  105
 207  103
 206  102
 206  101
 205  100
 205   99
 204   98
 203   98
 200   95
 199   95
 198   94
 197   94
 196   93
 195   93
 194   92
 192   92
 191   91
 190   91
 189   90
