 172  105
 171  106
 168  106
 167  107
 165  107
 164  108
 163  108
 162  109
 160  109
 159  110
 158  110
 157  111
 155  111
 154  112
 153  112
 152  113
 151  113
 150  114
 149  114
 147  116
 146  116
 145  117
 144  117
 142  119
 141  119
 139  121
 138  121
 136  123
 135  123
 133  125
 132  125
 128  129
 127  129
 123  133
 122  133
 116  139
 115  139
 100  154
 100  155
  95  160
  81  160
  80  159
  80  157
  79  156
  78  156
  78  160
  77  161
  77  165
  76  166
  76  167
  75  168
  75  170
  74  171
  74  172
  73  173
  73  270
  74  271
  74  274
  75  275
  75  276
  76  277
  76  278
  78  280
  78  287
  79  288
  79  291
  80  292
  80  295
  81  296
  81  298
  82  299
  82  301
  83  302
  83  303
  84  304
  84  305
  85  306
  85  307
  96  318
  97  318
  98  319
  99  319
 101  321
 102  321
 103  322
 104  322
 105  323
 106  323
 107  324
 115  324
 116  323
 118  323
 119  322
 122  322
 124  320
 125  320
 129  316
 130  316
 132  314
 133  314
 135  312
 135  311
 137  309
 137  308
 138  307
 138  302
 139  301
 139  292
 143  288
 144  288
 145  287
 145  286
 146  285
 146  284
 147  283
 147  278
 148  277
 148  275
 149  274
 149  272
 150  271
 150  266
 149  265
 149  262
 148  261
 148  260
 139  251
 138  251
 132  245
 131  245
 129  243
 129  229
 130  228
 141  228
 142  227
 143  227
 144  226
 145  226
 146  225
 147  225
 148  224
 149  224
 151  222
 152  222
 154  220
 155  220
 160  215
 161  215
 164  212
 164  211
 167  208
 167  207
 168  206
 168  205
 169  204
 169  203
 170  202
 170  201
 171  200
 171  199
 173  197
 173  195
 174  194
 174  193
 175  192
 175  188
 176  187
 176  185
 177  184
 177  180
 178  179
 178  178
 179  177
 179  173
 180  172
 180  169
 181  168
 181  165
 182  164
 182  162
 183  161
 183  159
 184  158
 184  155
 185  154
 185  153
 186  152
 186  150
 190  146
 190  145
 192  143
 192  142
 193  141
 193  140
 195  138
 195  137
 197  135
 197  134
 198  133
 198  132
 199  131
 199  129
 200  128
 200  127
 201  126
 201  122
 200  121
 200  120
 198  118
 198  117
 195  114
 194  114
 193  113
 192  113
 191  112
 190  112
 186  108
 185  108
 184  107
 183  107
 182  106
 180  106
 179  105
