 175   83
 174   84
 169   84
 168   85
 166   85
 165   86
 162   86
 161   87
 160   87
 159   88
 157   88
 156   89
 155   89
 154   90
 153   90
 152   91
 151   91
 150   92
 149   92
 148   93
 147   93
 145   95
 144   95
 143   96
 142   96
 141   97
 140   97
 138   99
 137   99
 135  101
 134  101
 132  103
 131  103
 128  106
 127  106
 124  109
 123  109
 119  113
 118  113
 113  118
 112  118
 106  124
 105  124
 104  125
 102  125
 101  126
  99  126
  98  127
  97  127
  94  130
  93  130
  90  133
  90  134
  75  149
  75  150
  74  151
  74  246
  78  250
  78  252
  79  253
  79  254
  80  255
  80  259
  81  260
  81  261
  82  262
  82  264
  83  265
  83  266
  84  267
  84  269
  85  270
  85  271
  86  272
  86  273
  87  274
  87  277
  89  279
  89  282
  90  283
  90  284
  91  285
  91  286
  92  287
  92  288
  93  289
  93  290
  94  291
  94  292
  96  294
  97  294
  98  295
  99  295
 101  297
 101  298
 106  303
 106  304
 108  306
 108  307
 112  311
 113  311
 117  315
 117  316
 120  319
 121  318
 122  318
 124  316
 154  316
 156  318
 156  321
 157  322
 157  323
 158  324
 158  326
 160  328
 160  329
 161  330
 161  331
 167  337
 168  337
 175  344
 177  344
 179  342
 179  341
 178  340
 178  338
 158  318
 158  317
 157  316
 157  315
 156  314
 156  313
 154  311
 154  308
 153  307
 153  290
 154  289
 154  287
 155  286
 156  286
 157  285
 158  285
 159  284
 160  284
 161  283
 161  281
 160  280
 160  265
 161  264
 161  262
 163  260
 164  260
 166  258
 166  257
 165  256
 165  240
 167  238
 167  237
 165  235
 165  234
 163  232
 163  231
 162  230
 162  228
 161  227
 161  223
 160  222
 160  221
 153  214
 152  214
 150  212
 150  197
 151  196
 156  196
 157  195
 160  195
 161  194
 163  194
 165  192
 166  192
 167  191
 168  191
 172  187
 172  186
 174  184
 174  183
 176  181
 176  180
 178  178
 178  176
 179  175
 179  173
 180  172
 180  169
 181  168
 181  167
 182  166
 182  165
 183  164
 183  163
 184  162
 184  156
 185  155
 185  152
 186  151
 186  149
 187  148
 187  145
 188  144
 188  140
 189  139
 189  136
 190  135
 190  133
 191  132
 191  129
 192  128
 192  127
 193  126
 193  125
 195  123
 195  121
 196  120
 196  118
 197  117
 197  114
 198  113
 198  110
 199  109
 199  107
 200  106
 200  100
 199   99
 199   98
 198   97
 198   96
 195   93
 194   93
 193   92
 192   92
 191   91
 190   91
 186   87
 185   87
 184   86
 183   86
 182   85
 181   85
 180   84
 178   84
 177   83
