 180   62
 179   63
 177   63
 176   64
 174   64
 173   65
 171   65
 170   66
 169   66
 168   67
 167   67
 166   68
 165   68
 164   69
 163   69
 162   70
 161   70
 159   72
 158   72
 156   74
 155   74
 152   77
 151   77
 149   79
 148   79
 145   82
 144   82
 140   86
 139   86
 135   90
 134   90
 127   97
 126   97
 122  101
 122  102
 111  113
 111  114
 105  120
 105  121
  98  128
  98  129
  95  132
  95  133
  92  136
  92  137
  89  140
  74  140
  73  141
  73  143
  72  144
  72  145
  71  146
  71  148
  70  149
  70  151
  69  152
  69  154
  68  155
  68  156
  67  157
  67  159
  66  160
  66  232
  67  233
  67  234
  68  235
  68  236
  72  240
  72  241
  74  243
  74  244
  77  247
  77  248
  78  249
  78  250
  79  251
  79  252
  80  253
  80  255
  81  256
  81  257
  82  258
  82  259
  83  260
  83  261
  84  262
  84  263
  85  264
  85  265
  88  268
  88  269
  89  270
  89  271
  90  272
  90  273
  91  274
  91  276
  92  277
  92  278
  93  279
  93  282
  94  283
  94  284
  95  285
  95  288
  96  289
  96  290
  97  291
  97  292
  98  293
  98  294
  99  295
  99  296
 100  297
 100  298
 101  299
 101  300
 102  301
 102  303
 103  304
 103  306
 104  307
 104  310
 105  311
 105  312
 106  313
 106  314
 107  315
 107  316
 111  320
 111  321
 112  321
 118  327
 119  327
 120  328
 121  328
 122  329
 124  329
 125  330
 126  330
 127  331
 129  331
 130  332
 130  336
 131  337
 131  338
 132  339
 132  340
 141  349
 142  349
 143  350
 144  350
 145  351
 146  351
 147  352
 149  352
 150  353
 155  353
 156  352
 159  352
 160  351
 161  351
 162  350
 163  350
 164  349
 165  349
 167  347
 188  347
 189  348
 191  348
 197  354
 197  355
 203  361
 204  361
 208  365
 206  363
 206  362
 204  360
 204  359
 202  357
 202  356
 200  354
 200  353
 197  350
 197  349
 189  341
 189  340
 186  337
 186  336
 184  334
 184  333
 183  332
 183  331
 182  330
 182  308
 183  307
 183  306
 184  305
 183  304
 183  266
 182  265
 182  254
 181  253
 181  251
 180  250
 180  247
 179  246
 179  244
 178  243
 178  242
 176  240
 176  239
 175  238
 175  237
 174  236
 174  235
 171  232
 171  231
 167  227
 167  226
 166  225
 165  225
 161  221
 160  221
 159  220
 159  205
 160  204
 163  204
 164  203
 165  203
 166  202
 168  202
 169  201
 170  201
 172  199
 173  199
 174  198
 175  198
 178  195
 179  195
 180  194
 180  193
 182  191
 182  190
 185  187
 185  186
 186  185
 186  184
 187  183
 187  182
 188  181
 188  179
 189  178
 189  177
 190  176
 190  174
 191  173
 191  171
 192  170
 192  168
 193  167
 193  163
 194  162
 194  160
 195  159
 195  154
 196  153
 196  149
 197  148
 197  121
 198  120
 198  115
 199  114
 199  109
 200  108
 200  104
 201  103
 201  101
 202  100
 202   96
 203   95
 203   93
 204   92
 204   78
 203   77
 203   76
 201   74
 201   73
 199   71
 198   71
 196   69
 195   69
 194   68
 193   68
 190   65
 189   65
 188   64
 187   64
 186   63
 185   63
 184   62
