 173  111
 172  112
 169  112
 168  113
 166  113
 165  114
 164  114
 163  115
 162  115
 161  116
 160  116
 159  117
 158  117
 156  119
 155  119
 154  120
 153  120
 151  122
 150  122
 149  123
 148  123
 146  125
 145  125
 142  128
 141  128
 136  133
 135  133
 130  138
 129  138
 108  159
 107  159
 107  160
 102  165
  82  165
  81  166
  79  166
  77  168
  83  168
  84  169
  84  184
  83  185
  79  185
  77  187
  77  268
  78  269
  79  269
  81  271
  81  272
  84  275
  84  276
  90  282
  90  283
  94  287
  95  287
 105  297
 106  297
 111  302
 112  302
 116  306
 116  307
 120  311
 121  311
 123  313
 123  314
 125  316
 126  315
 126  314
 127  313
 128  313
 129  312
 130  312
 131  311
 133  311
 134  310
 135  310
 136  309
 136  308
 138  306
 138  305
 141  302
 142  302
 143  301
 144  301
 146  299
 147  299
 147  298
 149  296
 149  295
 150  294
 150  293
 151  292
 151  291
 156  286
 156  285
 158  283
 158  272
 159  271
 159  269
 160  268
 160  267
 161  266
 161  260
 160  259
 160  258
 159  257
 159  254
 158  253
 158  252
 152  246
 151  246
 149  244
 149  230
 150  229
 158  229
 159  228
 161  228
 163  226
 164  226
 170  220
 170  219
 172  217
 172  216
 174  214
 174  213
 175  212
 175  211
 176  210
 176  208
 177  207
 177  206
 178  205
 178  202
 180  200
 180  198
 181  197
 181  196
 182  195
 182  193
 183  192
 183  188
 184  187
 184  184
 185  183
 185  182
 186  181
 186  180
 187  179
 187  176
 188  175
 188  174
 189  173
 189  171
 190  170
 190  169
 191  168
 191  166
 192  165
 192  164
 193  163
 193  160
 194  159
 194  157
 195  156
 195  153
 196  152
 196  149
 197  148
 197  145
 198  144
 198  136
 197  135
 197  134
 196  133
 196  129
 195  128
 195  127
 194  126
 194  125
 193  124
 193  122
 189  118
 188  118
 185  115
 184  115
 182  113
 181  113
 180  112
 178  112
 177  111
