 179  107
 178  108
 176  108
 175  109
 171  109
 170  110
 168  110
 167  111
 165  111
 164  112
 163  112
 162  113
 160  113
 159  114
 158  114
 157  115
 155  115
 154  116
 153  116
 152  117
 151  117
 150  118
 149  118
 148  119
 147  119
 145  121
 144  121
 143  122
 142  122
 140  124
 139  124
 138  125
 137  125
 135  127
 134  127
 131  130
 130  130
 128  132
 127  132
 125  134
 124  134
 115  143
 114  143
 104  153
 104  154
  97  161
  97  162
  93  166
  93  167
  91  169
  91  170
  89  172
  89  173
  86  176
  86  177
  83  180
  83  181
  81  183
  81  184
  80  185
  80  186
  79  187
  79  188
  77  190
  77  191
  76  192
  76  193
  74  195
  74  255
  77  258
  77  260
  78  261
  78  262
  79  263
  79  264
  80  265
  80  266
  81  267
  81  268
  82  269
  82  270
  83  271
  83  272
  85  274
  85  275
  87  277
  87  278
  88  279
  88  280
  90  282
  90  283
  94  287
  94  288
  99  293
  99  294
 102  297
 103  297
 107  301
 107  302
 114  309
 114  310
 123  319
 124  319
 125  320
 127  320
 128  319
 129  319
 130  318
 131  318
 132  317
 134  317
 136  315
 137  315
 138  314
 139  314
 142  311
 143  311
 146  308
 147  308
 152  303
 152  302
 160  294
 160  293
 161  292
 161  291
 162  290
 162  288
 163  287
 163  286
 164  285
 164  284
 166  282
 166  281
 168  279
 168  277
 169  276
 169  274
 170  273
 170  267
 171  266
 170  265
 170  263
 168  261
 168  260
 166  258
 166  257
 158  249
 158  235
 160  233
 162  233
 164  231
 165  231
 177  219
 177  218
 180  215
 180  214
 181  213
 181  212
 183  210
 183  207
 184  206
 184  205
 185  204
 185  202
 186  201
 186  200
 187  199
 187  196
 188  195
 188  191
 189  190
 189  186
 190  185
 190  176
 191  175
 191  173
 192  172
 192  168
 193  167
 193  164
 194  163
 194  161
 195  160
 195  158
 196  157
 196  155
 197  154
 197  152
 198  151
 198  148
 199  147
 199  143
 200  142
 200  138
 201  137
 201  132
 200  131
 200  129
 199  128
 199  125
 198  124
 198  123
 197  122
 197  121
 196  120
 196  118
 193  115
 193  114
 192  114
 190  112
 189  112
 187  110
 186  110
 185  109
 184  109
 183  108
 182  108
 181  107
