 159  148
 158  149
 155  149
 154  150
 153  150
 152  151
 150  151
 149  152
 148  152
 147  153
 146  153
 143  156
 141  156
 139  158
 138  158
 137  159
 136  159
 134  161
 133  161
 130  164
 129  164
 127  166
 126  166
 123  169
 122  169
 120  171
 119  171
 116  174
 115  174
 112  177
 111  177
 105  183
 104  183
 100  187
  99  187
  96  190
  95  190
  93  192
  93  193
  92  194
  92  233
  94  235
  96  235
 102  241
 102  242
 107  247
 107  248
 109  250
 109  252
 110  253
 110  254
 111  255
 111  257
 112  258
 112  259
 113  260
 113  261
 114  262
 114  264
 115  265
 115  266
 116  267
 116  268
 123  275
 124  275
 125  276
 126  276
 127  277
 128  277
 129  278
 131  278
 132  279
 133  279
 134  280
 135  279
 142  279
 143  278
 144  278
 145  277
 146  277
 147  276
 148  276
 148  275
 149  274
 149  273
 152  270
 153  270
 154  269
 155  269
 156  268
 157  268
 158  267
 159  267
 160  266
 160  265
 161  264
 161  263
 162  262
 162  257
 163  256
 163  255
 164  254
 164  252
 163  251
 163  243
 162  242
 162  241
 157  236
 157  235
 155  233
 155  217
 157  215
 159  215
 161  213
 162  213
 163  212
 164  212
 171  205
 171  204
 173  202
 173  201
 176  198
 176  197
 177  196
 177  194
 178  193
 178  191
 179  190
 179  188
 180  187
 180  186
 181  185
 181  181
 182  180
 182  170
 181  169
 181  166
 180  165
 180  164
 179  163
 179  162
 178  161
 178  160
 174  156
 173  156
 170  153
 169  153
 167  151
 166  151
 164  149
 163  149
 162  148
