 145  108
 144  109
 141  109
 140  110
 139  110
 138  111
 136  111
 135  112
 134  112
 133  113
 131  113
 130  114
 129  114
 128  115
 127  115
 126  116
 125  116
 123  118
 122  118
 121  119
 120  119
 118  121
 117  121
 106  132
 105  132
 104  133
 104  134
  99  139
  99  140
  93  146
  93  147
  89  151
  89  152
  88  153
  77  153
  77  154
  76  155
  76  156
  75  157
  75  158
  74  159
  74  160
  73  161
  73  241
  75  243
  79  243
  80  244
  81  244
  83  246
  83  247
  86  250
  86  251
  88  253
  88  254
  99  265
  99  266
 102  269
 102  270
 111  279
 112  279
 115  282
 116  282
 118  284
 119  284
 120  285
 121  285
 122  286
 123  286
 125  288
 126  288
 127  289
 128  289
 131  292
 131  295
 132  296
 132  301
 133  302
 133  304
 134  305
 134  306
 140  312
 141  312
 143  314
 145  314
 146  313
 154  313
 155  312
 156  312
 157  311
 158  311
 163  306
 170  306
 169  305
 168  305
 166  303
 166  302
 165  301
 165  286
 164  285
 164  284
 162  282
 162  281
 161  280
 161  261
 162  260
 162  252
 163  251
 163  248
 164  247
 164  235
 162  233
 162  232
 161  231
 161  230
 160  229
 160  228
 158  226
 158  225
 157  224
 156  224
 154  222
 153  222
 152  221
 152  205
 161  196
 161  195
 163  193
 163  192
 164  191
 164  189
 165  188
 165  186
 166  185
 166  181
 167  180
 167  171
 166  170
 166  131
 165  130
 165  128
 164  127
 164  123
 163  122
 163  120
 162  119
 162  118
 159  115
 158  115
 156  113
 155  113
 152  110
 151  110
 150  109
 149  109
 148  108
