 188   85
 187   86
 184   86
 183   87
 181   87
 180   88
 178   88
 177   89
 175   89
 174   90
 173   90
 172   91
 171   91
 170   92
 168   92
 167   93
 166   93
 165   94
 164   94
 163   95
 162   95
 161   96
 160   96
 159   97
 158   97
 157   98
 156   98
 154  100
 153  100
 152  101
 151  101
 149  103
 148  103
 147  104
 146  104
 144  106
 143  106
 141  108
 140  108
 138  110
 137  110
 135  112
 134  112
 132  114
 131  114
 127  118
 126  118
 120  124
 119  124
 110  133
 109  133
 104  138
 104  139
  84  159
  84  160
  81  163
  73  163
  73  173
  70  176
  70  180
  69  181
  69  252
  70  253
  70  256
  71  257
  71  259
  72  260
  72  261
  73  262
  73  263
  75  265
  75  266
  76  267
  76  268
  77  269
  77  270
  78  271
  78  272
  79  273
  79  274
  80  275
  80  276
  81  277
  81  278
  82  279
  82  281
  83  282
  83  283
  84  284
  84  286
  85  287
  85  289
  86  290
  86  291
  87  292
  87  293
  88  294
  88  295
  89  296
  89  297
  90  298
  90  299
  96  305
  96  306
 101  311
 102  311
 104  313
 104  314
 113  323
 113  324
 125  336
 126  336
 127  337
 128  337
 129  338
 131  338
 135  342
 137  340
 138  340
 139  339
 141  339
 143  337
 144  337
 145  336
 145  317
 148  314
 148  313
 147  312
 147  296
 150  293
 151  293
 152  292
 152  278
 153  277
 153  276
 155  274
 154  273
 154  259
 153  258
 153  257
 151  255
 151  254
 150  253
 149  253
 145  249
 144  249
 143  248
 143  234
 144  233
 145  233
 146  232
 149  232
 150  231
 151  231
 155  227
 155  226
 160  221
 160  218
 161  217
 161  216
 163  214
 163  213
 168  208
 168  207
 169  206
 169  204
 170  203
 170  200
 171  199
 171  197
 172  196
 172  194
 173  193
 173  191
 174  190
 174  188
 175  187
 175  177
 176  176
 176  173
 177  172
 177  166
 178  165
 178  161
 179  160
 179  157
 180  156
 180  155
 181  154
 181  151
 182  150
 182  149
 183  148
 183  145
 184  144
 184  143
 185  142
 185  141
 186  140
 186  139
 188  137
 188  136
 189  135
 189  134
 190  133
 190  132
 192  130
 192  129
 194  127
 194  126
 195  125
 195  124
 196  123
 196  122
 197  121
 197  120
 198  119
 198  118
 199  117
 199  114
 200  113
 200  112
 201  111
 201  109
 202  108
 202  106
 203  105
 203  101
 204  100
 204   97
 203   96
 203   95
 202   94
 202   93
 201   92
 200   92
 199   91
 198   91
 196   89
 195   89
 193   87
 192   87
 191   86
 190   86
 189   85
