 185   86
 184   87
 182   87
 181   88
 179   88
 178   89
 176   89
 175   90
 174   90
 173   91
 171   91
 170   92
 169   92
 168   93
 167   93
 166   94
 165   94
 164   95
 163   95
 161   97
 160   97
 159   98
 158   98
 156  100
 155  100
 154  101
 153  101
 151  103
 150  103
 148  105
 147  105
 144  108
 143  108
 141  110
 140  110
 136  114
 135  114
 129  120
 128  120
 121  127
 120  127
 105  142
 105  143
  99  149
  99  150
  90  159
  90  160
  87  163
  87  164
  85  166
  85  167
  83  169
  83  170
  81  172
  81  173
  80  174
  80  175
  79  176
  79  177
  78  178
  78  179
  77  180
  77  181
  76  182
  76  184
  75  185
  75  261
  77  263
  80  263
  83  266
  83  268
  84  269
  84  270
  85  271
  85  274
  86  275
  86  276
  87  277
  87  280
  88  281
  88  282
  89  283
  89  285
  90  286
  90  288
  91  289
  91  290
  92  291
  92  292
  93  293
  93  294
  94  295
  94  296
  95  297
  95  298
  97  300
  97  301
  98  302
  98  303
 100  305
 100  306
 101  307
 101  308
 103  310
 103  311
 104  312
 104  313
 105  314
 105  315
 106  316
 106  317
 107  318
 107  319
 108  320
 108  321
 109  322
 109  324
 111  326
 111  327
 112  328
 112  329
 118  335
 119  335
 120  336
 121  336
 122  337
 123  337
 124  338
 126  338
 130  342
 141  342
 142  341
 143  341
 143  324
 146  321
 148  321
 149  320
 150  320
 151  319
 152  319
 152  316
 151  315
 151  298
 155  294
 156  294
 156  276
 157  275
 158  275
 159  274
 159  258
 153  252
 152  252
 149  249
 148  249
 145  246
 145  231
 146  230
 148  230
 149  229
 151  229
 152  228
 153  228
 157  224
 157  223
 158  222
 158  221
 159  220
 159  218
 160  217
 160  216
 161  215
 161  213
 163  211
 163  210
 165  208
 165  207
 167  205
 167  204
 168  203
 168  202
 169  201
 169  199
 170  198
 170  194
 171  193
 171  190
 172  189
 172  187
 173  186
 173  184
 174  183
 174  174
 175  173
 175  168
 176  167
 176  159
 177  158
 177  155
 178  154
 178  150
 179  149
 179  148
 180  147
 180  145
 181  144
 181  143
 182  142
 182  140
 183  139
 183  137
 184  136
 184  134
 185  133
 185  132
 186  131
 186  130
 187  129
 187  128
 188  127
 188  126
 189  125
 189  124
 190  123
 190  122
 191  121
 191  118
 192  117
 192  116
 193  115
 193  113
 194  112
 194  111
 195  110
 195  107
 196  106
 196  104
 197  103
 197  101
 198  100
 198   93
 197   92
 197   91
 196   90
 195   90
 193   88
 192   88
 191   87
 190   87
 189   86
