 177   97
 176   98
 173   98
 172   99
 170   99
 169  100
 168  100
 167  101
 166  101
 165  102
 164  102
 163  103
 162  103
 161  104
 160  104
 159  105
 158  105
 157  106
 156  106
 154  108
 153  108
 152  109
 151  109
 149  111
 148  111
 145  114
 144  114
 142  116
 141  116
 136  121
 135  121
 121  135
 121  136
 110  147
 110  148
 107  151
 107  152
 104  155
 104  156
 101  159
 101  160
  99  162
  99  163
  97  165
  97  166
  95  168
  95  169
  94  170
  94  171
  92  173
  79  173
  79  263
  82  266
  82  267
  83  268
  83  270
  84  271
  84  272
  85  273
  85  275
  86  276
  86  278
  87  279
  87  282
  88  283
  88  286
  89  287
  89  288
  90  289
  90  291
  91  292
  91  293
  92  294
  92  295
  93  296
  93  297
  97  301
  97  302
  99  304
  99  305
 102  308
 102  309
 104  311
 104  312
 106  314
 106  315
 109  318
 109  319
 112  322
 112  323
 118  329
 119  329
 121  331
 122  331
 123  332
 135  332
 136  331
 139  331
 140  330
 141  330
 142  329
 143  329
 144  328
 145  328
 146  327
 146  326
 147  325
 147  324
 148  323
 148  320
 149  319
 149  318
 151  316
 152  316
 154  314
 155  314
 157  312
 157  311
 158  310
 158  300
 159  299
 159  298
 162  295
 162  294
 163  293
 163  292
 164  291
 164  283
 165  282
 165  280
 166  279
 166  273
 165  272
 165  269
 164  268
 164  267
 158  261
 157  261
 153  257
 152  257
 150  255
 149  255
 146  252
 145  252
 142  249
 141  249
 140  248
 140  234
 141  233
 142  233
 143  232
 148  232
 149  231
 153  231
 154  230
 156  230
 157  229
 158  229
 159  228
 160  228
 165  223
 165  222
 166  221
 166  220
 167  219
 167  217
 168  216
 168  214
 169  213
 169  212
 170  211
 170  210
 171  209
 171  208
 172  207
 172  204
 173  203
 173  195
 174  194
 174  192
 175  191
 175  179
 176  178
 176  174
 177  173
 177  171
 178  170
 178  165
 179  164
 179  157
 180  156
 180  155
 181  154
 181  152
 182  151
 182  148
 183  147
 183  144
 184  143
 184  142
 185  141
 185  140
 186  139
 186  138
 187  137
 187  136
 188  135
 188  134
 189  133
 189  132
 190  131
 190  130
 191  129
 191  127
 192  126
 192  123
 193  122
 193  121
 194  120
 194  115
 195  114
 195  110
 194  109
 194  107
 192  105
 192  104
 191  103
 190  103
 189  102
 188  102
 186  100
 185  100
 183   98
 182   98
 181   97
