 178  100
 177  101
 173  101
 172  102
 171  102
 170  103
 168  103
 167  104
 165  104
 164  105
 163  105
 162  106
 161  106
 160  107
 159  107
 158  108
 157  108
 156  109
 155  109
 153  111
 152  111
 151  112
 150  112
 148  114
 147  114
 145  116
 144  116
 142  118
 141  118
 139  120
 138  120
 134  124
 133  124
 125  132
 124  132
 101  155
 101  156
  94  163
  86  163
  86  164
  84  166
  84  167
  82  169
  82  170
  80  172
  80  173
  79  174
  79  176
  78  177
  78  182
  77  183
  77  185
  76  186
  76  187
  75  188
  75  189
  73  191
  73  192
  72  193
  72  265
  74  267
  76  267
  78  269
  78  271
  79  272
  79  273
  80  274
  80  276
  81  277
  81  278
  82  279
  82  280
  83  281
  83  282
  84  283
  84  284
  85  285
  85  286
  86  287
  86  288
  87  289
  87  290
  88  291
  88  292
  89  293
  89  294
  91  296
  91  297
  92  298
  92  299
  94  301
  94  303
  96  305
  96  307
  98  309
  98  310
  99  311
  99  312
 111  324
 112  324
 113  325
 114  325
 115  326
 116  326
 117  327
 119  327
 120  328
 122  328
 123  329
 124  328
 126  328
 127  327
 129  327
 130  326
 132  326
 133  325
 134  325
 135  324
 136  324
 137  323
 138  323
 139  322
 140  322
 142  320
 142  319
 144  317
 144  315
 145  314
 145  302
 150  297
 150  296
 151  295
 151  280
 153  278
 153  277
 154  276
 154  275
 159  270
 159  268
 157  266
 157  262
 156  261
 156  260
 155  259
 155  258
 154  257
 154  256
 152  254
 152  253
 147  248
 146  248
 143  245
 143  231
 146  228
 147  228
 148  227
 149  227
 152  224
 153  224
 157  220
 158  220
 159  219
 159  218
 161  216
 161  215
 166  210
 166  209
 168  207
 168  206
 170  204
 170  203
 171  202
 171  201
 172  200
 172  199
 173  198
 173  197
 174  196
 174  194
 175  193
 175  191
 176  190
 176  187
 177  186
 177  185
 178  184
 178  181
 179  180
 179  179
 180  178
 180  175
 181  174
 181  172
 182  171
 182  169
 183  168
 183  167
 184  166
 184  164
 185  163
 185  160
 186  159
 186  157
 187  156
 187  154
 189  152
 189  151
 190  150
 190  149
 191  148
 191  147
 193  145
 193  144
 194  143
 194  141
 195  140
 195  139
 196  138
 196  137
 197  136
 197  135
 198  134
 198  132
 199  131
 199  130
 200  129
 200  127
 201  126
 201  124
 202  123
 202  115
 201  114
 201  113
 200  112
 200  111
 199  110
 199  109
 198  109
 196  107
 195  107
 193  105
 192  105
 189  102
 188  102
 187  101
 185  101
 184  100
