 178   79
 177   80
 174   80
 173   81
 169   81
 168   82
 167   82
 166   83
 164   83
 163   84
 161   84
 160   85
 159   85
 158   86
 156   86
 155   87
 154   87
 153   88
 152   88
 151   89
 149   89
 148   90
 147   90
 146   91
 145   91
 144   92
 143   92
 142   93
 141   93
 140   94
 139   94
 138   95
 137   95
 135   97
 134   97
 133   98
 132   98
 131   99
 130   99
 129  100
 128  100
 126  102
 125  102
 124  103
 123  103
 121  105
 120  105
 117  108
 116  108
 113  111
 112  111
 109  114
 108  114
 104  118
 103  118
  98  123
  97  123
  88  132
  80  132
  80  141
  76  145
  76  146
  65  157
  64  157
  63  158
  63  159
  61  161
  60  161
  60  228
  62  230
  62  231
  63  232
  63  233
  64  234
  64  235
  65  236
  65  238
  66  239
  66  240
  67  241
  67  242
  68  243
  68  244
  69  245
  69  247
  70  248
  70  250
  71  251
  71  256
  72  257
  72  261
  73  262
  73  265
  74  266
  74  272
  75  273
  75  274
  76  275
  76  279
  77  280
  77  281
  78  282
  78  288
  79  289
  79  291
  80  292
  80  294
  81  295
  81  296
  82  297
  82  298
  85  301
  86  301
  87  302
  88  302
  89  303
  89  304
  90  305
  90  306
  94  310
  94  312
  95  313
  95  316
  96  317
  96  318
  98  320
  98  321
  99  321
 107  329
 109  327
 124  327
 126  329
 127  329
 128  330
 129  330
 130  331
 130  332
 131  333
 132  333
 132  323
 133  322
 134  322
 135  321
 150  321
 148  319
 148  318
 146  316
 146  295
 149  292
 150  292
 151  291
 152  291
 150  289
 150  287
 149  286
 149  271
 150  270
 150  269
 151  268
 152  268
 153  267
 154  267
 155  266
 156  266
 157  265
 157  252
 158  251
 158  249
 159  248
 159  247
 160  246
 160  245
 159  244
 159  242
 158  241
 158  240
 157  239
 157  238
 156  237
 156  236
 154  234
 154  233
 152  231
 152  230
 145  223
 145  209
 146  208
 150  208
 151  207
 154  207
 156  205
 157  205
 158  204
 159  204
 165  198
 166  198
 174  190
 174  189
 175  188
 175  186
 176  185
 176  182
 178  180
 178  179
 180  177
 180  175
 181  174
 181  163
 182  162
 182  161
 185  158
 185  157
 186  156
 186  155
 187  154
 187  141
 190  138
 190  137
 191  136
 191  133
 192  132
 192  130
 193  129
 193  127
 198  122
 198  121
 199  120
 199  119
 200  118
 200  117
 208  109
 208  108
 209  107
 209  106
 210  105
 210  104
 211  103
 211  102
 212  101
 212  100
 213   99
 213   98
 214   97
 214   96
 213   95
 213   93
 212   92
 212   91
 210   89
 209   89
 208   88
 207   88
 205   86
 204   86
 201   83
 200   83
 198   81
 196   81
 195   80
 193   80
 192   79
