 192   43
 191   44
 187   44
 186   45
 183   45
 182   46
 180   46
 179   47
 177   47
 176   48
 174   48
 173   49
 171   49
 170   50
 169   50
 168   51
 166   51
 165   52
 163   52
 162   53
 161   53
 160   54
 159   54
 158   55
 157   55
 156   56
 155   56
 154   57
 152   57
 151   58
 150   58
 148   60
 147   60
 146   61
 145   61
 144   62
 143   62
 142   63
 141   63
 139   65
 138   65
 137   66
 136   66
 134   68
 133   68
 131   70
 130   70
 129   71
 128   71
 126   73
 125   73
 122   76
 121   76
 119   78
 118   78
 115   81
 114   81
 110   85
 109   85
 102   92
 101   92
  97   96
  96   96
  86  106
  85  106
  77  114
  76  114
  72  118
  72  119
  70  121
  70  122
  64  128
  64  129
  60  133
  60  134
  58  136
  58  137
  56  139
  56  140
  54  142
  54  143
  51  146
  51  147
  49  149
  49  150
  46  153
  46  227
  48  229
  48  230
  49  231
  49  232
  50  233
  50  234
  51  235
  51  236
  53  238
  53  239
  54  240
  54  241
  55  242
  55  243
  56  244
  56  245
  57  246
  57  248
  58  249
  58  250
  59  251
  59  253
  60  254
  60  255
  61  256
  61  258
  62  259
  62  260
  63  261
  63  264
  64  265
  64  266
  65  267
  65  270
  66  271
  66  274
  67  275
  67  277
  68  278
  68  281
  69  282
  69  284
  70  285
  70  289
  71  290
  71  291
  72  292
  72  297
  73  298
  73  299
  74  300
  74  303
  75  304
  75  305
  76  306
  76  308
  77  309
  77  310
  79  312
  79  313
  80  314
  80  315
  81  316
  81  317
  83  319
  84  319
  90  325
  91  325
  92  326
  93  326
  94  327
  95  327
  96  328
  99  328
 100  329
 100  330
 101  331
 101  332
 102  333
 102  334
 103  335
 103  336
 107  340
 107  341
 109  343
 109  345
 111  347
 113  347
 115  349
 115  350
 118  353
 119  353
 120  354
 121  354
 122  353
 123  353
 124  352
 124  351
 126  349
 141  349
 144  352
 145  352
 147  354
 149  354
 149  353
 150  352
 150  351
 151  350
 166  350
 168  352
 168  353
 172  357
 172  358
 173  359
 173  360
 175  362
 175  363
 177  365
 177  366
 179  368
 179  369
 183  373
 184  373
 191  380
 192  380
 195  383
 196  383
 197  384
 198  384
 199  385
 201  385
 202  386
 203  385
 205  385
 206  384
 207  384
 209  382
 210  382
 210  381
 212  379
 212  378
 211  377
 211  374
 210  373
 210  372
 209  371
 209  370
 207  368
 207  367
 206  366
 205  366
 199  360
 198  360
 193  355
 192  355
 190  353
 189  353
 187  351
 186  351
 185  350
 184  350
 182  348
 181  348
 179  346
 178  346
 176  344
 175  344
 173  342
 172  342
 164  334
 164  333
 162  331
 162  330
 161  329
 161  328
 160  327
 160  326
 159  325
 159  309
 160  308
 160  307
 161  306
 161  305
 162  304
 162  302
 161  301
 161  299
 160  298
 160  280
 163  277
 163  276
 166  273
 166  270
 165  269
 165  267
 160  262
 159  262
 158  261
 157  261
 153  257
 152  257
 149  254
 148  254
 139  245
 139  244
 137  242
 137  241
 135  239
 135  238
 133  236
 133  221
 134  220
 149  220
 150  221
 151  221
 153  223
 154  223
 149  218
 148  218
 147  217
 147  203
 148  202
 149  202
 150  201
 154  201
 155  200
 157  200
 158  199
 160  199
 161  198
 163  198
 165  196
 166  196
 168  194
 169  194
 175  188
 175  187
 176  186
 176  185
 177  184
 177  183
 178  182
 178  181
 179  180
 179  179
 181  177
 181  176
 184  173
 184  172
 185  171
 185  168
 186  167
 186  164
 187  163
 187  160
 188  159
 188  158
 189  157
 189  154
 190  153
 190  152
 191  151
 191  148
 192  147
 192  143
 193  142
 193  140
 194  139
 194  138
 195  137
 195  136
 196  135
 196  133
 198  131
 198  128
 199  127
 199  126
 200  125
 200  121
 201  120
 201  119
 202  118
 202  117
 203  116
 203  115
 204  114
 204  113
 206  111
 206  109
 207  108
 207  106
 209  104
 209  103
 211  101
 211  100
 212   99
 212   98
 213   97
 213   96
 214   95
 214   94
 215   93
 215   92
 216   91
 216   90
 217   89
 217   88
 218   87
 218   86
 220   84
 220   83
 223   80
 223   79
 224   78
 224   77
 226   75
 226   74
 227   73
 227   71
 228   70
 228   67
 229   66
 229   59
 228   58
 228   57
 227   56
 227   55
 226   54
 226   53
 223   50
 222   50
 220   48
 219   48
 218   47
 217   47
 216   46
 215   46
 214   45
 213   45
 212   44
 210   44
 209   43
