 173   88
 172   89
 166   89
 165   90
 163   90
 162   91
 161   91
 160   92
 158   92
 157   93
 156   93
 155   94
 154   94
 153   95
 152   95
 151   96
 150   96
 148   98
 147   98
 145  100
 144  100
 141  103
 140  103
 136  107
 135  107
 121  121
 121  122
 116  127
 116  128
 112  132
 112  133
 109  136
 109  137
 107  139
 107  140
 104  143
 104  144
 102  146
 102  147
 101  148
 101  149
 100  150
 100  151
  99  152
  84  152
  83  151
  83  157
  82  158
  82  161
  81  162
  81  163
  80  164
  80  165
  78  167
  78  168
  77  169
  77  170
  76  171
  76  235
  78  237
  78  238
  79  239
  79  240
  81  242
  81  243
  82  244
  82  245
  83  246
  83  247
  85  249
  85  250
  87  252
  87  255
  88  256
  88  257
  89  258
  89  261
  90  262
  90  264
  91  265
  91  268
  92  269
  92  272
  93  273
  93  278
  94  279
  94  285
  95  286
  95  289
  96  290
  96  293
  97  294
  97  295
  98  296
  98  297
  99  298
  99  299
 103  303
 104  303
 108  307
 108  308
 109  309
 110  309
 112  311
 113  311
 117  315
 118  315
 128  325
 130  325
 131  324
 148  324
 152  328
 152  329
 152  322
 154  320
 168  320
 167  319
 167  318
 166  317
 166  300
 167  299
 167  297
 168  296
 169  296
 170  295
 172  295
 173  294
 174  294
 174  293
 172  291
 172  271
 176  267
 176  251
 177  250
 176  249
 176  248
 174  246
 174  245
 172  243
 172  242
 162  232
 161  232
 159  230
 159  216
 160  215
 161  215
 162  214
 163  214
 164  213
 165  213
 168  210
 169  210
 178  201
 178  199
 179  198
 179  197
 180  196
 180  192
 181  191
 181  184
 182  183
 182  180
 183  179
 183  165
 184  164
 184  150
 185  149
 185  146
 186  145
 186  142
 187  141
 187  133
 188  132
 188  131
 189  130
 189  127
 190  126
 190  123
 191  122
 191  118
 192  117
 192  116
 193  115
 193  111
 194  110
 194  103
 193  102
 193  100
 189   96
 188   96
 186   94
 185   94
 183   92
 182   92
 181   91
 180   91
 179   90
 178   90
 177   89
 174   89
