 175   88
 174   89
 171   89
 170   90
 168   90
 167   91
 165   91
 164   92
 163   92
 162   93
 161   93
 160   94
 159   94
 157   96
 156   96
 155   97
 154   97
 151  100
 150  100
 147  103
 146  103
 139  110
 138  110
 136  112
 136  113
 125  124
 125  125
 118  132
 118  133
 110  141
 110  142
 107  145
 107  146
 105  148
 105  149
 102  152
 102  153
  99  156
  99  157
  97  159
  97  160
  96  161
  96  162
  93  165
  93  166
  88  171
  88  172
  86  174
  86  175
  84  177
  84  178
  83  179
  83  224
  84  225
  84  226
  85  227
  85  229
  86  230
  86  231
  87  232
  87  233
  89  235
  89  236
  90  237
  90  239
  91  240
  91  242
  92  243
  92  245
  93  246
  93  247
  94  248
  94  250
  95  251
  95  252
  96  253
  96  256
  97  257
  97  258
  98  259
  98  261
  99  262
  99  264
 100  265
 100  267
 101  268
 101  270
 102  271
 102  274
 103  275
 103  279
 104  280
 104  282
 105  283
 105  286
 106  287
 106  288
 107  289
 107  290
 117  300
 118  300
 122  304
 122  306
 124  308
 124  309
 134  319
 135  319
 136  320
 147  320
 147  319
 149  317
 149  316
 151  314
 166  314
 165  313
 165  312
 161  308
 161  307
 160  306
 160  290
 162  288
 162  287
 165  284
 164  283
 164  266
 165  265
 165  264
 166  263
 166  261
 167  260
 167  259
 169  257
 169  239
 168  238
 168  237
 167  236
 167  235
 166  234
 166  232
 165  231
 165  230
 164  229
 164  228
 163  227
 163  226
 161  224
 161  223
 156  218
 155  218
 152  215
 152  201
 154  199
 156  199
 157  198
 158  198
 159  197
 160  197
 161  196
 162  196
 164  194
 165  194
 176  183
 176  182
 177  181
 177  180
 178  179
 178  177
 179  176
 179  174
 180  173
 180  171
 181  170
 181  164
 182  163
 182  160
 183  159
 183  151
 184  150
 184  143
 185  142
 185  128
 186  127
 186  125
 187  124
 187  118
 188  117
 188  112
 189  111
 189  107
 190  106
 190  103
 191  102
 191  100
 192   99
 191   98
 191   96
 189   94
 188   94
 187   93
 186   93
 183   90
 182   90
 181   89
 180   89
 179   88
