 174   62
 173   63
 169   63
 168   64
 165   64
 164   65
 160   65
 159   66
 157   66
 156   67
 153   67
 152   68
 151   68
 150   69
 148   69
 147   70
 145   70
 144   71
 143   71
 142   72
 141   72
 140   73
 138   73
 137   74
 136   74
 135   75
 134   75
 133   76
 132   76
 131   77
 130   77
 129   78
 128   78
 127   79
 126   79
 124   81
 123   81
 122   82
 121   82
 120   83
 119   83
 117   85
 116   85
 114   87
 113   87
 111   89
 110   89
 109   90
 108   90
 105   93
 104   93
 102   95
 101   95
  96  100
  95  100
  90  105
  89  105
  86  108
  80  108
  79  109
  78  109
  78  110
  77  111
  77  112
  76  113
  76  114
  75  115
  75  117
  74  118
  74  119
  72  121
  72  122
  71  123
  71  124
  69  126
  69  127
  67  129
  67  130
  65  132
  65  133
  64  134
  64  135
  62  137
  62  138
  60  140
  60  141
  59  142
  59  143
  58  144
  58  227
  60  229
  60  230
  61  231
  61  232
  62  233
  62  235
  63  236
  63  237
  64  238
  64  241
  65  242
  65  243
  66  244
  66  247
  67  248
  67  249
  68  250
  68  253
  69  254
  69  255
  70  256
  70  260
  71  261
  71  263
  72  264
  72  267
  73  268
  73  271
  74  272
  74  274
  75  275
  75  279
  76  280
  76  282
  77  283
  77  287
  78  288
  78  289
  79  290
  79  293
  80  294
  80  295
  81  296
  81  297
  82  298
  82  299
  83  300
  83  301
  84  302
  84  303
  88  307
  89  307
  95  313
  96  313
  98  315
  99  315
 102  318
 102  319
 112  329
 113  329
 114  330
 115  329
 116  329
 117  328
 133  328
 134  327
 135  327
 136  326
 137  326
 138  325
 154  325
 155  326
 156  326
 157  327
 157  328
 158  329
 158  330
 159  331
 159  332
 160  333
 160  334
 161  335
 161  337
 162  338
 162  340
 163  341
 163  343
 164  344
 164  346
 165  347
 165  348
 166  349
 166  350
 167  351
 167  352
 173  358
 174  358
 181  365
 183  365
 186  362
 186  358
 185  357
 185  356
 183  354
 183  353
 178  348
 177  348
 164  335
 164  334
 162  332
 162  331
 160  329
 160  328
 159  327
 159  326
 157  324
 157  323
 156  322
 156  321
 155  320
 155  319
 154  318
 154  317
 153  316
 153  298
 154  297
 154  296
 161  289
 161  286
 160  285
 160  269
 164  265
 165  265
 166  264
 167  264
 169  262
 169  261
 168  260
 168  243
 169  242
 169  241
 170  240
 170  239
 168  237
 168  236
 166  234
 166  233
 164  231
 164  230
 162  228
 162  226
 161  225
 161  224
 160  223
 160  222
 159  221
 159  220
 155  216
 155  215
 152  212
 151  212
 149  210
 149  196
 150  195
 152  195
 153  194
 165  194
 166  193
 168  193
 169  192
 170  192
 171  191
 172  191
 178  185
 178  184
 179  183
 179  182
 181  180
 181  179
 182  178
 182  177
 183  176
 183  175
 184  174
 184  173
 185  172
 185  170
 186  169
 186  165
 187  164
 187  162
 188  161
 188  159
 189  158
 189  156
 190  155
 190  151
 191  150
 191  140
 192  139
 192  124
 193  123
 193  120
 194  119
 194  116
 195  115
 195  112
 196  111
 196  109
 198  107
 198  106
 200  104
 200  103
 201  102
 201  101
 203   99
 203   98
 205   96
 206   96
 212   90
 212   89
 214   87
 214   86
 215   85
 215   84
 216   83
 216   78
 215   77
 215   76
 211   72
 210   72
 209   71
 208   71
 206   69
 205   69
 203   67
 202   67
 201   66
 200   66
 199   65
 197   65
 196   64
 194   64
 193   63
 189   63
 188   62
