 192   52
 191   53
 182   53
 181   54
 177   54
 176   55
 174   55
 173   56
 169   56
 168   57
 166   57
 165   58
 163   58
 162   59
 159   59
 158   60
 157   60
 156   61
 154   61
 153   62
 151   62
 150   63
 149   63
 148   64
 147   64
 146   65
 145   65
 144   66
 142   66
 141   67
 140   67
 139   68
 138   68
 137   69
 136   69
 135   70
 134   70
 133   71
 132   71
 131   72
 130   72
 129   73
 128   73
 127   74
 126   74
 125   75
 124   75
 123   76
 122   76
 120   78
 119   78
 117   80
 116   80
 115   81
 114   81
 112   83
 111   83
 109   85
 108   85
 106   87
 105   87
 103   89
 102   89
 100   91
  99   91
  97   93
  96   93
  93   96
  92   96
  89   99
  88   99
  82  105
  81  105
  65  121
  65  122
  55  132
  55  133
  52  136
  52  137
  50  139
  50  140
  46  144
  46  145
  43  148
  43  149
  41  151
  41  152
  40  153
  40  275
  41  276
  41  279
  42  280
  42  285
  43  286
  43  291
  44  292
  44  295
  45  296
  45  301
  46  302
  46  304
  47  305
  47  311
  48  312
  48  315
  49  316
  49  324
  50  325
  50  327
  51  328
  51  330
  52  331
  52  332
  53  333
  53  334
  56  337
  57  337
  59  339
  60  339
  65  344
  65  345
  67  347
  67  349
  68  350
  68  351
  69  352
  69  354
  70  355
  70  356
  71  357
  71  358
  73  360
  73  361
  74  362
  74  363
  76  365
  76  366
  77  367
  78  367
  83  372
  83  373
  84  373
  86  375
  87  375
  88  376
  89  376
  90  375
  91  375
  92  374
 111  374
 112  373
 113  373
 114  372
 115  372
 119  368
 133  368
 134  367
 135  367
 135  366
 137  364
 137  363
 138  362
 138  343
 139  342
 139  340
 144  335
 145  335
 146  334
 147  334
 148  333
 149  333
 151  331
 151  330
 153  328
 153  327
 154  326
 154  305
 156  303
 157  303
 158  302
 159  302
 161  300
 162  300
 163  299
 163  298
 164  297
 164  295
 163  294
 163  279
 164  278
 164  277
 168  273
 168  270
 167  269
 167  268
 166  267
 166  266
 165  265
 165  264
 164  263
 164  262
 162  260
 162  259
 160  257
 160  255
 159  254
 159  252
 158  251
 158  248
 156  246
 156  245
 155  244
 155  243
 152  240
 152  239
 148  235
 147  235
 142  230
 141  230
 135  224
 134  224
 133  223
 133  209
 134  208
 137  208
 138  207
 141  207
 142  206
 148  206
 149  205
 151  205
 152  204
 154  204
 155  203
 157  203
 159  201
 160  201
 162  199
 163  199
 164  198
 164  197
 176  185
 176  184
 177  183
 177  182
 179  180
 179  179
 180  178
 180  177
 181  176
 181  174
 182  173
 182  172
 183  171
 183  170
 184  169
 184  167
 186  165
 186  163
 187  162
 187  161
 188  160
 188  157
 189  156
 189  154
 190  153
 190  151
 191  150
 191  149
 192  148
 192  147
 193  146
 193  145
 194  144
 194  143
 195  142
 195  140
 196  139
 196  137
 197  136
 197  134
 198  133
 198  131
 199  130
 199  128
 200  127
 200  126
 201  125
 201  124
 203  122
 203  121
 204  120
 204  119
 205  118
 205  117
 206  116
 206  115
 207  114
 207  113
 209  111
 209  110
 211  108
 211  107
 214  104
 214  103
 215  102
 215  101
 216  100
 216   99
 218   97
 218   96
 219   95
 219   94
 221   92
 221   91
 223   89
 223   88
 225   86
 225   85
 227   83
 227   82
 228   81
 228   80
 229   79
 229   78
 231   76
 231   74
 232   73
 232   71
 233   70
 233   67
 232   66
 232   65
 230   63
 229   63
 228   62
 227   62
 226   61
 225   61
 223   59
 222   59
 221   58
 220   58
 219   57
 218   57
 217   56
 215   56
 214   55
 213   55
 212   54
 209   54
 208   53
 203   53
 202   52
