 170   96
 169   97
 167   97
 166   98
 165   98
 164   99
 162   99
 161  100
 160  100
 159  101
 158  101
 156  103
 155  103
 154  104
 153  104
 151  106
 150  106
 148  108
 147  108
 144  111
 143  111
 137  117
 136  117
 121  132
 121  133
 115  139
 115  140
 113  142
 113  143
 110  146
 110  147
 107  150
 107  151
 104  154
 104  155
 101  158
 101  159
  99  161
  99  162
  97  164
  97  165
  95  167
  95  168
  93  170
  93  171
  92  172
  92  173
  90  175
  90  177
  88  179
  88  181
  86  183
  86  185
  84  187
  84  188
  83  189
  83  190
  82  191
  82  192
  81  193
  81  258
  82  259
  82  260
  84  262
  84  263
  85  264
  86  264
  88  266
  88  267
  89  268
  89  272
  90  273
  90  274
  91  274
  93  276
  93  277
  94  278
  94  280
  95  281
  95  282
  97  284
  97  285
  99  287
  99  288
 102  291
 102  292
 105  295
 105  296
 108  299
 108  300
 110  302
 110  303
 113  306
 113  307
 115  309
 115  310
 116  311
 116  312
 119  315
 119  316
 121  318
 121  319
 126  324
 127  324
 133  330
 134  330
 135  331
 136  331
 137  332
 138  332
 139  333
 142  333
 143  334
 144  334
 145  333
 147  333
 148  332
 149  332
 150  331
 151  331
 152  330
 153  330
 155  328
 156  328
 157  327
 158  327
 164  321
 164  320
 165  319
 165  318
 166  317
 166  316
 167  315
 167  314
 169  312
 169  311
 171  309
 171  308
 172  307
 172  306
 173  305
 173  286
 174  285
 174  283
 175  282
 175  270
 174  269
 174  268
 172  266
 172  265
 171  264
 171  263
 170  262
 170  260
 168  258
 168  257
 166  255
 166  254
 163  251
 162  251
 160  249
 159  249
 154  244
 154  229
 155  228
 156  228
 164  220
 164  219
 168  215
 168  214
 170  212
 170  211
 171  210
 171  209
 172  208
 172  205
 173  204
 173  203
 174  202
 174  200
 175  199
 175  198
 176  197
 176  195
 177  194
 177  190
 178  189
 178  185
 179  184
 179  181
 180  180
 180  178
 181  177
 181  170
 182  169
 182  166
 183  165
 183  161
 184  160
 184  157
 185  156
 185  151
 186  150
 186  148
 187  147
 187  144
 188  143
 188  141
 189  140
 189  138
 190  137
 190  133
 191  132
 191  129
 192  128
 192  121
 193  120
 193  118
 192  117
 192  113
 191  112
 191  111
 190  110
 190  109
 189  108
 189  107
 183  101
 182  101
 181  100
 180  100
 178   98
 177   98
 176   97
 175   97
 174   96
