 177   90
 176   91
 174   91
 173   92
 172   92
 171   93
 169   93
 168   94
 167   94
 165   96
 164   96
 163   97
 162   97
 160   99
 159   99
 157  101
 156  101
 154  103
 153  103
 150  106
 149  106
 146  109
 145  109
 128  126
 128  127
 122  133
 122  134
 119  137
 119  138
 115  142
 115  143
 113  145
 113  146
 109  150
 109  151
 107  153
 107  154
 104  157
 104  158
 102  160
 102  161
  99  164
  99  165
  97  167
  97  168
  95  170
  95  171
  94  172
  94  173
  93  174
  93  175
  92  176
  92  177
  90  179
  90  180
  89  181
  89  182
  88  183
  88  184
  87  185
  87  186
  86  187
  86  188
  85  189
  85  190
  84  191
  84  192
  83  193
  83  194
  82  195
  82  196
  81  197
  81  198
  80  199
  80  274
  90  274
  91  275
  91  276
  92  277
  92  279
  93  280
  93  281
  94  282
  94  283
  95  284
  95  286
  96  287
  96  288
  97  289
  97  290
  98  291
  98  292
  99  293
  99  295
 100  296
 100  297
 101  298
 101  300
 102  301
 102  303
 103  304
 103  305
 104  306
 104  308
 105  309
 105  310
 108  313
 108  314
 115  321
 116  321
 117  322
 118  322
 119  323
 120  323
 121  324
 123  324
 124  325
 125  325
 127  327
 128  327
 137  336
 138  336
 140  338
 141  338
 142  339
 143  339
 144  340
 146  340
 147  339
 148  339
 149  338
 150  338
 151  337
 152  337
 153  336
 156  336
 157  335
 160  335
 161  334
 162  334
 163  333
 164  333
 164  332
 165  331
 165  330
 166  329
 166  320
 172  314
 172  313
 173  312
 173  297
 175  295
 175  294
 176  293
 176  292
 177  291
 177  278
 176  277
 176  276
 175  275
 175  269
 174  268
 174  266
 173  265
 173  264
 172  263
 172  262
 171  261
 171  260
 169  258
 168  258
 165  255
 164  255
 160  251
 159  251
 158  250
 158  236
 160  234
 163  234
 164  233
 165  233
 171  227
 171  226
 172  225
 172  224
 173  223
 173  221
 174  220
 174  218
 175  217
 175  213
 177  211
 177  208
 178  207
 178  198
 179  197
 179  194
 180  193
 180  172
 181  171
 181  155
 182  154
 182  150
 183  149
 183  145
 184  144
 184  139
 185  138
 185  137
 186  136
 186  135
 188  133
 188  131
 189  130
 189  128
 190  127
 190  123
 191  122
 191  120
 192  119
 192  115
 193  114
 193  111
 194  110
 194  102
 193  101
 193  100
 192   99
 192   98
 191   97
 191   96
 190   96
 188   94
 187   94
 185   92
 184   92
 183   91
 182   91
 181   90
