 188   51
 187   52
 180   52
 179   53
 175   53
 174   54
 171   54
 170   55
 167   55
 166   56
 165   56
 164   57
 162   57
 161   58
 159   58
 158   59
 157   59
 156   60
 154   60
 153   61
 152   61
 151   62
 150   62
 149   63
 148   63
 147   64
 146   64
 145   65
 143   65
 141   67
 139   67
 137   69
 136   69
 135   70
 134   70
 133   71
 132   71
 131   72
 130   72
 129   73
 128   73
 127   74
 126   74
 124   76
 123   76
 122   77
 121   77
 120   78
 119   78
 117   80
 116   80
 114   82
 113   82
 112   83
 111   83
 110   84
 109   84
 107   86
 106   86
 104   88
 103   88
 102   89
 101   89
  99   91
  98   91
  96   93
  95   93
  94   94
  93   94
  91   96
  90   96
  88   98
  87   98
  85  100
  84  100
  79  105
  78  105
  76  107
  75  107
  74  108
  72  108
  71  109
  68  109
  67  110
  66  110
  63  113
  62  113
  54  121
  54  122
  52  124
  52  125
  48  129
  48  130
  46  132
  46  133
  42  137
  42  138
  40  140
  40  141
  39  142
  39  143
  38  144
  38  229
  39  230
  39  232
  40  233
  40  235
  41  236
  41  238
  42  239
  42  240
  43  241
  43  246
  44  247
  44  249
  45  250
  45  253
  46  254
  46  255
  47  256
  47  257
  48  258
  48  259
  49  260
  49  261
  50  262
  50  268
  51  269
  51  275
  52  276
  52  283
  53  284
  53  286
  54  287
  54  290
  55  291
  55  292
  56  293
  56  294
  57  295
  57  296
  59  298
  59  300
  60  301
  60  302
  61  303
  61  304
  62  305
  62  306
  63  307
  63  308
  64  309
  64  310
  65  311
  65  312
  67  314
  68  314
  69  315
  70  315
  74  319
  74  320
  75  321
  75  322
  76  322
  77  323
  78  323
  79  324
  79  330
  80  331
  80  336
  81  337
  81  338
  82  339
  82  340
  86  344
  87  344
  92  349
  92  350
  93  350
  94  351
  94  350
  95  349
  95  348
  96  347
  96  344
  98  342
  98  341
 100  339
 114  339
 115  340
 115  341
 116  342
 116  343
 117  344
 117  346
 119  348
 119  349
 122  352
 123  352
 124  353
 124  335
 126  333
 140  333
 141  334
 141  338
 142  339
 142  341
 143  342
 143  360
 144  360
 145  361
 145  363
 146  364
 146  365
 149  368
 150  368
 157  375
 158  375
 159  376
 161  376
 163  374
 163  372
 162  371
 162  370
 161  369
 161  367
 160  366
 160  365
 159  364
 159  362
 157  360
 157  358
 156  357
 156  355
 155  354
 155  353
 154  352
 154  351
 152  349
 152  347
 150  345
 150  344
 149  343
 149  342
 148  341
 148  338
 147  337
 147  334
 146  333
 146  308
 151  303
 161  303
 161  302
 158  299
 158  298
 157  297
 157  279
 160  276
 161  276
 162  275
 165  275
 166  274
 167  274
 165  272
 165  271
 163  269
 163  267
 162  266
 162  246
 163  245
 163  244
 161  242
 161  241
 159  239
 159  238
 158  237
 158  235
 157  234
 157  227
 156  226
 156  224
 154  222
 154  207
 155  206
 157  206
 158  205
 164  205
 165  204
 168  204
 169  203
 170  203
 171  202
 172  202
 173  201
 174  201
 187  188
 187  187
 189  185
 189  184
 190  183
 190  182
 191  181
 191  179
 192  178
 192  175
 193  174
 193  173
 194  172
 194  171
 195  170
 195  169
 196  168
 196  167
 198  165
 198  163
 199  162
 199  160
 200  159
 200  154
 201  153
 201  151
 202  150
 202  147
 203  146
 203  145
 204  144
 204  142
 205  141
 205  140
 206  139
 206  137
 207  136
 207  135
 208  134
 208  133
 209  132
 209  131
 210  130
 210  129
 211  128
 211  127
 212  126
 212  125
 213  124
 213  123
 214  122
 214  121
 215  120
 215  119
 216  118
 216  117
 218  115
 218  114
 219  113
 219  112
 220  111
 220  110
 221  109
 221  108
 222  107
 222  106
 224  104
 224  103
 227  100
 227   99
 229   97
 229   96
 231   94
 231   93
 232   92
 232   91
 234   89
 234   87
 235   86
 235   83
 236   82
 236   75
 235   74
 235   73
 234   72
 234   71
 233   70
 233   69
 232   68
 231   68
 229   66
 228   66
 226   64
 225   64
 224   63
 223   63
 221   61
 220   61
 219   60
 218   60
 217   59
 216   59
 215   58
 214   58
 212   56
 211   56
 210   55
 208   55
 207   54
 205   54
 204   53
 201   53
 200   52
 194   52
 193   51
