 169  114
 168  115
 165  115
 164  116
 162  116
 161  117
 160  117
 159  118
 158  118
 157  119
 155  119
 153  121
 152  121
 151  122
 150  122
 149  123
 148  123
 146  125
 145  125
 143  127
 142  127
 139  130
 138  130
 134  134
 133  134
 130  137
 129  137
 122  144
 121  144
 117  148
 106  148
 104  150
 103  150
 103  151
 101  153
 101  154
 100  155
 100  156
  99  157
  99  158
  97  160
  97  161
  95  163
  95  164
  92  167
  92  168
  90  170
  90  171
  89  172
  89  173
  88  174
  88  238
  92  242
  92  244
  93  245
  93  246
  94  247
  94  250
  95  251
  95  253
  96  254
  96  258
  97  259
  97  261
  98  262
  98  268
  99  269
  99  270
 100  271
 100  272
 101  273
 101  274
 107  280
 107  281
 108  282
 108  284
 109  285
 109  298
 110  299
 110  300
 112  302
 112  303
 113  304
 114  304
 120  310
 121  310
 122  311
 123  311
 124  312
 135  312
 137  314
 139  312
 140  312
 141  311
 144  311
 145  310
 146  310
 147  309
 148  309
 149  308
 149  307
 150  306
 150  291
 151  290
 151  289
 155  285
 155  284
 156  283
 156  276
 157  275
 157  273
 161  269
 161  268
 162  267
 162  257
 163  256
 163  255
 164  254
 163  253
 163  246
 162  245
 162  242
 161  241
 161  239
 153  231
 152  231
 148  227
 148  213
 149  212
 157  212
 158  211
 160  211
 161  210
 162  210
 169  203
 169  202
 172  199
 172  198
 174  196
 174  194
 175  193
 175  191
 176  190
 176  188
 177  187
 177  184
 178  183
 178  180
 179  179
 179  150
 180  149
 180  148
 181  147
 181  146
 182  145
 182  144
 183  143
 183  142
 184  141
 184  139
 185  138
 185  134
 186  133
 186  128
 187  127
 186  126
 186  124
 184  122
 184  121
 183  121
 181  119
 180  119
 179  118
 178  118
 175  115
 174  115
 173  114
