 178   94
 177   95
 175   95
 174   96
 171   96
 170   97
 169   97
 168   98
 167   98
 166   99
 164   99
 163  100
 162  100
 161  101
 160  101
 159  102
 158  102
 157  103
 156  103
 155  104
 154  104
 153  105
 152  105
 151  106
 150  106
 148  108
 147  108
 145  110
 144  110
 142  112
 141  112
 139  114
 138  114
 135  117
 134  117
 131  120
 130  120
 126  124
 125  124
 119  130
 118  130
 111  137
 110  137
 106  141
 106  142
  97  151
  97  152
  91  158
  91  159
  88  162
  88  163
  86  165
  86  166
  84  168
  84  169
  82  171
  82  172
  81  173
  81  174
  79  176
  79  273
  80  274
  80  275
  81  276
  81  279
  82  280
  82  282
  83  283
  83  284
  84  285
  84  286
  85  287
  85  288
  87  290
  87  291
  90  294
  90  296
  91  297
  91  298
  92  299
  92  304
  93  305
  93  307
  94  308
  94  310
  95  311
  95  312
  96  313
  96  314
  98  316
  98  317
 101  320
 102  320
 104  322
 104  323
 107  326
 108  326
 109  327
 110  327
 111  328
 113  328
 114  329
 116  329
 119  332
 119  333
 135  333
 136  332
 137  332
 137  331
 138  330
 138  313
 140  311
 143  311
 144  310
 145  310
 146  309
 147  309
 148  308
 148  291
 155  284
 155  272
 156  271
 156  270
 158  268
 158  267
 157  266
 157  265
 156  264
 156  252
 155  251
 155  250
 154  249
 154  248
 145  239
 144  239
 142  237
 142  222
 143  221
 145  221
 146  220
 148  220
 149  219
 150  219
 168  201
 168  200
 170  198
 170  196
 171  195
 171  193
 172  192
 172  190
 173  189
 173  188
 174  187
 174  185
 175  184
 175  182
 176  181
 176  178
 177  177
 177  170
 178  169
 178  167
 179  166
 179  161
 180  160
 180  156
 181  155
 181  152
 182  151
 182  150
 183  149
 183  146
 184  145
 184  143
 185  142
 185  140
 186  139
 186  138
 187  137
 187  136
 188  135
 188  133
 189  132
 189  131
 190  130
 190  128
 192  126
 192  123
 193  122
 193  121
 194  120
 194  115
 195  114
 195  110
 196  109
 195  108
 195  106
 194  105
 194  104
 193  103
 193  102
 192  102
 191  101
 190  101
 189  100
 188  100
 185   97
 184   97
 182   95
 181   95
 180   94
