 167  126
 166  127
 162  127
 161  128
 158  128
 157  129
 155  129
 154  130
 152  130
 151  131
 150  131
 149  132
 148  132
 147  133
 146  133
 145  134
 144  134
 143  135
 142  135
 141  136
 140  136
 138  138
 137  138
 136  139
 135  139
 134  140
 133  140
 132  141
 131  141
 130  142
 129  142
 128  143
 127  143
 127  144
 124  147
 109  147
 107  149
 107  150
 103  154
 103  155
  93  165
  92  165
  91  166
  87  166
  85  168
  85  256
  86  257
  86  258
  89  261
  89  262
  91  264
  91  265
  92  266
  92  284
  93  285
  93  286
  94  287
  94  288
 101  295
 102  295
 104  297
 106  297
 107  298
 113  298
 115  300
 116  300
 117  299
 123  299
 124  298
 125  298
 127  296
 127  294
 128  293
 128  284
 129  283
 129  281
 131  279
 132  279
 133  278
 134  278
 137  275
 137  273
 138  272
 138  269
 139  268
 139  266
 141  264
 142  264
 146  260
 146  257
 147  256
 147  252
 150  249
 150  248
 151  247
 151  240
 150  239
 150  236
 149  235
 149  234
 148  233
 148  232
 146  230
 146  216
 148  214
 149  214
 150  213
 151  213
 162  202
 162  201
 164  199
 164  198
 165  197
 165  196
 166  195
 166  194
 167  193
 167  191
 168  190
 168  189
 169  188
 169  186
 170  185
 170  182
 171  181
 171  179
 172  178
 172  172
 173  171
 173  168
 174  167
 174  165
 176  163
 176  162
 177  161
 177  160
 179  158
 179  157
 183  153
 183  152
 184  151
 184  150
 185  149
 185  148
 186  147
 186  145
 187  144
 187  141
 188  140
 188  136
 186  134
 186  133
 185  133
 183  131
 182  131
 181  130
 180  130
 179  129
 178  129
 177  128
 175  128
 174  127
 169  127
 168  126
