 176   94
 175   95
 172   95
 171   96
 170   96
 169   97
 167   97
 166   98
 165   98
 164   99
 163   99
 162  100
 161  100
 160  101
 159  101
 157  103
 156  103
 154  105
 153  105
 151  107
 150  107
 148  109
 147  109
 144  112
 143  112
 134  121
 133  121
 112  142
  98  142
  96  144
  96  145
  94  147
  94  148
  92  150
  92  151
  91  152
  91  153
  90  154
  90  155
  88  157
  88  158
  87  159
  87  160
  86  161
  86  162
  85  163
  85  270
  87  272
  90  272
  95  277
  95  278
  96  279
  96  283
  97  284
  97  286
  98  287
  98  288
  99  289
  99  290
 100  291
 100  292
 104  296
 104  297
 107  300
 107  301
 108  302
 108  303
 109  304
 109  308
 110  309
 110  310
 111  311
 111  312
 112  313
 112  314
 113  315
 113  316
 116  319
 116  320
 124  328
 125  328
 126  329
 127  329
 128  330
 133  330
 134  331
 135  331
 138  334
 139  333
 152  333
 153  332
 154  332
 154  329
 153  328
 153  313
 156  310
 157  310
 158  309
 160  309
 161  308
 162  308
 163  307
 163  306
 162  305
 162  289
 166  285
 167  285
 167  284
 168  283
 168  269
 170  267
 170  266
 169  265
 169  264
 168  263
 168  253
 167  252
 167  250
 165  248
 165  247
 160  242
 159  242
 155  238
 154  238
 151  235
 150  235
 149  234
 149  219
 150  218
 153  218
 154  217
 156  217
 158  215
 159  215
 163  211
 163  210
 164  209
 164  208
 167  205
 167  204
 170  201
 170  200
 171  199
 171  198
 172  197
 172  196
 173  195
 173  193
 174  192
 174  188
 175  187
 175  185
 176  184
 176  179
 177  178
 177  175
 178  174
 178  165
 179  164
 179  158
 180  157
 180  151
 181  150
 181  148
 182  147
 182  144
 183  143
 183  137
 184  136
 184  134
 185  133
 185  129
 186  128
 186  126
 187  125
 187  121
 188  120
 188  117
 189  116
 189  105
 188  104
 188  103
 187  102
 187  101
 186  100
 186   99
 185   98
 184   98
 182   96
 181   96
 180   95
 179   95
 178   94
