 166  114
 165  115
 163  115
 162  116
 161  116
 160  117
 159  117
 158  118
 157  118
 156  119
 155  119
 153  121
 152  121
 151  122
 150  122
 149  123
 148  123
 146  125
 145  125
 141  129
 140  129
 132  137
 131  137
 125  143
 125  144
 119  150
 119  151
 112  158
 112  159
 110  161
 110  162
 106  166
 106  167
 103  170
 103  171
 101  173
 101  174
  99  176
  99  177
  97  179
  97  180
  96  181
  96  182
  94  184
  94  185
  93  186
  93  187
  92  188
  92  189
  91  190
  91  276
  92  277
  92  278
  93  278
  93  271
  94  270
 108  270
 111  273
 111  274
 112  275
 112  276
 122  286
 122  287
 123  288
 123  289
 124  290
 124  297
 125  298
 125  300
 126  301
 126  302
 127  303
 127  304
 130  307
 131  307
 137  313
 155  313
 158  310
 159  310
 160  309
 161  309
 162  308
 163  308
 164  307
 164  306
 163  305
 163  289
 164  288
 164  287
 167  284
 167  268
 170  265
 170  249
 168  247
 168  243
 167  242
 167  239
 166  238
 166  237
 164  235
 164  234
 163  233
 162  233
 159  230
 159  215
 161  213
 162  213
 164  211
 165  211
 166  210
 166  209
 169  206
 169  205
 171  203
 171  202
 174  199
 174  198
 175  197
 175  195
 176  194
 176  192
 177  191
 177  188
 178  187
 178  174
 177  173
 177  154
 178  153
 178  150
 179  149
 179  148
 180  147
 180  145
 181  144
 181  143
 182  142
 182  139
 183  138
 183  129
 182  128
 182  126
 181  125
 181  124
 180  123
 180  122
 179  122
 177  120
 175  120
 170  115
 169  115
 168  114
