 182   79
 181   80
 176   80
 175   81
 171   81
 170   82
 169   82
 168   83
 165   83
 164   84
 163   84
 162   85
 160   85
 159   86
 158   86
 157   87
 156   87
 155   88
 153   88
 151   90
 150   90
 149   91
 148   91
 147   92
 146   92
 145   93
 144   93
 143   94
 142   94
 140   96
 139   96
 138   97
 137   97
 135   99
 134   99
 132  101
 131  101
 128  104
 127  104
 125  106
 124  106
 123  107
 122  107
 119  110
 118  110
 113  115
 112  115
 108  119
 107  119
  89  137
  89  138
  83  144
  83  145
  81  147
  81  148
  80  149
  80  151
  79  152
  79  153
  78  154
  78  156
  75  159
  75  160
  74  161
  74  242
  78  246
  78  247
  84  253
  84  254
  88  258
  88  259
  89  260
  89  261
  90  262
  90  263
  91  264
  91  265
  93  267
  93  268
  94  269
  94  270
  95  270
 102  277
 103  277
 104  278
 105  278
 107  280
 107  282
 108  283
 108  286
 109  287
 109  291
 110  292
 110  293
 111  294
 111  295
 116  300
 117  299
 129  299
 129  298
 131  296
 131  295
 132  294
 133  294
 134  293
 150  293
 150  280
 152  278
 153  278
 154  277
 155  277
 156  276
 156  263
 157  262
 157  261
 160  258
 161  258
 162  257
 162  256
 163  255
 163  247
 164  246
 164  243
 163  242
 163  240
 162  239
 162  233
 158  229
 158  228
 156  226
 155  226
 151  222
 151  221
 148  218
 147  218
 145  216
 145  201
 146  200
 148  200
 149  199
 155  199
 156  198
 158  198
 159  197
 160  197
 162  195
 163  195
 166  192
 166  191
 173  184
 173  183
 175  181
 175  180
 177  178
 177  177
 178  176
 178  174
 179  173
 179  165
 180  164
 180  163
 181  162
 181  148
 182  147
 182  141
 183  140
 183  130
 184  129
 184  127
 185  126
 185  123
 186  122
 186  120
 187  119
 187  117
 188  116
 188  115
 190  113
 190  112
 192  110
 192  108
 193  107
 193  106
 194  105
 194  103
 195  102
 195  101
 196  100
 196   98
 197   97
 197   95
 198   94
 198   91
 199   90
 198   89
 198   88
 195   85
 194   85
 192   83
 191   83
 190   82
 189   82
 188   81
 187   81
 186   80
 183   80
