 174   82
 173   83
 169   83
 168   84
 164   84
 163   85
 162   85
 161   86
 158   86
 157   87
 155   87
 154   88
 153   88
 152   89
 150   89
 149   90
 148   90
 147   91
 145   91
 144   92
 143   92
 142   93
 141   93
 140   94
 139   94
 138   95
 137   95
 136   96
 135   96
 134   97
 133   97
 132   98
 131   98
 129  100
 128  100
 127  101
 126  101
 124  103
 123  103
 121  105
 120  105
 118  107
 117  107
 115  109
 114  109
 112  111
 111  111
 107  115
 106  115
 100  121
  99  121
  95  125
  95  126
  91  130
  77  130
  76  129
  76  126
  75  125
  75  123
  74  123
  74  126
  73  127
  73  130
  72  131
  72  135
  71  136
  71  137
  70  138
  70  221
  72  223
  72  225
  73  226
  73  227
  75  229
  75  231
  77  233
  77  236
  78  237
  78  238
  79  239
  79  241
  80  242
  80  243
  82  245
  82  246
  83  247
  83  249
  84  250
  84  252
  85  253
  85  254
  86  255
  86  257
  87  258
  87  260
  88  261
  88  263
  89  264
  89  265
  90  266
  90  267
  91  268
  91  269
  92  269
  99  276
 100  276
 101  277
 102  277
 103  278
 104  278
 105  279
 105  280
 106  281
 106  282
 107  283
 107  284
 108  285
 108  286
 109  287
 109  288
 111  290
 111  291
 116  296
 117  296
 118  297
 129  297
 129  295
 131  293
 131  292
 132  291
 148  291
 148  276
 151  273
 152  273
 153  272
 153  258
 154  257
 154  256
 155  255
 156  255
 157  254
 158  254
 161  251
 161  242
 162  241
 162  240
 163  239
 162  238
 162  227
 152  217
 151  217
 150  216
 150  202
 152  200
 153  200
 154  199
 155  199
 157  197
 158  197
 162  193
 162  192
 166  188
 166  187
 169  184
 169  183
 170  182
 170  181
 171  180
 171  179
 172  178
 172  175
 173  174
 173  171
 174  170
 174  168
 175  167
 175  157
 176  156
 176  153
 177  152
 177  147
 178  146
 178  140
 179  139
 179  135
 180  134
 180  133
 181  132
 181  130
 182  129
 182  128
 183  127
 183  124
 184  123
 184  122
 187  119
 187  118
 189  116
 189  115
 191  113
 191  112
 192  111
 192  110
 194  108
 194  106
 195  105
 195  104
 196  103
 196  100
 197   99
 197   98
 198   97
 198   93
 196   91
 196   90
 195   90
 194   89
 193   89
 192   88
 191   88
 189   86
 188   86
 186   84
 185   84
 184   83
 182   83
 181   82
