 296  216
 295  217
 291  217
 290  218
 284  218
 283  219
 281  219
 280  220
 277  220
 276  221
 273  221
 272  222
 269  222
 268  223
 266  223
 265  224
 262  224
 261  225
 258  225
 257  226
 256  226
 255  227
 252  227
 251  228
 249  228
 248  229
 246  229
 245  230
 243  230
 242  231
 240  231
 239  232
 237  232
 236  233
 234  233
 233  234
 232  234
 231  235
 229  235
 228  236
 226  236
 225  237
 224  237
 223  238
 221  238
 220  239
 219  239
 218  240
 216  240
 215  241
 214  241
 213  242
 211  242
 210  243
 209  243
 208  244
 206  244
 205  245
 204  245
 203  246
 202  246
 201  247
 199  247
 198  248
 197  248
 196  249
 195  249
 194  250
 193  250
 192  251
 191  251
 190  252
 189  252
 188  253
 187  253
 186  254
 185  254
 184  255
 183  255
 182  256
 180  256
 178  258
 177  258
 176  259
 175  259
 174  260
 173  260
 172  261
 171  261
 170  262
 169  262
 167  264
 166  264
 165  265
 164  265
 162  267
 161  267
 159  269
 158  269
 157  270
 156  270
 154  272
 153  272
 152  273
 151  273
 149  275
 148  275
 147  276
 146  276
 144  278
 143  278
 140  281
 139  281
 136  284
 135  284
 131  288
 130  288
 126  292
 125  292
 121  296
 120  296
 116  300
 115  300
 114  301
 109  301
 108  302
 108  340
 107  341
 107  345
 108  346
 108  348
 109  349
 109  352
 110  353
 110  354
 113  357
 113  358
 114  359
 114  362
 115  363
 115  367
 116  368
 116  370
 118  372
 118  373
 119  374
 119  376
 120  377
 120  378
 121  379
 121  380
 122  381
 122  383
 123  384
 123  385
 124  386
 124  387
 125  388
 125  390
 126  391
 126  392
 127  393
 127  394
 128  395
 128  396
 129  397
 129  399
 130  400
 130  401
 131  402
 131  403
 132  404
 132  406
 133  407
 133  408
 134  409
 134  410
 135  411
 135  413
 136  414
 136  416
 137  417
 137  418
 138  419
 138  421
 139  422
 139  424
 141  426
 141  427
 142  428
 142  431
 143  432
 143  433
 144  434
 144  435
 145  436
 145  439
 146  440
 146  441
 148  443
 148  445
 149  446
 149  448
 152  451
 152  452
 153  453
 154  453
 155  454
 157  454
 158  455
 159  455
 162  458
 162  460
 164  462
 164  463
 165  464
 165  466
 166  467
 166  468
 167  469
 167  470
 167  469
 168  468
 168  467
 169  466
 169  465
 171  463
 172  463
 173  462
 189  462
 190  463
 191  463
 192  464
 192  463
 193  462
 193  461
 194  460
 194  456
 197  453
 212  453
 213  454
 214  454
 215  455
 216  455
 216  453
 215  452
 215  435
 216  434
 216  433
 218  431
 219  431
 220  430
 221  430
 222  429
 223  429
 225  427
 225  426
 226  425
 226  413
 227  412
 227  411
 228  410
 228  408
 229  407
 230  407
 235  402
 234  401
 234  400
 232  398
 232  396
 231  395
 231  392
 230  391
 230  378
 229  377
 229  376
 228  375
 228  359
 229  358
 247  358
 248  357
 254  357
 255  356
 256  356
 259  353
 260  353
 261  352
 262  352
 266  348
 267  348
 269  346
 269  345
 272  342
 273  342
 279  336
 279  335
 319  295
 320  295
 325  290
 326  290
 329  287
 330  287
 334  283
 335  283
 343  275
 344  275
 347  272
 348  272
 368  252
 368  251
 371  248
 371  247
 372  246
 372  245
 373  244
 373  243
 374  242
 374  241
 375  240
 375  239
 373  237
 373  236
 370  233
 369  233
 366  230
 365  230
 364  229
 363  229
 361  227
 360  227
 359  226
 358  226
 357  225
 355  225
 354  224
 353  224
 352  223
 351  223
 350  222
 347  222
 346  221
 345  221
 344  220
 340  220
 339  219
 337  219
 336  218
 330  218
 329  217
 325  217
 324  216
