 350  135
 349  136
 341  136
 340  137
 336  137
 335  138
 331  138
 330  139
 328  139
 327  140
 324  140
 323  141
 322  141
 321  142
 318  142
 317  143
 316  143
 315  144
 313  144
 312  145
 310  145
 309  146
 308  146
 307  147
 305  147
 304  148
 303  148
 302  149
 300  149
 299  150
 298  150
 297  151
 295  151
 294  152
 293  152
 292  153
 291  153
 290  154
 289  154
 288  155
 286  155
 285  156
 284  156
 283  157
 282  157
 281  158
 280  158
 279  159
 278  159
 277  160
 276  160
 275  161
 274  161
 273  162
 272  162
 271  163
 270  163
 269  164
 268  164
 267  165
 266  165
 265  166
 264  166
 263  167
 261  167
 260  168
 259  168
 258  169
 257  169
 255  171
 254  171
 253  172
 252  172
 251  173
 250  173
 248  175
 247  175
 246  176
 245  176
 244  177
 243  177
 241  179
 240  179
 239  180
 238  180
 236  182
 235  182
 234  183
 233  183
 231  185
 230  185
 228  187
 227  187
 225  189
 224  189
 222  191
 221  191
 219  193
 218  193
 216  195
 215  195
 213  197
 212  197
 210  199
 209  199
 207  201
 206  201
 204  203
 203  203
 201  205
 200  205
 197  208
 196  208
 193  211
 192  211
 189  214
 188  214
 184  218
 183  218
 177  224
 176  224
 167  233
 166  233
 154  245
 153  245
 153  246
 150  249
 149  249
 119  279
 119  280
 116  283
 116  284
 113  287
 113  288
 110  291
 110  292
 108  294
 108  295
 106  297
 106  298
 104  300
 104  301
 102  303
 102  304
  97  309
  96  309
  94  311
  94  326
  96  328
  99  328
 100  329
 100  343
  97  346
  97  348
  96  349
  96  352
  95  353
  95  357
  94  358
  93  358
  91  360
  91  363
  92  364
  92  366
  93  367
  93  369
  94  370
  94  371
  95  372
  95  373
  96  374
  96  375
  97  376
  97  377
  98  378
  98  379
  99  380
  99  381
 100  382
 100  383
 101  384
 101  385
 102  386
 102  389
 103  390
 103  391
 104  392
 104  393
 105  394
 105  397
 106  398
 106  399
 107  400
 107  401
 108  402
 108  404
 109  405
 109  407
 110  408
 110  409
 111  410
 111  411
 112  412
 112  414
 113  415
 113  416
 114  417
 114  418
 115  419
 115  421
 116  422
 116  424
 117  425
 117  426
 118  427
 118  429
 119  430
 119  432
 120  433
 120  434
 121  435
 121  436
 122  437
 122  440
 123  441
 123  442
 125  444
 125  446
 126  447
 126  448
 128  450
 128  451
 129  452
 129  453
 133  457
 133  458
 142  467
 142  469
 143  470
 143  472
 144  473
 144  477
 145  478
 145  481
 146  482
 146  484
 147  485
 147  487
 148  488
 148  490
 149  491
 149  495
 150  496
 150  498
 151  499
 151  501
 152  502
 152  507
 153  508
 153  511
 154  512
 154  514
 155  515
 155  518
 156  519
 156  521
 158  523
 158  524
 159  525
 159  527
 163  531
 163  532
 164  533
 165  533
 169  537
 170  537
 171  538
 172  538
 173  539
 174  539
 175  540
 178  540
 179  541
 182  541
 183  542
 187  542
 192  537
 193  537
 194  536
 209  536
 210  537
 210  539
 211  540
 211  543
 212  544
 212  547
 213  548
 213  549
 215  551
 218  551
 219  550
 220  550
 223  547
 224  547
 229  542
 231  542
 232  541
 250  541
 251  542
 252  542
 253  543
 254  543
 255  544
 260  544
 262  542
 262  541
 263  540
 263  539
 262  538
 262  535
 261  534
 261  532
 259  530
 259  528
 258  527
 258  525
 257  524
 257  523
 256  522
 256  521
 255  520
 255  497
 260  492
 261  492
 268  485
 268  477
 267  476
 267  475
 265  473
 265  471
 262  468
 262  466
 261  465
 261  464
 260  463
 260  462
 259  461
 259  444
 268  435
 268  430
 266  428
 266  427
 265  426
 265  425
 263  423
 263  422
 261  420
 261  419
 258  416
 258  415
 255  412
 255  411
 253  409
 253  408
 252  407
 252  406
 251  405
 251  402
 250  401
 250  398
 249  397
 249  388
 248  387
 248  383
 247  382
 247  381
 241  375
 241  374
 240  373
 239  373
 235  369
 234  369
 231  366
 230  366
 227  363
 226  363
 224  361
 223  361
 222  360
 222  346
 223  345
 260  345
 261  344
 269  344
 270  343
 271  343
 272  342
 273  342
 276  339
 277  339
 285  331
 285  330
 286  329
 287  329
 290  326
 291  326
 299  318
 299  317
 302  314
 302  313
 306  309
 306  308
 308  306
 308  305
 309  304
 309  303
 311  301
 311  300
 312  299
 312  298
 314  296
 314  295
 315  294
 315  293
 318  290
 318  289
 320  287
 320  286
 322  284
 322  283
 324  281
 324  280
 325  279
 325  278
 328  275
 328  273
 331  270
 331  269
 332  268
 332  267
 335  264
 335  263
 337  261
 337  260
 340  257
 340  256
 343  253
 343  252
 345  250
 345  249
 351  243
 351  242
 354  239
 354  238
 356  236
 356  235
 362  229
 362  228
 365  225
 365  224
 368  221
 368  220
 369  219
 369  218
 371  216
 371  215
 372  214
 372  212
 374  210
 374  209
 375  208
 375  206
 376  205
 376  204
 378  202
 378  201
 379  200
 379  199
 380  198
 380  197
 381  196
 381  195
 382  194
 382  192
 383  191
 383  190
 384  189
 384  187
 385  186
 385  184
 386  183
 386  182
 387  181
 387  179
 388  178
 388  176
 389  175
 389  158
 388  157
 388  154
 387  153
 387  152
 386  151
 386  150
 385  149
 385  148
 382  145
 381  145
 379  143
 378  143
 377  142
 376  142
 375  141
 374  141
 373  140
 372  140
 371  139
 369  139
 368  138
 365  138
 364  137
 360  137
 359  136
 352  136
 351  135
