 318  173
 317  174
 315  174
 314  175
 311  175
 310  176
 308  176
 307  177
 305  177
 304  178
 302  178
 301  179
 300  179
 299  180
 298  180
 297  181
 296  181
 295  182
 293  182
 292  183
 291  183
 290  184
 289  184
 288  185
 286  185
 284  187
 283  187
 282  188
 281  188
 280  189
 279  189
 277  191
 276  191
 274  193
 273  193
 272  194
 271  194
 269  196
 268  196
 266  198
 265  198
 262  201
 261  201
 258  204
 257  204
 254  207
 253  207
 251  209
 250  209
 248  211
 247  211
 246  212
 245  212
 242  215
 241  215
 238  218
 237  218
 235  220
 234  220
 231  223
 230  223
 228  225
 227  225
 224  228
 223  228
 219  232
 218  232
 217  233
 216  233
 213  236
 212  236
 210  238
 209  238
 207  240
 206  240
 204  242
 203  242
 200  245
 199  245
 196  248
 195  248
 191  252
 190  252
 187  255
 186  255
 185  256
 184  256
 182  258
 181  258
 179  260
 178  260
 177  261
 176  261
 173  264
 172  264
 171  265
 170  265
 169  266
 168  266
 167  267
 166  267
 165  268
 164  268
 162  270
 161  270
 159  272
 158  272
 156  274
 155  274
 153  276
 152  276
 152  277
 145  284
 145  285
 144  286
 143  286
 140  289
 139  289
 137  291
 126  291
 124  293
 124  329
 126  331
 132  331
 133  332
 133  346
 132  347
 132  353
 131  354
 131  358
 130  359
 128  359
 126  361
 126  372
 127  373
 127  374
 129  376
 129  377
 131  379
 131  380
 135  384
 135  385
 138  388
 138  389
 141  392
 141  393
 146  398
 146  399
 148  401
 148  402
 150  404
 150  405
 153  408
 153  409
 156  412
 156  413
 159  416
 160  416
 161  417
 161  418
 166  423
 166  424
 167  425
 167  426
 168  427
 168  431
 169  432
 169  435
 170  436
 170  438
 171  439
 171  440
 172  441
 172  443
 173  444
 173  445
 174  446
 174  447
 175  448
 175  449
 176  450
 176  452
 177  453
 177  454
 178  455
 178  457
 179  458
 179  461
 180  462
 180  463
 181  464
 181  465
 182  466
 182  469
 183  470
 183  471
 184  472
 184  473
 185  474
 185  477
 186  478
 186  479
 187  480
 187  483
 188  484
 188  485
 189  486
 189  488
 190  489
 190  490
 191  491
 191  492
 192  493
 192  494
 193  495
 193  496
 200  503
 201  503
 204  506
 205  506
 206  507
 207  507
 208  508
 210  508
 211  509
 212  509
 213  510
 214  510
 215  511
 218  511
 219  512
 220  512
 221  513
 224  513
 225  514
 230  514
 231  515
 237  515
 238  514
 240  514
 241  513
 245  513
 246  512
 249  512
 250  511
 251  511
 252  510
 255  510
 256  509
 257  509
 258  508
 259  508
 260  507
 261  507
 262  506
 263  506
 264  505
 265  505
 267  503
 268  503
 269  502
 270  502
 271  501
 272  501
 275  498
 276  498
 281  493
 282  493
 288  487
 288  486
 294  480
 294  479
 295  478
 295  477
 296  476
 296  475
 297  474
 297  473
 298  472
 298  469
 299  468
 299  467
 300  466
 300  465
 301  464
 301  461
 302  460
 302  459
 303  458
 303  456
 304  455
 304  453
 305  452
 305  449
 306  448
 306  446
 307  445
 307  442
 308  441
 308  416
 307  415
 307  413
 306  412
 306  411
 305  410
 305  408
 302  405
 302  404
 298  400
 297  400
 285  388
 285  387
 283  385
 283  384
 282  383
 282  382
 281  381
 281  380
 276  375
 275  375
 273  373
 272  373
 270  371
 269  371
 267  369
 266  369
 263  366
 263  351
 264  350
 272  350
 273  349
 279  349
 280  348
 285  348
 286  347
 290  347
 291  346
 294  346
 295  345
 296  345
 297  344
 298  344
 299  343
 300  343
 303  340
 304  340
 306  338
 307  338
 307  337
 308  336
 309  336
 310  335
 310  334
 311  333
 312  333
 312  332
 313  331
 316  331
 317  330
 318  330
 326  322
 326  321
 329  318
 329  317
 332  314
 332  313
 333  312
 333  311
 335  309
 335  308
 336  307
 336  306
 338  304
 338  303
 339  302
 339  301
 340  300
 340  299
 341  298
 341  297
 342  296
 342  295
 343  294
 343  293
 344  292
 344  290
 345  289
 345  287
 346  286
 346  285
 347  284
 347  282
 348  281
 348  279
 349  278
 349  276
 350  275
 350  273
 351  272
 351  268
 352  267
 352  264
 353  263
 353  259
 354  258
 354  253
 355  252
 355  242
 356  241
 356  229
 357  228
 357  206
 356  205
 356  201
 355  200
 355  198
 354  197
 354  194
 353  193
 353  192
 352  191
 352  190
 351  189
 351  188
 350  187
 350  186
 342  178
 341  178
 339  176
 338  176
 337  175
 335  175
 334  174
 332  174
 331  173
