 376   71
 375   72
 363   72
 362   73
 357   73
 356   74
 352   74
 351   75
 349   75
 348   76
 344   76
 343   77
 342   77
 341   78
 338   78
 337   79
 335   79
 334   80
 331   80
 330   81
 328   81
 327   82
 325   82
 324   83
 322   83
 321   84
 319   84
 318   85
 316   85
 315   86
 314   86
 313   87
 311   87
 310   88
 308   88
 307   89
 305   89
 304   90
 303   90
 302   91
 301   91
 300   92
 298   92
 297   93
 296   93
 295   94
 294   94
 293   95
 292   95
 291   96
 289   96
 287   98
 286   98
 285   99
 284   99
 283  100
 282  100
 281  101
 280  101
 279  102
 278  102
 277  103
 276  103
 274  105
 273  105
 272  106
 271  106
 269  108
 268  108
 266  110
 265  110
 264  111
 263  111
 261  113
 260  113
 258  115
 257  115
 255  117
 254  117
 252  119
 251  119
 249  121
 248  121
 246  123
 245  123
 243  125
 242  125
 239  128
 238  128
 236  130
 235  130
 232  133
 231  133
 228  136
 227  136
 223  140
 222  140
 219  143
 218  143
 215  146
 214  146
 210  150
 209  150
 206  153
 205  153
 201  157
 200  157
 196  161
 195  161
 189  167
 188  167
 176  179
 175  179
 163  191
 162  191
 150  203
 149  203
 145  207
 145  208
 135  218
 135  219
 132  222
 132  223
 128  227
 128  228
 125  231
 125  232
 122  235
 122  236
 118  240
 118  241
 113  246
 113  247
 105  255
 105  256
  98  263
  98  264
  93  269
  93  270
  89  274
  89  275
  86  278
  86  279
  83  282
  83  283
  81  285
  81  286
  78  289
  78  290
  75  293
  75  294
  74  295
  74  296
  72  298
  72  299
  70  301
  70  302
  68  304
  68  305
  67  306
  67  307
  66  308
  66  309
  65  310
  65  311
  64  312
  64  313
  62  315
  62  316
  61  317
  61  318
  60  319
  60  320
  59  321
  59  322
  58  323
  58  325
  57  326
  57  327
  55  329
  55  330
  54  331
  54  332
  53  333
  53  339
  54  340
  71  340
  72  341
  72  355
  66  361
  66  365
  65  366
  65  370
  64  371
  64  385
  63  386
  59  386
  58  387
  58  412
  60  414
  60  415
  61  416
  61  417
  62  418
  62  419
  63  420
  63  422
  64  423
  64  425
  65  426
  65  428
  66  429
  66  430
  67  431
  67  433
  68  434
  68  436
  70  438
  70  439
  71  440
  71  442
  72  443
  72  444
  73  445
  73  447
  74  448
  74  450
  75  451
  75  453
  76  454
  76  455
  77  456
  77  457
  78  458
  78  460
  79  461
  79  462
  80  463
  80  464
  81  465
  81  467
  82  468
  82  469
  83  470
  83  471
  84  472
  84  473
  85  474
  85  475
  86  476
  86  477
  87  478
  87  479
  88  480
  88  481
  89  482
  89  483
  90  484
  90  485
  91  486
  91  488
  92  489
  92  490
  93  491
  93  492
  94  493
  94  495
  95  496
  95  498
  97  500
  97  502
  98  503
  98  505
  99  506
  99  507
 100  508
 100  509
 101  510
 101  512
 103  514
 103  515
 104  516
 104  518
 105  519
 105  520
 106  521
 106  522
 107  523
 107  524
 108  525
 108  527
 109  528
 109  529
 110  530
 110  531
 111  532
 111  533
 112  534
 112  535
 113  536
 113  538
 114  539
 114  540
 115  541
 115  542
 117  544
 117  545
 118  546
 118  547
 119  548
 119  549
 121  551
 121  552
 124  555
 124  556
 128  560
 128  561
 137  570
 138  570
 142  574
 143  574
 148  579
 149  579
 151  581
 151  583
 152  584
 152  585
 157  590
 158  590
 171  603
 171  604
 180  613
 181  613
 183  615
 184  615
 185  616
 190  616
 191  615
 193  615
 194  614
 195  614
 196  613
 198  613
 199  612
 201  612
 202  611
 204  611
 205  610
 208  610
 209  609
 213  609
 214  608
 219  608
 220  607
 225  607
 226  606
 227  606
 228  605
 229  605
 230  604
 231  604
 235  600
 235  599
 237  597
 237  596
 238  595
 238  594
 245  587
 246  587
 247  586
 248  586
 249  585
 253  585
 254  584
 256  584
 258  582
 259  582
 261  580
 261  579
 263  577
 263  575
 264  574
 264  569
 265  568
 265  563
 266  562
 266  560
 267  559
 267  558
 273  552
 274  552
 275  551
 277  551
 278  550
 279  550
 280  549
 282  549
 284  547
 285  547
 288  544
 288  543
 290  541
 290  539
 291  538
 291  521
 292  520
 292  518
 293  517
 293  515
 294  514
 294  512
 300  506
 301  506
 308  499
 308  497
 309  496
 309  490
 308  489
 308  487
 307  486
 307  483
 306  482
 306  481
 305  480
 305  479
 304  478
 304  475
 303  474
 303  461
 302  460
 302  455
 301  454
 301  452
 300  451
 300  450
 299  449
 299  448
 297  446
 297  445
 294  442
 294  441
 284  431
 284  430
 279  425
 278  425
 277  424
 277  423
 276  422
 275  422
 266  413
 265  413
 256  404
 255  404
 249  398
 248  398
 243  393
 242  393
 240  391
 239  391
 234  386
 232  386
 231  385
 231  371
 232  370
 247  370
 248  371
 252  371
 253  372
 255  372
 256  373
 257  373
 258  374
 259  374
 260  375
 261  375
 262  376
 263  376
 264  377
 269  377
 270  378
 275  378
 276  377
 280  377
 281  376
 284  376
 285  375
 286  375
 287  374
 288  374
 289  373
 290  373
 291  372
 292  372
 293  371
 295  371
 296  370
 298  370
 299  369
 301  369
 302  368
 303  368
 304  367
 305  367
 309  363
 309  362
 310  361
 311  361
 313  359
 314  359
 315  358
 316  358
 320  354
 320  353
 325  348
 325  347
 327  345
 327  344
 328  343
 328  342
 331  339
 331  338
 338  331
 338  330
 341  327
 341  326
 343  324
 343  323
 344  322
 344  320
 345  319
 345  317
 346  316
 346  315
 347  314
 347  313
 348  312
 348  311
 349  310
 349  309
 350  308
 350  307
 351  306
 351  304
 353  302
 353  301
 354  300
 354  299
 355  298
 355  297
 356  296
 356  295
 357  294
 357  292
 358  291
 358  287
 359  286
 359  285
 360  284
 360  282
 361  281
 361  278
 362  277
 362  274
 363  273
 363  271
 364  270
 364  268
 365  267
 365  265
 366  264
 366  263
 367  262
 367  260
 368  259
 368  258
 370  256
 370  255
 371  254
 371  252
 372  251
 372  250
 373  249
 373  248
 374  247
 374  244
 375  243
 375  242
 376  241
 376  240
 377  239
 377  237
 378  236
 378  230
 379  229
 379  228
 380  227
 380  225
 381  224
 381  222
 382  221
 382  220
 384  218
 384  216
 386  214
 386  213
 388  211
 388  210
 389  209
 389  208
 390  207
 390  206
 391  205
 391  204
 392  203
 392  202
 393  201
 393  200
 394  199
 394  198
 395  197
 395  196
 396  195
 396  194
 397  193
 397  191
 398  190
 398  188
 400  186
 400  185
 401  184
 401  183
 403  181
 403  180
 404  179
 404  178
 405  177
 405  176
 407  174
 407  172
 408  171
 408  170
 410  168
 410  167
 411  166
 411  165
 413  163
 413  162
 414  161
 414  159
 415  158
 415  157
 416  156
 416  155
 417  154
 417  152
 418  151
 418  148
 419  147
 419  146
 420  145
 420  143
 421  142
 421  139
 422  138
 422  136
 423  135
 423  133
 424  132
 424  129
 425  128
 425  122
 426  121
 426  119
 427  118
 427  115
 428  114
 428   95
 427   94
 427   92
 426   91
 426   90
 425   89
 425   88
 424   87
 424   86
 418   80
 417   80
 416   79
 415   79
 414   78
 413   78
 412   77
 410   77
 409   76
 407   76
 406   75
 404   75
 403   74
 400   74
 399   73
 393   73
 392   72
 381   72
 380   71
