 342   42
 341   43
 337   43
 336   44
 333   44
 332   45
 319   45
 318   46
 311   46
 310   47
 308   47
 307   48
 306   48
 305   49
 304   49
 300   53
 299   53
 298   54
 295   54
 294   55
 290   55
 289   56
 287   56
 286   57
 285   57
 283   59
 282   59
 279   62
 278   62
 277   63
 276   63
 275   64
 273   64
 272   65
 269   65
 268   66
 267   66
 265   68
 264   68
 259   73
 257   73
 256   74
 254   74
 253   75
 252   75
 251   76
 250   76
 249   77
 248   77
 246   79
 246   80
 242   84
 241   84
 240   85
 239   85
 235   89
 235   90
 232   93
 231   93
 230   94
 229   94
 228   95
 227   95
 225   97
 224   97
 222   99
 222  100
 220  102
 219  102
 216  105
 215  105
 213  107
 212  107
 211  108
 211  109
 210  110
 209  110
 203  116
 202  116
 200  118
 200  119
 198  121
 198  122
 196  124
 196  125
 194  127
 194  128
 188  134
 188  135
 186  137
 186  138
 184  140
 183  140
 178  145
 178  146
 177  147
 177  148
 174  151
 173  151
 171  153
 170  153
 170  154
 167  157
 167  158
 162  163
 161  163
 159  165
 159  166
 158  167
 158  168
 157  169
 157  170
 153  174
 152  174
 152  175
 150  177
 150  178
 149  179
 149  180
 148  181
 148  183
 147  184
 147  186
 144  189
 143  189
 141  191
 141  192
 139  194
 139  195
 138  196
 138  197
 131  204
 131  205
 130  206
 130  207
 129  208
 129  211
 128  212
 128  215
 119  224
 119  225
 118  226
 118  227
 111  234
 111  236
 110  237
 110  240
 109  241
 109  245
 108  246
 108  249
 107  250
 107  252
 106  253
 106  256
 105  257
 105  261
 106  262
 106  265
 107  266
 107  267
 110  270
 110  271
 112  273
 113  273
 114  274
 114  289
 112  291
 112  292
 111  293
 111  294
 110  295
 110  297
 109  298
 109  300
 108  301
 108  303
 107  304
 107  306
 106  307
 106  315
 107  316
 107  318
 108  319
 108  321
 109  322
 109  324
 110  325
 110  328
 111  329
 111  338
 112  339
 112  344
 113  345
 113  347
 114  348
 114  350
 115  351
 115  352
 116  353
 116  354
 118  356
 118  357
 119  358
 119  359
 120  360
 120  361
 121  362
 121  363
 122  364
 122  366
 123  367
 123  369
 124  370
 124  372
 125  373
 125  375
 133  383
 133  384
 134  385
 134  387
 135  388
 135  389
 136  390
 136  391
 143  398
 143  399
 144  400
 144  401
 145  402
 145  404
 146  405
 146  406
 148  408
 148  409
 149  410
 150  410
 153  413
 153  414
 155  416
 155  418
 156  419
 156  420
 157  421
 157  422
 158  423
 158  424
 164  430
 164  431
 165  432
 165  433
 166  434
 166  436
 168  438
 168  439
 172  443
 172  444
 173  445
 173  446
 175  448
 175  449
 176  450
 176  451
 178  453
 178  454
 180  456
 180  457
 182  459
 182  460
 184  462
 184  463
 189  468
 190  468
 197  475
 197  476
 200  479
 200  480
 208  488
 208  489
 209  490
 209  491
 210  492
 210  493
 215  498
 216  498
 217  499
 218  499
 219  500
 220  500
 225  505
 226  505
 228  507
 230  507
 231  508
 232  508
 233  509
 235  509
 236  510
 239  510
 240  511
 244  511
 245  512
 253  512
 254  513
 264  513
 265  514
 267  514
 268  515
 270  515
 276  521
 277  521
 279  523
 280  523
 281  524
 282  524
 283  525
 284  525
 285  526
 286  526
 287  527
 288  527
 289  528
 290  528
 293  531
 293  532
 295  534
 295  535
 297  537
 297  538
 298  539
 298  540
 299  541
 299  542
 300  543
 300  544
 301  545
 301  546
 302  547
 302  548
 305  551
 306  551
 311  556
 311  557
 315  561
 315  562
 316  563
 316  564
 318  566
 318  567
 319  568
 319  569
 321  571
 321  572
 322  573
 322  574
 323  575
 323  576
 329  582
 330  582
 331  583
 332  583
 333  584
 334  584
 336  586
 336  584
 335  583
 335  582
 334  581
 334  580
 333  579
 333  578
 332  577
 332  574
 331  573
 331  572
 330  571
 330  570
 329  569
 329  568
 321  560
 321  559
 320  558
 320  557
 319  556
 319  555
 318  554
 318  553
 314  549
 314  548
 313  547
 313  546
 311  544
 311  542
 310  541
 310  540
 309  539
 309  538
 308  537
 308  536
 302  530
 302  529
 300  527
 300  526
 299  525
 299  524
 294  519
 294  518
 292  516
 292  515
 291  514
 291  511
 290  510
 290  503
 289  502
 289  468
 290  467
 290  463
 291  462
 291  459
 292  458
 292  455
 294  453
 294  451
 295  450
 295  449
 296  448
 296  447
 297  446
 297  433
 298  432
 298  420
 299  419
 298  418
 298  407
 297  406
 297  376
 296  375
 296  371
 295  370
 295  353
 294  352
 294  351
 293  350
 293  347
 292  346
 292  343
 291  342
 291  338
 290  337
 290  333
 289  332
 289  331
 288  330
 288  328
 286  326
 286  325
 283  322
 283  321
 278  316
 277  316
 276  315
 275  315
 274  314
 273  314
 272  313
 271  313
 270  312
 269  312
 267  310
 266  310
 263  307
 262  307
 261  306
 261  292
 262  291
 285  291
 286  292
 289  292
 290  291
 294  291
 295  290
 298  290
 299  289
 301  289
 305  285
 305  284
 306  283
 306  281
 307  280
 307  276
 308  275
 308  271
 313  266
 313  264
 314  263
 314  262
 315  261
 315  259
 316  258
 316  255
 317  254
 317  244
 318  243
 318  230
 319  229
 319  224
 320  223
 320  219
 321  218
 321  217
 322  216
 322  215
 324  213
 324  210
 325  209
 325  206
 326  205
 326  200
 327  199
 327  186
 328  185
 328  177
 329  176
 329  172
 330  171
 330  169
 331  168
 331  167
 332  166
 332  164
 333  163
 333  162
 334  161
 334  157
 335  156
 335  153
 336  152
 336  144
 337  143
 337  130
 338  129
 338  128
 339  127
 339  126
 343  122
 343  121
 344  120
 344  119
 345  118
 345  116
 346  115
 346  111
 347  110
 347  101
 348  100
 348   98
 349   97
 349   95
 351   93
 351   92
 352   91
 352   90
 353   89
 353   88
 354   87
 354   85
 355   84
 355   81
 356   80
 356   66
 357   65
 357   56
 358   55
 358   50
 356   48
 356   47
 353   44
 352   44
 351   43
 349   43
 348   42
