 324  193
 323  194
 315  194
 314  195
 312  195
 311  196
 307  196
 306  197
 304  197
 303  198
 301  198
 300  199
 298  199
 297  200
 296  200
 295  201
 293  201
 292  202
 291  202
 290  203
 288  203
 287  204
 286  204
 285  205
 284  205
 283  206
 282  206
 281  207
 280  207
 279  208
 278  208
 277  209
 276  209
 275  210
 274  210
 273  211
 272  211
 271  212
 270  212
 269  213
 268  213
 266  215
 265  215
 264  216
 263  216
 262  217
 261  217
 259  219
 258  219
 256  221
 255  221
 252  224
 251  224
 249  226
 248  226
 246  228
 245  228
 242  231
 241  231
 238  234
 237  234
 235  236
 234  236
 229  241
 228  241
 225  244
 224  244
 219  249
 218  249
 213  254
 212  254
 205  261
 204  261
 199  266
 198  266
 181  283
 180  283
 171  292
 171  293
 167  297
 167  298
 163  302
 163  303
 157  309
 157  310
 155  312
 155  313
 151  317
 151  318
 148  321
 148  322
 147  323
 147  324
 144  327
 144  328
 143  329
 143  330
 140  333
 140  334
 138  336
 137  336
 136  337
 135  337
 134  338
 134  347
 135  348
 139  348
 140  349
 140  365
 139  366
 139  371
 138  372
 135  372
 134  373
 134  393
 140  399
 140  401
 141  402
 141  403
 142  404
 142  405
 143  406
 143  407
 144  408
 144  410
 146  412
 146  413
 147  414
 147  417
 150  420
 150  423
 151  424
 151  425
 152  426
 152  427
 153  428
 153  431
 154  432
 154  433
 155  434
 155  435
 156  436
 156  437
 157  438
 157  441
 159  443
 159  444
 160  445
 160  446
 161  447
 161  448
 163  450
 163  451
 164  452
 164  453
 166  455
 166  456
 168  458
 168  459
 169  459
 171  461
 171  462
 174  465
 174  466
 175  467
 176  467
 177  468
 177  469
 184  476
 185  476
 187  478
 187  479
 188  480
 189  480
 192  483
 193  483
 194  484
 202  484
 203  485
 205  485
 207  487
 207  488
 208  489
 208  490
 211  493
 213  491
 213  490
 214  489
 214  488
 216  486
 234  486
 235  487
 236  487
 237  488
 239  486
 239  485
 240  484
 240  482
 243  479
 260  479
 262  477
 262  475
 261  474
 261  459
 265  455
 266  455
 267  454
 268  454
 270  452
 270  446
 269  445
 269  444
 267  442
 267  424
 270  421
 270  417
 256  403
 256  396
 255  395
 255  394
 253  392
 253  391
 252  390
 252  389
 248  385
 247  385
 244  382
 244  368
 245  367
 250  367
 250  363
 252  361
 259  361
 260  360
 269  360
 270  359
 273  359
 278  354
 279  354
 283  350
 283  349
 284  348
 284  347
 286  345
 286  344
 290  340
 290  339
 293  336
 293  335
 295  333
 295  332
 297  330
 297  329
 299  327
 299  326
 300  325
 300  324
 302  322
 302  321
 303  320
 303  319
 304  318
 304  317
 307  314
 307  312
 309  310
 309  309
 310  308
 310  307
 311  306
 311  305
 313  303
 313  302
 314  301
 314  300
 316  298
 316  296
 317  295
 317  293
 318  292
 318  291
 319  290
 319  289
 320  288
 320  287
 321  286
 321  285
 323  283
 323  281
 324  280
 324  279
 325  278
 325  277
 326  276
 326  275
 327  274
 327  272
 328  271
 328  270
 329  269
 329  267
 330  266
 330  263
 331  262
 331  261
 332  260
 332  259
 333  258
 333  256
 334  255
 334  252
 335  251
 335  250
 336  249
 336  248
 337  247
 337  244
 338  243
 338  241
 339  240
 339  238
 340  237
 340  232
 341  231
 341  230
 342  229
 342  227
 343  226
 343  223
 344  222
 344  218
 345  217
 345  215
 346  214
 346  211
 347  210
 347  205
 346  204
 346  202
 341  197
 340  197
 339  196
 338  196
 337  195
 335  195
 334  194
 330  194
 329  193
