 330  189
 329  190
 321  190
 320  191
 316  191
 315  192
 311  192
 310  193
 308  193
 307  194
 303  194
 302  195
 301  195
 300  196
 297  196
 296  197
 294  197
 293  198
 291  198
 290  199
 288  199
 287  200
 285  200
 284  201
 282  201
 281  202
 279  202
 278  203
 276  203
 275  204
 274  204
 273  205
 271  205
 270  206
 269  206
 268  207
 266  207
 265  208
 264  208
 263  209
 261  209
 260  210
 259  210
 258  211
 257  211
 256  212
 255  212
 254  213
 253  213
 252  214
 250  214
 249  215
 248  215
 247  216
 246  216
 245  217
 244  217
 243  218
 242  218
 241  219
 240  219
 239  220
 238  220
 237  221
 236  221
 234  223
 233  223
 232  224
 231  224
 230  225
 229  225
 227  227
 226  227
 225  228
 224  228
 223  229
 222  229
 220  231
 219  231
 218  232
 217  232
 216  233
 215  233
 213  235
 212  235
 210  237
 209  237
 208  238
 207  238
 205  240
 204  240
 202  242
 201  242
 200  243
 199  243
 196  246
 195  246
 194  247
 193  247
 191  249
 190  249
 189  250
 188  250
 186  252
 185  252
 183  254
 182  254
 180  256
 179  256
 177  258
 176  258
 173  261
 172  261
 170  263
 169  263
 167  265
 166  265
 163  268
 162  268
 158  272
 157  272
 154  275
 153  275
 150  278
 149  278
 145  282
 144  282
 137  289
 136  289
 123  302
 123  303
 116  310
 116  311
 109  318
 108  318
 106  320
 106  334
 108  336
 112  336
 113  337
 113  351
 109  355
 109  356
 108  357
 108  360
 107  361
 107  365
 106  366
 106  367
 105  368
 103  368
 102  369
 102  397
 103  398
 103  399
 104  400
 104  402
 105  403
 105  405
 106  406
 106  407
 107  408
 107  409
 108  410
 108  412
 109  413
 109  414
 110  415
 110  416
 111  417
 111  419
 112  420
 112  422
 113  423
 113  424
 115  426
 115  427
 116  428
 116  429
 117  430
 117  431
 119  433
 119  434
 120  435
 120  436
 121  437
 121  438
 122  439
 122  441
 124  443
 124  444
 126  446
 126  447
 127  448
 127  449
 129  451
 129  452
 133  456
 133  457
 136  460
 136  461
 140  465
 140  466
 141  467
 141  468
 142  469
 142  475
 143  476
 143  478
 144  479
 144  480
 145  481
 145  482
 147  484
 149  484
 150  485
 161  485
 165  489
 165  493
 166  494
 166  495
 168  497
 170  497
 174  493
 191  493
 191  492
 194  489
 194  488
 196  486
 197  486
 199  484
 200  484
 201  483
 202  483
 203  482
 212  482
 213  481
 214  481
 216  479
 216  478
 218  476
 218  474
 219  473
 219  472
 225  466
 226  466
 227  465
 230  465
 231  464
 234  464
 235  463
 236  463
 239  460
 239  456
 240  455
 240  451
 241  450
 241  448
 242  447
 242  446
 243  445
 244  445
 246  443
 247  443
 248  442
 249  442
 253  438
 253  425
 254  424
 254  422
 255  421
 255  420
 261  414
 261  412
 259  410
 259  409
 258  408
 258  407
 256  405
 256  404
 255  403
 255  402
 253  400
 253  399
 252  398
 252  397
 251  396
 251  394
 248  391
 248  390
 242  384
 242  383
 236  377
 235  377
 231  373
 231  359
 232  358
 254  358
 255  357
 259  357
 260  356
 264  356
 265  355
 267  355
 271  351
 271  350
 272  349
 272  348
 273  347
 273  346
 278  341
 278  340
 279  339
 279  338
 281  336
 281  335
 282  334
 282  331
 283  330
 283  328
 284  327
 284  326
 285  325
 285  324
 293  316
 293  315
 295  313
 295  310
 296  309
 296  308
 297  307
 297  306
 298  305
 298  303
 305  296
 305  295
 308  292
 308  291
 309  290
 309  289
 311  287
 311  286
 312  285
 312  284
 320  276
 321  276
 322  275
 322  274
 323  273
 324  273
 325  272
 325  271
 329  267
 330  267
 339  258
 340  258
 342  256
 342  255
 348  249
 348  248
 352  244
 352  243
 353  242
 354  242
 354  241
 358  237
 358  236
 361  233
 361  232
 365  228
 365  227
 368  224
 368  223
 369  222
 369  221
 371  219
 371  218
 372  217
 372  215
 374  213
 374  212
 375  211
 375  210
 376  209
 376  207
 377  206
 377  204
 378  203
 378  201
 375  198
 374  198
 372  196
 371  196
 370  195
 369  195
 368  194
 367  194
 366  193
 364  193
 363  192
 361  192
 360  191
 356  191
 355  190
 350  190
 349  189
