 328  155
 327  156
 321  156
 320  157
 318  157
 317  158
 314  158
 313  159
 310  159
 309  160
 308  160
 307  161
 306  161
 305  162
 303  162
 302  163
 301  163
 300  164
 299  164
 298  165
 296  165
 295  166
 294  166
 293  167
 292  167
 291  168
 290  168
 289  169
 288  169
 287  170
 286  170
 285  171
 284  171
 283  172
 282  172
 281  173
 280  173
 279  174
 278  174
 277  175
 276  175
 275  176
 274  176
 273  177
 272  177
 271  178
 270  178
 268  180
 267  180
 265  182
 264  182
 263  183
 262  183
 261  184
 260  184
 258  186
 257  186
 256  187
 255  187
 253  189
 252  189
 249  192
 248  192
 247  193
 246  193
 244  195
 243  195
 240  198
 239  198
 237  200
 236  200
 234  202
 233  202
 231  204
 230  204
 228  206
 227  206
 224  209
 223  209
 221  211
 220  211
 216  215
 215  215
 211  219
 210  219
 206  223
 205  223
 201  227
 200  227
 195  232
 194  232
 190  236
 189  236
 186  239
 185  239
 177  247
 176  247
 173  250
 172  250
 166  256
 165  256
 147  274
 146  274
 145  275
 145  276
 140  281
 139  281
 133  287
 132  287
 116  303
 116  304
 114  306
 114  307
 113  308
 113  343
 114  344
 122  344
 123  345
 123  359
 122  360
 122  362
 120  364
 116  364
 115  365
 115  377
 118  380
 118  381
 122  385
 122  386
 125  389
 125  390
 128  393
 128  394
 132  398
 132  399
 135  402
 135  403
 139  407
 139  408
 141  410
 141  411
 142  412
 142  413
 146  417
 146  418
 148  420
 148  421
 149  422
 149  423
 153  427
 153  428
 156  431
 156  432
 158  434
 158  435
 160  437
 160  438
 161  439
 161  441
 162  442
 162  443
 163  444
 163  445
 164  446
 164  447
 165  448
 165  450
 166  451
 166  452
 167  453
 167  456
 168  457
 168  465
 169  466
 169  471
 170  472
 170  475
 171  476
 171  485
 172  486
 172  490
 173  491
 173  492
 174  493
 174  495
 175  496
 175  497
 176  498
 176  500
 177  501
 177  502
 178  503
 178  504
 179  505
 179  506
 180  507
 180  508
 182  510
 182  511
 186  515
 186  516
 190  520
 191  520
 194  523
 195  523
 197  525
 199  525
 201  527
 202  527
 203  528
 204  528
 206  530
 206  529
 208  527
 225  527
 226  528
 228  528
 229  529
 230  529
 232  531
 233  531
 234  532
 239  532
 240  531
 243  531
 244  530
 246  530
 247  529
 249  529
 250  528
 251  528
 252  527
 253  527
 254  526
 255  526
 256  525
 258  525
 259  524
 260  524
 261  523
 263  523
 264  522
 265  522
 266  521
 267  521
 268  520
 270  520
 271  519
 272  519
 274  517
 275  517
 276  516
 277  516
 279  514
 280  514
 281  513
 282  513
 284  511
 285  511
 288  508
 289  508
 291  506
 291  505
 293  503
 294  503
 294  502
 297  499
 297  498
 299  496
 299  495
 301  493
 301  492
 302  491
 302  490
 303  489
 303  488
 304  487
 304  486
 306  484
 306  483
 307  482
 307  480
 308  479
 308  477
 309  476
 309  475
 310  474
 310  473
 311  472
 311  470
 312  469
 312  467
 313  466
 313  464
 314  463
 314  461
 315  460
 315  456
 316  455
 316  451
 317  450
 317  443
 318  442
 318  439
 319  438
 319  435
 320  434
 320  432
 321  431
 320  430
 320  428
 319  427
 319  425
 318  424
 318  423
 317  422
 317  420
 315  418
 315  417
 314  416
 314  415
 312  413
 312  412
 310  410
 310  409
 308  407
 308  406
 307  405
 307  404
 304  401
 304  400
 300  396
 300  395
 298  393
 298  392
 296  390
 296  389
 293  386
 293  385
 282  374
 282  360
 283  359
 285  359
 285  353
 286  352
 291  352
 292  351
 296  351
 297  350
 300  350
 301  349
 303  349
 304  348
 305  348
 309  344
 316  344
 317  343
 318  343
 318  342
 319  341
 320  341
 322  339
 323  339
 327  335
 329  335
 330  334
 331  334
 335  330
 335  329
 337  327
 337  326
 339  324
 339  323
 342  320
 342  319
 343  318
 343  317
 344  316
 344  315
 345  314
 345  313
 346  312
 346  311
 350  307
 350  306
 351  305
 351  304
 352  303
 352  302
 353  301
 353  300
 354  299
 354  298
 355  297
 355  295
 356  294
 356  292
 357  291
 357  290
 358  289
 358  288
 359  287
 359  286
 360  285
 360  284
 361  283
 361  279
 362  278
 362  275
 363  274
 363  272
 364  271
 364  268
 365  267
 365  261
 366  260
 366  258
 367  257
 367  253
 368  252
 368  218
 367  217
 367  209
 366  208
 366  200
 365  199
 365  188
 364  187
 364  182
 363  181
 363  179
 362  178
 362  174
 361  173
 361  171
 360  170
 360  169
 358  167
 358  166
 357  165
 357  164
 356  164
 352  160
 351  160
 350  159
 349  159
 348  158
 347  158
 346  157
 344  157
 343  156
 339  156
 338  155
