 314  198
 313  199
 306  199
 305  200
 301  200
 300  201
 297  201
 296  202
 294  202
 293  203
 291  203
 290  204
 288  204
 287  205
 286  205
 285  206
 283  206
 282  207
 281  207
 280  208
 279  208
 278  209
 277  209
 276  210
 275  210
 274  211
 273  211
 271  213
 270  213
 269  214
 268  214
 267  215
 266  215
 264  217
 263  217
 261  219
 260  219
 258  221
 257  221
 256  222
 255  222
 253  224
 252  224
 250  226
 249  226
 246  229
 245  229
 243  231
 242  231
 239  234
 238  234
 236  236
 235  236
 233  238
 232  238
 230  240
 229  240
 227  242
 226  242
 223  245
 222  245
 218  249
 217  249
 211  255
 210  255
 204  261
 203  261
 187  277
 186  277
 166  297
 166  298
 164  300
 163  300
 163  301
 159  305
 159  306
 153  312
 153  313
 145  321
 144  321
 143  322
 142  322
 141  323
 137  323
 136  324
 135  324
 133  326
 133  327
 130  330
 130  332
 129  333
 129  353
 131  355
 135  355
 136  356
 136  384
 138  386
 139  386
 140  387
 141  387
 142  388
 143  388
 147  392
 148  392
 150  394
 151  394
 155  398
 156  398
 160  402
 161  402
 167  408
 168  408
 175  415
 176  415
 178  417
 179  417
 180  418
 181  418
 183  420
 184  420
 186  422
 186  423
 190  427
 190  428
 195  433
 195  434
 196  435
 196  436
 197  437
 197  438
 198  439
 198  440
 199  441
 199  443
 200  444
 200  445
 201  446
 201  448
 202  449
 202  453
 203  454
 203  455
 204  456
 204  458
 205  459
 205  460
 206  461
 206  462
 207  463
 207  464
 209  466
 209  467
 210  468
 210  469
 220  479
 221  479
 225  483
 226  483
 227  484
 228  484
 229  485
 230  485
 231  486
 233  486
 234  487
 236  487
 237  488
 242  488
 243  489
 248  489
 249  490
 251  490
 252  489
 261  489
 262  488
 269  488
 270  487
 272  487
 273  486
 276  486
 277  485
 278  485
 279  484
 280  484
 281  483
 283  483
 285  481
 286  481
 287  480
 288  480
 290  478
 291  478
 293  476
 294  476
 296  474
 297  474
 301  470
 302  470
 314  458
 314  457
 317  454
 317  453
 318  452
 318  451
 319  450
 319  449
 320  448
 320  447
 321  446
 321  445
 322  444
 322  442
 323  441
 323  440
 324  439
 324  437
 325  436
 325  433
 326  432
 326  429
 327  428
 327  426
 328  425
 328  422
 327  421
 327  416
 326  415
 326  412
 325  411
 325  407
 324  406
 324  405
 322  403
 322  402
 321  401
 321  400
 317  396
 317  395
 316  395
 315  394
 315  393
 312  390
 311  390
 307  386
 306  386
 303  383
 302  383
 301  382
 300  382
 297  379
 296  379
 294  377
 293  377
 292  376
 291  376
 289  374
 288  374
 287  373
 286  373
 285  372
 284  372
 283  371
 281  371
 280  370
 279  370
 278  369
 277  369
 276  368
 276  354
 277  353
 280  353
 281  352
 284  352
 285  351
 287  351
 288  350
 290  350
 291  349
 292  349
 293  348
 295  348
 297  346
 298  346
 299  345
 300  345
 301  344
 302  344
 304  342
 305  342
 307  340
 308  340
 320  328
 321  328
 324  325
 324  324
 327  321
 327  320
 328  319
 328  318
 331  315
 331  314
 332  313
 332  311
 334  309
 334  308
 335  307
 335  304
 336  303
 336  302
 338  300
 338  298
 339  297
 339  295
 340  294
 340  293
 341  292
 341  291
 342  290
 342  285
 343  284
 343  281
 344  280
 344  276
 345  275
 345  270
 346  269
 346  266
 347  265
 347  262
 348  261
 348  255
 349  254
 349  246
 350  245
 350  239
 351  238
 351  230
 350  229
 350  227
 349  226
 349  222
 348  221
 348  219
 347  218
 347  217
 345  215
 345  214
 344  213
 344  212
 341  209
 341  208
 340  208
 336  204
 335  204
 334  203
 333  203
 332  202
 331  202
 330  201
 329  201
 328  200
 325  200
 324  199
 318  199
 317  198
