 338  123
 337  124
 332  124
 331  125
 327  125
 326  126
 324  126
 323  127
 320  127
 319  128
 317  128
 316  129
 314  129
 313  130
 311  130
 310  131
 309  131
 308  132
 306  132
 305  133
 304  133
 303  134
 301  134
 300  135
 299  135
 298  136
 296  136
 295  137
 294  137
 293  138
 292  138
 291  139
 290  139
 289  140
 288  140
 286  142
 285  142
 284  143
 283  143
 282  144
 281  144
 280  145
 279  145
 278  146
 277  146
 276  147
 275  147
 273  149
 272  149
 271  150
 270  150
 269  151
 268  151
 267  152
 266  152
 264  154
 263  154
 262  155
 261  155
 259  157
 258  157
 257  158
 256  158
 254  160
 253  160
 251  162
 250  162
 248  164
 247  164
 245  166
 244  166
 242  168
 241  168
 238  171
 237  171
 235  173
 234  173
 231  176
 230  176
 228  178
 227  178
 224  181
 223  181
 221  183
 220  183
 217  186
 216  186
 214  188
 213  188
 210  191
 209  191
 205  195
 204  195
 201  198
 200  198
 195  203
 194  203
 185  212
 184  212
 169  227
 168  227
 166  229
 165  229
 164  230
 155  230
 154  231
 153  231
 150  234
 150  235
 145  240
 145  241
 137  249
 137  250
 130  257
 130  258
 118  270
 118  271
 116  273
 116  275
 115  276
 115  307
 116  308
 125  308
 126  309
 126  323
 125  324
 123  324
 119  328
 119  332
 118  333
 118  339
 116  341
 112  341
 110  343
 110  371
 115  376
 115  377
 116  378
 116  381
 117  382
 117  385
 118  386
 118  387
 119  388
 119  391
 120  392
 120  395
 121  396
 121  398
 122  399
 122  401
 123  402
 123  406
 124  407
 124  408
 125  409
 125  410
 126  411
 126  413
 127  414
 127  416
 129  418
 129  420
 130  421
 130  423
 131  424
 131  426
 132  427
 132  428
 133  429
 133  431
 134  432
 134  434
 135  435
 135  436
 136  437
 136  439
 137  440
 137  442
 138  443
 138  445
 139  446
 139  448
 140  449
 140  451
 141  452
 141  456
 142  457
 142  466
 143  467
 143  470
 144  471
 144  472
 146  474
 146  475
 147  476
 147  478
 152  483
 153  483
 154  484
 155  484
 157  486
 159  486
 160  487
 161  487
 162  488
 163  488
 164  489
 166  489
 167  490
 168  490
 169  491
 171  491
 172  492
 174  492
 175  493
 179  493
 180  494
 182  494
 183  495
 184  495
 187  498
 187  507
 188  508
 188  511
 189  512
 189  515
 190  516
 190  517
 191  518
 191  519
 192  520
 192  521
 193  522
 193  523
 194  524
 194  525
 200  531
 200  532
 202  534
 203  534
 204  535
 210  529
 211  529
 214  526
 215  526
 219  522
 233  522
 237  526
 237  528
 238  529
 239  529
 240  530
 241  530
 242  531
 244  531
 246  529
 246  526
 247  525
 247  524
 248  523
 248  522
 251  519
 252  519
 253  518
 268  518
 271  521
 271  522
 272  523
 272  524
 273  525
 273  526
 274  527
 274  528
 277  531
 277  532
 278  533
 278  534
 280  536
 280  537
 281  538
 281  539
 283  541
 283  542
 284  543
 284  544
 294  554
 294  555
 302  563
 302  562
 303  561
 302  560
 302  558
 301  557
 301  556
 300  555
 300  554
 299  553
 299  552
 298  551
 298  550
 296  548
 296  547
 295  546
 295  545
 293  543
 293  542
 292  541
 292  540
 289  537
 289  536
 288  535
 288  534
 287  533
 287  532
 285  530
 285  529
 284  528
 284  527
 283  526
 283  525
 281  523
 281  522
 279  520
 279  519
 278  518
 278  517
 274  513
 274  497
 276  495
 276  494
 280  490
 281  490
 282  489
 283  489
 284  488
 285  488
 286  487
 288  487
 289  486
 289  484
 290  483
 290  476
 288  474
 288  471
 287  470
 287  455
 288  454
 288  453
 291  450
 292  450
 294  448
 295  448
 296  447
 296  440
 295  439
 295  437
 294  436
 294  435
 293  434
 293  433
 290  430
 290  411
 291  410
 291  409
 294  406
 293  405
 293  403
 292  402
 292  400
 290  398
 290  397
 289  396
 289  395
 286  392
 286  391
 285  390
 285  389
 282  386
 282  385
 281  384
 280  384
 276  380
 276  379
 274  377
 274  376
 272  374
 272  373
 270  371
 270  370
 268  368
 268  367
 266  365
 266  364
 264  362
 264  361
 261  358
 261  357
 260  356
 260  355
 257  352
 256  352
 254  350
 253  350
 249  346
 248  346
 247  345
 246  345
 245  344
 245  330
 246  329
 268  329
 269  328
 274  328
 275  327
 281  327
 282  326
 283  326
 292  317
 293  317
 295  315
 295  314
 296  313
 296  311
 297  310
 297  307
 298  306
 298  305
 300  303
 301  303
 302  302
 303  302
 304  301
 305  301
 308  298
 308  297
 309  296
 309  283
 310  282
 310  281
 311  280
 311  279
 313  277
 314  277
 318  273
 318  272
 319  271
 319  253
 320  252
 321  252
 325  248
 325  247
 326  246
 326  244
 327  243
 327  230
 328  229
 328  228
 330  226
 331  226
 332  225
 333  225
 334  224
 335  224
 339  220
 339  219
 340  218
 340  217
 341  216
 341  215
 342  214
 342  212
 343  211
 343  203
 345  201
 346  201
 349  198
 349  197
 350  196
 350  195
 352  193
 352  192
 353  191
 353  188
 354  187
 354  184
 355  183
 355  181
 359  177
 359  176
 360  175
 360  174
 361  173
 361  172
 362  171
 362  170
 363  169
 363  166
 364  165
 364  164
 365  163
 365  161
 366  160
 366  158
 367  157
 367  156
 368  155
 368  153
 369  152
 369  148
 370  147
 370  137
 369  136
 369  135
 368  134
 368  133
 363  128
 362  128
 361  127
 360  127
 359  126
 358  126
 357  125
 354  125
 353  124
 348  124
 347  123
