 304  209
 303  210
 301  210
 300  211
 297  211
 296  212
 294  212
 293  213
 291  213
 290  214
 289  214
 288  215
 286  215
 285  216
 284  216
 283  217
 282  217
 281  218
 279  218
 278  219
 277  219
 276  220
 275  220
 274  221
 273  221
 272  222
 271  222
 270  223
 269  223
 268  224
 267  224
 266  225
 265  225
 264  226
 263  226
 262  227
 261  227
 259  229
 258  229
 257  230
 256  230
 254  232
 253  232
 252  233
 251  233
 249  235
 248  235
 247  236
 246  236
 244  238
 243  238
 241  240
 240  240
 237  243
 236  243
 234  245
 233  245
 230  248
 229  248
 225  252
 224  252
 220  256
 219  256
 215  260
 214  260
 208  266
 207  266
 197  276
 196  276
 191  281
 190  281
 177  294
 176  294
 169  301
 168  301
 165  304
 164  304
 161  307
 153  307
 151  309
 151  330
 153  332
 154  332
 155  333
 155  350
 153  352
 153  413
 154  414
 154  415
 155  416
 158  416
 161  413
 161  411
 162  410
 162  409
 164  407
 178  407
 186  415
 186  416
 190  420
 190  421
 193  424
 193  425
 195  427
 195  428
 196  429
 196  431
 197  432
 197  433
 198  434
 198  435
 199  436
 199  437
 200  438
 200  439
 201  440
 201  441
 202  442
 202  443
 203  444
 203  447
 204  448
 204  449
 206  451
 206  452
 207  453
 207  454
 208  455
 208  456
 209  457
 209  458
 210  459
 210  461
 213  464
 213  465
 217  469
 218  469
 220  471
 221  471
 224  474
 225  474
 226  475
 227  475
 228  476
 229  476
 231  478
 239  478
 240  477
 243  477
 244  476
 246  476
 247  475
 251  475
 252  474
 253  474
 254  473
 256  473
 257  472
 258  472
 259  471
 260  471
 261  470
 262  470
 264  468
 265  468
 269  464
 270  464
 272  462
 273  462
 275  460
 275  459
 280  454
 280  453
 282  451
 282  450
 284  448
 284  447
 287  444
 287  443
 289  441
 289  440
 290  439
 290  438
 291  437
 291  436
 292  435
 292  434
 293  433
 293  432
 294  431
 294  430
 295  429
 295  427
 296  426
 296  425
 297  424
 297  423
 298  422
 298  419
 299  418
 299  416
 300  415
 300  412
 301  411
 301  407
 300  406
 300  403
 299  402
 299  400
 298  399
 298  398
 297  397
 297  396
 296  395
 296  394
 294  392
 294  391
 291  388
 291  387
 275  371
 274  371
 270  367
 269  367
 268  366
 267  366
 265  364
 264  364
 263  363
 262  363
 259  360
 259  346
 260  345
 261  345
 261  342
 264  339
 275  339
 276  338
 280  338
 281  337
 283  337
 284  336
 285  336
 287  334
 288  334
 289  333
 291  333
 292  332
 296  332
 297  331
 299  331
 300  330
 301  330
 302  329
 303  329
 307  325
 307  324
 308  323
 308  322
 311  319
 311  318
 312  317
 312  316
 314  314
 314  313
 315  312
 315  311
 317  309
 317  308
 320  305
 320  303
 321  302
 321  299
 322  298
 322  293
 323  292
 323  289
 324  288
 324  286
 325  285
 325  283
 326  282
 326  281
 327  280
 327  279
 328  278
 328  274
 329  273
 328  272
 328  254
 329  253
 329  251
 330  250
 330  245
 329  244
 329  230
 328  229
 328  227
 327  226
 327  224
 326  223
 326  222
 325  221
 325  219
 324  218
 324  217
 321  214
 321  213
 320  212
 319  212
 318  211
 317  211
 316  210
 314  210
 313  209
