 335  136
 334  137
 326  137
 325  138
 322  138
 321  139
 316  139
 315  140
 313  140
 312  141
 308  141
 307  142
 305  142
 304  143
 302  143
 301  144
 298  144
 297  145
 295  145
 294  146
 291  146
 290  147
 288  147
 287  148
 285  148
 284  149
 282  149
 281  150
 279  150
 278  151
 277  151
 276  152
 274  152
 273  153
 272  153
 271  154
 269  154
 268  155
 267  155
 266  156
 265  156
 264  157
 263  157
 262  158
 261  158
 260  159
 259  159
 258  160
 257  160
 256  161
 255  161
 254  162
 253  162
 252  163
 251  163
 250  164
 249  164
 247  166
 246  166
 245  167
 244  167
 243  168
 242  168
 240  170
 239  170
 237  172
 236  172
 235  173
 234  173
 232  175
 231  175
 229  177
 228  177
 226  179
 225  179
 221  183
 220  183
 217  186
 216  186
 213  189
 212  189
 208  193
 207  193
 204  196
 203  196
 200  199
 199  199
 196  202
 195  202
 191  206
 190  206
 186  210
 185  210
 182  213
 181  213
 174  220
 173  220
 170  223
 169  223
 165  227
 164  227
 162  229
 161  229
 157  233
 156  233
 152  237
 151  237
 151  238
 141  248
 140  248
 132  256
 132  257
 128  261
 128  262
 125  265
 125  266
 120  271
 120  272
 117  275
 117  276
 114  279
 114  280
 110  284
 110  285
 107  288
 107  289
 104  292
 104  293
 103  294
 103  295
 101  297
 101  298
  98  301
  98  302
  95  305
  93  305
  92  306
  92  333
  93  334
  95  334
  96  335
  96  349
  94  351
  94  353
  93  354
  93  357
  92  358
  90  358
  89  359
  89  365
  90  366
  90  370
  91  371
  91  373
  93  375
  93  378
  94  379
  94  380
  96  382
  96  383
  97  384
  97  387
  99  389
  99  390
 100  391
 100  394
 101  395
 101  396
 102  397
 102  398
 103  399
 103  400
 104  401
 104  403
 105  404
 105  405
 106  406
 106  407
 107  408
 107  410
 108  411
 108  412
 109  413
 109  414
 110  415
 110  418
 111  419
 111  420
 112  421
 112  422
 113  423
 113  425
 114  426
 114  427
 115  428
 115  429
 116  430
 116  431
 117  432
 117  435
 118  436
 118  437
 120  439
 120  442
 121  443
 121  444
 122  445
 122  446
 123  447
 123  448
 124  449
 124  451
 125  452
 125  453
 126  454
 126  456
 127  457
 127  461
 128  462
 128  463
 130  465
 130  466
 131  467
 131  468
 132  469
 132  470
 133  471
 133  472
 134  473
 134  475
 135  476
 135  477
 136  478
 136  480
 137  481
 137  485
 138  486
 138  488
 139  489
 139  490
 140  491
 140  494
 141  495
 141  497
 143  499
 143  500
 144  501
 144  502
 145  503
 145  504
 146  505
 146  507
 147  508
 147  516
 148  517
 148  520
 149  521
 149  524
 150  525
 150  529
 151  530
 151  532
 152  533
 152  534
 153  535
 153  536
 154  537
 154  538
 155  539
 155  540
 157  542
 158  542
 159  543
 160  543
 161  544
 162  544
 163  545
 167  545
 168  546
 171  546
 172  545
 189  545
 190  546
 194  546
 195  547
 196  547
 197  548
 198  548
 199  549
 200  549
 201  550
 202  550
 203  551
 205  551
 206  552
 208  552
 209  551
 211  551
 212  550
 213  550
 215  548
 216  548
 218  546
 219  546
 220  545
 239  545
 240  546
 242  546
 243  547
 245  547
 246  546
 247  546
 248  545
 249  545
 251  543
 251  542
 253  540
 253  536
 252  535
 252  532
 251  531
 251  513
 252  512
 252  510
 256  506
 257  506
 258  505
 259  505
 264  500
 264  499
 265  498
 265  497
 266  496
 266  489
 265  488
 265  487
 264  486
 264  485
 263  484
 263  481
 261  479
 261  478
 260  477
 260  476
 259  475
 259  473
 258  472
 258  471
 257  470
 257  452
 262  447
 263  447
 264  446
 264  445
 266  443
 266  438
 265  437
 265  436
 264  435
 264  434
 263  433
 263  431
 260  428
 260  426
 258  424
 258  423
 256  421
 256  420
 255  419
 255  418
 253  416
 253  414
 251  412
 251  411
 250  410
 250  409
 249  408
 249  407
 248  406
 248  405
 247  404
 247  402
 246  401
 246  399
 245  398
 245  397
 244  396
 244  394
 243  393
 243  390
 241  388
 241  387
 240  386
 240  385
 237  382
 237  381
 228  372
 227  372
 223  368
 222  368
 220  366
 219  366
 216  363
 215  363
 213  361
 212  361
 211  360
 211  346
 212  345
 230  345
 231  346
 237  346
 238  347
 239  346
 255  346
 256  345
 264  345
 265  344
 271  344
 272  343
 273  343
 275  341
 276  341
 279  338
 280  338
 282  336
 283  336
 285  334
 287  334
 289  332
 290  332
 291  331
 292  331
 295  328
 296  328
 300  324
 300  323
 310  313
 310  312
 313  309
 313  308
 315  306
 315  305
 323  297
 323  296
 325  294
 325  293
 327  291
 327  290
 330  287
 330  286
 333  283
 333  282
 335  280
 335  279
 336  278
 336  277
 337  276
 337  275
 340  272
 340  271
 344  267
 344  266
 347  263
 347  262
 349  260
 349  259
 350  258
 350  257
 352  255
 352  254
 353  253
 353  252
 354  251
 354  250
 356  248
 356  246
 357  245
 357  243
 358  242
 358  241
 359  240
 359  239
 363  235
 363  234
 366  231
 366  230
 367  229
 367  227
 369  225
 369  224
 370  223
 370  221
 371  220
 371  219
 372  218
 372  216
 373  215
 373  214
 374  213
 374  212
 376  210
 376  209
 377  208
 377  207
 378  206
 378  205
 379  204
 379  203
 380  202
 380  201
 381  200
 381  198
 382  197
 382  196
 383  195
 383  193
 384  192
 384  191
 385  190
 385  189
 386  188
 386  187
 387  186
 387  184
 388  183
 388  181
 389  180
 389  179
 390  178
 390  174
 391  173
 391  167
 392  166
 392  164
 391  163
 391  160
 390  159
 390  157
 389  156
 389  155
 387  153
 387  152
 382  147
 381  147
 379  145
 378  145
 377  144
 376  144
 375  143
 374  143
 373  142
 372  142
 371  141
 369  141
 368  140
 367  140
 366  139
 363  139
 362  138
 359  138
 358  137
 352  137
 351  136
