 312  154
 311  155
 306  155
 305  156
 302  156
 301  157
 299  157
 298  158
 296  158
 295  159
 294  159
 293  160
 291  160
 290  161
 289  161
 288  162
 287  162
 286  163
 285  163
 284  164
 283  164
 282  165
 281  165
 280  166
 279  166
 277  168
 276  168
 275  169
 274  169
 272  171
 271  171
 269  173
 268  173
 266  175
 265  175
 262  178
 261  178
 256  183
 255  183
 246  192
 245  192
 234  203
 234  204
 220  218
 220  219
 208  231
 207  231
 204  234
 204  236
 203  237
 203  238
 200  241
 200  242
 197  245
 197  246
 192  251
 192  252
 187  257
 187  258
 185  260
 185  261
 181  265
 181  266
 177  270
 177  271
 173  275
 173  276
 170  279
 170  281
 168  283
 168  284
 167  285
 167  286
 166  287
 166  288
 164  290
 164  291
 163  292
 163  293
 161  295
 161  296
 159  298
 159  299
 157  301
 157  303
 156  304
 156  305
 155  306
 155  307
 154  308
 154  309
 153  310
 153  312
 152  313
 152  314
 150  316
 150  318
 147  321
 147  322
 146  323
 146  324
 145  325
 142  325
 141  326
 140  326
 140  328
 139  329
 139  344
 140  345
 140  394
 141  394
 142  395
 146  395
 151  400
 151  401
 152  402
 152  404
 153  405
 153  408
 154  409
 154  411
 155  412
 155  414
 156  415
 156  416
 157  417
 157  418
 160  421
 160  422
 162  424
 162  425
 163  426
 163  427
 165  429
 165  430
 166  431
 166  432
 167  433
 167  435
 168  436
 168  437
 169  438
 169  439
 170  440
 170  442
 171  443
 171  445
 172  446
 172  447
 173  448
 173  449
 175  451
 175  452
 185  462
 186  462
 190  466
 191  466
 198  473
 199  473
 200  474
 201  474
 202  473
 222  473
 223  474
 223  475
 224  476
 224  477
 225  478
 225  480
 226  481
 226  483
 227  484
 227  488
 228  489
 228  491
 230  493
 230  496
 231  497
 231  500
 233  502
 233  504
 234  505
 234  507
 235  508
 235  509
 239  513
 240  513
 241  512
 241  511
 247  505
 264  505
 265  506
 266  506
 267  507
 267  510
 268  511
 268  512
 269  513
 269  514
 270  515
 270  516
 271  517
 271  518
 274  521
 275  521
 276  520
 276  511
 277  510
 277  508
 280  505
 281  505
 282  504
 300  504
 301  505
 303  505
 309  511
 310  511
 311  512
 311  513
 315  517
 315  518
 318  521
 318  522
 327  531
 328  531
 329  532
 330  532
 331  533
 333  533
 335  531
 334  530
 334  529
 333  528
 333  527
 329  523
 328  523
 325  520
 324  520
 321  517
 320  517
 318  515
 317  515
 314  512
 313  512
 309  508
 308  508
 293  493
 293  492
 292  491
 292  490
 290  488
 290  471
 291  470
 291  469
 293  467
 293  466
 298  461
 299  461
 300  460
 301  460
 302  459
 303  459
 305  457
 303  455
 303  454
 302  453
 301  453
 300  452
 300  451
 298  449
 298  433
 299  432
 299  430
 300  429
 300  428
 305  423
 306  423
 309  420
 309  419
 304  414
 303  414
 301  412
 300  412
 295  407
 295  389
 296  388
 296  386
 297  385
 297  383
 296  382
 296  381
 294  379
 293  379
 288  374
 287  374
 285  372
 284  372
 283  371
 282  371
 276  365
 276  364
 274  362
 274  361
 273  360
 273  359
 270  356
 270  341
 271  340
 279  340
 280  339
 283  339
 284  338
 286  338
 287  337
 288  337
 290  335
 291  335
 292  334
 293  334
 297  330
 297  329
 300  326
 300  325
 301  324
 301  323
 303  321
 303  320
 304  319
 304  318
 305  317
 305  316
 306  315
 306  314
 307  313
 307  312
 310  309
 310  307
 311  306
 311  305
 312  304
 312  303
 313  302
 313  298
 314  297
 314  295
 315  294
 315  293
 316  292
 316  290
 317  289
 317  288
 319  286
 319  284
 320  283
 320  275
 321  274
 321  271
 322  270
 322  267
 323  266
 323  261
 324  260
 324  257
 325  256
 325  254
 326  253
 326  246
 327  245
 327  238
 328  237
 328  236
 329  235
 329  233
 330  232
 330  228
 331  227
 331  226
 332  225
 332  224
 333  223
 333  216
 334  215
 334  212
 335  211
 335  210
 336  209
 336  207
 337  206
 337  202
 338  201
 338  200
 339  199
 339  196
 340  195
 340  186
 341  185
 341  179
 342  178
 342  176
 341  175
 341  170
 340  169
 340  166
 338  164
 338  163
 333  158
 332  158
 331  157
 330  157
 329  156
 327  156
 326  155
 322  155
 321  154
