 324  200
 323  201
 316  201
 315  202
 310  202
 309  203
 306  203
 305  204
 301  204
 300  205
 299  205
 298  206
 294  206
 293  207
 291  207
 290  208
 288  208
 287  209
 285  209
 284  210
 283  210
 282  211
 280  211
 279  212
 278  212
 277  213
 275  213
 274  214
 272  214
 271  215
 269  215
 268  216
 267  216
 266  217
 263  217
 262  218
 261  218
 260  219
 258  219
 257  220
 256  220
 255  221
 254  221
 253  222
 252  222
 251  223
 249  223
 248  224
 247  224
 246  225
 245  225
 244  226
 242  226
 241  227
 240  227
 239  228
 237  228
 236  229
 235  229
 234  230
 233  230
 232  231
 231  231
 230  232
 229  232
 227  234
 225  234
 224  235
 223  235
 222  236
 221  236
 220  237
 219  237
 215  241
 211  241
 210  242
 209  242
 208  243
 207  243
 206  244
 205  244
 204  245
 203  245
 202  246
 201  246
 200  247
 199  247
 197  249
 196  249
 195  250
 194  250
 193  251
 192  251
 191  252
 190  252
 188  254
 187  254
 186  255
 185  255
 184  256
 183  256
 182  257
 181  257
 180  258
 178  258
 177  259
 163  259
 155  267
 154  267
 149  272
 148  272
 147  273
 144  273
 143  274
 142  274
 140  276
 140  277
 139  278
 139  279
 135  283
 134  283
 132  285
 131  285
 129  287
 127  287
 125  289
 124  289
 123  290
 122  290
 122  291
 121  292
 121  327
 122  328
 129  328
 130  329
 130  345
 129  346
 129  347
 128  348
 128  350
 126  352
 124  352
 123  353
 123  359
 127  363
 127  364
 137  374
 137  375
 139  377
 139  378
 142  381
 142  382
 146  386
 146  387
 148  389
 148  390
 150  392
 150  393
 153  396
 153  397
 156  400
 156  401
 158  403
 158  404
 160  406
 160  407
 162  409
 162  410
 163  411
 163  412
 164  413
 164  414
 167  417
 167  418
 169  420
 169  421
 170  422
 170  423
 171  424
 171  425
 172  426
 172  427
 173  428
 173  429
 174  430
 174  433
 175  434
 175  436
 176  437
 176  441
 177  442
 177  448
 178  449
 178  451
 179  452
 179  455
 180  456
 180  459
 181  460
 181  461
 182  462
 182  463
 183  464
 183  465
 184  466
 184  467
 187  470
 187  471
 193  477
 194  477
 196  479
 197  479
 198  480
 198  481
 199  481
 200  482
 201  482
 202  483
 203  483
 204  484
 205  484
 206  485
 207  485
 208  486
 210  486
 211  487
 215  487
 216  488
 231  488
 232  487
 234  487
 235  486
 237  486
 238  485
 242  485
 243  484
 245  484
 246  483
 249  483
 250  482
 253  482
 254  481
 259  481
 260  480
 261  480
 263  478
 264  478
 265  477
 266  477
 268  475
 269  475
 271  473
 272  473
 279  466
 280  466
 281  465
 281  464
 284  461
 284  460
 285  459
 285  458
 286  457
 286  456
 287  455
 287  452
 288  451
 288  448
 289  447
 289  443
 290  442
 290  439
 291  438
 291  437
 292  436
 292  435
 293  434
 293  431
 294  430
 294  427
 293  426
 293  422
 292  421
 292  418
 291  417
 291  415
 290  414
 290  413
 289  412
 289  411
 288  410
 288  409
 286  407
 286  406
 283  403
 283  402
 279  398
 279  397
 276  394
 276  393
 270  387
 270  386
 264  380
 264  379
 262  377
 262  376
 260  374
 259  374
 257  372
 257  371
 253  367
 253  366
 251  364
 251  348
 252  347
 261  347
 261  342
 262  341
 276  341
 277  340
 283  340
 284  339
 286  339
 287  338
 288  338
 290  336
 293  336
 294  335
 295  335
 297  333
 298  333
 299  332
 301  332
 305  328
 307  328
 308  327
 309  327
 311  325
 312  325
 315  322
 316  322
 321  317
 322  317
 325  314
 325  313
 326  312
 326  311
 329  308
 329  307
 331  305
 331  304
 333  302
 333  301
 335  299
 335  298
 336  297
 336  296
 339  293
 339  291
 340  290
 340  288
 341  287
 341  286
 342  285
 342  283
 343  282
 343  280
 344  279
 344  278
 345  277
 345  276
 346  275
 346  273
 347  272
 347  269
 348  268
 348  266
 349  265
 349  263
 350  262
 350  260
 351  259
 351  257
 352  256
 352  253
 353  252
 353  250
 354  249
 354  248
 356  246
 356  243
 357  242
 357  236
 358  235
 358  232
 359  231
 359  224
 358  223
 358  220
 357  219
 357  217
 356  216
 356  213
 355  212
 355  211
 354  210
 354  209
 350  205
 349  205
 348  204
 347  204
 346  203
 345  203
 344  202
 342  202
 341  201
 337  201
 336  200
