 301  167
 300  168
 297  168
 296  169
 295  169
 293  171
 292  171
 290  173
 288  173
 287  174
 283  174
 282  175
 280  175
 279  176
 278  176
 277  177
 276  177
 274  179
 273  179
 272  180
 271  180
 270  181
 269  181
 268  182
 266  182
 259  189
 257  189
 251  195
 249  195
 248  196
 246  196
 245  197
 243  197
 237  203
 235  203
 228  210
 227  210
 220  217
 219  217
 211  225
 210  225
 204  231
 203  231
 202  232
 201  232
 200  233
 199  233
 194  238
 193  238
 184  247
 184  248
 183  249
 183  250
 181  252
 180  252
 177  255
 177  256
 172  261
 171  261
 168  264
 168  266
 162  272
 162  273
 161  274
 161  276
 160  277
 160  278
 156  282
 155  282
 154  283
 154  284
 153  285
 153  286
 152  287
 152  288
 147  293
 147  294
 146  295
 146  297
 145  298
 145  300
 144  301
 144  302
 140  306
 140  308
 142  310
 142  311
 143  312
 143  328
 142  329
 142  330
 141  331
 141  332
 139  334
 139  336
 138  337
 138  341
 137  342
 137  351
 136  352
 136  370
 137  371
 137  377
 138  378
 138  381
 139  382
 139  384
 140  385
 140  387
 141  388
 141  390
 142  391
 142  394
 143  395
 143  397
 144  398
 144  400
 145  401
 145  402
 146  403
 146  405
 147  406
 147  412
 148  413
 148  417
 149  418
 149  421
 150  422
 150  423
 151  424
 151  426
 152  427
 152  432
 153  433
 153  436
 154  437
 154  438
 155  439
 155  440
 157  442
 157  444
 158  445
 158  446
 159  447
 159  448
 161  450
 161  451
 162  452
 162  453
 164  455
 164  456
 166  458
 166  459
 168  461
 168  462
 171  465
 171  466
 173  468
 173  469
 175  471
 175  472
 177  474
 177  475
 178  476
 178  477
 179  478
 179  480
 180  481
 180  483
 181  484
 181  485
 182  486
 182  490
 183  491
 183  496
 184  497
 184  499
 185  500
 185  502
 186  503
 186  504
 187  505
 187  506
 188  507
 188  508
 189  509
 189  511
 190  512
 190  513
 193  516
 196  516
 197  517
 198  517
 199  518
 200  518
 202  520
 206  520
 207  519
 208  519
 209  518
 210  518
 211  517
 214  517
 215  516
 216  516
 218  514
 218  513
 219  512
 219  509
 220  508
 220  504
 221  503
 221  500
 222  499
 222  492
 223  491
 223  490
 224  489
 224  488
 226  486
 227  486
 229  484
 230  484
 235  479
 235  478
 238  475
 238  474
 239  473
 239  469
 240  468
 240  463
 241  462
 241  456
 242  455
 242  452
 243  451
 243  450
 245  448
 245  447
 246  446
 246  445
 248  443
 248  442
 249  441
 249  440
 250  439
 250  437
 251  436
 251  435
 252  434
 252  433
 253  432
 253  428
 254  427
 254  424
 255  423
 255  422
 256  421
 256  419
 258  417
 258  416
 259  415
 259  411
 260  410
 260  405
 261  404
 261  395
 260  394
 260  390
 259  389
 259  387
 256  384
 256  383
 255  382
 255  381
 252  378
 252  377
 249  374
 249  373
 248  372
 247  372
 240  365
 240  351
 241  350
 255  350
 256  349
 259  349
 260  348
 264  348
 265  347
 268  347
 272  343
 272  342
 273  341
 273  340
 276  337
 277  337
 277  336
 278  335
 278  334
 279  333
 279  331
 280  330
 280  328
 281  327
 281  325
 282  324
 282  323
 286  319
 286  318
 287  317
 287  315
 288  314
 288  307
 295  300
 295  294
 296  293
 296  285
 301  280
 301  279
 302  278
 302  276
 303  275
 303  268
 304  267
 304  262
 305  261
 305  260
 308  257
 308  256
 309  255
 309  254
 310  253
 310  252
 311  251
 311  245
 312  244
 312  242
 317  237
 317  236
 318  235
 318  234
 319  233
 319  229
 323  225
 324  225
 325  224
 325  223
 327  221
 327  219
 328  218
 328  216
 333  211
 333  210
 334  209
 334  208
 335  207
 335  205
 336  204
 336  202
 340  198
 340  197
 341  196
 341  195
 342  194
 342  193
 343  192
 343  182
 344  181
 344  174
 343  173
 343  171
 340  168
 339  168
 338  167
