 402   52
 401   53
 394   53
 393   54
 392   54
 391   55
 390   55
 388   57
 373   57
 372   58
 369   58
 368   59
 366   59
 365   60
 362   60
 361   61
 359   61
 358   62
 356   62
 355   63
 354   63
 353   64
 351   64
 350   65
 349   65
 348   66
 346   66
 345   67
 344   67
 343   68
 341   68
 340   69
 339   69
 338   70
 336   70
 335   71
 334   71
 333   72
 331   72
 330   73
 329   73
 328   74
 327   74
 326   75
 324   75
 323   76
 322   76
 321   77
 320   77
 319   78
 318   78
 317   79
 316   79
 315   80
 314   80
 313   81
 312   81
 311   82
 310   82
 309   83
 308   83
 307   84
 306   84
 305   85
 304   85
 303   86
 302   86
 301   87
 300   87
 299   88
 298   88
 296   90
 295   90
 294   91
 293   91
 291   93
 290   93
 289   94
 288   94
 286   96
 285   96
 283   98
 282   98
 280  100
 279  100
 277  102
 276  102
 274  104
 273  104
 271  106
 270  106
 268  108
 267  108
 264  111
 263  111
 261  113
 260  113
 257  116
 256  116
 253  119
 252  119
 248  123
 247  123
 243  127
 242  127
 237  132
 236  132
 232  136
 231  136
 222  145
 221  145
 221  146
 219  148
 218  148
 178  188
 178  189
 137  230
 137  231
 130  238
 130  239
 125  244
 125  245
 123  247
 123  248
 120  251
 120  252
 117  255
 117  256
 114  259
 114  260
 113  261
 113  262
 110  265
 110  266
 108  268
 108  269
 106  271
 106  272
 104  274
 104  275
 103  276
 103  277
  98  282
  98  283
  93  288
  93  289
  88  294
  88  295
  84  299
  84  300
  80  304
  80  305
  77  308
  77  309
  74  312
  74  313
  73  314
  73  315
  70  318
  70  321
  69  322
  69  324
  68  325
  68  326
  67  327
  67  330
  66  331
  66  334
  65  335
  65  336
  63  338
  62  338
  60  340
  60  353
  61  354
  69  354
  70  355
  70  369
  69  370
  68  370
  67  371
  66  371
  64  373
  64  374
  63  375
  63  377
  62  378
  62  383
  61  384
  61  394
  60  395
  60  403
  59  404
  59  410
  58  411
  58  416
  57  417
  57  419
  56  420
  53  420
  52  421
  52  461
  53  462
  53  465
  54  466
  54  467
  56  469
  56  471
  57  472
  57  473
  58  474
  58  475
  59  476
  59  477
  60  478
  60  480
  61  481
  61  482
  63  484
  63  486
  64  487
  64  488
  65  489
  65  490
  66  491
  66  492
  67  493
  67  495
  69  497
  69  498
  70  499
  70  501
  72  503
  72  504
  73  505
  73  506
  74  507
  74  508
  76  510
  76  511
  77  512
  77  514
  80  517
  80  518
  81  519
  81  520
  83  522
  83  524
  86  527
  86  528
  87  529
  87  530
  89  532
  89  533
  90  534
  90  535
  91  536
  91  537
  93  539
  93  540
  95  542
  95  543
  97  545
  97  546
 100  549
 100  551
 103  554
 103  555
 104  556
 104  557
 107  560
 107  561
 110  564
 110  565
 111  566
 111  567
 113  569
 113  570
 117  574
 117  575
 118  576
 118  577
 124  583
 124  584
 125  584
 126  585
 126  586
 130  590
 131  590
 136  595
 136  596
 137  597
 137  599
 138  600
 138  601
 139  602
 139  604
 140  605
 140  607
 141  608
 141  609
 144  612
 144  613
 151  620
 151  621
 162  632
 163  632
 165  634
 166  634
 172  628
 173  628
 174  627
 175  627
 176  626
 196  626
 197  625
 198  625
 199  624
 201  624
 204  621
 205  621
 206  620
 206  619
 216  609
 217  609
 218  608
 220  608
 221  607
 224  607
 225  606
 233  606
 234  605
 236  605
 237  604
 238  604
 239  603
 240  603
 244  599
 244  598
 246  596
 246  594
 247  593
 247  591
 248  590
 248  589
 249  588
 249  586
 250  585
 250  583
 255  578
 256  578
 257  577
 258  577
 259  576
 263  576
 264  575
 269  575
 270  574
 271  574
 272  573
 273  573
 277  569
 277  567
 278  566
 278  565
 279  564
 279  543
 280  542
 280  541
 282  539
 283  539
 284  538
 285  538
 286  537
 288  537
 289  536
 290  536
 292  534
 293  534
 297  530
 297  529
 299  527
 299  518
 298  517
 298  516
 297  515
 297  513
 296  512
 296  509
 295  508
 295  492
 300  487
 300  486
 299  485
 299  483
 298  482
 298  481
 297  480
 297  479
 296  478
 296  477
 294  475
 294  474
 293  473
 293  472
 290  469
 290  468
 287  465
 287  464
 283  460
 283  459
 280  456
 280  455
 273  448
 273  447
 267  441
 267  440
 266  439
 266  438
 260  432
 260  420
 245  420
 244  419
 243  419
 240  416
 240  402
 241  401
 259  401
 260  402
 264  402
 265  403
 267  403
 268  404
 270  404
 271  405
 271  417
 283  417
 284  416
 289  416
 290  415
 296  415
 296  412
 298  410
 300  410
 305  405
 306  405
 308  403
 309  403
 310  402
 312  402
 313  401
 314  401
 315  400
 316  400
 321  395
 321  394
 323  392
 323  391
 329  385
 329  384
 330  383
 330  382
 331  381
 331  380
 332  379
 332  377
 333  376
 333  374
 334  373
 334  371
 335  370
 335  369
 336  368
 336  367
 337  366
 337  365
 346  356
 346  355
 349  352
 349  351
 350  350
 350  349
 353  346
 353  345
 354  344
 354  342
 355  341
 355  340
 356  339
 356  337
 357  336
 357  332
 358  331
 358  326
 359  325
 359  319
 360  318
 360  315
 361  314
 361  313
 362  312
 362  311
 363  310
 363  308
 364  307
 364  305
 365  304
 365  303
 366  302
 366  299
 367  298
 367  293
 368  292
 368  290
 369  289
 369  287
 370  286
 370  281
 371  280
 371  276
 372  275
 372  272
 373  271
 373  266
 374  265
 374  263
 376  261
 376  259
 377  258
 377  256
 378  255
 378  253
 379  252
 379  249
 380  248
 380  244
 381  243
 381  241
 382  240
 382  238
 383  237
 383  232
 384  231
 384  225
 385  224
 385  223
 386  222
 386  220
 387  219
 387  217
 389  215
 389  214
 390  213
 390  212
 392  210
 392  209
 393  208
 393  207
 394  206
 394  204
 395  203
 395  202
 396  201
 396  200
 397  199
 397  198
 398  197
 398  196
 400  194
 400  192
 401  191
 401  189
 402  188
 402  186
 403  185
 403  183
 404  182
 404  180
 405  179
 405  178
 406  177
 406  176
 407  175
 407  174
 409  172
 409  171
 410  170
 410  168
 411  167
 411  165
 412  164
 412  162
 413  161
 413  158
 414  157
 414  154
 415  153
 415  152
 416  151
 416  149
 417  148
 417  144
 418  143
 418  142
 419  141
 419  140
 420  139
 420  137
 421  136
 421  134
 423  132
 423  130
 424  129
 424  126
 425  125
 425  123
 426  122
 426  119
 427  118
 427  108
 428  107
 428   65
 427   64
 427   62
 422   57
 421   57
 420   56
 419   56
 418   55
 415   55
 414   54
 412   54
 411   53
 404   53
 403   52
