 323  179
 322  180
 318  180
 317  181
 316  181
 315  182
 312  182
 311  183
 309  183
 308  184
 306  184
 305  185
 304  185
 303  186
 302  186
 301  187
 299  187
 298  188
 297  188
 296  189
 295  189
 294  190
 292  190
 291  191
 290  191
 289  192
 288  192
 287  193
 286  193
 285  194
 284  194
 283  195
 282  195
 281  196
 280  196
 278  198
 277  198
 276  199
 275  199
 274  200
 273  200
 272  201
 271  201
 270  202
 269  202
 268  203
 267  203
 266  204
 265  204
 264  205
 263  205
 262  206
 261  206
 260  207
 259  207
 258  208
 257  208
 256  209
 254  209
 253  210
 252  210
 251  211
 250  211
 249  212
 248  212
 246  214
 245  214
 244  215
 242  215
 241  216
 240  216
 238  218
 237  218
 236  219
 235  219
 234  220
 233  220
 231  222
 230  222
 229  223
 228  223
 227  224
 226  224
 224  226
 223  226
 222  227
 221  227
 218  230
 217  230
 215  232
 214  232
 210  236
 209  236
 208  237
 207  237
 207  238
 206  239
 205  239
 203  241
 202  241
 201  242
 200  242
 199  243
 198  243
 197  244
 197  245
 196  246
 195  246
 193  248
 192  248
 190  250
 189  250
 186  253
 185  253
 185  254
 184  255
 183  255
 182  256
 181  256
 175  262
 174  262
 169  267
 168  267
 168  268
 167  269
 166  269
 162  273
 161  273
 161  274
 159  276
 158  276
 155  279
 154  279
 152  281
 151  281
 150  282
 149  282
 147  284
 146  284
 145  285
 144  285
 143  286
 142  286
 141  287
 140  287
 139  288
 138  288
 137  289
 132  289
 131  290
 130  290
 129  291
 128  291
 126  293
 125  293
 123  295
 123  296
 122  297
 122  299
 121  300
 121  318
 123  320
 126  320
 127  321
 127  336
 126  337
 126  342
 125  343
 125  352
 124  353
 124  360
 123  361
 121  361
 119  363
 119  392
 121  394
 138  394
 141  397
 141  398
 142  399
 142  400
 143  401
 143  402
 144  403
 144  404
 146  406
 146  407
 149  410
 149  411
 151  413
 151  414
 152  415
 152  416
 153  417
 153  418
 154  419
 154  420
 155  421
 155  423
 156  424
 156  425
 157  426
 157  427
 158  428
 158  429
 159  430
 159  432
 160  433
 160  434
 161  435
 161  436
 162  437
 162  438
 163  439
 163  441
 164  442
 164  443
 165  444
 165  446
 166  447
 166  456
 167  457
 167  465
 168  466
 168  470
 169  471
 169  473
 170  474
 170  476
 171  477
 171  478
 179  486
 179  487
 181  489
 181  490
 184  493
 184  494
 191  501
 192  501
 194  503
 195  503
 196  504
 197  504
 199  506
 201  506
 202  507
 204  507
 205  508
 208  508
 209  509
 214  509
 215  510
 216  509
 222  509
 223  508
 229  508
 230  507
 233  507
 234  506
 235  506
 236  505
 238  505
 239  504
 241  504
 242  503
 243  503
 244  502
 245  502
 246  501
 247  501
 248  500
 249  500
 250  499
 251  499
 252  498
 253  498
 254  497
 255  497
 256  496
 257  496
 258  495
 259  495
 261  493
 262  493
 265  490
 266  490
 267  489
 267  488
 268  487
 269  487
 273  483
 273  482
 279  476
 279  475
 283  471
 283  470
 284  469
 284  468
 286  466
 286  465
 287  464
 287  463
 288  462
 288  461
 289  460
 289  459
 290  458
 290  456
 291  455
 291  453
 292  452
 292  451
 293  450
 293  448
 294  447
 294  445
 295  444
 295  442
 296  441
 296  439
 297  438
 297  435
 298  434
 298  416
 297  415
 297  411
 296  410
 296  407
 295  406
 295  404
 294  403
 294  402
 293  401
 293  400
 289  396
 289  395
 285  391
 285  390
 281  386
 281  385
 279  383
 279  382
 272  375
 272  374
 270  372
 270  357
 271  356
 272  356
 272  351
 273  350
 274  350
 275  349
 285  349
 286  348
 290  348
 291  347
 293  347
 294  346
 295  346
 297  344
 298  344
 301  341
 302  341
 304  339
 305  339
 308  336
 309  336
 310  335
 312  335
 313  334
 314  334
 314  333
 321  326
 322  326
 323  325
 323  324
 324  323
 324  322
 329  317
 329  316
 334  311
 334  310
 336  308
 336  307
 338  305
 338  304
 339  303
 339  302
 340  301
 340  300
 341  299
 341  298
 342  297
 342  296
 343  295
 343  294
 344  293
 344  291
 345  290
 345  289
 346  288
 346  287
 347  286
 347  285
 348  284
 348  282
 349  281
 349  280
 350  279
 350  278
 351  277
 351  275
 352  274
 352  271
 353  270
 353  267
 354  266
 354  263
 355  262
 355  258
 356  257
 356  253
 357  252
 357  249
 358  248
 358  244
 359  243
 359  240
 360  239
 360  235
 361  234
 361  229
 362  228
 362  223
 361  222
 361  217
 360  216
 360  212
 359  211
 359  207
 358  206
 358  205
 356  203
 356  202
 355  201
 355  200
 354  199
 354  198
 352  196
 352  195
 351  194
 351  193
 349  191
 349  190
 341  182
 340  182
 339  181
 338  181
 337  180
 334  180
 333  179
