 323  131
 322  132
 315  132
 314  133
 312  133
 311  134
 308  134
 307  135
 304  135
 303  136
 301  136
 300  137
 298  137
 297  138
 295  138
 294  139
 293  139
 292  140
 291  140
 290  141
 288  141
 287  142
 286  142
 285  143
 284  143
 283  144
 282  144
 281  145
 280  145
 279  146
 278  146
 277  147
 276  147
 275  148
 274  148
 272  150
 271  150
 270  151
 269  151
 268  152
 267  152
 266  153
 265  153
 263  155
 262  155
 261  156
 260  156
 258  158
 257  158
 256  159
 255  159
 253  161
 252  161
 250  163
 249  163
 247  165
 246  165
 244  167
 243  167
 240  170
 239  170
 236  173
 235  173
 232  176
 231  176
 228  179
 227  179
 223  183
 222  183
 218  187
 217  187
 213  191
 212  191
 208  195
 207  195
 202  200
 201  200
 196  205
 195  205
 191  209
 190  209
 183  216
 182  216
 174  224
 173  224
 164  233
 164  234
 154  244
 153  244
 149  248
 149  249
 141  257
 141  258
 140  259
 140  260
 137  263
 137  264
 136  265
 136  266
 133  269
 133  270
 131  272
 131  273
 129  275
 129  276
 127  278
 127  279
 124  282
 124  283
 123  284
 123  285
 120  288
 120  289
 117  292
 117  313
 118  314
 123  314
 124  315
 124  329
 122  331
 122  332
 120  334
 114  334
 112  336
 112  343
 113  344
 113  345
 116  348
 116  350
 117  351
 117  353
 118  354
 118  355
 119  356
 119  357
 120  358
 120  360
 121  361
 121  362
 122  363
 122  364
 123  365
 123  367
 124  368
 124  369
 126  371
 126  372
 127  373
 127  376
 129  378
 129  379
 130  380
 130  382
 131  383
 131  384
 132  385
 132  386
 133  387
 133  388
 134  389
 134  391
 136  393
 136  394
 137  395
 137  397
 138  398
 138  399
 140  401
 140  403
 141  404
 141  405
 143  407
 143  408
 144  409
 144  411
 146  413
 146  414
 147  415
 147  416
 148  417
 148  418
 150  420
 150  422
 151  423
 151  425
 153  427
 153  430
 154  431
 154  433
 155  434
 155  435
 156  436
 156  437
 157  438
 157  441
 158  442
 158  443
 159  444
 159  446
 160  447
 160  451
 161  452
 161  454
 162  455
 162  456
 163  457
 163  458
 164  459
 164  460
 165  461
 165  462
 167  464
 167  465
 171  469
 172  469
 174  471
 175  471
 176  472
 177  472
 178  473
 179  473
 181  475
 182  475
 184  477
 185  477
 190  482
 190  483
 191  484
 191  501
 192  502
 192  505
 193  506
 193  509
 194  510
 194  512
 195  513
 195  514
 196  515
 196  516
 197  517
 197  519
 203  525
 204  525
 205  526
 208  523
 208  522
 209  521
 209  520
 212  517
 213  517
 214  516
 215  516
 216  515
 236  515
 237  516
 237  517
 238  518
 238  521
 239  522
 239  525
 240  526
 240  528
 241  529
 241  530
 245  534
 247  532
 247  531
 248  530
 248  525
 249  524
 249  521
 250  520
 250  519
 253  516
 254  516
 255  515
 256  515
 257  514
 276  514
 277  515
 278  515
 284  521
 284  522
 285  523
 285  524
 287  526
 287  528
 288  529
 288  530
 290  532
 290  533
 291  534
 291  536
 293  538
 293  539
 294  540
 294  541
 296  543
 296  544
 297  545
 297  548
 298  549
 298  552
 299  553
 300  553
 301  554
 302  554
 303  555
 305  555
 306  556
 309  556
 309  555
 310  554
 310  545
 309  544
 309  541
 308  540
 308  539
 307  538
 307  537
 305  535
 304  535
 295  526
 294  526
 288  520
 287  520
 286  519
 286  518
 285  517
 284  517
 283  516
 283  515
 280  512
 280  511
 276  507
 276  506
 273  503
 273  501
 272  500
 272  483
 273  482
 273  479
 274  478
 274  477
 276  475
 276  474
 277  473
 278  473
 280  471
 286  471
 287  470
 289  470
 291  468
 291  467
 290  466
 290  464
 289  463
 289  462
 283  456
 283  454
 282  453
 282  434
 283  433
 283  430
 284  429
 284  428
 288  424
 289  424
 290  423
 291  423
 294  420
 293  419
 293  417
 289  413
 288  413
 285  410
 284  410
 275  401
 275  400
 273  398
 273  396
 272  395
 272  379
 273  378
 273  376
 274  375
 274  374
 277  371
 278  371
 279  370
 279  369
 277  367
 277  366
 274  363
 274  362
 265  353
 264  353
 259  348
 259  347
 257  345
 257  331
 258  330
 271  330
 272  329
 279  329
 279  326
 280  325
 283  325
 285  323
 287  323
 288  322
 290  322
 291  321
 295  321
 296  320
 301  320
 306  315
 306  314
 307  313
 308  313
 309  312
 309  311
 311  309
 311  308
 313  306
 313  305
 316  302
 316  301
 317  300
 317  299
 319  297
 319  296
 320  295
 320  294
 323  291
 323  290
 325  288
 325  287
 327  285
 327  284
 329  282
 329  281
 330  280
 330  279
 333  276
 333  274
 336  271
 336  270
 337  269
 337  268
 339  266
 339  264
 340  263
 340  261
 341  260
 341  258
 342  257
 342  256
 343  255
 343  252
 344  251
 344  250
 346  248
 346  246
 347  245
 347  244
 348  243
 348  242
 349  241
 349  240
 350  239
 350  237
 351  236
 351  235
 352  234
 352  232
 353  231
 353  228
 354  227
 354  225
 355  224
 355  223
 356  222
 356  221
 357  220
 357  218
 359  216
 359  214
 360  213
 360  207
 361  206
 361  204
 362  203
 362  201
 363  200
 363  194
 364  193
 364  188
 365  187
 365  186
 366  185
 366  183
 367  182
 367  173
 368  172
 368  159
 367  158
 367  152
 366  151
 366  148
 365  147
 365  146
 364  145
 364  144
 363  143
 363  141
 362  140
 362  139
 359  136
 358  136
 357  135
 356  135
 355  134
 354  134
 353  133
 351  133
 350  132
 342  132
 341  131
