 342  174
 341  175
 334  175
 333  176
 326  176
 325  177
 322  177
 321  178
 317  178
 316  179
 313  179
 312  180
 309  180
 308  181
 305  181
 304  182
 303  182
 302  183
 299  183
 298  184
 297  184
 296  185
 294  185
 293  186
 292  186
 291  187
 289  187
 288  188
 287  188
 286  189
 284  189
 283  190
 282  190
 281  191
 280  191
 279  192
 277  192
 276  193
 275  193
 274  194
 272  194
 271  195
 270  195
 269  196
 268  196
 267  197
 266  197
 265  198
 264  198
 263  199
 262  199
 261  200
 259  200
 258  201
 257  201
 256  202
 254  202
 253  203
 252  203
 251  204
 250  204
 249  205
 248  205
 247  206
 246  206
 245  207
 243  207
 242  208
 241  208
 240  209
 238  209
 236  211
 235  211
 234  212
 232  212
 231  213
 230  213
 229  214
 228  214
 226  216
 225  216
 224  217
 223  217
 222  218
 221  218
 220  219
 219  219
 218  220
 217  220
 215  222
 214  222
 213  223
 212  223
 211  224
 210  224
 209  225
 208  225
 206  227
 205  227
 204  228
 203  228
 202  229
 201  229
 200  230
 199  230
 197  232
 196  232
 195  233
 194  233
 193  234
 192  234
 190  236
 189  236
 188  237
 187  237
 186  238
 185  238
 183  240
 182  240
 180  242
 179  242
 178  243
 177  243
 175  245
 174  245
 173  246
 172  246
 170  248
 169  248
 167  250
 166  250
 164  252
 163  252
 162  253
 161  253
 159  255
 158  255
 155  258
 154  258
 152  260
 151  260
 150  261
 149  261
 147  263
 146  263
 144  265
 143  265
 142  266
 141  266
 139  268
 138  268
 137  269
 136  269
 135  270
 130  270
 129  271
 126  271
 125  272
 124  272
 123  273
 122  273
 121  274
 120  274
 118  276
 117  276
 115  278
 114  278
 112  280
 111  280
 108  283
 108  284
 107  285
 107  319
 108  320
 122  320
 123  321
 123  335
 121  337
 120  337
 119  338
 118  338
 116  340
 116  341
 115  342
 115  343
 114  344
 114  346
 113  347
 113  350
 112  351
 112  353
 110  355
 109  355
 109  360
 111  362
 111  363
 114  366
 114  367
 118  371
 118  373
 121  376
 121  377
 122  378
 122  379
 124  381
 124  382
 125  383
 125  384
 127  386
 127  387
 128  388
 128  389
 129  390
 129  391
 131  393
 131  394
 132  395
 132  396
 133  397
 133  398
 134  399
 134  400
 135  401
 135  402
 136  403
 136  404
 137  405
 137  406
 138  407
 138  408
 140  410
 140  411
 141  412
 141  413
 143  415
 143  417
 144  418
 144  420
 145  421
 145  423
 146  424
 146  425
 147  426
 147  427
 149  429
 149  431
 150  432
 150  433
 151  434
 151  439
 152  440
 152  444
 153  445
 153  447
 154  448
 154  455
 155  456
 155  461
 156  462
 156  465
 157  466
 157  471
 158  472
 158  478
 159  479
 159  480
 160  481
 160  482
 161  483
 161  484
 162  485
 162  486
 164  488
 164  489
 165  490
 165  491
 168  494
 168  495
 176  503
 177  503
 179  505
 180  505
 182  507
 183  507
 184  508
 186  508
 187  509
 191  509
 192  510
 196  510
 197  511
 201  511
 202  512
 208  512
 209  513
 213  513
 214  512
 219  512
 220  511
 222  511
 223  510
 226  510
 227  509
 231  509
 232  508
 234  508
 235  507
 238  507
 239  506
 240  506
 241  505
 243  505
 245  503
 246  503
 248  501
 249  501
 250  500
 251  500
 254  497
 255  497
 256  496
 257  496
 258  495
 259  495
 260  494
 261  494
 262  493
 263  493
 265  491
 266  491
 268  489
 269  489
 271  487
 271  486
 276  481
 276  480
 277  479
 277  478
 278  477
 278  476
 279  475
 279  474
 280  473
 280  472
 281  471
 281  470
 282  469
 282  468
 283  467
 283  466
 284  465
 284  464
 285  463
 285  462
 287  460
 287  459
 288  458
 288  457
 291  454
 291  450
 292  449
 292  446
 293  445
 293  441
 294  440
 294  431
 295  430
 295  419
 294  418
 294  414
 293  413
 293  412
 291  410
 291  409
 290  408
 290  406
 289  405
 289  403
 288  402
 288  401
 287  400
 287  398
 286  397
 286  396
 283  393
 283  391
 280  388
 280  387
 279  386
 279  385
 276  382
 276  381
 273  378
 272  378
 271  377
 271  376
 270  375
 270  374
 263  367
 262  367
 259  364
 259  350
 260  349
 263  349
 263  346
 264  345
 269  345
 270  344
 272  344
 273  343
 276  343
 277  342
 284  342
 285  341
 288  341
 289  340
 290  340
 292  338
 293  338
 294  337
 295  337
 297  335
 300  335
 301  334
 302  334
 305  331
 305  330
 306  329
 307  329
 308  328
 309  328
 310  327
 311  327
 313  325
 314  325
 318  321
 319  321
 320  320
 321  320
 322  319
 323  319
 329  313
 330  313
 330  312
 333  309
 333  308
 334  307
 334  306
 337  303
 337  301
 338  300
 338  299
 341  296
 342  296
 343  295
 343  294
 344  293
 344  292
 345  291
 345  290
 347  288
 347  287
 348  286
 348  285
 349  284
 349  283
 350  282
 350  280
 352  278
 352  277
 354  275
 354  274
 355  273
 355  272
 357  270
 357  265
 358  264
 358  263
 359  262
 359  261
 360  260
 360  258
 361  257
 361  255
 362  254
 362  252
 363  251
 363  249
 364  248
 364  244
 366  242
 366  241
 367  240
 367  239
 368  238
 368  233
 369  232
 369  231
 370  230
 370  229
 371  228
 371  226
 372  225
 372  222
 373  221
 373  215
 374  214
 374  204
 373  203
 373  201
 372  200
 372  199
 371  198
 371  196
 370  195
 370  194
 368  192
 368  191
 367  190
 367  189
 366  188
 366  187
 364  185
 364  184
 359  179
 358  179
 357  178
 356  178
 355  177
 353  177
 352  176
 348  176
 347  175
 344  175
 343  174
