 390   31
 389   32
 379   32
 378   33
 374   33
 373   34
 368   34
 367   35
 365   35
 364   36
 361   36
 360   37
 357   37
 356   38
 355   38
 354   39
 351   39
 350   40
 349   40
 348   41
 346   41
 345   42
 344   42
 343   43
 342   43
 341   44
 340   44
 339   45
 338   45
 337   46
 336   46
 335   47
 334   47
 333   48
 331   48
 329   50
 328   50
 327   51
 326   51
 325   52
 324   52
 323   53
 322   53
 321   54
 320   54
 319   55
 318   55
 317   56
 316   56
 315   57
 314   57
 313   58
 312   58
 311   59
 310   59
 308   61
 307   61
 306   62
 305   62
 303   64
 302   64
 301   65
 300   65
 298   67
 297   67
 296   68
 295   68
 293   70
 292   70
 290   72
 289   72
 287   74
 286   74
 284   76
 283   76
 281   78
 280   78
 277   81
 276   81
 274   83
 273   83
 270   86
 269   86
 266   89
 265   89
 262   92
 261   92
 256   97
 255   97
 249  103
 248  103
 241  110
 240  110
 230  120
 229  120
 215  134
 215  135
 201  149
 201  150
 195  156
 195  157
 190  162
 190  163
 183  170
 183  171
 175  179
 175  180
 168  187
 168  188
 161  195
 161  196
 155  202
 155  203
 146  212
 146  213
 139  220
 139  221
 136  224
 136  225
 133  228
 133  229
 131  231
 131  232
 128  235
 128  236
 127  237
 127  238
 125  240
 125  241
 122  244
 122  245
 119  248
 119  249
 118  250
 118  251
 116  253
 116  254
 115  255
 115  256
 114  257
 114  258
 111  261
 111  262
 109  264
 109  265
 106  268
 106  269
 104  271
 104  272
 101  275
 101  276
  99  278
  99  279
  97  281
  97  282
  95  284
  95  285
  92  288
  92  289
  91  290
  91  291
  89  293
  89  294
  88  295
  88  296
  87  297
  87  298
  85  300
  85  302
  83  304
  83  305
  81  307
  81  308
  78  311
  78  312
  75  315
  75  316
  74  317
  74  318
  71  321
  71  322
  69  324
  69  325
  68  326
  68  327
  67  328
  67  329
  66  330
  66  331
  65  332
  65  334
  64  335
  64  336
  63  337
  63  338
  62  339
  62  341
  61  342
  61  344
  60  345
  60  346
  59  347
  59  348
  58  349
  58  351
  56  353
  53  353
  52  354
  52  355
  51  356
  51  386
  53  388
  66  388
  68  390
  68  404
  67  405
  66  405
  65  406
  63  406
  62  407
  61  407
  58  410
  58  411
  56  413
  56  414
  55  415
  46  415
  45  416
  45  448
  46  449
  46  450
  47  451
  47  454
  48  455
  48  458
  49  459
  49  460
  50  461
  50  462
  51  463
  51  464
  52  465
  52  466
  53  467
  53  468
  54  469
  54  470
  55  471
  55  472
  56  473
  56  474
  57  475
  57  477
  58  478
  58  479
  59  480
  59  482
  60  483
  60  484
  61  485
  61  488
  62  489
  62  491
  63  492
  63  493
  64  494
  64  495
  65  496
  65  497
  67  499
  67  501
  68  502
  68  504
  69  505
  69  507
  70  508
  70  509
  71  510
  71  512
  73  514
  73  515
  74  516
  74  517
  75  518
  75  519
  76  520
  76  521
  77  522
  77  523
  78  524
  78  526
  80  528
  80  529
  81  530
  81  531
  83  533
  83  534
  85  536
  85  537
  88  540
  88  541
  89  542
  89  543
  92  546
  92  547
  93  548
  93  549
  95  551
  95  552
  96  553
  96  554
  98  556
  98  557
  99  558
  99  559
 102  562
 102  563
 104  565
 104  566
 108  570
 108  571
 110  573
 110  574
 112  576
 112  577
 115  580
 115  581
 125  591
 125  592
 126  593
 127  593
 128  594
 128  595
 129  595
 137  603
 138  603
 142  607
 143  607
 145  609
 146  609
 148  611
 149  611
 150  612
 151  612
 152  613
 153  613
 155  615
 156  615
 157  616
 158  616
 160  618
 161  618
 164  621
 164  622
 165  623
 165  624
 169  628
 169  629
 172  632
 172  633
 173  634
 173  635
 174  636
 174  637
 175  638
 175  639
 176  640
 176  641
 178  643
 178  644
 183  649
 183  650
 186  653
 187  653
 188  654
 189  654
 190  655
 191  655
 192  656
 193  656
 195  654
 196  654
 197  653
 197  652
 204  645
 205  645
 207  643
 208  643
 209  642
 210  642
 211  641
 212  641
 213  640
 229  640
 230  641
 232  641
 233  642
 234  642
 235  643
 237  643
 238  644
 239  644
 240  645
 245  645
 246  644
 247  644
 249  642
 250  642
 251  641
 251  640
 252  639
 252  638
 253  637
 253  635
 254  634
 254  632
 255  631
 255  630
 256  629
 256  628
 257  627
 258  627
 260  625
 262  625
 263  624
 264  624
 265  623
 267  623
 268  622
 270  622
 271  621
 291  621
 295  617
 295  615
 296  614
 295  613
 295  611
 294  610
 294  609
 292  607
 292  606
 291  605
 291  604
 290  603
 290  587
 291  586
 291  583
 292  582
 292  579
 294  577
 294  576
 296  574
 297  574
 298  573
 299  573
 300  572
 306  572
 307  571
 308  571
 309  570
 310  570
 311  569
 311  568
 312  567
 312  565
 313  564
 313  563
 312  562
 312  557
 311  556
 311  553
 310  552
 310  551
 308  549
 308  548
 305  545
 305  544
 304  543
 304  524
 305  523
 305  520
 306  519
 306  518
 308  516
 308  515
 318  505
 318  502
 317  501
 317  499
 316  498
 316  497
 315  496
 315  495
 314  494
 314  493
 311  490
 311  489
 308  486
 308  485
 303  480
 303  479
 301  477
 301  474
 300  473
 300  470
 299  469
 299  460
 298  459
 298  455
 295  452
 295  451
 294  450
 294  449
 293  448
 292  448
 291  447
 291  446
 289  444
 288  444
 284  440
 283  440
 281  438
 280  438
 278  436
 277  436
 275  434
 274  434
 273  433
 272  433
 271  432
 270  432
 267  429
 266  429
 263  426
 262  426
 261  425
 260  425
 257  422
 256  422
 253  419
 253  405
 254  404
 273  404
 274  403
 279  403
 280  402
 281  402
 282  401
 284  401
 285  400
 287  400
 288  399
 290  399
 291  398
 293  398
 294  397
 296  397
 297  396
 300  396
 301  395
 303  395
 304  394
 305  394
 309  390
 309  389
 310  388
 311  388
 313  386
 313  385
 314  384
 314  382
 315  381
 315  380
 317  378
 317  377
 320  374
 320  373
 324  369
 324  366
 325  365
 325  364
 327  362
 327  361
 328  360
 328  359
 333  354
 333  353
 347  339
 347  338
 350  335
 350  334
 351  333
 351  331
 352  330
 352  329
 353  328
 353  327
 354  326
 354  324
 355  323
 355  320
 356  319
 356  317
 357  316
 357  314
 358  313
 358  308
 359  307
 359  306
 361  304
 361  303
 364  300
 364  299
 368  295
 368  294
 371  291
 371  290
 374  287
 374  286
 375  285
 375  284
 376  283
 376  282
 377  281
 377  280
 378  279
 378  276
 379  275
 379  272
 380  271
 380  269
 381  268
 381  263
 382  262
 382  258
 383  257
 383  255
 384  254
 384  252
 385  251
 385  249
 387  247
 387  246
 388  245
 388  244
 390  242
 390  241
 391  240
 391  239
 392  238
 392  237
 394  235
 394  233
 395  232
 395  230
 396  229
 396  228
 397  227
 397  225
 398  224
 398  220
 399  219
 399  214
 400  213
 400  209
 401  208
 401  203
 402  202
 402  199
 404  197
 404  196
 405  195
 405  194
 406  193
 406  192
 408  190
 408  188
 409  187
 409  186
 411  184
 411  181
 412  180
 412  177
 413  176
 413  173
 414  172
 414  167
 415  166
 415  159
 416  158
 416  157
 417  156
 417  155
 418  154
 418  152
 419  151
 419  150
 421  148
 421  147
 422  146
 422  144
 423  143
 423  142
 424  141
 424  139
 425  138
 425  136
 426  135
 426  134
 427  133
 427  131
 428  130
 428  125
 429  124
 429  114
 430  113
 430  110
 431  109
 431  107
 432  106
 432  102
 433  101
 433   96
 434   95
 434   89
 435   88
 435   77
 436   76
 436   66
 435   65
 435   54
 434   53
 434   50
 433   49
 433   48
 432   47
 432   45
 431   44
 431   43
 429   41
 429   40
 424   35
 422   35
 421   34
 418   34
 417   33
 410   33
 409   32
 393   32
 392   31
