 348   94
 347   95
 341   95
 340   96
 335   96
 334   97
 332   97
 331   98
 328   98
 327   99
 325   99
 324  100
 322  100
 321  101
 320  101
 319  102
 318  102
 317  103
 315  103
 314  104
 313  104
 312  105
 311  105
 310  106
 309  106
 308  107
 307  107
 306  108
 305  108
 304  109
 303  109
 301  111
 300  111
 299  112
 298  112
 297  113
 296  113
 294  115
 293  115
 292  116
 291  116
 289  118
 288  118
 286  120
 285  120
 282  123
 281  123
 279  125
 278  125
 276  127
 275  127
 273  129
 272  129
 269  132
 268  132
 265  135
 264  135
 261  138
 260  138
 257  141
 256  141
 250  147
 249  147
 220  176
 220  177
 213  184
 213  185
 209  189
 209  190
 202  197
 202  198
 199  201
 199  202
 193  208
 193  209
 189  213
 189  214
 187  216
 186  216
 184  218
 183  218
 182  219
 180  219
 179  220
 177  220
 176  221
 174  221
 173  222
 172  222
 170  224
 169  224
 167  226
 168  227
 168  242
 166  244
 166  245
 165  246
 165  247
 162  250
 162  251
 159  254
 159  255
 158  256
 158  257
 156  259
 156  260
 155  261
 155  262
 152  265
 152  267
 149  270
 149  271
 147  273
 147  274
 145  276
 145  277
 142  280
 142  282
 139  285
 139  286
 137  288
 137  289
 135  291
 135  292
 132  295
 132  296
 131  297
 131  298
 129  300
 129  301
 128  302
 128  304
 125  307
 125  309
 123  311
 123  312
 122  313
 122  315
 120  317
 120  318
 119  319
 119  320
 118  321
 118  323
 116  325
 116  326
 115  327
 115  329
 114  330
 114  331
 112  333
 112  335
 111  336
 111  338
 110  339
 110  340
 109  341
 109  343
 108  344
 108  346
 107  347
 107  348
 106  349
 106  352
 105  353
 105  359
 104  360
 104  363
 106  365
 108  365
 109  366
 109  380
 108  381
 108  382
 107  383
 107  384
 106  385
 106  388
 105  389
 105  395
 104  396
 104  397
 103  398
  98  398
  97  399
  97  438
  98  439
  98  440
  99  441
  99  445
 100  446
 100  449
 101  450
 101  453
 102  454
 102  455
 104  457
 104  458
 105  459
 105  461
 106  462
 106  463
 107  464
 107  465
 108  466
 108  468
 109  469
 109  470
 110  471
 110  472
 111  473
 111  474
 112  475
 112  476
 113  477
 113  478
 114  479
 114  480
 115  481
 115  482
 116  483
 116  484
 118  486
 118  487
 120  489
 120  490
 122  492
 122  493
 123  494
 123  495
 125  497
 125  498
 128  501
 128  502
 131  505
 131  506
 134  509
 134  510
 136  512
 136  513
 139  516
 139  517
 142  520
 142  521
 146  525
 146  526
 150  530
 150  531
 153  534
 153  535
 168  550
 169  550
 172  553
 173  553
 176  556
 177  556
 179  558
 180  558
 181  559
 182  559
 186  563
 186  564
 188  566
 188  568
 189  569
 189  570
 191  572
 191  573
 192  574
 192  576
 193  577
 193  578
 195  580
 195  582
 196  583
 196  584
 197  585
 197  586
 199  588
 199  589
 202  592
 203  592
 204  593
 205  593
 206  594
 207  593
 209  593
 210  592
 211  592
 213  590
 214  590
 215  589
 216  589
 218  587
 219  587
 220  586
 221  586
 222  585
 223  585
 224  584
 225  584
 226  583
 227  583
 228  582
 230  582
 231  581
 232  581
 233  580
 234  580
 236  578
 237  578
 242  573
 242  572
 247  567
 248  567
 251  564
 252  564
 253  563
 254  563
 255  562
 257  562
 258  561
 259  561
 260  560
 262  560
 268  554
 268  552
 269  551
 269  549
 270  548
 270  546
 271  545
 271  544
 279  536
 280  536
 283  533
 284  533
 285  532
 285  531
 288  528
 288  527
 289  526
 289  524
 290  523
 290  521
 291  520
 291  510
 292  509
 292  505
 293  504
 293  503
 294  502
 294  501
 295  500
 295  499
 298  496
 298  495
 303  490
 303  489
 305  487
 305  480
 304  479
 304  478
 303  477
 303  476
 302  475
 302  473
 301  472
 301  449
 299  447
 299  446
 298  445
 298  444
 296  442
 296  441
 288  433
 288  432
 287  431
 286  431
 276  421
 275  421
 269  415
 268  415
 261  408
 260  408
 256  404
 255  404
 253  402
 252  402
 248  398
 248  383
 249  382
 283  382
 284  381
 298  381
 299  380
 304  380
 305  379
 307  379
 311  375
 311  374
 312  373
 312  372
 313  371
 313  370
 315  368
 315  367
 317  365
 319  365
 320  364
 320  363
 321  362
 321  360
 322  359
 322  354
 323  353
 323  350
 324  349
 324  346
 325  345
 325  344
 328  341
 328  340
 329  339
 329  338
 332  335
 332  333
 333  332
 333  331
 334  330
 334  328
 335  327
 335  317
 336  316
 336  313
 337  312
 337  310
 338  309
 338  307
 339  306
 339  305
 340  304
 340  303
 341  302
 341  301
 342  300
 342  297
 343  296
 343  293
 344  292
 344  289
 345  288
 345  271
 346  270
 346  267
 347  266
 347  264
 348  263
 348  261
 349  260
 349  258
 350  257
 350  256
 351  255
 351  253
 352  252
 352  248
 353  247
 353  244
 354  243
 354  239
 355  238
 355  230
 356  229
 356  226
 357  225
 357  224
 358  223
 358  221
 359  220
 359  219
 360  218
 360  217
 361  216
 361  215
 362  214
 362  213
 363  212
 363  211
 364  210
 364  208
 365  207
 365  205
 366  204
 366  203
 367  202
 367  201
 368  200
 368  197
 369  196
 369  194
 370  193
 370  192
 371  191
 371  189
 372  188
 372  187
 373  186
 373  185
 374  184
 374  183
 375  182
 375  180
 376  179
 376  178
 377  177
 377  175
 378  174
 378  171
 379  170
 379  165
 380  164
 380  163
 381  162
 381  159
 382  158
 382  153
 383  152
 383  132
 382  131
 382  121
 381  120
 381  117
 380  116
 380  114
 379  113
 379  110
 378  109
 378  107
 376  105
 376  104
 375  103
 375  102
 372   99
 371   99
 370   98
 369   98
 368   97
 367   97
 366   96
 363   96
 362   95
 358   95
 357   94
