 355  139
 354  140
 347  140
 346  141
 342  141
 341  142
 338  142
 337  143
 334  143
 333  144
 331  144
 330  145
 327  145
 326  146
 324  146
 323  147
 321  147
 320  148
 319  148
 318  149
 316  149
 315  150
 314  150
 313  151
 312  151
 311  152
 309  152
 308  153
 307  153
 306  154
 305  154
 304  155
 303  155
 302  156
 301  156
 300  157
 299  157
 298  158
 297  158
 296  159
 295  159
 294  160
 292  160
 291  161
 290  161
 288  163
 287  163
 286  164
 285  164
 284  165
 283  165
 282  166
 281  166
 280  167
 279  167
 278  168
 277  168
 276  169
 275  169
 274  170
 273  170
 272  171
 271  171
 269  173
 268  173
 266  175
 265  175
 264  176
 263  176
 261  178
 260  178
 258  180
 257  180
 256  181
 255  181
 254  182
 253  182
 251  184
 250  184
 249  185
 248  185
 246  187
 245  187
 244  188
 243  188
 241  190
 240  190
 238  192
 237  192
 236  193
 235  193
 233  195
 232  195
 230  197
 229  197
 228  198
 227  198
 225  200
 224  200
 222  202
 221  202
 219  204
 218  204
 216  206
 215  206
 213  208
 212  208
 210  210
 209  210
 207  212
 206  212
 204  214
 203  214
 200  217
 199  217
 196  220
 195  220
 193  222
 192  222
 189  225
 188  225
 185  228
 184  228
 181  231
 180  231
 177  234
 176  234
 172  238
 171  238
 167  242
 166  242
 161  247
 160  247
 156  251
 155  251
 149  257
 148  257
 140  265
 139  265
 129  275
 128  275
 113  290
 112  290
 112  291
  99  304
  99  305
  93  311
  93  312
  89  316
  89  317
  82  324
  82  333
  84  335
  93  335
  94  336
  94  351
  92  353
  91  353
  88  356
  88  357
  87  358
  87  359
  86  360
  86  363
  85  364
  85  366
  84  367
  84  370
  83  371
  83  373
  82  374
  82  377
  81  378
  80  378
  79  379
  79  388
  81  390
  81  392
  82  393
  82  394
  84  396
  84  398
  85  399
  85  401
  86  402
  86  403
  88  405
  88  409
  90  411
  90  412
  91  413
  91  415
  92  416
  92  417
  93  418
  93  419
  94  420
  94  422
  95  423
  95  426
  97  428
  97  429
  98  430
  98  433
  99  434
  99  435
 101  437
 101  439
 102  440
 102  442
 103  443
 103  444
 104  445
 104  446
 105  447
 105  450
 106  451
 106  452
 108  454
 108  456
 109  457
 109  458
 111  460
 111  462
 112  463
 112  465
 113  466
 113  467
 114  468
 114  470
 115  471
 115  474
 116  475
 116  476
 117  477
 117  479
 118  480
 118  509
 117  510
 117  512
 118  513
 118  516
 119  517
 119  518
 120  518
 122  520
 123  520
 124  521
 129  521
 130  522
 135  522
 137  524
 137  525
 138  526
 138  535
 139  536
 139  540
 140  541
 140  542
 141  543
 141  545
 143  547
 145  547
 147  545
 147  543
 148  542
 148  541
 150  539
 150  538
 152  536
 154  536
 155  535
 172  535
 177  540
 178  540
 178  538
 180  536
 180  535
 181  534
 181  531
 184  528
 184  527
 186  525
 187  525
 189  523
 191  523
 192  522
 212  522
 213  523
 214  523
 215  524
 216  523
 216  514
 217  513
 217  509
 223  503
 224  503
 225  502
 227  502
 228  501
 244  501
 245  502
 247  500
 247  477
 248  476
 248  475
 252  471
 254  471
 255  470
 258  470
 259  469
 261  469
 262  468
 263  468
 264  467
 264  459
 263  458
 263  442
 264  441
 264  440
 266  438
 267  438
 269  436
 270  436
 273  433
 273  431
 272  430
 272  429
 271  428
 271  425
 262  416
 262  415
 261  414
 261  413
 258  410
 258  409
 255  406
 255  405
 254  404
 254  403
 251  400
 251  399
 250  398
 250  397
 248  395
 248  394
 247  393
 247  392
 237  382
 236  382
 232  378
 232  364
 233  363
 279  363
 280  362
 282  362
 284  360
 285  360
 286  359
 286  358
 288  356
 289  356
 290  355
 291  355
 292  354
 293  354
 298  349
 298  348
 302  344
 303  344
 307  340
 307  338
 308  337
 308  336
 309  335
 311  335
 313  333
 313  332
 314  331
 314  330
 315  329
 315  326
 316  325
 316  324
 318  322
 318  321
 319  320
 320  320
 321  319
 321  318
 322  317
 323  317
 325  315
 325  314
 328  311
 328  310
 329  309
 329  308
 330  307
 330  306
 331  305
 331  303
 332  302
 332  300
 333  299
 333  298
 334  297
 334  295
 335  294
 335  291
 336  290
 336  289
 338  287
 338  286
 339  285
 340  285
 344  281
 344  280
 347  277
 347  276
 349  274
 349  273
 351  271
 351  269
 352  268
 352  267
 353  266
 353  265
 354  264
 354  263
 355  262
 355  261
 356  260
 356  259
 358  257
 358  256
 364  250
 364  249
 365  248
 365  247
 367  245
 367  244
 368  243
 368  242
 369  241
 369  240
 371  238
 371  236
 372  235
 372  233
 373  232
 373  231
 374  230
 374  229
 375  228
 375  227
 377  225
 377  224
 378  223
 378  222
 381  219
 381  218
 383  216
 383  215
 384  214
 384  212
 385  211
 385  208
 386  207
 386  205
 387  204
 387  202
 388  201
 388  198
 389  197
 389  196
 391  194
 391  193
 392  192
 392  191
 394  189
 394  187
 395  186
 395  183
 396  182
 396  180
 397  179
 397  178
 398  177
 398  174
 399  173
 399  170
 400  169
 400  166
 401  165
 401  154
 400  153
 400  151
 398  149
 398  148
 395  145
 394  145
 392  143
 391  143
 390  142
 388  142
 387  141
 385  141
 384  140
 379  140
 378  139
