 344  119
 343  120
 332  120
 331  121
 328  121
 327  122
 324  122
 323  123
 321  123
 320  124
 318  124
 317  125
 315  125
 314  126
 313  126
 312  127
 310  127
 309  128
 308  128
 307  129
 305  129
 304  130
 303  130
 302  131
 301  131
 300  132
 299  132
 298  133
 297  133
 296  134
 295  134
 294  135
 293  135
 292  136
 291  136
 290  137
 289  137
 288  138
 287  138
 285  140
 284  140
 283  141
 282  141
 280  143
 279  143
 278  144
 277  144
 275  146
 274  146
 273  147
 272  147
 270  149
 269  149
 268  150
 267  150
 265  152
 264  152
 262  154
 261  154
 259  156
 258  156
 256  158
 255  158
 253  160
 252  160
 250  162
 249  162
 246  165
 245  165
 242  168
 241  168
 239  170
 238  170
 231  177
 230  177
 209  198
 208  198
 207  199
 207  200
 205  202
 204  202
 204  203
 197  210
 197  211
 184  224
 184  225
 180  229
 180  230
 174  236
 174  237
 171  240
 171  241
 168  244
 168  245
 166  247
 166  248
 163  251
 163  252
 160  255
 160  256
 157  259
 157  260
 155  262
 155  263
 153  265
 153  266
 152  267
 152  268
 150  270
 150  272
 147  275
 147  276
 146  277
 146  278
 144  280
 144  281
 143  282
 143  283
 141  285
 141  286
 140  287
 140  289
 139  290
 139  291
 138  292
 138  293
 137  294
 137  296
 136  297
 136  298
 134  300
 134  302
 133  303
 133  305
 131  307
 131  308
 130  309
 130  311
 129  312
 129  313
 125  317
 125  371
 124  372
 122  372
 121  373
 121  393
 122  394
 122  395
 126  399
 126  400
 127  401
 127  402
 129  404
 129  405
 130  406
 130  407
 131  408
 131  409
 133  411
 133  413
 134  414
 134  415
 135  416
 135  417
 136  418
 136  420
 137  421
 137  424
 138  425
 138  427
 139  428
 139  432
 140  433
 140  436
 141  437
 141  440
 142  441
 142  443
 143  444
 143  446
 144  447
 144  448
 145  449
 145  452
 146  453
 146  455
 147  456
 147  458
 148  459
 148  461
 149  462
 149  464
 150  465
 150  468
 151  469
 151  471
 152  472
 152  475
 153  476
 153  478
 154  479
 154  481
 155  482
 155  484
 156  485
 156  489
 157  490
 157  493
 158  494
 158  496
 159  497
 159  498
 160  499
 160  501
 161  502
 161  504
 162  505
 162  507
 163  508
 163  509
 164  510
 164  511
 165  512
 165  513
 169  517
 170  517
 171  518
 172  518
 173  519
 174  519
 175  520
 176  520
 177  521
 178  521
 180  523
 180  524
 181  525
 181  526
 183  528
 183  530
 185  532
 185  533
 187  535
 187  536
 189  538
 189  539
 191  541
 191  542
 199  550
 200  550
 201  551
 202  551
 203  552
 223  552
 225  554
 226  554
 228  556
 228  557
 229  557
 230  558
 231  558
 233  556
 234  556
 235  555
 252  555
 253  556
 254  556
 260  562
 261  562
 265  566
 266  566
 268  568
 270  566
 270  563
 269  562
 269  560
 267  558
 267  557
 266  556
 266  555
 265  554
 265  553
 263  551
 263  550
 262  549
 262  548
 261  547
 261  546
 259  544
 259  542
 257  540
 257  539
 256  538
 256  522
 260  518
 264  518
 265  517
 266  517
 267  516
 268  516
 272  512
 272  509
 271  508
 271  507
 270  506
 270  502
 269  501
 269  483
 273  479
 274  479
 275  478
 276  478
 280  474
 280  470
 279  469
 279  452
 280  451
 280  450
 283  447
 283  446
 284  445
 284  442
 283  441
 283  439
 282  438
 282  437
 281  436
 281  435
 280  434
 280  432
 279  431
 279  412
 278  411
 278  410
 276  408
 276  407
 275  406
 274  406
 271  403
 270  403
 267  400
 266  400
 262  396
 261  396
 258  393
 257  393
 254  390
 253  390
 252  389
 251  389
 249  387
 248  387
 246  385
 245  385
 243  383
 242  383
 240  381
 239  381
 238  380
 237  380
 235  378
 233  378
 232  377
 231  377
 230  376
 230  362
 231  361
 233  361
 234  360
 246  360
 247  359
 270  359
 271  358
 272  358
 273  357
 274  357
 282  349
 282  348
 283  347
 283  345
 284  344
 284  343
 286  341
 286  340
 287  339
 287  338
 290  335
 290  334
 293  331
 293  330
 294  329
 295  329
 296  328
 296  327
 299  324
 299  323
 300  322
 300  319
 301  318
 301  314
 302  313
 302  308
 303  307
 303  303
 304  302
 304  301
 306  299
 306  298
 307  297
 307  296
 309  294
 309  293
 310  292
 310  288
 309  287
 309  270
 310  269
 310  266
 312  264
 312  262
 313  261
 313  239
 314  238
 314  236
 316  234
 316  232
 317  231
 317  229
 319  227
 319  225
 320  224
 320  222
 321  221
 321  219
 322  218
 322  216
 323  215
 323  213
 324  212
 324  211
 326  209
 326  208
 327  207
 327  206
 333  200
 333  199
 339  193
 339  192
 341  190
 341  189
 343  187
 343  185
 345  183
 345  182
 346  181
 346  179
 347  178
 347  177
 349  175
 349  174
 350  173
 350  171
 352  169
 352  167
 353  166
 353  164
 354  163
 354  161
 355  160
 355  158
 356  157
 356  153
 357  152
 357  149
 358  148
 358  146
 359  145
 359  129
 358  128
 358  127
 357  126
 357  125
 356  124
 356  123
 355  123
 353  121
 352  121
 351  120
 345  120
