 355  117
 354  118
 350  118
 349  119
 346  119
 345  120
 343  120
 342  121
 339  121
 338  122
 337  122
 336  123
 333  123
 332  124
 331  124
 330  125
 328  125
 327  126
 325  126
 324  127
 323  127
 322  128
 320  128
 319  129
 318  129
 317  130
 315  130
 314  131
 313  131
 312  132
 310  132
 309  133
 308  133
 307  134
 306  134
 305  135
 304  135
 303  136
 302  136
 301  137
 300  137
 299  138
 298  138
 296  140
 295  140
 294  141
 293  141
 292  142
 291  142
 289  144
 288  144
 287  145
 286  145
 285  146
 284  146
 282  148
 281  148
 280  149
 279  149
 277  151
 276  151
 274  153
 273  153
 271  155
 270  155
 268  157
 267  157
 263  161
 262  161
 259  164
 258  164
 254  168
 253  168
 249  172
 248  172
 242  178
 241  178
 236  183
 235  183
 228  190
 227  190
 211  206
 210  206
 195  221
 194  221
 192  223
 191  223
 189  225
 188  225
 187  226
 186  226
 185  227
 184  227
 174  237
 173  237
 170  240
 169  240
 167  242
 166  242
 163  245
 162  245
 137  270
 137  271
 136  272
 136  277
 133  280
 133  281
 132  282
 125  282
 124  283
 123  283
 120  286
 120  287
 119  288
 119  296
 117  298
 104  298
 103  299
 102  299
 101  300
 100  300
  96  304
  95  304
  93  306
  93  307
  88  312
  87  312
  87  313
  86  314
  86  367
  87  368
  96  368
  97  369
  97  383
  96  384
  95  384
  93  386
  93  387
  91  389
  91  391
  90  392
  90  396
  89  397
  89  400
  88  401
  83  401
  82  402
  82  444
  83  445
  83  446
  85  448
  85  449
  86  450
  86  451
  89  454
  89  455
  90  456
  90  457
  91  458
  91  460
  92  461
  92  462
  94  464
  94  466
  95  467
  95  469
  96  470
  96  472
  97  473
  97  474
  98  475
  98  477
  99  478
  99  479
 100  480
 100  482
 101  483
 101  485
 102  486
 102  489
 103  490
 103  491
 104  492
 104  494
 105  495
 105  497
 106  498
 106  499
 107  500
 107  502
 108  503
 108  504
 109  505
 109  507
 110  508
 110  509
 112  511
 112  513
 113  514
 113  515
 114  516
 114  517
 115  518
 115  520
 116  521
 116  522
 118  524
 118  525
 122  529
 122  530
 129  537
 129  538
 132  541
 132  542
 133  543
 133  544
 134  545
 134  546
 135  547
 135  548
 137  550
 137  551
 140  554
 140  555
 142  557
 142  558
 147  563
 148  563
 151  566
 152  566
 153  567
 154  567
 155  568
 156  568
 157  569
 158  569
 159  570
 160  570
 161  571
 162  571
 163  570
 166  570
 167  569
 169  569
 170  568
 179  568
 180  567
 185  567
 186  566
 188  566
 189  565
 190  565
 191  564
 192  564
 193  563
 194  563
 196  561
 197  561
 199  559
 200  559
 201  558
 202  558
 203  557
 204  557
 205  556
 206  556
 207  555
 208  555
 209  554
 211  554
 213  552
 215  552
 216  551
 217  551
 225  543
 225  542
 226  541
 226  540
 228  538
 228  537
 229  536
 229  535
 231  533
 231  532
 240  523
 241  523
 243  521
 244  521
 246  519
 247  519
 252  514
 252  512
 253  511
 253  510
 254  509
 254  508
 255  507
 255  503
 256  502
 256  501
 257  500
 257  499
 258  498
 258  497
 264  491
 265  491
 267  489
 268  489
 273  484
 273  483
 275  481
 275  479
 274  478
 274  463
 275  462
 275  461
 276  460
 276  459
 280  455
 280  454
 279  453
 279  451
 278  450
 278  449
 276  447
 276  446
 275  445
 275  444
 272  441
 272  440
 269  437
 269  436
 268  435
 268  434
 265  431
 265  430
 262  427
 262  426
 258  422
 258  421
 255  418
 255  417
 252  414
 252  413
 251  412
 251  411
 248  408
 248  394
 249  393
 260  393
 261  392
 268  392
 270  390
 271  390
 273  388
 274  388
 275  387
 277  387
 278  386
 280  386
 281  385
 282  385
 283  384
 284  384
 285  383
 286  383
 287  382
 288  382
 292  378
 292  377
 293  376
 293  373
 294  372
 294  371
 295  370
 295  369
 296  368
 296  367
 297  366
 297  364
 298  363
 298  350
 299  349
 299  347
 301  345
 301  344
 302  343
 302  335
 303  334
 303  322
 304  321
 304  318
 305  317
 305  314
 306  313
 306  312
 308  310
 308  309
 309  308
 309  305
 310  304
 310  303
 311  302
 311  299
 312  298
 312  287
 313  286
 313  284
 315  282
 315  281
 316  280
 316  279
 317  278
 317  277
 318  276
 318  275
 319  274
 319  273
 322  270
 322  269
 324  267
 324  266
 325  265
 325  264
 326  263
 326  261
 328  259
 328  257
 329  256
 329  254
 330  253
 330  252
 331  251
 331  250
 332  249
 332  247
 333  246
 333  245
 334  244
 334  243
 335  242
 335  241
 339  237
 339  236
 345  230
 345  229
 349  225
 349  224
 352  221
 352  219
 353  218
 353  217
 355  215
 355  214
 356  213
 356  211
 358  209
 358  208
 365  201
 365  200
 368  197
 368  196
 370  194
 370  193
 372  191
 372  190
 375  187
 375  185
 376  184
 376  183
 379  180
 379  179
 382  176
 382  175
 383  174
 383  173
 385  171
 385  170
 386  169
 386  168
 387  167
 387  166
 388  165
 388  164
 389  163
 389  162
 390  161
 390  159
 392  157
 392  154
 393  153
 393  150
 394  149
 394  147
 395  146
 395  144
 396  143
 396  138
 397  137
 397  134
 398  133
 398  130
 399  129
 399  128
 398  127
 398  125
 397  124
 397  123
 396  122
 396  121
 395  120
 394  120
 393  119
 392  119
 391  118
 388  118
 387  117
