 308  133
 307  134
 305  134
 304  135
 303  135
 302  136
 300  136
 299  137
 298  137
 297  138
 295  138
 294  139
 293  139
 292  140
 291  140
 289  142
 288  142
 287  143
 286  143
 285  144
 284  144
 282  146
 281  146
 280  147
 279  147
 277  149
 276  149
 275  150
 274  150
 273  151
 272  151
 271  152
 270  152
 268  154
 267  154
 266  155
 265  155
 264  156
 263  156
 261  158
 260  158
 258  160
 257  160
 256  161
 255  161
 253  163
 252  163
 250  165
 249  165
 246  168
 245  168
 242  171
 241  171
 236  176
 235  176
 231  180
 230  180
 221  189
 220  189
 210  199
 209  199
 201  207
 200  207
 192  215
 191  215
 182  224
 181  224
 178  227
 177  227
 173  231
 172  231
 171  232
 170  232
 169  233
 168  233
 164  237
 163  237
 141  259
 140  259
 136  263
 135  263
 132  266
 131  266
 127  270
 126  270
 122  274
 122  300
 123  301
 127  301
 128  302
 128  316
 124  320
 124  321
 123  322
 123  324
 122  325
 122  326
 119  329
 109  329
 108  330
 108  383
 109  384
 109  388
 110  389
 110  392
 112  394
 112  395
 113  396
 113  399
 114  400
 114  402
 115  403
 115  405
 116  406
 116  412
 117  413
 117  416
 118  417
 118  419
 119  420
 119  424
 120  425
 120  428
 121  429
 121  430
 122  431
 122  432
 123  433
 123  435
 124  436
 124  437
 126  439
 126  440
 127  441
 127  442
 134  449
 135  449
 138  452
 139  452
 140  453
 141  453
 142  454
 143  454
 144  455
 145  455
 146  456
 150  456
 152  454
 152  453
 153  452
 153  451
 154  450
 154  440
 155  439
 169  439
 170  440
 170  442
 171  443
 171  444
 172  445
 172  446
 173  447
 173  451
 174  452
 174  454
 175  455
 175  457
 176  458
 176  462
 177  463
 177  465
 179  467
 179  468
 184  473
 185  473
 188  476
 189  476
 191  478
 192  478
 193  479
 196  479
 197  480
 202  480
 203  481
 204  481
 205  482
 205  497
 204  498
 204  504
 205  505
 205  508
 206  509
 206  513
 207  514
 207  517
 209  519
 209  520
 210  521
 210  522
 215  527
 216  527
 217  528
 219  528
 220  527
 221  527
 221  526
 222  525
 222  524
 228  518
 245  518
 246  519
 247  519
 252  524
 253  524
 255  526
 256  526
 262  532
 262  533
 263  534
 264  534
 264  521
 265  520
 265  519
 268  516
 269  516
 270  515
 290  515
 291  516
 293  516
 294  517
 295  517
 298  520
 298  521
 300  523
 300  525
 301  526
 301  527
 302  528
 302  529
 303  530
 303  531
 304  532
 304  533
 305  534
 305  535
 307  537
 307  538
 308  539
 308  540
 310  542
 310  543
 314  547
 314  548
 315  549
 316  549
 321  554
 322  554
 323  555
 325  555
 326  554
 327  554
 329  552
 329  551
 330  550
 329  549
 329  547
 326  544
 326  543
 321  538
 320  538
 304  522
 303  522
 299  518
 299  517
 296  514
 296  513
 292  509
 292  508
 289  505
 289  504
 288  503
 288  502
 286  500
 286  481
 288  479
 288  478
 289  477
 289  476
 290  475
 290  474
 291  473
 292  473
 294  471
 295  471
 296  470
 300  470
 301  469
 304  469
 306  467
 306  465
 305  464
 305  463
 303  461
 303  460
 296  453
 296  432
 297  431
 297  429
 298  428
 298  427
 301  424
 302  424
 303  423
 305  423
 306  422
 308  422
 310  420
 311  420
 312  419
 312  418
 299  405
 298  405
 296  403
 295  403
 292  400
 292  399
 288  395
 287  395
 285  393
 285  374
 286  373
 286  372
 287  371
 288  371
 290  369
 289  368
 289  367
 288  366
 288  365
 282  359
 282  358
 281  357
 280  357
 277  354
 276  354
 274  352
 273  352
 268  347
 268  346
 266  344
 266  343
 265  342
 265  341
 263  339
 263  325
 264  324
 283  324
 283  320
 284  319
 285  319
 286  318
 288  318
 289  317
 292  317
 293  316
 300  316
 301  315
 305  315
 310  310
 311  310
 313  308
 315  308
 318  305
 318  304
 319  303
 319  302
 320  301
 322  301
 325  298
 325  297
 327  295
 327  294
 330  291
 330  290
 332  288
 332  287
 334  285
 334  284
 335  283
 335  282
 336  281
 336  279
 337  278
 337  277
 338  276
 338  275
 339  274
 339  272
 341  270
 341  269
 342  268
 342  267
 343  266
 343  264
 344  263
 344  262
 345  261
 345  260
 346  259
 346  256
 347  255
 347  254
 348  253
 348  251
 349  250
 349  247
 350  246
 350  244
 352  242
 352  240
 353  239
 353  238
 354  237
 354  236
 355  235
 355  233
 356  232
 356  229
 357  228
 357  226
 358  225
 358  224
 359  223
 359  220
 360  219
 360  216
 361  215
 361  214
 362  213
 362  211
 363  210
 363  207
 364  206
 364  205
 365  204
 365  203
 366  202
 366  198
 367  197
 367  193
 368  192
 368  190
 369  189
 369  186
 370  185
 370  179
 371  178
 371  176
 372  175
 372  169
 373  168
 373  159
 372  158
 372  155
 371  154
 371  152
 370  151
 370  148
 369  147
 369  145
 368  144
 368  143
 367  142
 367  141
 366  140
 366  139
 365  138
 344  138
 343  137
 336  137
 335  138
 332  138
 331  139
 330  139
 329  140
 309  140
 308  139
