 367   94
 366   95
 361   95
 360   96
 357   96
 356   97
 353   97
 352   98
 350   98
 349   99
 347   99
 346  100
 344  100
 343  101
 341  101
 340  102
 339  102
 338  103
 337  103
 336  104
 334  104
 333  105
 332  105
 331  106
 330  106
 329  107
 328  107
 327  108
 326  108
 325  109
 324  109
 323  110
 322  110
 320  112
 319  112
 318  113
 317  113
 316  114
 315  114
 313  116
 312  116
 310  118
 309  118
 307  120
 306  120
 304  122
 303  122
 300  125
 299  125
 297  127
 296  127
 293  130
 292  130
 290  132
 289  132
 286  135
 285  135
 283  137
 282  137
 280  139
 279  139
 276  142
 275  142
 273  144
 272  144
 269  147
 268  147
 265  150
 264  150
 257  157
 256  157
 240  173
 239  173
 239  174
 237  176
 236  176
 236  177
 234  179
 233  179
 232  180
 232  181
 230  183
 229  183
 229  184
 227  186
 226  186
 226  187
 223  190
 222  190
 222  191
 220  193
 219  193
 219  194
 216  197
 215  197
 215  198
 213  200
 212  200
 212  201
 195  218
 195  219
 185  229
 185  230
 179  236
 179  237
 176  240
 175  240
 155  260
 155  261
 149  267
 149  268
 144  273
 144  274
 141  277
 141  278
 138  281
 138  282
 136  284
 136  285
 134  287
 134  288
 131  291
 131  293
 128  296
 128  297
 127  298
 127  299
 125  301
 125  302
 118  309
 118  310
 114  314
 114  315
 111  318
 111  319
 108  322
 108  323
 105  326
 105  327
 102  330
 102  331
 101  332
 101  333
  99  335
  99  337
  98  338
  98  339
  97  340
  97  341
  96  342
  96  343
  95  344
  95  346
  94  347
  94  349
  92  351
  90  351
  89  352
  89  357
  90  358
 100  358
 101  359
 101  373
 100  374
  99  374
  98  375
  97  375
  97  376
  95  378
  95  380
  94  381
  94  382
  93  383
  93  385
  92  386
  92  388
  91  389
  91  391
  90  392
  90  394
  89  395
  89  399
  88  400
  88  409
  87  410
  87  414
  86  415
  82  415
  81  416
  81  468
  82  469
  82  470
  83  471
  83  472
  84  473
  84  475
  85  476
  85  477
  87  479
  87  481
  88  482
  88  483
  90  485
  90  486
  91  487
  91  489
  92  490
  92  491
  93  492
  93  493
  94  494
  94  498
  95  499
  95  501
  96  502
  96  503
  97  504
  97  507
  98  508
  98  510
  99  511
  99  513
 100  514
 100  516
 101  517
 101  522
 102  523
 102  525
 103  526
 103  528
 104  529
 104  531
 105  532
 105  533
 106  534
 106  536
 107  537
 107  547
 108  548
 108  552
 109  553
 109  554
 110  555
 110  556
 111  557
 111  558
 112  559
 112  560
 119  567
 120  567
 121  568
 123  568
 124  569
 129  569
 130  570
 136  570
 137  571
 139  571
 140  572
 142  572
 143  573
 145  573
 146  574
 149  574
 150  575
 152  575
 153  576
 154  576
 155  577
 156  577
 160  581
 160  582
 161  583
 161  584
 165  588
 165  589
 167  591
 168  591
 170  593
 172  593
 174  591
 175  591
 179  587
 180  587
 181  586
 182  586
 184  584
 185  584
 192  577
 192  576
 194  574
 194  573
 196  571
 196  570
 197  569
 197  568
 200  565
 200  564
 202  562
 203  562
 205  560
 206  560
 207  559
 208  559
 210  557
 211  557
 212  556
 212  555
 214  553
 214  552
 215  551
 215  550
 217  548
 217  546
 219  544
 219  543
 220  542
 220  541
 221  540
 221  539
 226  534
 227  534
 229  532
 230  532
 232  530
 233  530
 233  529
 237  525
 237  522
 238  521
 238  517
 239  516
 239  514
 240  513
 240  512
 241  511
 241  510
 244  507
 244  506
 251  499
 251  497
 253  495
 253  494
 254  493
 254  478
 255  477
 255  476
 256  475
 256  474
 257  473
 257  472
 258  471
 258  470
 260  468
 260  464
 259  463
 259  462
 258  461
 258  459
 257  458
 257  456
 254  453
 254  452
 253  451
 253  450
 251  448
 251  447
 250  446
 250  445
 248  443
 248  442
 247  441
 247  439
 245  437
 245  436
 244  435
 244  433
 242  431
 242  430
 241  429
 241  428
 240  427
 240  426
 235  421
 235  407
 236  406
 251  406
 252  407
 258  407
 259  408
 264  408
 265  407
 273  407
 274  406
 277  406
 278  405
 280  405
 281  404
 282  404
 286  400
 287  400
 288  399
 289  399
 290  398
 292  398
 293  397
 295  397
 296  396
 297  396
 300  393
 301  393
 303  391
 303  390
 307  386
 307  385
 308  384
 308  383
 309  382
 309  380
 310  379
 310  376
 311  375
 311  374
 312  373
 312  372
 313  371
 313  370
 315  368
 315  367
 317  365
 317  364
 318  363
 318  362
 320  360
 320  359
 324  355
 324  354
 325  353
 325  352
 327  350
 327  349
 328  348
 328  346
 329  345
 329  344
 331  342
 331  339
 332  338
 332  336
 333  335
 333  330
 334  329
 334  324
 335  323
 335  322
 337  320
 337  319
 338  318
 338  317
 339  316
 339  315
 340  314
 340  313
 341  312
 341  310
 342  309
 342  308
 343  307
 343  306
 344  305
 344  303
 345  302
 345  300
 346  299
 346  297
 347  296
 347  284
 348  283
 348  280
 351  277
 351  276
 353  274
 353  273
 354  272
 354  271
 355  270
 355  268
 356  267
 356  266
 357  265
 357  263
 358  262
 358  260
 359  259
 359  258
 360  257
 360  256
 361  255
 361  245
 362  244
 362  240
 363  239
 363  238
 368  233
 368  232
 371  229
 371  227
 372  226
 372  225
 374  223
 374  221
 375  220
 375  219
 378  216
 378  213
 379  212
 379  211
 380  210
 380  208
 381  207
 381  201
 382  200
 382  198
 384  196
 384  195
 385  194
 385  193
 386  192
 386  191
 387  190
 387  189
 388  188
 388  184
 389  183
 389  181
 390  180
 390  179
 391  178
 391  175
 392  174
 392  170
 393  169
 393  167
 394  166
 394  163
 395  162
 395  154
 396  153
 396  151
 397  150
 397  147
 398  146
 398  139
 399  138
 399  118
 398  117
 398  112
 397  111
 397  109
 396  108
 396  107
 395  106
 395  104
 394  103
 394  102
 389   97
 388   97
 387   96
 386   96
 385   95
 383   95
 382   94
