 304  199
 303  200
 300  200
 299  201
 296  201
 295  202
 294  202
 293  203
 291  203
 290  204
 289  204
 287  206
 286  206
 285  207
 284  207
 283  208
 282  208
 280  210
 279  210
 277  212
 276  212
 275  213
 274  213
 271  216
 270  216
 268  218
 267  218
 264  221
 263  221
 261  223
 260  223
 258  225
 257  225
 256  226
 256  227
 255  228
 255  229
 254  230
 253  230
 250  233
 249  233
 247  235
 246  235
 245  236
 244  236
 243  237
 241  237
 240  238
 239  238
 237  240
 236  240
 233  243
 232  243
 228  247
 227  247
 219  255
 218  255
 209  264
 208  264
 201  271
 200  271
 184  287
 183  287
 182  288
 181  288
 180  289
 178  289
 177  290
 174  290
 172  292
 171  292
 168  295
 168  296
 162  302
 162  303
 159  306
 158  306
 154  310
 153  310
 147  316
 146  316
 145  317
 145  318
 144  319
 144  347
 146  349
 161  349
 162  350
 162  364
 161  365
 150  365
 149  366
 149  386
 158  395
 159  395
 172  408
 172  409
 178  415
 178  416
 185  423
 185  424
 186  425
 186  426
 188  428
 188  429
 190  431
 190  432
 191  433
 191  434
 192  435
 192  436
 193  437
 193  438
 194  439
 194  441
 195  442
 195  443
 196  444
 196  445
 197  446
 197  449
 198  450
 198  452
 199  453
 199  454
 200  455
 200  457
 201  458
 201  460
 202  461
 202  462
 204  464
 204  466
 205  467
 205  468
 208  471
 208  472
 209  473
 210  473
 211  474
 211  475
 212  475
 213  476
 214  476
 216  478
 217  478
 225  486
 226  486
 227  487
 229  487
 230  488
 233  488
 234  489
 251  489
 252  488
 253  488
 254  487
 255  487
 256  486
 258  486
 259  485
 260  485
 261  484
 262  484
 263  483
 264  483
 265  482
 266  482
 267  481
 268  481
 269  480
 270  480
 271  479
 272  479
 273  478
 274  478
 275  477
 276  477
 277  476
 278  476
 280  474
 281  474
 285  470
 286  470
 287  469
 287  468
 288  467
 289  467
 290  466
 290  465
 296  459
 296  458
 300  454
 300  453
 301  452
 301  451
 302  450
 302  448
 303  447
 303  445
 304  444
 304  443
 305  442
 305  441
 306  440
 306  438
 307  437
 307  436
 308  435
 308  433
 309  432
 309  430
 310  429
 310  428
 311  427
 311  425
 310  424
 310  417
 309  416
 309  413
 308  412
 308  411
 307  410
 307  408
 306  407
 306  406
 305  405
 305  404
 303  402
 303  401
 302  400
 302  399
 301  399
 299  397
 298  397
 295  394
 294  394
 287  387
 287  386
 285  384
 285  383
 280  378
 279  378
 274  373
 273  373
 269  369
 269  354
 270  353
 276  353
 277  352
 278  352
 279  351
 281  351
 282  350
 283  350
 285  348
 287  348
 288  347
 289  347
 290  346
 292  346
 293  345
 294  345
 295  344
 296  344
 298  342
 299  342
 303  338
 303  337
 304  336
 304  335
 305  334
 305  333
 312  326
 313  326
 316  323
 316  322
 317  321
 317  320
 319  318
 319  317
 320  316
 320  315
 321  314
 321  312
 322  311
 322  309
 323  308
 323  306
 324  305
 324  304
 325  303
 325  302
 327  300
 327  299
 328  298
 328  296
 329  295
 329  293
 330  292
 330  290
 331  289
 331  285
 332  284
 332  282
 333  281
 333  279
 334  278
 334  275
 335  274
 335  268
 336  267
 336  259
 337  258
 337  255
 336  254
 336  242
 335  241
 335  235
 334  234
 334  230
 333  229
 333  227
 332  226
 332  223
 331  222
 331  220
 330  219
 330  217
 329  216
 329  215
 326  212
 326  211
 320  205
 320  204
 317  201
 316  201
 315  200
 313  200
 312  199
