 342  106
 341  107
 338  107
 337  108
 332  108
 331  109
 329  109
 328  110
 324  110
 323  111
 322  111
 321  112
 319  112
 318  113
 316  113
 315  114
 313  114
 312  115
 311  115
 310  116
 308  116
 307  117
 306  117
 305  118
 303  118
 302  119
 301  119
 300  120
 299  120
 298  121
 296  121
 295  122
 294  122
 293  123
 292  123
 291  124
 290  124
 289  125
 288  125
 287  126
 286  126
 285  127
 283  127
 282  128
 281  128
 280  129
 279  129
 278  130
 277  130
 276  131
 275  131
 273  133
 272  133
 271  134
 270  134
 269  135
 268  135
 267  136
 266  136
 265  137
 264  137
 263  138
 262  138
 260  140
 259  140
 257  142
 256  142
 253  145
 252  145
 249  148
 248  148
 245  151
 244  151
 241  154
 240  154
 237  157
 236  157
 230  163
 229  163
 226  166
 225  166
 220  171
 219  171
 218  172
 218  173
 198  193
 198  194
 197  195
 196  195
 195  196
 195  197
 191  201
 191  202
 187  206
 187  207
 184  210
 184  211
 179  216
 179  217
 176  220
 176  221
 173  224
 173  225
 171  227
 171  228
 166  233
 166  234
 165  235
 165  236
 163  238
 163  239
 162  240
 162  241
 161  242
 161  243
 159  245
 159  246
 157  248
 157  249
 155  251
 155  252
 154  253
 154  254
 152  256
 152  257
 151  258
 151  259
 150  260
 150  261
 148  263
 148  265
 146  267
 146  268
 145  269
 145  270
 143  272
 143  273
 142  274
 142  275
 141  276
 141  277
 140  278
 140  279
 139  280
 139  281
 138  282
 138  283
 137  284
 137  286
 136  287
 136  288
 135  289
 135  290
 134  291
 134  292
 133  293
 133  294
 131  296
 131  298
 130  299
 130  300
 129  301
 129  302
 128  303
 128  305
 127  306
 127  307
 126  308
 126  309
 124  311
 124  312
 123  313
 123  314
 122  315
 122  316
 119  319
 119  320
 118  321
 118  323
 117  324
 117  325
 119  327
 123  327
 125  329
 125  331
 127  333
 127  334
 128  335
 128  350
 127  351
 127  352
 126  353
 126  354
 125  355
 125  358
 124  359
 124  363
 123  364
 123  372
 122  373
 119  373
 117  375
 117  395
 118  396
 118  397
 120  399
 120  401
 121  402
 121  403
 122  404
 122  405
 123  406
 123  407
 124  408
 124  409
 125  410
 125  411
 127  413
 127  414
 128  415
 128  416
 130  418
 130  419
 131  420
 131  421
 133  423
 133  424
 134  425
 134  426
 135  427
 135  428
 136  429
 136  430
 137  431
 137  432
 138  433
 138  434
 139  435
 139  436
 140  437
 140  438
 141  439
 141  440
 142  441
 142  442
 144  444
 144  446
 145  447
 145  448
 146  449
 146  450
 147  451
 147  452
 148  453
 148  454
 149  455
 149  456
 151  458
 151  459
 152  460
 152  461
 154  463
 154  464
 155  465
 155  466
 157  468
 157  469
 158  470
 158  471
 160  473
 160  474
 161  475
 161  476
 163  478
 163  479
 165  481
 165  482
 167  484
 167  485
 170  488
 170  489
 173  492
 173  493
 175  495
 175  496
 177  498
 177  499
 179  501
 179  502
 180  503
 180  504
 182  506
 182  507
 187  512
 187  514
 188  515
 188  519
 189  520
 189  521
 191  523
 191  524
 194  527
 194  528
 196  530
 196  531
 201  536
 202  536
 203  537
 210  537
 211  538
 216  538
 217  539
 218  539
 219  540
 220  540
 221  541
 222  541
 225  544
 225  545
 227  547
 227  548
 228  549
 228  550
 229  551
 229  555
 230  556
 230  559
 231  560
 231  562
 232  563
 232  566
 233  567
 233  572
 234  573
 234  575
 235  576
 235  577
 237  579
 238  578
 238  573
 240  571
 240  570
 244  566
 245  566
 246  565
 247  565
 248  564
 250  564
 251  563
 252  563
 253  562
 254  562
 256  560
 256  559
 257  558
 257  555
 258  554
 258  553
 259  552
 259  551
 260  550
 260  549
 261  548
 262  548
 265  545
 288  545
 289  546
 289  536
 290  535
 290  533
 291  532
 291  530
 298  523
 299  523
 301  521
 305  521
 306  520
 317  520
 314  517
 313  517
 308  512
 308  511
 304  507
 304  506
 303  505
 303  504
 302  503
 302  489
 303  488
 303  487
 309  481
 309  480
 310  479
 310  477
 312  475
 315  475
 316  474
 318  474
 319  473
 320  473
 321  472
 322  472
 324  470
 325  470
 325  469
 323  467
 322  467
 319  464
 318  464
 316  462
 315  462
 312  459
 312  458
 310  456
 310  432
 313  429
 313  428
 316  425
 316  424
 317  423
 317  422
 316  421
 316  420
 313  417
 312  417
 311  416
 310  416
 306  412
 306  411
 304  409
 304  391
 303  390
 303  389
 300  386
 300  385
 299  385
 296  382
 295  382
 292  379
 291  379
 289  377
 288  377
 284  373
 270  373
 269  372
 269  358
 270  357
 288  357
 289  358
 303  358
 304  357
 306  357
 310  353
 310  352
 311  351
 311  349
 312  348
 312  347
 316  343
 316  342
 317  341
 317  339
 318  338
 318  334
 319  333
 319  330
 320  329
 320  325
 321  324
 321  321
 322  320
 322  318
 323  317
 323  314
 324  313
 324  290
 325  289
 325  288
 326  287
 326  286
 327  285
 327  280
 328  279
 328  274
 329  273
 329  268
 330  267
 330  256
 331  255
 331  248
 332  247
 332  246
 333  245
 333  243
 334  242
 334  232
 335  231
 335  229
 336  228
 336  226
 337  225
 337  221
 338  220
 338  217
 339  216
 339  214
 340  213
 340  212
 341  211
 341  210
 342  209
 342  208
 343  207
 343  205
 344  204
 344  200
 345  199
 345  197
 346  196
 346  195
 347  194
 347  191
 348  190
 348  187
 349  186
 349  185
 350  184
 350  182
 351  181
 351  175
 352  174
 352  166
 354  164
 354  162
 355  161
 355  159
 356  158
 356  156
 357  155
 357  152
 358  151
 358  148
 359  147
 359  145
 360  144
 360  141
 361  140
 361  134
 362  133
 362  129
 363  128
 363  124
 364  123
 364  113
 363  112
 363  111
 361  109
 360  109
 359  108
 358  108
 357  107
 356  107
 355  106
