 351  104
 350  105
 346  105
 345  106
 342  106
 341  107
 338  107
 337  108
 335  108
 334  109
 331  109
 330  110
 328  110
 327  111
 325  111
 324  112
 322  112
 321  113
 320  113
 319  114
 317  114
 316  115
 315  115
 314  116
 312  116
 311  117
 310  117
 309  118
 308  118
 307  119
 306  119
 305  120
 304  120
 303  121
 302  121
 301  122
 300  122
 299  123
 298  123
 297  124
 296  124
 294  126
 293  126
 292  127
 291  127
 289  129
 288  129
 286  131
 285  131
 284  132
 283  132
 281  134
 280  134
 278  136
 277  136
 275  138
 274  138
 271  141
 270  141
 269  142
 268  142
 265  145
 264  145
 261  148
 260  148
 258  150
 257  150
 253  154
 252  154
 248  158
 247  158
 243  162
 242  162
 237  167
 236  167
 230  173
 229  173
 222  180
 221  180
 190  211
 190  212
 180  222
 180  223
 167  236
 167  237
 160  244
 160  245
 153  252
 153  253
 149  257
 149  258
 145  262
 145  263
 142  266
 142  267
 139  270
 139  271
 135  275
 135  276
 132  279
 132  280
 130  282
 130  283
 128  285
 128  286
 125  289
 125  290
 123  292
 123  293
 121  295
 121  296
 118  299
 118  300
 114  304
 114  305
 111  308
 111  309
 109  311
 109  312
 107  314
 107  315
 105  317
 105  318
 104  319
 104  320
 102  322
 102  323
 101  324
 101  329
 100  330
 100  333
  99  334
  99  335
  98  336
  91  336
  90  337
  90  372
  91  373
  96  373
  97  374
  97  388
  95  390
  95  391
  94  392
  94  394
  93  395
  93  396
  92  397
  86  397
  85  398
  85  422
  86  423
  86  424
  89  427
  90  427
  93  430
  93  431
  94  432
  94  434
  95  435
  95  438
  96  439
  96  440
  97  441
  97  443
  98  444
  98  447
  99  448
  99  450
 100  451
 100  453
 101  454
 101  455
 102  456
 102  459
 103  460
 103  461
 104  462
 104  463
 105  464
 105  465
 106  466
 106  467
 107  468
 107  469
 108  470
 108  471
 109  472
 109  474
 110  475
 110  476
 112  478
 112  479
 115  482
 115  483
 116  484
 116  485
 117  486
 117  487
 119  489
 119  490
 121  492
 121  493
 122  494
 122  495
 123  496
 123  497
 125  499
 125  500
 126  501
 126  502
 128  504
 128  505
 130  507
 130  508
 133  511
 133  512
 135  514
 135  515
 138  518
 138  519
 140  521
 140  522
 143  525
 143  526
 146  529
 146  530
 149  533
 149  534
 158  543
 159  543
 161  545
 162  545
 164  547
 165  547
 173  555
 173  556
 175  558
 175  559
 176  560
 176  561
 177  562
 177  563
 178  564
 178  565
 179  566
 179  567
 180  568
 180  569
 182  571
 182  572
 185  575
 185  576
 186  577
 186  578
 190  582
 191  582
 192  583
 193  583
 194  584
 195  584
 196  583
 197  583
 198  582
 199  582
 200  581
 201  581
 202  580
 203  580
 204  579
 205  579
 207  577
 208  577
 209  576
 210  576
 211  575
 213  575
 214  574
 215  574
 216  573
 217  573
 218  572
 219  572
 220  571
 221  571
 222  570
 223  570
 225  568
 226  568
 232  562
 233  562
 237  558
 238  558
 240  556
 241  556
 242  555
 243  555
 244  554
 245  554
 246  553
 248  553
 249  552
 250  552
 251  551
 252  551
 258  545
 258  543
 259  542
 259  541
 260  540
 260  539
 261  538
 261  537
 262  536
 262  535
 272  525
 273  525
 278  520
 278  519
 280  517
 280  516
 281  515
 281  513
 282  512
 282  507
 283  506
 283  500
 284  499
 284  497
 285  496
 285  493
 286  492
 286  491
 288  489
 288  488
 296  480
 296  479
 298  477
 298  470
 297  469
 297  468
 296  467
 296  465
 295  464
 295  462
 294  461
 294  443
 295  442
 295  441
 294  440
 294  439
 292  437
 292  436
 291  435
 291  434
 288  431
 288  430
 274  416
 273  416
 264  407
 263  407
 259  403
 259  389
 260  388
 266  388
 267  387
 272  387
 273  386
 276  386
 277  385
 280  385
 281  384
 282  384
 283  383
 284  383
 285  382
 287  382
 288  381
 292  381
 293  380
 297  380
 298  379
 301  379
 302  378
 303  378
 306  375
 306  374
 310  370
 310  369
 312  367
 312  365
 313  364
 313  363
 314  362
 314  359
 315  358
 315  353
 316  352
 316  351
 317  350
 317  349
 319  347
 319  346
 322  343
 322  342
 323  341
 323  340
 325  338
 325  337
 326  336
 326  334
 327  333
 327  332
 328  331
 328  326
 329  325
 329  322
 330  321
 330  319
 331  318
 331  316
 332  315
 332  314
 333  313
 333  312
 334  311
 334  310
 335  309
 335  307
 336  306
 336  305
 337  304
 337  303
 338  302
 338  300
 339  299
 339  296
 340  295
 340  292
 341  291
 341  285
 342  284
 342  279
 343  278
 343  276
 344  275
 344  273
 345  272
 345  271
 346  270
 346  267
 348  265
 348  263
 349  262
 349  261
 350  260
 350  259
 351  258
 351  257
 352  256
 352  254
 353  253
 353  251
 354  250
 354  248
 355  247
 355  243
 356  242
 356  240
 357  239
 357  237
 358  236
 358  234
 359  233
 359  232
 360  231
 360  230
 361  229
 361  228
 362  227
 362  226
 363  225
 363  224
 365  222
 365  221
 368  218
 368  217
 370  215
 370  214
 371  213
 371  212
 372  211
 372  209
 373  208
 373  207
 374  206
 374  205
 375  204
 375  203
 376  202
 376  201
 377  200
 377  199
 378  198
 378  197
 379  196
 379  195
 381  193
 381  192
 382  191
 382  189
 384  187
 384  186
 385  185
 385  183
 386  182
 386  179
 387  178
 387  177
 388  176
 388  175
 389  174
 389  171
 390  170
 390  169
 391  168
 391  167
 392  166
 392  162
 393  161
 393  159
 394  158
 394  155
 395  154
 395  148
 396  147
 396  126
 395  125
 395  121
 394  120
 394  119
 393  118
 393  117
 392  116
 392  114
 387  109
 386  109
 384  107
 382  107
 381  106
 379  106
 378  105
 375  105
 374  104
