 335  154
 334  155
 328  155
 327  156
 324  156
 323  157
 319  157
 318  158
 316  158
 315  159
 313  159
 312  160
 310  160
 309  161
 308  161
 307  162
 305  162
 304  163
 303  163
 302  164
 301  164
 300  165
 299  165
 298  166
 297  166
 296  167
 295  167
 294  168
 293  168
 292  169
 291  169
 290  170
 289  170
 287  172
 286  172
 285  173
 284  173
 282  175
 281  175
 280  176
 279  176
 277  178
 276  178
 274  180
 273  180
 270  183
 269  183
 266  186
 265  186
 263  188
 262  188
 260  190
 259  190
 258  191
 257  191
 255  193
 254  193
 251  196
 250  196
 249  197
 248  197
 246  199
 245  199
 243  201
 242  201
 240  203
 239  203
 236  206
 235  206
 233  208
 232  208
 230  210
 229  210
 226  213
 225  213
 223  215
 222  215
 220  217
 219  217
 216  220
 215  220
 211  224
 210  224
 203  231
 202  231
 195  238
 194  238
 191  241
 190  241
 187  244
 186  244
 178  252
 177  252
 165  264
 164  264
 161  267
 160  267
 158  269
 157  269
 150  276
 149  276
 147  278
 146  278
 142  282
 141  282
 139  284
 138  284
 137  285
 136  285
 135  286
 122  286
 121  287
 120  287
 118  289
 118  290
 117  291
 117  295
 116  296
 116  297
 115  298
 115  319
 117  321
 128  321
 129  322
 129  336
 127  338
 127  339
 126  340
 126  341
 125  342
 125  346
 124  347
 124  349
 123  350
 118  350
 116  352
 116  377
 118  379
 119  379
 123  383
 124  383
 127  386
 127  387
 137  397
 137  398
 147  408
 147  409
 150  412
 150  413
 153  416
 153  417
 156  420
 156  421
 157  422
 157  423
 160  426
 160  427
 164  431
 164  432
 166  434
 166  435
 168  437
 168  438
 169  439
 169  440
 170  441
 170  443
 171  444
 171  445
 172  446
 172  447
 173  448
 173  450
 174  451
 174  452
 175  453
 175  454
 176  455
 176  457
 177  458
 177  460
 178  461
 178  462
 179  463
 179  465
 180  466
 180  467
 181  468
 181  469
 182  470
 182  471
 183  472
 183  473
 184  474
 184  475
 185  476
 185  478
 186  479
 186  482
 187  483
 187  487
 188  488
 188  489
 189  490
 189  492
 190  493
 190  494
 191  495
 191  496
 192  497
 192  499
 193  500
 193  501
 194  502
 194  503
 196  505
 196  506
 197  507
 197  508
 199  510
 199  511
 204  516
 204  517
 208  521
 209  521
 213  525
 214  525
 216  527
 217  527
 218  528
 220  528
 221  529
 222  529
 223  530
 224  530
 225  531
 227  531
 228  532
 230  532
 231  533
 247  533
 248  532
 251  532
 252  531
 257  531
 258  530
 260  530
 261  529
 263  529
 264  528
 266  528
 267  527
 268  527
 269  526
 270  526
 271  525
 272  525
 274  523
 275  523
 276  522
 277  522
 278  521
 279  521
 281  519
 282  519
 283  518
 284  518
 288  514
 289  514
 292  511
 293  511
 301  503
 301  502
 309  494
 309  493
 314  488
 314  487
 315  486
 315  485
 316  484
 316  483
 318  481
 318  479
 319  478
 319  476
 320  475
 320  473
 321  472
 321  471
 322  470
 322  468
 323  467
 323  462
 324  461
 324  458
 325  457
 325  443
 324  442
 324  434
 323  433
 323  424
 322  423
 322  420
 321  419
 321  418
 320  417
 320  416
 319  415
 319  414
 318  413
 318  412
 314  408
 314  407
 312  405
 312  404
 307  399
 307  398
 306  397
 305  397
 297  389
 296  389
 287  380
 286  380
 284  378
 283  378
 281  376
 280  376
 278  374
 277  374
 275  372
 274  372
 273  371
 272  371
 270  369
 269  369
 267  367
 266  367
 265  366
 264  366
 262  364
 261  364
 260  363
 259  363
 257  361
 256  361
 255  360
 255  346
 256  345
 273  345
 274  346
 276  346
 277  345
 282  345
 282  343
 283  342
 285  342
 286  341
 287  341
 288  340
 290  340
 291  339
 292  339
 293  338
 294  338
 295  337
 304  337
 305  336
 307  336
 309  334
 310  334
 310  333
 311  332
 312  332
 314  330
 315  330
 316  329
 317  329
 320  326
 320  325
 321  324
 322  324
 323  323
 324  323
 325  322
 326  322
 327  321
 328  321
 329  320
 330  320
 332  318
 332  317
 336  313
 336  312
 338  310
 338  309
 340  307
 340  306
 341  305
 341  304
 343  302
 343  300
 345  298
 345  296
 346  295
 346  294
 347  293
 347  292
 348  291
 348  290
 349  289
 349  288
 350  287
 350  285
 351  284
 351  282
 352  281
 352  280
 353  279
 353  277
 354  276
 354  275
 355  274
 355  272
 356  271
 356  267
 357  266
 357  265
 358  264
 358  262
 359  261
 359  257
 360  256
 360  252
 361  251
 361  248
 362  247
 362  243
 363  242
 363  233
 364  232
 364  227
 365  226
 365  215
 366  214
 366  207
 365  206
 365  199
 364  198
 364  193
 363  192
 363  186
 362  185
 362  182
 361  181
 361  179
 360  178
 360  175
 359  174
 359  171
 358  170
 358  169
 356  167
 356  166
 352  162
 352  161
 351  161
 348  158
 347  158
 346  157
 345  157
 344  156
 343  156
 342  155
 338  155
 337  154
