 330  169
 329  170
 322  170
 321  171
 315  171
 314  172
 310  172
 309  173
 306  173
 305  174
 302  174
 301  175
 299  175
 298  176
 296  176
 295  177
 293  177
 292  178
 290  178
 289  179
 288  179
 287  180
 285  180
 284  181
 283  181
 281  183
 279  183
 278  184
 277  184
 276  185
 275  185
 274  186
 273  186
 272  187
 271  187
 270  188
 269  188
 267  190
 266  190
 265  191
 264  191
 263  192
 262  192
 261  193
 260  193
 259  194
 258  194
 256  196
 255  196
 254  197
 253  197
 252  198
 251  198
 250  199
 249  199
 247  201
 246  201
 245  202
 244  202
 242  204
 241  204
 240  205
 239  205
 238  206
 237  206
 235  208
 234  208
 233  209
 232  209
 231  210
 230  210
 228  212
 227  212
 226  213
 225  213
 223  215
 222  215
 220  217
 219  217
 217  219
 216  219
 214  221
 213  221
 211  223
 210  223
 205  228
 204  228
 201  231
 200  231
 197  234
 196  234
 193  237
 192  237
 189  240
 188  240
 187  241
 186  241
 183  244
 182  244
 180  246
 179  246
 177  248
 176  248
 173  251
 172  251
 170  253
 169  253
 165  257
 164  257
 160  261
 159  261
 153  267
 152  267
 149  270
 148  270
 146  272
 145  272
 144  273
 143  273
 140  276
 139  276
 136  279
 135  279
 132  282
 131  282
 129  284
 128  284
 124  288
 122  288
 121  289
 115  289
 113  291
 113  312
 115  314
 120  314
 121  315
 121  329
 120  330
 120  331
 119  332
 119  355
 118  356
 115  356
 113  358
 113  380
 114  381
 114  382
 115  383
 118  383
 122  387
 122  388
 128  394
 128  395
 129  396
 129  397
 132  400
 132  401
 133  402
 133  403
 134  404
 134  405
 136  407
 136  408
 138  410
 138  411
 139  412
 139  413
 140  414
 140  416
 142  418
 142  420
 143  421
 143  422
 145  424
 145  425
 146  426
 146  427
 147  428
 147  429
 148  430
 148  431
 149  432
 149  433
 150  434
 150  435
 152  437
 152  438
 153  439
 153  440
 155  442
 155  447
 156  448
 156  451
 157  452
 157  454
 158  455
 158  459
 159  460
 159  466
 160  467
 160  468
 161  469
 161  472
 162  473
 162  476
 164  478
 164  481
 165  482
 165  483
 166  484
 166  486
 168  488
 168  489
 171  492
 171  493
 175  497
 175  498
 178  501
 178  502
 180  504
 180  505
 184  509
 185  509
 187  511
 188  511
 189  512
 190  512
 191  513
 194  513
 195  514
 197  514
 198  515
 200  515
 201  516
 208  516
 209  517
 213  517
 214  518
 226  518
 227  517
 229  517
 230  516
 231  516
 232  515
 235  515
 236  514
 238  514
 239  513
 241  513
 242  512
 243  512
 244  511
 247  511
 248  510
 250  510
 251  509
 253  509
 254  508
 255  508
 257  506
 258  506
 260  504
 261  504
 263  502
 263  501
 264  500
 265  500
 266  499
 267  499
 274  492
 275  492
 278  489
 279  489
 280  488
 281  488
 281  487
 283  485
 284  485
 284  484
 286  482
 286  481
 287  480
 287  479
 289  477
 289  476
 290  475
 290  473
 291  472
 291  471
 292  470
 292  469
 293  468
 293  467
 294  466
 294  465
 295  464
 295  463
 296  462
 296  461
 297  460
 297  459
 298  458
 298  457
 299  456
 299  455
 300  454
 300  452
 301  451
 301  447
 302  446
 302  442
 303  441
 303  438
 304  437
 304  431
 305  430
 305  426
 304  425
 304  422
 303  421
 303  420
 302  419
 302  417
 301  416
 301  415
 300  414
 300  413
 298  411
 298  410
 296  408
 296  407
 295  406
 295  405
 294  404
 294  402
 293  401
 293  400
 292  399
 292  398
 291  397
 291  396
 290  395
 290  394
 287  391
 287  390
 285  388
 285  387
 282  384
 282  383
 273  374
 273  373
 268  368
 268  354
 269  353
 276  353
 277  352
 284  352
 285  351
 288  351
 288  346
 290  344
 293  344
 294  343
 298  343
 299  342
 301  342
 304  339
 305  339
 307  337
 308  337
 309  336
 311  336
 313  334
 314  334
 319  329
 320  329
 322  327
 322  326
 326  322
 327  322
 328  321
 329  321
 332  318
 332  317
 333  316
 333  315
 334  314
 336  314
 337  313
 338  313
 342  309
 342  308
 343  307
 343  306
 344  305
 344  304
 346  302
 346  301
 347  300
 347  299
 351  295
 351  294
 353  292
 353  291
 355  289
 355  288
 356  287
 356  286
 357  285
 357  284
 358  283
 358  282
 359  281
 359  280
 360  279
 360  278
 361  277
 361  273
 362  272
 362  267
 363  266
 363  264
 364  263
 364  262
 365  261
 365  258
 366  257
 366  254
 367  253
 367  241
 368  240
 368  213
 367  212
 367  209
 366  208
 366  201
 365  200
 365  196
 364  195
 364  194
 361  191
 361  190
 355  184
 355  183
 351  179
 351  178
 349  176
 348  176
 345  173
 344  173
 343  172
 342  172
 341  171
 337  171
 336  170
 332  170
 331  169
