 335  136
 334  137
 330  137
 329  138
 326  138
 325  139
 321  139
 320  140
 318  140
 317  141
 315  141
 314  142
 312  142
 311  143
 309  143
 308  144
 306  144
 305  145
 303  145
 302  146
 300  146
 299  147
 298  147
 297  148
 295  148
 294  149
 293  149
 292  150
 291  150
 290  151
 289  151
 288  152
 287  152
 286  153
 285  153
 284  154
 283  154
 282  155
 281  155
 280  156
 279  156
 278  157
 277  157
 276  158
 275  158
 274  159
 273  159
 272  160
 271  160
 269  162
 268  162
 267  163
 266  163
 265  164
 264  164
 262  166
 261  166
 260  167
 259  167
 257  169
 256  169
 254  171
 253  171
 249  175
 248  175
 245  178
 244  178
 240  182
 239  182
 236  185
 235  185
 230  190
 229  190
 227  192
 226  192
 221  197
 220  197
 217  200
 216  200
 213  203
 212  203
 209  206
 208  206
 203  211
 202  211
 199  214
 198  214
 194  218
 193  218
 186  225
 185  225
 178  232
 177  232
 172  237
 171  237
 165  243
 164  243
 155  252
 154  252
 154  253
 153  254
 152  254
 143  263
 143  264
 140  267
 140  268
 134  274
 134  275
 131  278
 131  279
 128  282
 128  283
 127  284
 127  285
 124  288
 124  289
 121  292
 121  293
 120  294
 120  295
 119  296
 119  297
 112  304
 110  304
 108  306
 108  314
 110  316
 112  316
 113  317
 113  331
 111  333
 111  334
 110  335
 110  337
 109  338
 109  341
 108  342
 108  345
 107  346
 103  346
 101  348
 101  368
 102  369
 102  370
 103  371
 103  372
 104  373
 104  374
 106  376
 106  378
 107  379
 107  380
 108  381
 108  382
 110  384
 110  387
 111  388
 111  389
 113  391
 113  393
 114  394
 114  395
 116  397
 116  398
 117  399
 117  400
 120  403
 120  404
 121  405
 121  406
 124  409
 124  410
 125  411
 125  412
 127  414
 127  416
 130  419
 130  420
 131  421
 131  422
 133  424
 133  425
 135  427
 135  428
 137  430
 137  431
 140  434
 140  435
 142  437
 142  438
 147  443
 147  444
 151  448
 151  449
 154  452
 154  454
 155  455
 155  456
 156  457
 156  458
 157  459
 157  462
 161  466
 161  467
 164  470
 164  472
 165  473
 165  475
 166  476
 166  478
 167  479
 167  481
 170  484
 170  485
 171  486
 171  487
 173  489
 173  490
 174  491
 174  493
 176  495
 176  497
 177  498
 177  501
 178  502
 178  503
 180  505
 180  507
 181  508
 181  509
 183  511
 183  512
 184  513
 184  514
 187  517
 187  518
 193  524
 194  524
 195  525
 196  525
 197  526
 199  526
 200  527
 203  527
 204  526
 205  526
 206  525
 208  525
 209  524
 210  524
 211  523
 233  523
 237  527
 237  528
 238  529
 239  529
 243  533
 244  533
 245  534
 247  532
 248  532
 255  525
 257  525
 258  524
 276  524
 277  525
 278  525
 279  526
 280  526
 282  528
 283  528
 292  537
 292  538
 294  540
 294  541
 297  544
 297  545
 303  551
 305  551
 310  546
 310  545
 312  543
 312  541
 311  540
 311  539
 310  538
 310  537
 304  531
 303  531
 301  529
 300  529
 298  527
 297  527
 296  526
 295  526
 293  524
 292  524
 291  523
 290  523
 288  521
 287  521
 273  507
 273  505
 271  503
 271  502
 270  501
 270  499
 269  498
 269  497
 268  496
 268  495
 267  494
 267  476
 268  475
 268  474
 274  468
 274  467
 275  466
 275  464
 274  463
 274  462
 273  461
 273  458
 270  455
 270  454
 269  453
 269  452
 266  449
 266  447
 264  445
 264  444
 263  443
 263  425
 264  424
 264  422
 265  421
 265  419
 263  417
 263  415
 262  414
 262  413
 260  411
 260  410
 257  407
 257  406
 256  405
 256  404
 254  402
 254  401
 253  400
 253  395
 252  394
 252  384
 251  383
 251  382
 250  381
 250  379
 249  378
 249  377
 246  374
 246  373
 239  366
 239  365
 238  364
 237  364
 232  359
 231  359
 220  348
 220  334
 221  333
 241  333
 242  334
 246  334
 247  333
 252  333
 253  332
 258  332
 259  331
 260  331
 263  328
 263  327
 287  303
 287  302
 290  299
 290  298
 293  295
 293  294
 296  291
 296  290
 297  289
 297  288
 300  285
 300  284
 303  281
 303  280
 306  277
 306  276
 307  275
 307  274
 310  271
 310  270
 313  267
 313  266
 316  263
 316  262
 320  258
 320  257
 327  250
 327  249
 330  246
 330  245
 336  239
 336  238
 339  235
 339  234
 340  233
 340  232
 350  222
 350  221
 351  220
 351  219
 354  216
 354  215
 356  213
 356  212
 357  211
 357  210
 359  208
 359  207
 360  206
 360  205
 363  202
 363  201
 364  200
 364  199
 366  197
 366  196
 367  195
 367  194
 369  192
 369  191
 370  190
 370  188
 372  186
 372  185
 373  184
 373  182
 374  181
 374  179
 375  178
 375  176
 376  175
 376  172
 377  171
 377  166
 378  165
 378  163
 379  162
 379  161
 378  160
 378  159
 377  158
 377  155
 376  154
 376  153
 374  151
 374  150
 373  149
 373  148
 368  143
 366  143
 365  142
 364  142
 363  141
 361  141
 360  140
 358  140
 357  139
 355  139
 354  138
 350  138
 349  137
 344  137
 343  136
