 315  168
 314  169
 310  169
 309  170
 306  170
 305  171
 303  171
 302  172
 300  172
 299  173
 297  173
 296  174
 295  174
 294  175
 293  175
 292  176
 290  176
 288  178
 287  178
 286  179
 285  179
 284  180
 283  180
 282  181
 281  181
 279  183
 278  183
 277  184
 276  184
 274  186
 273  186
 271  188
 270  188
 267  191
 266  191
 263  194
 262  194
 259  197
 258  197
 254  201
 253  201
 248  206
 247  206
 243  210
 242  210
 239  213
 238  213
 233  218
 232  218
 221  229
 220  229
 149  300
 149  301
 147  303
 146  303
 146  304
 135  315
 135  316
 133  318
 132  318
 132  319
 130  321
 130  322
 129  323
 129  349
 130  350
 131  350
 132  351
 132  399
 134  401
 137  401
 144  408
 144  409
 148  413
 148  414
 149  415
 149  416
 156  423
 156  424
 162  430
 162  431
 166  435
 166  436
 169  439
 169  440
 172  443
 172  444
 175  447
 175  448
 176  449
 176  450
 178  452
 178  453
 179  454
 179  457
 180  458
 180  460
 181  461
 181  464
 182  465
 182  474
 183  475
 183  478
 184  479
 184  481
 185  482
 185  485
 186  486
 186  488
 187  489
 187  490
 188  491
 188  492
 189  493
 189  494
 190  495
 190  496
 192  498
 192  499
 193  500
 193  501
 199  507
 199  508
 203  512
 204  512
 206  514
 207  514
 208  515
 209  515
 210  516
 211  516
 212  517
 213  517
 214  518
 217  518
 218  519
 220  519
 221  520
 239  520
 240  519
 243  519
 244  518
 248  518
 249  517
 251  517
 252  516
 254  516
 255  515
 257  515
 258  514
 260  514
 261  513
 263  513
 264  512
 266  512
 267  511
 269  511
 270  510
 271  510
 272  509
 273  509
 274  508
 275  508
 276  507
 277  507
 278  506
 279  506
 280  505
 281  505
 282  504
 283  504
 284  503
 285  503
 287  501
 288  501
 289  500
 290  500
 292  498
 293  498
 294  497
 295  497
 297  495
 298  495
 301  492
 302  492
 304  490
 305  490
 310  485
 311  485
 311  484
 317  478
 317  477
 318  476
 318  475
 321  472
 321  470
 322  469
 322  468
 324  466
 324  465
 325  464
 325  462
 326  461
 326  460
 327  459
 327  457
 328  456
 328  454
 329  453
 329  448
 330  447
 330  435
 329  434
 329  428
 328  427
 328  423
 327  422
 327  421
 326  420
 326  419
 325  418
 325  417
 324  416
 324  415
 317  408
 317  407
 304  394
 303  394
 301  392
 300  392
 298  390
 297  390
 295  388
 294  388
 293  387
 292  387
 290  385
 289  385
 288  384
 287  384
 286  383
 285  383
 284  382
 283  382
 281  380
 280  380
 279  379
 278  379
 277  378
 276  378
 275  377
 274  377
 273  376
 272  376
 271  375
 270  375
 269  374
 268  374
 267  373
 266  373
 265  372
 263  372
 262  371
 261  371
 260  370
 260  356
 261  355
 266  355
 267  354
 271  354
 272  353
 275  353
 276  352
 282  352
 283  351
 290  351
 291  350
 297  350
 298  349
 299  349
 300  348
 301  348
 303  346
 304  346
 310  340
 311  340
 311  339
 324  326
 324  325
 328  321
 328  320
 331  317
 331  316
 332  315
 332  314
 334  312
 334  311
 335  310
 335  308
 336  307
 336  306
 337  305
 337  304
 338  303
 338  301
 339  300
 339  299
 341  297
 341  295
 342  294
 342  291
 343  290
 343  289
 344  288
 344  287
 345  286
 345  282
 346  281
 346  278
 347  277
 347  275
 348  274
 348  268
 349  267
 349  261
 350  260
 350  257
 351  256
 351  252
 352  251
 352  216
 351  215
 351  210
 350  209
 350  206
 349  205
 349  197
 348  196
 348  194
 347  193
 347  191
 346  190
 346  189
 345  188
 345  186
 344  185
 344  184
 337  177
 337  176
 336  175
 335  175
 333  173
 332  173
 331  172
 330  172
 329  171
 328  171
 327  170
 326  170
 325  169
 322  169
 321  168
