 313  186
 312  187
 307  187
 306  188
 305  188
 304  189
 301  189
 300  190
 299  190
 298  191
 296  191
 295  192
 294  192
 293  193
 292  193
 291  194
 290  194
 289  195
 288  195
 287  196
 286  196
 285  197
 284  197
 283  198
 281  198
 279  200
 278  200
 277  201
 276  201
 275  202
 274  202
 273  203
 272  203
 271  204
 270  204
 269  205
 268  205
 266  207
 265  207
 263  209
 262  209
 261  210
 260  210
 258  212
 257  212
 255  214
 254  214
 252  216
 251  216
 249  218
 248  218
 245  221
 244  221
 242  223
 241  223
 240  224
 239  224
 236  227
 235  227
 233  229
 232  229
 230  231
 229  231
 227  233
 226  233
 224  235
 223  235
 219  239
 218  239
 215  242
 214  242
 211  245
 210  245
 207  248
 206  248
 202  252
 201  252
 198  255
 197  255
 194  258
 193  258
 184  267
 183  267
 178  272
 177  272
 172  277
 171  277
 166  282
 165  282
 161  286
 160  286
 151  295
 150  295
 145  300
 144  300
 144  301
 143  302
 142  302
 136  308
 136  309
 135  310
 134  310
 134  311
 130  315
 130  316
 129  317
 129  340
 130  341
 141  341
 142  342
 142  356
 141  357
 141  358
 140  359
 140  360
 138  362
 135  362
 134  363
 134  378
 136  380
 136  381
 139  384
 140  384
 143  387
 143  388
 145  390
 145  391
 146  392
 146  393
 148  395
 149  395
 150  396
 151  396
 154  399
 154  400
 161  407
 161  408
 162  409
 162  410
 163  411
 163  412
 165  414
 165  415
 166  416
 166  417
 167  418
 167  419
 168  420
 168  421
 169  422
 169  423
 170  424
 170  425
 172  427
 172  430
 173  431
 173  432
 174  433
 174  435
 175  436
 175  439
 176  440
 176  443
 177  444
 177  447
 178  448
 178  452
 179  453
 179  454
 180  455
 180  457
 181  458
 181  463
 182  464
 182  468
 183  469
 183  471
 184  472
 184  473
 185  474
 185  476
 186  477
 186  479
 187  480
 187  481
 189  483
 189  484
 193  488
 193  489
 194  489
 197  492
 198  492
 201  495
 202  495
 203  496
 204  496
 205  497
 206  497
 207  498
 208  498
 209  499
 210  499
 211  500
 214  500
 215  501
 218  501
 219  502
 234  502
 235  501
 239  501
 240  500
 242  500
 243  499
 246  499
 247  498
 249  498
 250  497
 251  497
 252  496
 253  496
 254  495
 255  495
 256  494
 257  494
 258  493
 259  493
 261  491
 262  491
 263  490
 264  490
 266  488
 267  488
 268  487
 269  487
 270  486
 271  486
 277  480
 278  480
 278  479
 288  469
 289  469
 291  467
 291  466
 292  465
 292  464
 296  460
 296  459
 297  458
 297  457
 298  456
 298  455
 299  454
 299  452
 300  451
 300  449
 301  448
 301  446
 302  445
 302  443
 303  442
 303  438
 304  437
 304  431
 305  430
 305  424
 304  423
 304  413
 303  412
 303  409
 302  408
 302  406
 301  405
 301  403
 300  402
 300  401
 298  399
 298  398
 295  395
 295  394
 294  393
 294  392
 291  389
 291  388
 286  383
 286  382
 284  380
 284  379
 280  375
 279  375
 276  372
 275  372
 272  369
 272  368
 271  367
 271  351
 272  350
 279  350
 280  349
 290  349
 291  348
 292  348
 293  347
 294  347
 295  346
 296  346
 298  344
 300  344
 301  343
 303  343
 304  342
 306  342
 307  341
 308  341
 309  340
 311  340
 312  339
 313  339
 314  338
 315  338
 317  336
 317  335
 318  334
 319  334
 323  330
 323  329
 326  326
 326  325
 328  323
 328  322
 333  317
 333  316
 335  314
 335  313
 337  311
 337  310
 338  309
 338  308
 339  307
 339  306
 340  305
 340  304
 341  303
 341  301
 342  300
 342  296
 343  295
 343  293
 344  292
 344  289
 345  288
 345  285
 346  284
 346  282
 347  281
 347  277
 348  276
 348  270
 349  269
 349  265
 350  264
 350  260
 351  259
 351  252
 352  251
 352  230
 351  229
 351  226
 350  225
 350  222
 349  221
 349  220
 348  219
 348  215
 347  214
 347  212
 346  211
 346  209
 345  208
 345  205
 344  204
 344  203
 342  201
 341  201
 340  200
 340  199
 336  195
 336  194
 334  192
 333  192
 331  190
 330  190
 328  188
 326  188
 325  187
 323  187
 322  186
