 316  195
 315  196
 311  196
 310  197
 308  197
 307  198
 304  198
 303  199
 302  199
 301  200
 299  200
 298  201
 297  201
 296  202
 295  202
 294  203
 293  203
 292  204
 291  204
 290  205
 289  205
 288  206
 287  206
 286  207
 285  207
 283  209
 282  209
 281  210
 280  210
 279  211
 278  211
 276  213
 275  213
 274  214
 273  214
 271  216
 270  216
 269  217
 268  217
 267  218
 266  218
 264  220
 263  220
 261  222
 260  222
 259  223
 258  223
 256  225
 255  225
 254  226
 253  226
 251  228
 250  228
 248  230
 247  230
 245  232
 244  232
 242  234
 241  234
 239  236
 238  236
 236  238
 235  238
 232  241
 231  241
 229  243
 228  243
 225  246
 224  246
 221  249
 220  249
 217  252
 216  252
 211  257
 210  257
 206  261
 205  261
 202  264
 201  264
 197  268
 196  268
 190  274
 189  274
 184  279
 183  279
 179  283
 178  283
 177  284
 176  284
 175  285
 163  285
 159  289
 159  290
 156  293
 156  294
 153  297
 153  298
 150  301
 150  302
 149  303
 149  304
 148  305
 147  305
 139  313
 139  314
 133  320
 133  322
 132  323
 132  345
 134  347
 136  347
 137  348
 137  381
 139  383
 140  383
 143  386
 144  386
 156  398
 156  399
 160  403
 160  404
 164  408
 164  409
 168  413
 168  414
 170  416
 170  417
 174  421
 174  422
 176  424
 176  425
 178  427
 178  428
 179  429
 179  430
 180  431
 180  432
 182  434
 182  435
 184  437
 184  438
 186  440
 186  441
 187  442
 187  443
 188  444
 188  445
 189  446
 189  447
 190  448
 190  449
 191  450
 191  452
 192  453
 192  456
 193  457
 193  459
 194  460
 194  461
 195  462
 195  463
 196  464
 196  465
 197  466
 197  467
 200  470
 200  471
 203  474
 203  475
 207  479
 208  479
 210  481
 211  481
 213  483
 214  483
 215  484
 216  484
 217  485
 218  485
 219  486
 220  486
 223  489
 224  489
 225  490
 226  490
 227  491
 231  491
 232  492
 233  492
 234  493
 240  493
 241  492
 247  492
 248  491
 252  491
 253  490
 254  490
 256  488
 257  488
 259  486
 260  486
 261  485
 263  485
 265  483
 266  483
 267  482
 268  482
 269  481
 270  481
 271  480
 272  480
 274  478
 276  478
 277  477
 278  477
 280  475
 281  475
 282  474
 283  474
 283  473
 285  471
 286  471
 294  463
 295  463
 296  462
 297  462
 299  460
 300  460
 301  459
 302  459
 302  458
 304  456
 304  454
 305  453
 305  451
 306  450
 306  449
 307  448
 307  446
 308  445
 308  443
 309  442
 309  441
 310  440
 310  439
 311  438
 311  437
 312  436
 312  433
 313  432
 313  428
 312  427
 312  421
 311  420
 311  417
 310  416
 310  415
 309  414
 309  413
 308  412
 308  411
 306  409
 306  408
 305  407
 305  406
 304  405
 304  404
 301  401
 300  401
 296  397
 295  397
 291  393
 290  393
 289  392
 289  391
 288  390
 288  389
 287  388
 287  387
 286  386
 286  385
 283  382
 283  381
 277  375
 276  375
 271  370
 270  370
 264  364
 264  350
 265  349
 268  349
 269  348
 284  348
 285  347
 291  347
 292  346
 293  346
 294  345
 296  345
 297  344
 298  344
 299  343
 301  343
 302  342
 303  342
 304  341
 305  341
 306  340
 307  340
 308  339
 309  339
 313  335
 313  334
 317  330
 317  329
 322  324
 323  324
 324  323
 325  323
 325  322
 328  319
 328  318
 330  316
 330  315
 331  314
 331  313
 332  312
 332  310
 333  309
 333  308
 334  307
 334  305
 335  304
 335  303
 336  302
 336  301
 338  299
 338  298
 339  297
 339  295
 340  294
 340  292
 341  291
 341  290
 342  289
 342  282
 343  281
 343  278
 344  277
 344  276
 345  275
 345  271
 346  270
 346  259
 347  258
 347  256
 348  255
 348  238
 347  237
 347  236
 346  235
 346  231
 345  230
 345  223
 344  222
 344  220
 343  219
 343  218
 342  217
 342  215
 341  214
 341  213
 339  211
 339  210
 338  209
 338  208
 337  207
 337  206
 336  205
 336  204
 335  203
 335  202
 334  201
 334  200
 333  199
 332  199
 330  197
 329  197
 328  196
 326  196
 325  195
