 339   37
 338   38
 334   38
 333   39
 330   39
 329   40
 326   40
 325   41
 323   41
 322   42
 319   42
 318   43
 316   43
 315   44
 313   44
 312   45
 311   45
 310   46
 308   46
 307   47
 306   47
 305   48
 304   48
 303   49
 302   49
 301   50
 299   50
 297   52
 296   52
 295   53
 294   53
 293   54
 292   54
 291   55
 289   55
 287   57
 286   57
 285   58
 284   58
 282   60
 281   60
 278   63
 277   63
 275   65
 274   65
 272   67
 271   67
 270   68
 269   68
 267   70
 266   70
 264   72
 263   72
 261   74
 260   74
 258   76
 257   76
 255   78
 254   78
 250   82
 249   82
 238   93
 237   93
 233   97
 232   97
 223  106
 223  107
 214  116
 214  117
 208  123
 208  124
 204  128
 204  129
 196  137
 196  138
 193  141
 193  142
 191  144
 191  145
 190  146
 190  147
 187  150
 187  151
 185  153
 185  154
 182  157
 182  158
 180  160
 180  161
 177  164
 177  165
 173  169
 173  170
 172  171
 172  172
 170  174
 170  175
 169  176
 169  178
 167  180
 167  181
 166  182
 166  183
 165  184
 165  185
 163  187
 163  188
 162  189
 162  190
 160  192
 160  193
 159  194
 159  195
 157  197
 157  198
 156  199
 156  200
 153  203
 153  205
 150  208
 150  210
 149  211
 149  214
 147  216
 147  217
 146  218
 146  221
 145  222
 145  223
 143  225
 143  227
 142  228
 142  229
 140  231
 140  232
 139  233
 139  236
 138  237
 138  239
 137  240
 137  241
 136  242
 136  243
 134  245
 134  246
 133  247
 133  248
 132  249
 132  250
 131  251
 131  258
 133  260
 151  260
 152  261
 152  275
 148  279
 148  280
 146  282
 146  283
 145  284
 145  285
 144  286
 144  287
 143  288
 143  290
 142  291
 142  293
 141  294
 141  297
 140  298
 140  302
 139  303
 132  303
 130  305
 130  325
 131  326
 131  328
 132  329
 132  331
 133  332
 133  333
 134  334
 134  336
 135  337
 135  338
 136  339
 136  340
 141  345
 141  346
 142  347
 142  348
 145  351
 145  352
 146  353
 146  354
 147  355
 147  356
 148  357
 148  358
 149  359
 149  361
 150  362
 150  363
 151  364
 151  366
 152  367
 152  368
 153  369
 153  370
 154  371
 154  372
 155  373
 155  374
 156  375
 156  376
 157  377
 157  378
 158  379
 158  380
 159  381
 159  383
 160  384
 160  385
 161  386
 161  387
 163  389
 163  390
 164  391
 164  393
 165  394
 165  398
 166  399
 166  401
 167  402
 167  403
 168  404
 168  406
 169  407
 169  408
 170  409
 170  411
 171  412
 171  413
 172  414
 172  436
 171  437
 172  438
 172  451
 173  452
 173  456
 174  457
 174  461
 175  462
 175  464
 176  465
 176  466
 177  467
 179  467
 180  468
 184  468
 185  469
 186  469
 187  468
 188  468
 189  467
 190  467
 191  466
 205  466
 207  468
 207  472
 208  473
 208  475
 209  476
 209  508
 214  513
 215  513
 215  511
 216  510
 216  509
 217  508
 217  506
 221  502
 222  502
 223  501
 246  501
 247  502
 248  502
 249  503
 249  508
 250  509
 250  511
 251  512
 251  520
 252  520
 252  513
 254  511
 255  511
 256  510
 257  510
 258  509
 275  509
 276  510
 277  510
 279  512
 280  512
 282  514
 283  514
 286  517
 286  518
 288  520
 288  521
 289  522
 289  523
 290  524
 290  526
 292  528
 292  529
 293  530
 293  532
 294  533
 294  534
 296  536
 296  538
 297  539
 297  541
 299  543
 299  544
 300  545
 300  547
 302  549
 302  550
 303  551
 303  553
 304  554
 304  555
 305  556
 305  557
 306  558
 306  559
 307  560
 307  562
 308  563
 308  564
 309  565
 309  566
 310  567
 310  568
 311  569
 311  570
 313  572
 313  574
 314  575
 314  576
 316  578
 316  579
 316  578
 315  577
 315  575
 314  574
 314  573
 313  572
 313  571
 312  570
 312  567
 311  566
 311  565
 310  564
 310  563
 309  562
 309  560
 308  559
 308  558
 307  557
 307  556
 306  555
 306  553
 305  552
 305  549
 304  548
 304  547
 303  546
 303  545
 302  544
 302  543
 301  542
 301  541
 299  539
 299  538
 296  535
 296  534
 294  532
 294  531
 293  530
 293  529
 292  528
 292  526
 291  525
 291  524
 290  523
 290  522
 289  521
 289  520
 287  518
 287  517
 285  515
 285  514
 284  513
 284  512
 282  510
 282  509
 281  508
 281  507
 280  506
 280  505
 277  502
 277  501
 276  500
 276  499
 275  498
 275  482
 277  480
 277  479
 278  478
 278  477
 281  474
 282  474
 283  473
 285  473
 286  472
 305  472
 306  473
 309  473
 310  474
 311  474
 312  475
 310  473
 309  473
 308  472
 307  472
 305  470
 304  470
 303  469
 296  469
 295  470
 279  470
 278  469
 278  455
 280  453
 281  453
 282  452
 283  452
 284  451
 285  451
 286  450
 287  450
 291  446
 291  442
 292  441
 292  440
 293  439
 293  436
 297  432
 299  432
 300  431
 301  431
 302  430
 303  430
 305  428
 306  428
 307  427
 309  427
 310  426
 314  426
 315  425
 317  425
 316  424
 316  423
 315  422
 315  421
 310  416
 309  416
 308  415
 307  415
 305  413
 305  394
 306  393
 306  390
 308  388
 308  387
 314  381
 315  381
 315  379
 312  376
 311  376
 308  373
 308  353
 309  352
 309  347
 308  346
 308  345
 302  339
 301  339
 298  336
 297  336
 295  334
 294  334
 292  332
 291  332
 290  331
 289  331
 288  330
 287  330
 286  329
 285  329
 284  328
 283  328
 282  327
 281  327
 280  326
 279  326
 276  323
 275  323
 273  321
 273  320
 270  317
 269  317
 266  314
 265  314
 263  312
 262  312
 258  308
 258  303
 244  303
 243  302
 243  296
 229  296
 228  295
 220  295
 219  294
 216  294
 215  293
 214  293
 210  289
 210  288
 209  287
 209  273
 210  272
 225  272
 227  274
 228  274
 229  275
 230  275
 231  276
 232  276
 233  277
 236  277
 237  278
 241  278
 242  279
 244  279
 246  281
 246  287
 265  287
 266  288
 290  288
 291  287
 298  287
 299  286
 300  286
 302  284
 302  283
 304  281
 304  280
 305  279
 306  279
 310  275
 310  274
 311  273
 311  271
 314  268
 314  267
 315  266
 315  265
 316  264
 316  259
 317  258
 317  254
 318  253
 318  248
 319  247
 319  243
 320  242
 320  238
 321  237
 321  218
 322  217
 322  207
 323  206
 323  202
 324  201
 324  199
 325  198
 325  187
 326  186
 326  174
 327  173
 327  170
 328  169
 328  166
 329  165
 329  160
 330  159
 330  153
 331  152
 331  147
 332  146
 332  139
 333  138
 333  135
 334  134
 334  132
 335  131
 335  128
 336  127
 336  122
 337  121
 337  118
 338  117
 338  114
 339  113
 339  108
 340  107
 340  106
 341  105
 341  103
 342  102
 342   99
 343   98
 343   95
 344   94
 344   92
 345   91
 345   86
 346   85
 346   81
 347   80
 347   78
 348   77
 348   74
 349   73
 349   65
 350   64
 350   44
 349   43
 349   41
 347   39
 346   39
 345   38
 343   38
 342   37
