 300  161
 299  162
 294  162
 293  163
 290  163
 289  164
 287  164
 286  165
 283  165
 282  166
 280  166
 279  167
 277  167
 276  168
 275  168
 274  169
 272  169
 271  170
 270  170
 269  171
 268  171
 267  172
 266  172
 265  173
 264  173
 263  174
 262  174
 260  176
 259  176
 258  177
 257  177
 256  178
 255  178
 252  181
 251  181
 249  183
 248  183
 246  185
 245  185
 240  190
 239  190
 236  193
 235  193
 230  198
 229  198
 211  216
 211  217
 204  224
 204  225
 198  231
 198  232
 194  236
 194  237
 190  241
 190  242
 188  244
 188  245
 186  247
 186  248
 185  249
 185  250
 183  252
 183  253
 181  255
 181  256
 180  257
 180  258
 178  260
 178  261
 177  262
 177  263
 175  265
 175  266
 174  267
 174  270
 173  271
 173  272
 172  273
 172  274
 171  275
 171  276
 170  277
 170  278
 169  279
 169  280
 167  282
 166  282
 165  283
 165  284
 164  285
 164  290
 166  292
 171  292
 172  293
 172  307
 171  308
 171  309
 168  312
 168  314
 167  315
 167  318
 168  319
 168  320
 171  323
 171  325
 174  328
 174  329
 175  330
 175  331
 176  332
 176  333
 178  335
 178  337
 179  338
 179  339
 180  340
 180  342
 181  343
 181  344
 182  345
 182  346
 183  347
 183  349
 184  350
 184  352
 185  353
 185  356
 186  357
 186  361
 187  362
 187  380
 188  381
 188  385
 189  386
 189  387
 190  388
 190  389
 191  390
 191  393
 192  394
 192  395
 193  396
 193  397
 194  398
 194  400
 196  402
 196  403
 200  407
 216  407
 217  408
 217  422
 215  424
 214  424
 213  425
 213  426
 212  427
 212  429
 211  430
 211  433
 210  434
 210  436
 211  437
 211  438
 212  439
 214  439
 215  438
 216  438
 217  437
 218  437
 219  436
 234  436
 235  437
 235  439
 236  440
 236  441
 237  442
 237  443
 239  445
 255  445
 256  446
 257  446
 260  449
 260  450
 261  451
 261  452
 263  454
 263  455
 264  456
 264  457
 265  458
 265  459
 266  460
 266  461
 267  462
 267  463
 268  464
 268  466
 269  467
 269  468
 271  470
 271  472
 272  473
 272  474
 274  476
 274  477
 275  478
 275  480
 277  482
 277  483
 277  482
 276  481
 276  480
 275  479
 275  478
 274  477
 274  476
 273  475
 273  472
 272  471
 272  470
 271  469
 271  468
 270  467
 270  465
 269  464
 269  462
 267  460
 267  459
 266  458
 266  457
 265  456
 265  455
 264  454
 264  453
 263  452
 263  451
 262  450
 262  449
 257  444
 257  443
 256  442
 256  441
 253  438
 253  436
 252  435
 252  434
 251  433
 251  417
 255  413
 256  413
 257  412
 258  412
 259  411
 261  411
 258  408
 256  408
 255  407
 255  391
 256  390
 256  385
 260  381
 261  381
 262  380
 266  380
 267  379
 268  379
 266  377
 266  359
 268  357
 269  357
 270  356
 272  356
 273  355
 274  355
 274  354
 273  353
 273  351
 272  350
 272  349
 271  348
 271  331
 272  330
 265  323
 264  323
 260  319
 260  302
 261  301
 271  301
 272  300
 275  300
 280  295
 281  295
 282  294
 282  293
 283  292
 283  291
 284  290
 284  289
 285  288
 285  287
 286  286
 286  284
 287  283
 287  280
 288  279
 288  278
 289  277
 289  275
 290  274
 290  269
 291  268
 291  264
 292  263
 292  262
 293  261
 293  259
 294  258
 294  255
 295  254
 295  252
 296  251
 296  248
 297  247
 297  243
 298  242
 298  235
 299  234
 299  232
 300  231
 300  230
 301  229
 301  228
 302  227
 302  226
 303  225
 303  224
 304  223
 304  221
 305  220
 305  219
 306  218
 306  216
 307  215
 307  212
 308  211
 308  209
 309  208
 309  207
 310  206
 310  204
 311  203
 311  200
 312  199
 312  198
 313  197
 313  193
 314  192
 314  185
 315  184
 315  181
 316  180
 316  171
 315  170
 315  169
 314  168
 314  167
 313  166
 313  165
 312  165
 310  163
 308  163
 307  162
 304  162
 303  161
