 334  137
 333  138
 329  138
 328  139
 323  139
 322  140
 320  140
 319  141
 316  141
 315  142
 313  142
 312  143
 309  143
 308  144
 307  144
 306  145
 304  145
 303  146
 301  146
 300  147
 298  147
 297  148
 295  148
 294  149
 293  149
 292  150
 289  150
 288  151
 286  151
 285  152
 283  152
 282  153
 280  153
 279  154
 277  154
 276  155
 274  155
 273  156
 272  156
 271  157
 269  157
 268  158
 267  158
 266  159
 265  159
 264  160
 263  160
 262  161
 261  161
 260  162
 258  162
 257  163
 256  163
 255  164
 254  164
 253  165
 252  165
 251  166
 250  166
 249  167
 248  167
 247  168
 246  168
 244  170
 243  170
 242  171
 241  171
 239  173
 238  173
 236  175
 235  175
 233  177
 232  177
 229  180
 228  180
 225  183
 224  183
 221  186
 220  186
 217  189
 216  189
 213  192
 212  192
 208  196
 207  196
 203  200
 202  200
 197  205
 196  205
 191  210
 190  210
 186  214
 185  214
 179  220
 178  220
 172  226
 171  226
 167  230
 166  230
 163  233
 162  233
 159  236
 158  236
 153  241
 153  242
 129  266
 128  266
 128  267
 126  269
 126  270
 124  272
 124  273
 121  276
 121  277
 117  281
 117  282
 115  284
 115  285
 112  288
 112  289
 110  291
 110  292
 107  295
 107  296
 104  299
 104  300
 103  301
 103  306
 102  307
 102  310
 100  312
 100  315
 102  317
 102  318
 104  320
 104  335
 103  336
 102  336
 101  337
 101  338
  98  341
  98  342
  96  344
  96  345
  95  346
  95  347
  94  348
  94  349
  93  350
  93  352
  92  353
  92  360
  91  361
  86  361
  85  362
  85  373
  86  374
  88  374
  91  377
  91  378
  93  380
  93  382
  94  383
  94  385
  96  387
  96  388
  97  389
  97  391
  98  392
  98  393
  99  394
  99  395
 100  396
 100  397
 101  398
 101  400
 103  402
 103  403
 104  404
 104  406
 105  407
 105  408
 106  409
 106  410
 107  411
 107  413
 108  414
 108  415
 109  416
 109  417
 110  418
 110  420
 111  421
 111  422
 113  424
 113  425
 114  426
 114  428
 116  430
 116  431
 117  432
 117  434
 118  435
 118  436
 120  438
 120  439
 121  440
 121  442
 123  444
 123  445
 124  446
 124  448
 127  451
 127  452
 128  453
 128  454
 130  456
 130  457
 131  458
 131  459
 133  461
 133  463
 134  464
 134  466
 135  467
 135  469
 137  471
 137  473
 138  474
 138  475
 139  476
 139  477
 140  478
 140  479
 141  480
 141  482
 142  483
 142  485
 143  486
 143  490
 144  491
 144  495
 145  496
 145  498
 146  499
 146  502
 147  503
 147  508
 148  509
 148  512
 149  513
 149  515
 150  516
 150  519
 151  520
 151  522
 153  524
 153  525
 154  526
 154  528
 156  530
 156  531
 157  532
 157  533
 160  536
 160  537
 166  543
 167  543
 168  544
 169  544
 170  545
 173  545
 174  546
 176  546
 177  545
 179  545
 180  544
 200  544
 201  545
 202  545
 203  546
 204  546
 206  548
 207  548
 208  549
 209  549
 210  550
 212  550
 213  551
 214  550
 216  550
 217  549
 218  549
 219  548
 220  548
 222  546
 223  546
 226  543
 227  543
 228  542
 246  542
 247  543
 252  543
 254  541
 255  541
 256  540
 256  539
 259  536
 259  535
 260  534
 260  528
 259  527
 259  526
 258  525
 258  524
 257  523
 257  506
 262  501
 264  501
 266  499
 267  499
 270  496
 270  495
 271  494
 271  492
 272  491
 272  488
 271  487
 271  485
 270  484
 270  481
 269  480
 269  479
 267  477
 267  475
 266  474
 266  473
 264  471
 264  470
 263  469
 263  466
 262  465
 262  464
 261  463
 261  448
 263  446
 263  445
 267  441
 267  440
 270  437
 270  432
 269  431
 269  430
 268  429
 268  428
 267  427
 267  426
 266  425
 266  423
 264  421
 264  420
 263  419
 263  418
 260  415
 260  414
 257  411
 257  410
 256  409
 256  408
 253  405
 253  404
 251  402
 251  401
 250  400
 250  399
 248  397
 248  396
 247  395
 247  393
 246  392
 246  389
 245  388
 245  387
 244  386
 244  385
 243  384
 243  383
 242  382
 242  381
 240  379
 240  378
 232  370
 231  370
 228  367
 227  367
 225  365
 224  365
 222  363
 222  349
 223  348
 241  348
 242  349
 250  349
 251  350
 252  350
 253  349
 260  349
 261  348
 265  348
 266  347
 273  347
 274  346
 278  346
 280  344
 281  344
 284  341
 285  341
 286  340
 287  340
 289  338
 290  338
 291  337
 292  337
 294  335
 295  335
 298  332
 298  331
 299  330
 300  330
 302  328
 303  328
 307  324
 307  323
 308  322
 308  321
 311  318
 313  318
 317  314
 317  313
 320  310
 320  309
 323  306
 323  305
 330  298
 330  297
 333  294
 333  293
 335  291
 335  290
 336  289
 336  288
 338  286
 338  285
 340  283
 340  282
 342  280
 342  279
 343  278
 343  277
 345  275
 345  274
 346  273
 346  272
 350  268
 350  267
 354  263
 354  262
 356  260
 356  259
 357  258
 357  257
 359  255
 359  254
 360  253
 360  252
 361  251
 361  250
 362  249
 362  248
 363  247
 363  245
 364  244
 364  242
 365  241
 365  240
 367  238
 367  237
 368  236
 368  235
 370  233
 370  232
 371  231
 371  230
 372  229
 372  228
 373  227
 373  226
 374  225
 374  224
 375  223
 375  222
 376  221
 376  219
 377  218
 377  216
 378  215
 378  214
 380  212
 380  211
 381  210
 381  209
 382  208
 382  207
 383  206
 383  205
 384  204
 384  202
 385  201
 385  200
 386  199
 386  197
 387  196
 387  194
 389  192
 389  191
 390  190
 390  188
 391  187
 391  185
 392  184
 392  182
 393  181
 393  179
 394  178
 394  175
 395  174
 395  172
 396  171
 396  165
 395  164
 395  161
 394  160
 394  158
 393  157
 393  156
 386  149
 385  149
 383  147
 382  147
 381  146
 380  146
 378  144
 377  144
 376  143
 375  143
 374  142
 373  142
 372  141
 371  141
 370  140
 368  140
 367  139
 365  139
 364  138
 361  138
 360  137
