 333  134
 332  135
 329  135
 328  136
 323  136
 322  137
 319  137
 318  138
 316  138
 315  139
 312  139
 311  140
 310  140
 309  141
 307  141
 306  142
 305  142
 304  143
 302  143
 301  144
 300  144
 299  145
 298  145
 297  146
 295  146
 293  148
 292  148
 291  149
 290  149
 289  150
 287  150
 285  152
 284  152
 283  153
 282  153
 281  154
 280  154
 279  155
 278  155
 277  156
 276  156
 274  158
 273  158
 272  159
 271  159
 269  161
 268  161
 267  162
 266  162
 264  164
 263  164
 261  166
 260  166
 257  169
 256  169
 254  171
 253  171
 251  173
 250  173
 248  175
 247  175
 244  178
 243  178
 241  180
 240  180
 238  182
 237  182
 235  184
 234  184
 232  186
 231  186
 229  188
 228  188
 226  190
 225  190
 222  193
 221  193
 218  196
 217  196
 215  198
 214  198
 211  201
 210  201
 207  204
 206  204
 203  207
 202  207
 200  209
 199  209
 196  212
 195  212
 192  215
 191  215
 186  220
 185  220
 180  225
 179  225
 172  232
 171  232
 168  235
 167  235
 162  240
 161  240
 161  241
 158  244
 157  244
 148  253
 147  253
 141  259
 141  260
 137  264
 137  265
 134  268
 134  269
 128  275
 128  276
 127  277
 127  278
 125  280
 125  282
 124  283
 124  284
 117  291
 116  291
 115  292
 114  292
 113  293
 113  301
 112  302
 112  303
 111  304
 111  305
 109  307
 105  307
 103  309
 103  326
 104  327
 104  343
 103  344
 103  359
 104  360
 104  361
 107  364
 107  366
 108  367
 108  368
 110  370
 110  372
 111  373
 111  375
 113  377
 113  378
 114  379
 114  381
 116  383
 116  384
 117  385
 117  387
 119  389
 119  390
 120  391
 120  392
 121  393
 121  394
 123  396
 123  397
 124  398
 124  399
 125  400
 125  401
 127  403
 127  406
 129  408
 129  409
 130  410
 130  412
 131  413
 131  414
 132  415
 132  416
 133  417
 133  418
 134  419
 134  422
 135  423
 135  424
 137  426
 137  429
 138  430
 138  432
 140  434
 140  436
 141  437
 141  438
 142  439
 142  440
 144  442
 144  444
 147  447
 147  448
 148  449
 148  450
 151  453
 151  454
 158  461
 158  462
 161  465
 161  466
 163  468
 163  469
 164  470
 164  472
 168  476
 168  477
 171  480
 171  481
 174  484
 174  486
 176  488
 176  489
 177  490
 177  492
 178  493
 178  494
 179  495
 179  496
 180  497
 180  499
 181  500
 181  502
 182  503
 182  504
 183  505
 183  506
 184  507
 184  508
 186  510
 186  511
 189  514
 189  515
 193  519
 194  519
 196  521
 197  521
 198  522
 200  522
 201  523
 204  523
 205  522
 207  522
 208  521
 209  521
 210  520
 211  520
 212  519
 214  519
 215  518
 231  518
 232  519
 233  519
 235  521
 236  521
 237  522
 237  523
 239  525
 240  525
 242  527
 245  527
 246  526
 247  526
 254  519
 256  519
 257  518
 275  518
 276  519
 277  519
 278  520
 279  520
 281  522
 282  522
 291  531
 291  532
 294  535
 294  536
 295  537
 295  538
 297  540
 297  541
 298  542
 298  543
 302  547
 302  548
 303  549
 304  549
 307  552
 308  552
 309  553
 312  553
 317  548
 317  543
 316  542
 316  541
 314  539
 314  538
 308  532
 307  532
 303  528
 302  528
 299  525
 298  525
 295  522
 294  522
 277  505
 277  504
 274  501
 274  500
 273  499
 273  498
 271  496
 271  495
 270  494
 270  492
 269  491
 269  490
 268  489
 268  471
 269  470
 269  469
 270  468
 270  467
 276  461
 276  460
 277  459
 277  458
 276  457
 276  455
 274  453
 274  452
 271  449
 271  448
 269  446
 269  445
 267  443
 267  442
 266  441
 266  440
 265  439
 265  438
 264  437
 264  421
 265  420
 265  419
 266  418
 266  417
 267  416
 267  412
 266  411
 266  410
 264  408
 264  407
 263  406
 263  405
 257  399
 257  398
 256  397
 256  396
 254  394
 254  393
 253  392
 253  379
 252  378
 252  376
 250  374
 250  372
 247  369
 247  368
 231  352
 230  352
 225  347
 224  347
 221  344
 221  330
 222  329
 248  329
 249  328
 259  328
 263  324
 263  323
 268  318
 269  318
 277  310
 278  310
 281  307
 282  307
 287  302
 287  301
 293  295
 293  294
 296  291
 296  290
 297  289
 297  288
 300  285
 300  284
 301  283
 301  282
 304  279
 304  278
 307  275
 307  273
 309  271
 309  270
 310  269
 310  268
 312  266
 312  265
 314  263
 314  262
 316  260
 316  259
 317  258
 317  257
 320  254
 320  253
 321  252
 322  252
 323  251
 323  250
 330  243
 330  242
 337  235
 337  234
 339  232
 339  231
 350  220
 350  219
 353  216
 353  215
 356  212
 356  211
 357  210
 357  209
 360  206
 360  205
 363  202
 363  201
 364  200
 364  199
 365  198
 365  197
 367  195
 367  193
 369  191
 369  190
 370  189
 370  187
 371  186
 371  185
 372  184
 372  183
 373  182
 373  180
 374  179
 374  177
 375  176
 375  175
 376  174
 376  172
 377  171
 377  157
 376  156
 376  154
 374  152
 374  150
 373  149
 373  148
 372  147
 372  146
 369  143
 368  143
 366  141
 365  141
 364  140
 363  140
 362  139
 360  139
 359  138
 358  138
 357  137
 355  137
 354  136
 352  136
 351  135
 349  135
 348  134
