 321  201
 320  202
 312  202
 311  203
 306  203
 305  204
 299  204
 298  205
 294  205
 293  206
 290  206
 289  207
 287  207
 286  208
 283  208
 282  209
 281  209
 280  210
 278  210
 277  211
 276  211
 275  212
 273  212
 272  213
 271  213
 270  214
 269  214
 268  215
 267  215
 266  216
 264  216
 263  217
 262  217
 261  218
 260  218
 259  219
 258  219
 257  220
 256  220
 255  221
 254  221
 253  222
 252  222
 251  223
 250  223
 249  224
 248  224
 247  225
 246  225
 245  226
 244  226
 243  227
 242  227
 241  228
 240  228
 238  230
 237  230
 236  231
 235  231
 234  232
 233  232
 232  233
 231  233
 230  234
 229  234
 227  236
 226  236
 225  237
 224  237
 223  238
 222  238
 220  240
 219  240
 218  241
 217  241
 215  243
 214  243
 212  245
 211  245
 209  247
 208  247
 206  249
 205  249
 203  251
 202  251
 199  254
 198  254
 194  258
 193  258
 191  260
 190  260
 189  261
 188  261
 184  265
 183  265
 179  269
 178  269
 175  272
 174  272
 171  275
 170  275
 165  280
 164  280
 155  289
 154  289
 146  297
 146  298
 142  302
 142  303
 139  306
 139  307
 132  314
 132  315
 126  321
 121  321
 120  322
 120  327
 121  328
 124  328
 125  329
 125  345
 124  346
 124  349
 123  350
 123  356
 122  357
 122  362
 121  363
 121  366
 119  368
 119  373
 123  377
 123  378
 126  381
 126  382
 129  385
 129  386
 132  389
 132  390
 133  391
 133  392
 136  395
 136  396
 137  397
 137  398
 140  401
 140  402
 142  404
 142  405
 143  406
 143  407
 146  410
 146  411
 147  412
 147  413
 150  416
 150  417
 153  420
 153  421
 154  422
 154  423
 157  426
 157  427
 158  428
 158  429
 159  430
 159  431
 160  432
 160  433
 163  436
 163  438
 166  441
 166  442
 167  443
 167  444
 170  447
 170  448
 173  451
 173  452
 174  453
 174  454
 177  457
 177  458
 180  461
 180  462
 183  465
 183  466
 186  469
 186  470
 187  471
 188  471
 189  472
 192  472
 193  473
 194  473
 200  479
 200  480
 202  482
 202  483
 203  484
 204  483
 204  482
 205  481
 205  479
 207  477
 208  477
 209  476
 227  476
 228  475
 228  464
 230  462
 248  462
 248  461
 246  459
 246  457
 245  456
 245  437
 246  436
 247  436
 248  435
 249  435
 252  432
 252  429
 251  428
 251  413
 252  412
 252  411
 256  407
 256  405
 255  404
 255  403
 252  400
 252  399
 250  397
 250  396
 249  395
 249  393
 248  392
 248  387
 247  386
 247  382
 246  381
 246  379
 238  371
 238  357
 239  356
 258  356
 259  355
 269  355
 270  354
 272  354
 275  351
 275  350
 277  348
 277  347
 282  342
 282  341
 283  340
 283  339
 285  337
 285  335
 292  328
 292  327
 293  326
 293  325
 295  323
 295  322
 296  321
 296  320
 297  319
 297  318
 299  316
 299  315
 300  314
 300  313
 302  311
 302  309
 303  308
 303  307
 304  306
 304  305
 306  303
 306  302
 309  299
 309  298
 310  297
 310  296
 313  293
 313  292
 316  289
 316  288
 319  285
 319  284
 322  281
 322  280
 323  279
 323  278
 326  275
 326  273
 336  263
 336  262
 339  259
 339  258
 343  254
 343  253
 348  248
 348  247
 350  245
 350  244
 352  242
 352  241
 353  240
 353  238
 354  237
 354  236
 355  235
 355  234
 356  233
 356  231
 358  229
 358  228
 359  227
 359  225
 360  224
 360  222
 361  221
 361  219
 362  218
 362  214
 361  213
 361  212
 357  208
 356  208
 355  207
 354  207
 353  206
 352  206
 351  205
 350  205
 349  204
 346  204
 345  203
 341  203
 340  202
 334  202
 333  201
