 338  129
 337  130
 333  130
 332  131
 328  131
 327  132
 325  132
 324  133
 322  133
 321  134
 320  134
 319  135
 317  135
 316  136
 314  136
 313  137
 312  137
 311  138
 310  138
 309  139
 308  139
 307  140
 306  140
 305  141
 304  141
 303  142
 302  142
 301  143
 300  143
 299  144
 298  144
 296  146
 295  146
 293  148
 292  148
 291  149
 290  149
 287  152
 286  152
 285  153
 284  153
 282  155
 281  155
 278  158
 277  158
 275  160
 274  160
 272  162
 271  162
 267  166
 266  166
 262  170
 261  170
 255  176
 254  176
 251  179
 250  179
 246  183
 245  183
 242  186
 241  186
 236  191
 235  191
 230  196
 229  196
 222  203
 221  203
 217  207
 216  207
 211  212
 210  212
 205  217
 204  217
 183  238
 183  239
 177  245
 177  246
 170  253
 170  254
 161  263
 161  264
 158  267
 157  267
 157  268
 146  279
 145  279
 142  282
 141  282
 139  284
 138  284
 137  285
 135  285
 134  286
 127  286
 126  287
 125  287
 123  289
 122  289
 120  291
 120  292
 117  295
 116  295
 112  299
 111  299
 109  301
 106  301
 105  302
 104  302
 104  303
 103  304
 103  349
 104  350
 104  351
 108  351
 109  352
 109  391
 110  392
 110  393
 111  394
 111  395
 118  402
 119  402
 122  405
 123  405
 125  407
 126  407
 129  410
 130  410
 133  413
 134  413
 137  416
 138  416
 140  418
 140  419
 147  426
 147  427
 151  431
 151  432
 156  437
 156  438
 157  439
 157  440
 161  444
 161  445
 164  448
 164  449
 167  452
 167  453
 168  454
 168  455
 171  458
 171  459
 174  462
 174  463
 178  467
 178  468
 181  471
 181  472
 183  474
 183  475
 185  477
 185  478
 187  480
 187  481
 189  483
 189  486
 190  487
 190  491
 191  492
 191  494
 192  495
 192  496
 193  497
 193  499
 194  500
 194  504
 195  505
 195  506
 196  507
 196  509
 197  510
 197  511
 199  513
 199  514
 200  515
 200  516
 201  517
 201  518
 202  519
 202  520
 203  521
 203  524
 204  525
 204  527
 205  528
 205  530
 206  531
 206  533
 207  534
 207  535
 208  536
 208  537
 210  539
 210  540
 217  547
 218  547
 219  548
 220  548
 222  550
 223  550
 224  551
 225  551
 226  552
 228  552
 229  553
 231  553
 232  554
 234  554
 235  555
 237  555
 238  556
 241  556
 242  557
 244  557
 245  558
 263  558
 264  557
 266  557
 267  556
 271  556
 272  555
 274  555
 275  554
 276  554
 277  553
 279  553
 280  552
 281  552
 282  551
 283  551
 284  550
 285  550
 286  549
 287  549
 288  548
 289  548
 290  547
 291  547
 292  546
 293  546
 294  545
 295  545
 296  544
 297  544
 298  543
 299  543
 300  542
 301  542
 302  541
 303  541
 305  539
 306  539
 308  537
 309  537
 311  535
 312  535
 315  532
 316  532
 328  520
 328  519
 333  514
 333  513
 336  510
 336  509
 338  507
 338  506
 339  505
 339  504
 340  503
 340  502
 341  501
 341  499
 342  498
 342  497
 343  496
 343  493
 344  492
 344  491
 345  490
 345  487
 346  486
 346  482
 347  481
 347  479
 348  478
 348  476
 349  475
 349  472
 350  471
 350  467
 351  466
 351  463
 352  462
 352  449
 351  448
 351  443
 350  442
 350  438
 349  437
 349  435
 348  434
 348  433
 347  432
 347  431
 346  430
 346  429
 345  428
 345  427
 343  425
 343  424
 341  422
 341  421
 338  418
 338  417
 337  417
 335  415
 335  414
 319  398
 318  398
 315  395
 315  394
 311  390
 310  390
 307  387
 306  387
 304  385
 303  385
 302  384
 301  384
 299  382
 298  382
 297  381
 296  381
 295  380
 294  380
 292  378
 291  378
 290  377
 289  377
 288  376
 287  376
 285  374
 284  374
 282  372
 281  372
 279  370
 278  370
 276  368
 275  368
 274  367
 273  367
 270  364
 269  364
 268  363
 268  349
 270  347
 274  347
 275  346
 280  346
 281  345
 287  345
 288  344
 292  344
 293  343
 295  343
 296  342
 300  342
 301  341
 303  341
 304  340
 306  340
 307  339
 308  339
 309  338
 311  338
 312  337
 313  337
 314  336
 315  336
 317  334
 318  334
 319  333
 320  333
 321  332
 322  332
 324  330
 325  330
 326  329
 327  329
 331  325
 332  325
 339  318
 339  317
 344  312
 345  312
 345  311
 349  307
 349  306
 350  305
 350  304
 352  302
 352  301
 353  300
 353  299
 355  297
 355  296
 357  294
 357  293
 359  291
 359  290
 360  289
 360  288
 361  287
 361  286
 362  285
 362  283
 363  282
 363  281
 364  280
 364  279
 365  278
 365  277
 366  276
 366  273
 367  272
 367  269
 368  268
 368  267
 369  266
 369  263
 370  262
 370  255
 371  254
 371  251
 372  250
 372  247
 373  246
 373  237
 374  236
 374  230
 375  229
 375  216
 376  215
 376  198
 377  197
 377  189
 378  188
 378  183
 377  182
 377  172
 376  171
 376  162
 375  161
 375  159
 374  158
 374  156
 373  155
 373  152
 372  151
 372  150
 371  149
 371  148
 370  147
 370  146
 369  145
 369  144
 368  143
 368  142
 363  137
 362  137
 359  134
 358  134
 357  133
 356  133
 355  132
 354  132
 353  131
 351  131
 350  130
 347  130
 346  129
