 299  155
 298  156
 295  156
 294  157
 289  157
 288  158
 286  158
 285  159
 283  159
 282  160
 280  160
 279  161
 277  161
 276  162
 275  162
 274  163
 273  163
 272  164
 270  164
 268  166
 266  166
 264  168
 263  168
 262  169
 261  169
 259  171
 258  171
 257  172
 256  172
 254  174
 253  174
 251  176
 250  176
 249  177
 248  177
 245  180
 244  180
 242  182
 241  182
 238  185
 237  185
 232  190
 231  190
 222  199
 221  199
 214  206
 214  207
 213  208
 212  208
 211  209
 211  210
 204  217
 204  218
 200  222
 200  223
 195  228
 195  229
 191  233
 191  234
 188  237
 188  238
 186  240
 186  241
 184  243
 184  244
 181  247
 181  248
 179  250
 179  251
 177  253
 177  254
 176  255
 176  256
 174  258
 174  259
 172  261
 172  262
 171  263
 171  264
 169  266
 169  267
 167  269
 166  269
 165  270
 164  270
 164  271
 163  272
 163  286
 164  287
 164  302
 163  303
 163  304
 162  305
 162  308
 164  310
 164  311
 165  312
 165  315
 166  316
 166  318
 167  319
 167  321
 168  322
 168  324
 169  325
 169  327
 170  328
 170  333
 171  334
 171  338
 172  339
 172  341
 173  342
 173  344
 174  345
 174  346
 175  347
 175  348
 176  349
 176  350
 177  351
 177  353
 178  354
 178  355
 179  356
 179  358
 180  359
 180  362
 181  363
 181  365
 182  366
 182  367
 183  368
 183  369
 184  370
 184  371
 185  372
 185  373
 186  374
 186  376
 187  377
 187  382
 188  383
 188  384
 189  385
 189  387
 190  388
 190  389
 191  390
 191  391
 194  394
 194  395
 201  402
 202  402
 203  403
 204  403
 205  404
 205  422
 204  423
 204  429
 203  430
 204  431
 204  434
 205  435
 205  436
 206  436
 208  438
 209  438
 210  439
 212  439
 213  438
 229  438
 230  439
 230  441
 231  442
 231  444
 232  445
 232  446
 233  447
 234  447
 235  448
 248  448
 249  449
 250  449
 251  450
 252  450
 254  452
 254  453
 257  456
 257  457
 259  459
 259  460
 261  462
 261  463
 264  466
 264  467
 265  468
 265  469
 268  472
 268  473
 270  475
 270  476
 271  477
 270  476
 270  474
 269  473
 269  472
 267  470
 267  469
 266  468
 266  467
 265  466
 265  465
 263  463
 263  461
 261  459
 261  458
 259  456
 259  455
 253  449
 253  448
 250  445
 250  444
 248  442
 248  441
 247  440
 247  419
 249  417
 250  417
 252  415
 253  415
 254  414
 255  414
 257  412
 256  411
 256  409
 255  408
 255  407
 253  405
 253  386
 254  385
 254  384
 255  383
 255  382
 258  379
 260  379
 262  377
 263  377
 264  376
 265  376
 265  375
 264  374
 264  359
 265  358
 265  357
 268  354
 269  354
 272  351
 272  333
 273  332
 273  327
 272  326
 271  326
 270  325
 270  324
 268  322
 267  322
 264  319
 263  319
 259  315
 258  315
 255  312
 255  298
 256  297
 261  297
 262  296
 269  296
 270  295
 272  295
 273  294
 274  294
 277  291
 278  291
 279  290
 279  289
 281  287
 282  287
 286  283
 286  281
 287  280
 287  279
 288  278
 288  277
 289  276
 289  275
 290  274
 290  270
 291  269
 291  267
 292  266
 292  264
 293  263
 293  260
 294  259
 294  257
 295  256
 295  254
 296  253
 296  250
 297  249
 297  245
 298  244
 298  242
 299  241
 299  239
 300  238
 300  234
 301  233
 301  231
 302  230
 302  228
 303  227
 303  223
 304  222
 304  219
 305  218
 305  217
 306  216
 306  215
 307  214
 307  211
 308  210
 308  209
 309  208
 309  207
 310  206
 310  203
 311  202
 311  201
 312  200
 312  199
 313  198
 313  195
 314  194
 314  192
 315  191
 315  189
 316  188
 316  186
 317  185
 317  180
 318  179
 318  177
 319  176
 319  174
 320  173
 320  167
 319  166
 319  164
 317  162
 317  161
 315  159
 313  159
 312  158
 311  158
 310  157
 307  157
 306  156
 302  156
 301  155
