 323  193
 322  194
 317  194
 316  195
 309  195
 308  196
 304  196
 303  197
 299  197
 298  198
 296  198
 295  199
 292  199
 291  200
 289  200
 288  201
 286  201
 285  202
 282  202
 281  203
 280  203
 279  204
 276  204
 275  205
 274  205
 273  206
 271  206
 270  207
 269  207
 268  208
 266  208
 265  209
 264  209
 263  210
 261  210
 260  211
 259  211
 258  212
 257  212
 256  213
 255  213
 254  214
 253  214
 252  215
 250  215
 248  217
 246  217
 244  219
 243  219
 242  220
 241  220
 240  221
 239  221
 238  222
 237  222
 236  223
 235  223
 234  224
 233  224
 232  225
 231  225
 230  226
 229  226
 228  227
 227  227
 226  228
 225  228
 224  229
 223  229
 221  231
 220  231
 219  232
 218  232
 216  234
 215  234
 214  235
 213  235
 211  237
 210  237
 208  239
 207  239
 206  240
 205  240
 203  242
 202  242
 200  244
 199  244
 197  246
 196  246
 194  248
 193  248
 191  250
 190  250
 188  252
 187  252
 184  255
 183  255
 181  257
 180  257
 177  260
 176  260
 172  264
 171  264
 166  269
 165  269
 154  280
 154  281
 153  282
 152  282
 152  283
 150  285
 149  285
 149  286
 146  289
 145  289
 141  293
 141  294
 140  295
 139  295
 139  296
 131  304
 131  305
 125  311
 125  312
 123  314
 122  314
 121  315
 118  315
 117  316
 116  316
 116  354
 115  355
 115  357
 114  358
 114  359
 113  360
 113  363
 112  364
 112  371
 111  372
 110  372
 109  373
 108  373
 108  374
 107  375
 107  383
 108  384
 108  404
 107  405
 107  426
 108  427
 108  430
 109  431
 109  433
 110  434
 110  435
 111  436
 111  438
 112  439
 112  443
 113  444
 113  446
 114  447
 114  448
 115  449
 115  452
 116  453
 116  454
 117  455
 117  456
 118  457
 118  458
 120  460
 120  461
 124  465
 125  465
 126  466
 127  466
 128  467
 134  467
 135  466
 136  466
 137  465
 138  465
 141  462
 157  462
 159  464
 159  465
 160  465
 162  467
 162  468
 164  470
 164  472
 165  473
 165  480
 166  481
 166  484
 168  486
 168  487
 170  489
 172  487
 173  487
 174  486
 188  486
 189  487
 190  487
 192  489
 192  490
 195  493
 199  489
 215  489
 216  490
 218  490
 218  475
 219  474
 219  473
 222  470
 223  470
 224  469
 227  469
 228  468
 231  468
 234  465
 234  447
 237  444
 239  444
 240  443
 241  443
 242  442
 243  442
 244  441
 245  441
 247  439
 247  436
 246  435
 246  434
 245  433
 245  432
 244  431
 244  429
 242  427
 242  426
 241  425
 241  409
 242  408
 242  407
 243  406
 243  404
 241  402
 241  400
 240  399
 240  398
 238  396
 238  395
 234  391
 234  390
 233  389
 232  389
 231  388
 231  387
 225  381
 225  380
 219  374
 219  360
 220  359
 235  359
 236  360
 251  360
 252  359
 260  359
 261  358
 261  357
 263  355
 266  355
 268  353
 269  353
 271  351
 271  350
 274  347
 274  346
 276  344
 277  344
 280  341
 281  341
 282  340
 282  339
 284  337
 285  337
 288  334
 288  333
 291  330
 291  328
 294  325
 294  324
 295  323
 296  323
 302  317
 302  316
 308  310
 308  309
 309  308
 309  307
 311  305
 311  303
 314  300
 315  300
 319  296
 320  296
 321  295
 321  294
 327  288
 327  287
 328  286
 328  285
 329  284
 329  283
 335  277
 336  277
 338  275
 338  274
 339  273
 340  273
 341  272
 341  271
 345  267
 345  266
 346  265
 346  264
 348  262
 348  261
 358  251
 358  250
 359  249
 359  247
 361  245
 361  243
 365  239
 365  238
 367  236
 367  235
 368  234
 368  232
 369  231
 369  229
 371  227
 371  224
 372  223
 372  222
 373  221
 373  220
 374  219
 373  218
 373  215
 372  214
 372  210
 371  209
 371  208
 365  202
 364  202
 363  201
 362  201
 360  199
 359  199
 357  197
 356  197
 355  196
 354  196
 353  195
 347  195
 346  194
 342  194
 341  193
