 351  119
 350  120
 345  120
 344  121
 340  121
 339  122
 336  122
 335  123
 332  123
 331  124
 329  124
 328  125
 325  125
 324  126
 322  126
 321  127
 319  127
 318  128
 317  128
 316  129
 314  129
 313  130
 312  130
 311  131
 309  131
 308  132
 307  132
 306  133
 305  133
 304  134
 303  134
 302  135
 301  135
 300  136
 299  136
 298  137
 297  137
 296  138
 295  138
 294  139
 293  139
 292  140
 291  140
 290  141
 289  141
 287  143
 286  143
 285  144
 284  144
 283  145
 282  145
 280  147
 279  147
 278  148
 277  148
 275  150
 274  150
 272  152
 271  152
 269  154
 268  154
 266  156
 265  156
 263  158
 262  158
 260  160
 259  160
 256  163
 255  163
 252  166
 251  166
 247  170
 246  170
 242  174
 241  174
 237  178
 236  178
 230  184
 229  184
 217  196
 216  196
 202  210
 201  210
 200  211
 200  212
 196  216
 195  216
 192  219
 191  219
 189  221
 188  221
 187  222
 180  222
 179  223
 177  223
 176  224
 175  224
 168  231
 168  232
 162  238
 162  239
 147  254
 147  255
 144  258
 144  259
 142  261
 142  262
 141  263
 141  264
 138  267
 138  268
 135  271
 135  272
 131  276
 131  277
 122  286
 122  287
 105  304
 105  357
 107  359
 107  374
 105  376
 105  377
 104  378
 104  379
 103  380
 103  381
 102  382
 102  383
 101  384
 101  387
 100  388
 100  392
  99  393
  94  393
  93  394
  93  417
  94  418
  94  421
  95  422
  95  425
  96  426
  96  429
  97  430
  97  434
  98  435
  98  437
  99  438
  99  439
 100  440
 100  441
 101  442
 101  444
 103  446
 103  447
 104  448
 104  451
 105  452
 105  453
 106  454
 106  455
 107  456
 107  457
 108  458
 108  460
 110  462
 110  463
 111  464
 111  466
 113  468
 113  469
 114  470
 114  472
 115  473
 115  474
 117  476
 117  478
 118  479
 118  480
 121  483
 121  484
 124  487
 124  488
 125  489
 125  490
 127  492
 127  493
 129  495
 129  496
 131  498
 131  499
 134  502
 134  503
 135  504
 135  505
 138  508
 138  509
 141  512
 141  513
 144  516
 144  517
 148  521
 148  522
 156  530
 157  530
 161  534
 161  535
 163  537
 163  538
 164  539
 164  540
 166  542
 166  543
 168  545
 168  546
 171  549
 171  550
 174  553
 174  554
 176  556
 176  557
 179  560
 179  561
 183  565
 184  565
 185  566
 202  566
 203  567
 205  567
 206  568
 209  568
 210  567
 212  567
 219  560
 220  560
 221  559
 222  559
 223  558
 226  558
 227  557
 231  557
 232  556
 236  556
 238  554
 239  554
 243  550
 243  549
 244  548
 244  547
 245  546
 245  545
 246  544
 246  543
 247  542
 247  540
 248  539
 248  538
 252  534
 253  534
 255  532
 256  532
 257  531
 258  531
 262  527
 263  527
 263  526
 265  524
 265  523
 267  521
 267  516
 268  515
 268  496
 269  495
 269  494
 270  493
 270  492
 271  491
 271  490
 273  488
 273  487
 274  486
 274  485
 276  483
 276  482
 277  481
 277  479
 276  478
 276  477
 275  476
 275  474
 274  473
 274  469
 273  468
 273  466
 272  465
 272  463
 271  462
 271  452
 270  451
 270  448
 268  446
 268  445
 267  444
 267  442
 264  439
 264  438
 262  436
 262  435
 257  430
 257  429
 250  422
 250  421
 244  415
 244  414
 228  398
 227  398
 224  395
 223  395
 221  393
 215  393
 214  392
 214  378
 215  377
 230  377
 231  378
 239  378
 240  379
 244  379
 245  380
 253  380
 254  381
 256  381
 257  380
 262  380
 263  379
 267  379
 268  378
 277  378
 278  377
 290  377
 291  376
 292  376
 293  375
 294  375
 296  373
 296  372
 300  368
 301  368
 306  363
 306  362
 307  361
 307  360
 309  358
 312  358
 313  357
 313  356
 314  355
 314  353
 315  352
 315  350
 316  349
 316  344
 317  343
 317  340
 318  339
 318  338
 321  335
 321  334
 323  332
 323  331
 324  330
 324  328
 325  327
 325  325
 326  324
 326  320
 327  319
 327  311
 328  310
 328  308
 329  307
 329  306
 331  304
 331  303
 333  301
 333  300
 334  299
 334  298
 335  297
 335  296
 336  295
 336  294
 337  293
 337  288
 338  287
 338  277
 339  276
 339  274
 340  273
 340  271
 343  268
 343  267
 344  266
 344  264
 345  263
 345  262
 346  261
 346  259
 347  258
 347  256
 348  255
 348  251
 349  250
 349  249
 350  248
 350  245
 351  244
 351  240
 353  238
 353  237
 357  233
 357  232
 359  230
 359  229
 360  228
 360  227
 361  226
 361  225
 362  224
 362  223
 363  222
 363  221
 364  220
 364  219
 365  218
 365  217
 366  216
 366  214
 367  213
 367  208
 368  207
 368  205
 370  203
 370  202
 371  201
 371  199
 372  198
 372  197
 373  196
 373  194
 374  193
 374  191
 375  190
 375  188
 377  186
 377  184
 378  183
 378  181
 379  180
 379  179
 380  178
 380  177
 381  176
 381  175
 382  174
 382  173
 383  172
 383  171
 384  170
 384  167
 385  166
 385  163
 386  162
 386  160
 387  159
 387  153
 388  152
 388  140
 387  139
 387  134
 386  133
 386  132
 385  131
 385  130
 384  129
 384  128
 383  127
 382  127
 379  124
 378  124
 377  123
 375  123
 374  122
 373  122
 372  121
 369  121
 368  120
 364  120
 363  119
