 326  147
 325  148
 321  148
 320  149
 317  149
 316  150
 314  150
 313  151
 311  151
 310  152
 308  152
 307  153
 306  153
 305  154
 304  154
 303  155
 302  155
 301  156
 300  156
 299  157
 298  157
 297  158
 296  158
 295  159
 294  159
 292  161
 291  161
 289  163
 288  163
 286  165
 285  165
 283  167
 282  167
 280  169
 279  169
 278  170
 277  170
 274  173
 273  173
 272  174
 272  175
 270  177
 269  177
 268  178
 267  178
 267  179
 266  180
 265  180
 264  181
 263  181
 261  183
 261  184
 260  185
 259  185
 257  187
 257  188
 256  189
 255  189
 254  190
 253  190
 248  195
 247  195
 247  196
 246  197
 245  197
 241  201
 240  201
 231  210
 230  210
 221  219
 220  219
 212  227
 212  228
 211  229
 210  229
 210  230
 209  231
 208  231
 208  232
 206  234
 205  234
 205  235
 204  236
 203  236
 197  242
 196  242
 196  243
 195  244
 195  245
 194  246
 193  246
 191  248
 191  249
 189  251
 188  251
 186  253
 185  253
 182  256
 182  257
 181  258
 180  258
 169  269
 168  269
 166  271
 165  271
 158  278
 157  278
 154  281
 153  281
 147  287
 146  287
 141  292
 140  292
 135  297
 134  297
 131  300
 130  300
 127  303
 126  303
 117  312
 116  312
 114  314
 114  316
 113  317
 113  349
 115  351
 126  351
 127  352
 127  366
 126  367
 126  385
 127  386
 127  387
 128  388
 128  389
 131  392
 131  393
 132  394
 132  395
 135  398
 135  399
 138  402
 138  403
 139  404
 139  405
 141  407
 141  408
 142  409
 142  410
 143  411
 143  412
 145  414
 145  415
 148  418
 148  419
 149  420
 149  421
 152  424
 152  425
 155  428
 155  429
 156  430
 156  431
 158  433
 158  434
 159  435
 159  436
 162  439
 162  440
 163  441
 163  442
 165  444
 165  445
 169  449
 169  451
 172  454
 172  455
 173  456
 173  457
 174  458
 174  459
 175  460
 175  461
 176  462
 176  463
 177  464
 177  466
 178  467
 178  468
 179  469
 179  470
 180  471
 180  473
 181  474
 181  476
 182  477
 182  478
 183  479
 183  480
 184  481
 184  483
 185  484
 185  485
 186  486
 186  487
 188  489
 188  490
 189  491
 189  494
 190  495
 190  497
 192  499
 192  501
 193  502
 193  504
 194  505
 194  507
 195  508
 195  509
 196  510
 196  511
 197  512
 197  513
 198  514
 198  515
 199  516
 199  517
 201  519
 201  520
 202  521
 202  522
 204  524
 204  525
 207  528
 207  529
 211  533
 212  533
 214  535
 215  535
 216  536
 217  536
 218  537
 220  537
 221  538
 223  538
 224  539
 227  539
 228  540
 233  540
 234  541
 235  541
 236  540
 243  540
 244  539
 248  539
 249  538
 252  538
 253  537
 256  537
 257  536
 260  536
 261  535
 264  535
 265  534
 267  534
 268  533
 270  533
 271  532
 272  532
 273  531
 274  531
 275  530
 277  530
 278  529
 279  529
 280  528
 281  528
 282  527
 283  527
 284  526
 285  526
 287  524
 288  524
 290  522
 291  522
 294  519
 295  519
 299  515
 300  515
 307  508
 307  507
 311  503
 311  502
 313  500
 313  499
 315  497
 315  496
 317  494
 317  493
 318  492
 318  491
 319  490
 319  489
 320  488
 320  487
 321  486
 321  485
 322  484
 322  482
 323  481
 323  479
 324  478
 324  475
 325  474
 325  471
 326  470
 326  468
 327  467
 327  462
 328  461
 328  449
 327  448
 327  443
 326  442
 326  438
 325  437
 325  432
 324  431
 324  428
 323  427
 323  426
 322  425
 322  424
 321  423
 321  422
 320  421
 320  420
 318  418
 318  417
 316  415
 316  414
 314  412
 314  411
 312  409
 312  408
 310  406
 310  405
 301  396
 300  396
 296  392
 295  392
 294  391
 293  391
 291  389
 289  389
 286  386
 285  386
 281  382
 280  382
 269  371
 268  371
 264  367
 264  353
 265  352
 283  352
 284  351
 295  351
 296  350
 298  350
 299  349
 301  349
 302  348
 303  348
 304  347
 305  347
 306  346
 307  346
 308  345
 309  345
 310  344
 311  344
 312  343
 313  343
 315  341
 316  341
 318  339
 319  339
 325  333
 325  332
 333  324
 333  323
 338  318
 338  317
 339  316
 339  315
 341  313
 341  312
 342  311
 342  310
 344  308
 344  306
 345  305
 345  304
 346  303
 346  302
 347  301
 347  300
 348  299
 348  298
 349  297
 349  295
 351  293
 351  292
 352  291
 352  290
 353  289
 353  288
 354  287
 354  286
 356  284
 356  283
 357  282
 357  281
 358  280
 358  277
 359  276
 359  273
 360  272
 360  269
 361  268
 361  263
 362  262
 362  257
 363  256
 363  252
 364  251
 364  247
 365  246
 365  228
 366  227
 366  222
 367  221
 367  206
 366  205
 366  197
 365  196
 365  188
 364  187
 364  185
 363  184
 363  183
 362  182
 362  180
 361  179
 361  177
 360  176
 360  174
 359  173
 359  171
 358  170
 358  169
 357  168
 357  167
 356  166
 356  165
 345  154
 344  154
 343  153
 342  153
 341  152
 340  152
 339  151
 338  151
 337  150
 336  150
 335  149
 333  149
 332  148
 329  148
 328  147
