 303  203
 302  204
 299  204
 298  205
 295  205
 294  206
 292  206
 291  207
 290  207
 289  208
 287  208
 286  209
 285  209
 284  210
 283  210
 282  211
 281  211
 280  212
 279  212
 278  213
 277  213
 276  214
 275  214
 273  216
 272  216
 270  218
 269  218
 267  220
 266  220
 264  222
 263  222
 261  224
 260  224
 258  226
 257  226
 255  228
 254  228
 252  230
 251  230
 249  232
 248  232
 246  234
 245  234
 243  236
 242  236
 240  238
 239  238
 236  241
 235  241
 233  243
 232  243
 228  247
 227  247
 223  251
 222  251
 216  257
 215  257
 203  269
 202  269
 180  291
 179  291
 178  292
 177  292
 172  297
 172  298
 162  308
 161  308
 158  311
 157  311
 153  315
 152  315
 146  321
 146  337
 148  339
 157  339
 158  340
 158  355
 157  356
 157  358
 156  359
 154  359
 152  361
 152  443
 153  444
 154  444
 155  445
 156  444
 158  444
 159  443
 160  443
 161  442
 162  442
 165  439
 166  439
 166  438
 168  436
 168  435
 169  434
 169  433
 170  432
 170  430
 171  429
 171  426
 172  425
 172  424
 173  423
 187  423
 195  431
 195  432
 197  434
 197  435
 198  436
 198  438
 199  439
 199  440
 200  441
 200  442
 201  443
 201  444
 202  445
 202  446
 203  447
 203  448
 204  449
 204  450
 205  451
 205  452
 206  453
 206  454
 207  455
 207  457
 208  458
 208  460
 209  461
 209  462
 211  464
 211  465
 212  466
 212  467
 213  468
 213  469
 217  473
 218  473
 219  474
 220  474
 222  476
 223  476
 224  477
 225  477
 227  479
 228  479
 230  481
 231  481
 232  482
 233  482
 234  483
 236  483
 237  484
 243  484
 244  485
 254  485
 255  484
 257  484
 258  483
 259  483
 260  482
 262  482
 263  481
 265  481
 266  480
 267  480
 268  479
 269  479
 271  477
 273  477
 274  476
 275  476
 276  475
 277  475
 278  474
 279  474
 280  473
 281  473
 283  471
 284  471
 290  465
 290  464
 291  463
 292  463
 292  462
 293  461
 294  461
 294  460
 295  459
 296  459
 297  458
 297  457
 301  453
 301  452
 302  451
 302  450
 304  448
 304  447
 305  446
 305  445
 306  444
 306  442
 307  441
 307  438
 308  437
 308  436
 309  435
 309  434
 310  433
 310  431
 311  430
 311  428
 312  427
 312  425
 313  424
 313  423
 314  422
 314  421
 313  420
 313  416
 312  415
 312  412
 311  411
 311  408
 310  407
 310  405
 309  404
 309  402
 307  400
 307  399
 306  398
 306  397
 304  395
 303  395
 300  392
 299  392
 292  385
 292  384
 291  384
 290  383
 290  382
 284  376
 283  376
 277  370
 277  348
 278  347
 280  347
 281  346
 283  346
 287  342
 288  342
 289  341
 290  341
 291  340
 292  340
 293  339
 297  339
 298  338
 299  338
 299  336
 300  335
 300  334
 306  328
 307  328
 309  326
 310  326
 311  325
 311  324
 313  322
 313  321
 315  319
 315  318
 316  317
 316  315
 317  314
 317  313
 318  312
 318  311
 319  310
 319  309
 320  308
 320  307
 323  304
 323  303
 324  302
 324  301
 325  300
 325  299
 326  298
 326  297
 327  296
 327  293
 328  292
 328  289
 329  288
 329  287
 330  286
 330  284
 331  283
 331  281
 332  280
 332  277
 333  276
 333  272
 334  271
 334  262
 335  261
 335  240
 334  239
 334  235
 333  234
 333  230
 332  229
 332  227
 331  226
 331  223
 330  222
 330  221
 328  219
 328  218
 327  217
 327  216
 326  216
 325  215
 325  214
 317  206
 316  206
 315  205
 314  205
 313  204
 311  204
 310  203
