 388   72
 387   73
 380   73
 379   74
 372   74
 371   75
 367   75
 366   76
 363   76
 362   77
 358   77
 357   78
 355   78
 354   79
 351   79
 350   80
 348   80
 347   81
 344   81
 343   82
 342   82
 341   83
 339   83
 338   84
 336   84
 335   85
 334   85
 333   86
 331   86
 330   87
 329   87
 328   88
 327   88
 326   89
 325   89
 324   90
 323   90
 322   91
 321   91
 320   92
 319   92
 318   93
 317   93
 315   95
 314   95
 313   96
 312   96
 311   97
 310   97
 309   98
 308   98
 306  100
 305  100
 304  101
 303  101
 301  103
 300  103
 299  104
 298  104
 296  106
 295  106
 294  107
 293  107
 291  109
 290  109
 289  110
 288  110
 286  112
 285  112
 284  113
 283  113
 281  115
 280  115
 279  116
 278  116
 276  118
 275  118
 273  120
 272  120
 271  121
 270  121
 268  123
 267  123
 265  125
 264  125
 261  128
 260  128
 258  130
 257  130
 255  132
 254  132
 251  135
 250  135
 248  137
 247  137
 243  141
 242  141
 238  145
 237  145
 233  149
 232  149
 226  155
 225  155
 220  160
 219  160
 207  172
 206  172
 183  195
 182  195
 178  199
 178  200
 177  201
 176  201
 171  206
 171  207
 170  208
 169  208
 146  231
 145  231
 133  243
 132  243
 126  249
 125  249
 123  251
 122  251
 121  252
 120  252
 118  254
 117  254
 116  255
 115  255
 113  257
 112  257
 110  259
 110  266
 102  274
 102  275
  98  279
  98  280
  96  282
  95  282
  95  283
  91  287
  91  288
  88  291
  88  292
  82  298
  82  299
  79  302
  79  303
  76  306
  76  307
  73  310
  73  311
  71  313
  71  314
  69  316
  69  317
  65  321
  65  322
  61  326
  60  326
  58  328
  58  357
  59  358
  72  358
  73  359
  73  373
  72  374
  70  374
  69  375
  68  375
  67  376
  66  376
  65  377
  64  377
  63  378
  63  379
  62  380
  62  381
  61  382
  61  384
  60  385
  60  388
  59  389
  52  389
  51  390
  51  445
  52  446
  52  447
  53  448
  53  449
  54  450
  54  451
  55  452
  55  453
  57  455
  57  456
  58  457
  58  458
  59  459
  59  460
  60  461
  60  462
  61  463
  61  464
  62  465
  62  466
  63  467
  63  468
  64  469
  64  470
  65  471
  65  472
  66  473
  66  474
  67  475
  67  477
  68  478
  68  480
  69  481
  69  482
  70  483
  70  484
  71  485
  71  487
  72  488
  72  489
  73  490
  73  491
  74  492
  74  493
  75  494
  75  495
  76  496
  76  497
  78  499
  78  500
  80  502
  80  503
  81  504
  81  505
  84  508
  84  509
  95  520
  95  521
  98  524
  98  525
 100  527
 100  528
 101  529
 101  530
 103  532
 103  533
 104  534
 104  536
 106  538
 106  540
 107  541
 107  543
 108  544
 108  545
 109  546
 109  547
 110  548
 110  550
 112  552
 112  553
 115  556
 115  557
 117  559
 117  560
 118  561
 118  562
 120  564
 120  565
 122  567
 122  570
 123  571
 123  572
 124  573
 124  574
 125  575
 125  576
 126  577
 126  578
 128  580
 128  581
 129  582
 129  583
 131  585
 131  586
 133  588
 133  589
 135  591
 135  592
 137  594
 137  595
 138  596
 138  597
 139  598
 139  599
 141  601
 141  602
 142  603
 142  604
 145  607
 145  608
 149  612
 150  612
 152  614
 153  614
 154  615
 160  615
 161  614
 162  614
 168  608
 188  608
 189  607
 191  607
 192  606
 193  606
 201  598
 201  597
 203  595
 203  594
 204  593
 204  592
 210  586
 211  586
 212  585
 214  585
 215  584
 217  584
 218  583
 221  583
 222  582
 223  582
 224  581
 226  581
 231  576
 231  575
 233  573
 233  572
 234  571
 234  568
 235  567
 235  566
 236  565
 236  564
 237  563
 237  561
 238  560
 238  559
 240  557
 240  556
 245  551
 246  551
 247  550
 248  550
 249  549
 251  549
 252  548
 253  548
 254  547
 255  547
 256  546
 257  546
 258  545
 259  545
 260  544
 261  544
 263  542
 264  542
 266  540
 266  539
 267  538
 267  537
 268  536
 268  534
 267  533
 267  528
 266  527
 266  526
 265  525
 265  506
 267  504
 267  503
 268  502
 268  501
 277  492
 277  491
 278  490
 278  489
 279  488
 279  487
 280  486
 280  484
 279  483
 279  482
 278  481
 278  479
 277  478
 277  475
 276  474
 276  473
 275  472
 275  457
 276  456
 276  455
 277  454
 277  453
 278  452
 278  451
 280  449
 280  448
 281  447
 281  446
 284  443
 284  440
 283  439
 283  438
 282  437
 282  436
 281  435
 281  434
 278  431
 278  430
 275  427
 275  426
 258  409
 258  408
 255  405
 255  404
 254  403
 254  399
 253  398
 253  383
 254  382
 288  382
 289  381
 291  381
 292  380
 293  380
 294  379
 295  379
 297  377
 298  377
 300  375
 302  375
 303  374
 304  374
 305  373
 308  373
 309  372
 311  372
 312  371
 314  371
 323  362
 323  361
 324  360
 324  359
 325  358
 325  356
 326  355
 326  353
 327  352
 327  351
 328  350
 328  349
 335  342
 335  341
 337  339
 337  338
 338  337
 338  334
 339  333
 339  331
 340  330
 340  328
 341  327
 341  312
 342  311
 342  310
 349  303
 349  300
 350  299
 350  298
 351  297
 352  297
 354  295
 354  293
 355  292
 355  285
 356  284
 356  263
 357  262
 357  261
 364  254
 364  253
 365  252
 365  251
 366  250
 366  249
 367  248
 367  247
 368  246
 368  243
 370  241
 370  240
 371  239
 371  237
 372  236
 372  234
 373  233
 373  231
 374  230
 374  221
 375  220
 375  218
 380  213
 381  213
 385  209
 385  208
 388  205
 388  203
 389  202
 389  201
 391  199
 391  198
 393  196
 393  195
 394  194
 394  193
 395  192
 395  190
 396  189
 396  188
 397  187
 397  185
 398  184
 398  180
 399  179
 399  178
 400  177
 400  176
 402  174
 402  173
 404  171
 403  171
 400  168
 399  168
 395  164
 395  148
 400  143
 401  143
 402  142
 405  142
 406  141
 413  141
 414  140
 415  140
 417  138
 417  137
 418  136
 418  133
 419  132
 419  130
 420  129
 420  128
 421  127
 421  126
 422  125
 422  123
 423  122
 423  121
 424  120
 424  119
 425  118
 425  115
 426  114
 426  113
 427  112
 427  111
 428  110
 428  105
 429  104
 429   89
 428   88
 428   86
 421   79
 420   79
 418   77
 417   77
 416   76
 415   76
 414   75
 411   75
 410   74
 406   74
 405   73
 398   73
 397   72
