 321  159
 320  160
 317  160
 316  161
 312  161
 311  162
 308  162
 307  163
 306  163
 305  164
 303  164
 302  165
 301  165
 300  166
 299  166
 298  167
 297  167
 296  168
 294  168
 292  170
 290  170
 289  171
 288  171
 287  172
 286  172
 285  173
 284  173
 282  175
 281  175
 280  176
 279  176
 278  177
 277  177
 276  178
 275  178
 274  179
 273  179
 272  180
 270  180
 269  181
 268  181
 266  183
 265  183
 264  184
 263  184
 261  186
 260  186
 259  187
 258  187
 257  188
 256  188
 255  189
 254  189
 253  190
 252  190
 250  192
 249  192
 247  194
 246  194
 244  196
 243  196
 242  197
 241  197
 240  198
 239  198
 237  200
 236  200
 234  202
 233  202
 231  204
 230  204
 228  206
 227  206
 225  208
 224  208
 222  210
 221  210
 218  213
 217  213
 214  216
 213  216
 210  219
 209  219
 206  222
 205  222
 201  226
 200  226
 196  230
 195  230
 192  233
 191  233
 185  239
 184  239
 180  243
 179  243
 168  254
 167  254
 160  261
 159  261
 136  284
 135  284
 128  291
 128  292
 127  293
 127  294
 125  296
 125  297
 119  303
 119  307
 121  309
 130  309
 131  310
 131  324
 130  325
 129  325
 128  326
 128  327
 127  328
 127  329
 126  330
 126  333
 125  334
 125  345
 124  346
 124  361
 123  362
 119  362
 118  363
 118  381
 123  386
 123  387
 126  390
 126  391
 127  392
 127  393
 128  394
 128  395
 130  397
 130  398
 134  402
 134  403
 137  406
 137  407
 138  408
 138  409
 140  411
 140  412
 144  416
 144  417
 146  419
 146  420
 147  421
 147  422
 148  423
 148  424
 150  426
 150  428
 151  429
 151  430
 152  431
 152  432
 154  434
 154  436
 155  437
 155  438
 157  440
 157  441
 158  442
 158  443
 161  446
 161  448
 162  449
 162  450
 163  451
 163  467
 162  468
 162  472
 161  473
 161  482
 162  483
 162  489
 163  490
 163  493
 164  494
 164  496
 165  497
 165  498
 166  499
 166  500
 167  501
 167  502
 168  503
 168  505
 170  507
 170  508
 173  511
 173  512
 174  513
 174  514
 180  520
 181  520
 183  522
 184  522
 185  523
 186  523
 187  524
 188  524
 189  525
 191  525
 192  526
 194  526
 195  527
 201  527
 202  528
 217  528
 218  527
 221  527
 222  526
 227  526
 228  525
 232  525
 233  524
 236  524
 237  523
 240  523
 241  522
 243  522
 244  521
 246  521
 247  520
 249  520
 250  519
 252  519
 253  518
 255  518
 256  517
 257  517
 258  516
 259  516
 260  515
 261  515
 263  513
 264  513
 265  512
 266  512
 268  510
 269  510
 271  508
 272  508
 277  503
 278  503
 282  499
 282  498
 286  494
 286  493
 288  491
 288  490
 290  488
 290  487
 291  486
 291  485
 292  484
 292  482
 293  481
 293  480
 294  479
 294  478
 295  477
 295  476
 296  475
 296  474
 297  473
 297  471
 298  470
 298  469
 299  468
 299  467
 300  466
 300  464
 301  463
 301  461
 302  460
 302  459
 303  458
 303  456
 304  455
 304  453
 305  452
 305  450
 306  449
 306  447
 307  446
 307  443
 308  442
 308  439
 309  438
 309  426
 308  425
 308  424
 307  423
 307  422
 306  421
 306  420
 305  419
 305  418
 303  416
 303  415
 302  414
 302  413
 300  411
 300  410
 299  409
 299  408
 298  407
 298  406
 296  404
 296  403
 295  402
 295  401
 293  399
 293  398
 289  394
 289  393
 285  389
 285  388
 282  385
 282  384
 279  381
 279  380
 273  374
 273  360
 274  359
 285  359
 286  358
 289  358
 290  357
 291  357
 291  351
 293  349
 294  349
 295  348
 298  348
 299  347
 300  347
 301  346
 303  346
 305  344
 306  344
 308  342
 310  342
 311  341
 313  341
 315  339
 316  339
 321  334
 323  334
 325  332
 326  332
 327  331
 327  330
 332  325
 333  325
 333  324
 334  323
 334  322
 335  321
 335  320
 336  319
 336  317
 337  316
 337  313
 340  310
 340  309
 342  307
 342  306
 343  305
 343  304
 345  302
 345  301
 346  300
 346  299
 347  298
 347  296
 348  295
 348  294
 349  293
 349  291
 350  290
 350  287
 351  286
 351  281
 352  280
 352  277
 353  276
 353  272
 354  271
 354  269
 355  268
 355  266
 356  265
 356  262
 357  261
 357  248
 358  247
 358  243
 359  242
 359  240
 360  239
 360  228
 361  227
 361  218
 362  217
 362  213
 363  212
 363  207
 362  206
 362  201
 361  200
 361  188
 360  187
 360  181
 359  180
 359  178
 358  177
 358  176
 357  175
 357  174
 356  173
 356  172
 355  171
 355  170
 353  168
 352  168
 351  167
 351  166
 350  166
 348  164
 347  164
 346  163
 345  163
 344  162
 343  162
 342  161
 340  161
 339  160
 338  160
 337  159
