 329  173
 328  174
 318  174
 317  175
 314  175
 313  176
 309  176
 308  177
 306  177
 305  178
 302  178
 301  179
 299  179
 298  180
 296  180
 295  181
 294  181
 293  182
 292  182
 291  183
 289  183
 288  184
 287  184
 286  185
 284  185
 282  187
 280  187
 279  188
 278  188
 277  189
 275  189
 274  190
 273  190
 272  191
 271  191
 269  193
 268  193
 267  194
 266  194
 264  196
 263  196
 262  197
 261  197
 260  198
 259  198
 258  199
 257  199
 255  201
 254  201
 253  202
 252  202
 251  203
 250  203
 248  205
 247  205
 245  207
 244  207
 242  209
 241  209
 240  210
 239  210
 237  212
 236  212
 235  213
 234  213
 232  215
 231  215
 229  217
 228  217
 225  220
 224  220
 222  222
 221  222
 219  224
 218  224
 216  226
 215  226
 212  229
 211  229
 209  231
 208  231
 206  233
 205  233
 202  236
 201  236
 198  239
 197  239
 194  242
 193  242
 189  246
 188  246
 184  250
 183  250
 180  253
 179  253
 171  261
 170  261
 166  265
 165  265
 156  274
 156  275
 150  281
 150  282
 142  290
 142  291
 139  294
 139  295
 137  297
 137  298
 135  300
 135  301
 132  304
 132  305
 130  307
 130  308
 128  310
 128  311
 126  313
 126  314
 125  315
 125  317
 124  318
 124  319
 122  321
 122  322
 120  324
 119  324
 118  325
 117  325
 115  327
 115  356
 116  357
 116  376
 119  379
 119  380
 120  381
 120  382
 122  384
 122  385
 123  386
 123  387
 125  389
 125  390
 126  391
 126  392
 128  394
 128  395
 129  396
 129  397
 132  400
 132  401
 133  402
 133  403
 136  406
 136  407
 137  408
 137  409
 139  411
 139  412
 142  415
 142  417
 144  419
 144  420
 146  422
 146  423
 147  424
 147  425
 149  427
 149  428
 150  429
 150  430
 152  432
 152  433
 153  434
 153  435
 155  437
 155  438
 156  439
 156  440
 159  443
 159  445
 162  448
 162  449
 163  450
 163  451
 165  453
 165  454
 166  455
 166  456
 169  459
 169  460
 170  461
 170  462
 172  464
 172  465
 173  466
 173  467
 175  469
 175  470
 176  471
 176  472
 179  475
 179  476
 180  477
 180  478
 182  480
 182  481
 186  485
 187  485
 188  486
 192  486
 193  487
 194  487
 197  490
 197  491
 198  492
 198  493
 199  494
 199  497
 200  498
 200  499
 201  500
 201  501
 202  502
 203  502
 203  501
 204  500
 204  497
 205  496
 205  494
 209  490
 226  490
 229  493
 229  494
 232  497
 232  498
 233  499
 233  485
 236  482
 254  482
 255  483
 256  483
 257  484
 258  484
 260  486
 261  486
 265  490
 266  490
 274  498
 275  498
 282  505
 283  505
 286  508
 287  508
 288  509
 289  509
 291  511
 292  511
 294  513
 296  513
 295  512
 295  511
 290  506
 289  506
 285  502
 284  502
 281  499
 280  499
 278  497
 277  497
 275  495
 274  495
 271  492
 270  492
 267  489
 266  489
 255  478
 255  477
 253  475
 253  460
 257  456
 258  456
 259  455
 262  455
 265  452
 265  450
 262  447
 262  446
 261  445
 261  444
 260  443
 260  427
 262  425
 263  425
 264  424
 265  424
 269  420
 268  419
 268  418
 267  417
 266  417
 265  416
 265  415
 264  414
 263  414
 258  409
 258  390
 255  387
 255  386
 246  377
 245  377
 243  375
 242  375
 240  373
 240  359
 241  358
 275  358
 277  356
 278  356
 285  349
 285  348
 289  344
 289  343
 292  340
 292  339
 302  329
 302  328
 305  325
 305  324
 306  323
 306  321
 308  319
 308  317
 309  316
 309  314
 312  311
 312  310
 313  309
 313  308
 315  306
 315  305
 316  304
 316  302
 317  301
 317  299
 318  298
 318  297
 319  296
 319  294
 320  293
 320  292
 321  291
 321  290
 322  289
 322  286
 328  280
 328  279
 329  278
 329  277
 330  276
 330  275
 331  274
 331  273
 332  272
 332  271
 333  270
 333  269
 334  268
 334  267
 335  266
 335  263
 336  262
 336  261
 338  259
 338  258
 342  254
 342  253
 343  252
 343  251
 344  250
 344  249
 345  248
 345  247
 346  246
 346  245
 348  243
 348  241
 349  240
 349  237
 351  235
 351  234
 352  233
 352  231
 353  230
 353  229
 354  228
 354  227
 355  226
 355  224
 356  223
 356  221
 357  220
 357  219
 358  218
 358  217
 359  216
 359  214
 360  213
 360  212
 361  211
 361  210
 362  209
 362  205
 363  204
 363  202
 364  201
 364  199
 365  198
 365  189
 364  188
 364  187
 363  186
 363  185
 362  184
 362  182
 360  180
 359  180
 357  178
 356  178
 355  177
 354  177
 353  176
 350  176
 349  175
 345  175
 344  174
 337  174
 336  173
