 334  166
 333  167
 327  167
 326  168
 320  168
 319  169
 316  169
 315  170
 313  170
 312  171
 309  171
 308  172
 307  172
 306  173
 304  173
 303  174
 302  174
 301  175
 299  175
 298  176
 297  176
 296  177
 295  177
 294  178
 293  178
 292  179
 291  179
 290  180
 289  180
 288  181
 287  181
 286  182
 285  182
 283  184
 282  184
 280  186
 279  186
 277  188
 276  188
 275  189
 274  189
 272  191
 271  191
 269  193
 268  193
 267  194
 266  194
 264  196
 263  196
 260  199
 259  199
 257  201
 256  201
 254  203
 253  203
 251  205
 250  205
 248  207
 247  207
 245  209
 244  209
 242  211
 241  211
 239  213
 238  213
 236  215
 235  215
 233  217
 232  217
 230  219
 229  219
 227  221
 226  221
 223  224
 222  224
 220  226
 219  226
 215  230
 214  230
 210  234
 209  234
 205  238
 204  238
 200  242
 199  242
 194  247
 193  247
 188  252
 187  252
 181  258
 180  258
 175  263
 174  263
 168  269
 167  269
 157  279
 157  280
 155  282
 154  282
 154  283
 141  296
 140  296
 129  307
 129  308
 126  311
 125  311
 124  312
 124  317
 125  318
 125  333
 123  335
 123  337
 122  338
 122  341
 121  342
 121  357
 120  358
 120  372
 118  374
 118  380
 119  381
 119  383
 120  384
 120  386
 121  387
 121  389
 122  390
 122  391
 123  392
 123  395
 124  396
 124  399
 125  400
 125  403
 126  404
 126  407
 127  408
 127  410
 128  411
 128  412
 129  413
 129  414
 130  415
 130  416
 131  417
 131  419
 133  421
 133  422
 134  423
 134  425
 135  426
 135  427
 136  428
 136  429
 137  430
 137  432
 138  433
 138  434
 139  435
 139  436
 140  437
 140  439
 141  440
 141  442
 143  444
 143  445
 144  446
 144  447
 147  450
 147  451
 149  453
 149  454
 150  455
 150  458
 151  459
 151  461
 152  462
 152  463
 153  464
 153  465
 154  466
 154  467
 157  470
 157  471
 160  474
 160  475
 162  477
 162  478
 166  482
 167  482
 168  483
 169  483
 170  484
 174  484
 175  485
 176  485
 180  489
 180  498
 181  499
 181  504
 182  505
 182  507
 183  508
 183  510
 184  511
 184  513
 185  514
 185  515
 190  520
 191  520
 192  521
 196  521
 197  520
 198  520
 199  519
 199  518
 202  515
 217  515
 221  519
 222  519
 223  518
 223  516
 224  515
 224  513
 227  510
 228  510
 229  509
 230  509
 232  507
 233  507
 234  506
 235  506
 236  505
 237  505
 238  504
 252  504
 251  503
 251  483
 252  482
 252  481
 253  480
 253  479
 254  478
 254  477
 255  476
 255  475
 259  471
 260  471
 261  470
 268  470
 269  469
 270  469
 272  467
 271  466
 271  465
 270  464
 270  446
 274  442
 274  441
 275  440
 276  440
 278  438
 279  438
 280  437
 284  437
 285  436
 286  436
 288  434
 287  433
 287  431
 286  430
 286  428
 285  427
 285  426
 283  424
 283  423
 282  422
 281  422
 280  421
 279  421
 278  420
 277  420
 273  416
 273  400
 280  393
 280  390
 279  389
 279  388
 276  385
 276  384
 269  377
 268  377
 266  375
 266  361
 267  360
 277  360
 278  359
 281  359
 282  358
 283  358
 287  354
 288  354
 293  349
 293  348
 295  346
 296  346
 300  342
 300  339
 301  338
 301  337
 302  336
 302  334
 303  333
 303  332
 304  331
 305  331
 310  326
 310  313
 314  309
 315  309
 320  304
 320  301
 322  299
 322  298
 323  297
 323  283
 324  282
 324  281
 325  280
 326  280
 330  276
 330  274
 331  273
 331  272
 332  271
 332  270
 333  269
 333  266
 334  265
 334  258
 335  257
 335  256
 336  255
 336  253
 340  249
 340  248
 343  245
 343  243
 344  242
 344  240
 345  239
 345  237
 346  236
 346  226
 349  223
 349  222
 350  221
 350  216
 351  215
 351  211
 352  210
 352  209
 356  205
 356  204
 357  203
 357  193
 362  188
 362  177
 358  173
 357  173
 355  171
 354  171
 353  170
 351  170
 350  169
 348  169
 347  168
 344  168
 343  167
 339  167
 338  166
