 332  181
 331  182
 324  182
 323  183
 316  183
 315  184
 313  184
 312  185
 308  185
 307  186
 305  186
 304  187
 301  187
 300  188
 298  188
 297  189
 295  189
 294  190
 292  190
 291  191
 290  191
 289  192
 287  192
 286  193
 285  193
 284  194
 282  194
 281  195
 280  195
 279  196
 278  196
 277  197
 276  197
 275  198
 274  198
 273  199
 271  199
 270  200
 269  200
 268  201
 266  201
 265  202
 264  202
 263  203
 262  203
 261  204
 260  204
 259  205
 258  205
 255  208
 254  208
 252  210
 250  210
 248  212
 247  212
 246  213
 245  213
 243  215
 242  215
 240  217
 239  217
 237  219
 236  219
 234  221
 233  221
 231  223
 230  223
 227  226
 226  226
 224  228
 223  228
 221  230
 220  230
 218  232
 217  232
 215  234
 214  234
 212  236
 211  236
 209  238
 208  238
 206  240
 205  240
 203  242
 202  242
 200  244
 199  244
 196  247
 195  247
 193  249
 192  249
 190  251
 189  251
 186  254
 185  254
 183  256
 182  256
 180  258
 179  258
 176  261
 175  261
 171  265
 170  265
 166  269
 165  269
 161  273
 160  273
 155  278
 154  278
 149  283
 148  283
 139  292
 139  293
 134  298
 134  299
 131  302
 131  303
 127  307
 127  308
 121  314
 121  315
 120  316
 113  316
 111  318
 111  329
 113  331
 118  331
 119  332
 119  346
 118  347
 118  348
 115  351
 115  353
 114  354
 114  357
 113  358
 113  363
 112  364
 112  370
 111  371
 111  372
 109  374
 109  379
 110  380
 110  381
 111  382
 111  384
 112  385
 112  386
 113  387
 113  388
 114  389
 114  392
 115  393
 115  395
 116  396
 116  397
 117  398
 117  401
 118  402
 118  403
 119  404
 119  405
 120  406
 120  408
 121  409
 121  412
 122  413
 122  414
 123  415
 123  417
 124  418
 124  421
 125  422
 125  423
 126  424
 126  425
 127  426
 127  430
 128  431
 128  433
 129  434
 129  436
 130  437
 130  439
 131  440
 131  444
 132  445
 132  446
 133  447
 133  448
 134  449
 134  452
 135  453
 135  454
 136  455
 136  456
 137  457
 137  459
 138  460
 138  461
 141  464
 141  465
 145  469
 145  470
 147  472
 147  473
 153  479
 154  479
 155  480
 174  480
 177  483
 177  489
 178  490
 178  494
 180  496
 180  497
 188  505
 190  503
 190  502
 194  498
 195  498
 196  497
 210  497
 214  501
 214  502
 215  503
 215  504
 216  504
 218  502
 218  501
 219  500
 219  496
 220  495
 220  492
 224  488
 225  488
 226  487
 241  487
 243  489
 246  489
 247  488
 247  484
 246  483
 246  466
 249  463
 250  463
 251  462
 253  462
 254  461
 255  461
 256  460
 258  460
 259  459
 259  458
 260  457
 260  454
 259  453
 259  435
 267  427
 267  426
 269  424
 269  423
 268  422
 268  421
 264  417
 264  416
 257  409
 257  408
 254  405
 254  404
 253  403
 253  400
 252  399
 252  395
 251  394
 251  390
 250  389
 250  387
 245  382
 245  368
 246  367
 267  367
 267  366
 268  365
 270  365
 271  364
 273  364
 275  362
 276  362
 277  361
 279  361
 280  360
 284  360
 285  359
 290  359
 297  352
 297  351
 306  342
 306  341
 307  340
 307  339
 313  333
 313  332
 316  329
 316  328
 317  327
 317  326
 318  325
 318  324
 320  322
 320  321
 321  320
 321  319
 323  317
 323  316
 324  315
 324  314
 325  313
 325  312
 326  311
 326  307
 328  305
 328  304
 330  302
 330  301
 331  300
 331  299
 332  298
 332  297
 333  296
 333  295
 334  294
 334  292
 337  289
 337  287
 339  285
 339  284
 340  283
 340  281
 341  280
 341  278
 343  276
 343  275
 344  274
 344  273
 347  270
 347  268
 349  266
 349  265
 350  264
 350  263
 353  260
 353  259
 354  258
 354  257
 356  255
 356  254
 357  253
 357  251
 358  250
 358  249
 359  248
 359  245
 360  244
 360  240
 363  237
 363  236
 364  235
 364  234
 365  233
 365  232
 366  231
 366  230
 367  229
 367  226
 368  225
 368  220
 369  219
 369  218
 370  217
 370  215
 371  214
 371  204
 372  203
 372  201
 371  200
 371  195
 370  194
 370  193
 369  192
 369  191
 366  188
 365  188
 363  186
 362  186
 361  185
 360  185
 359  184
 358  184
 357  183
 355  183
 354  182
 352  182
 351  181
