 338  165
 337  166
 330  166
 329  167
 324  167
 323  168
 320  168
 319  169
 315  169
 314  170
 312  170
 311  171
 307  171
 306  172
 305  172
 304  173
 301  173
 300  174
 299  174
 298  175
 296  175
 295  176
 294  176
 293  177
 292  177
 291  178
 289  178
 288  179
 287  179
 286  180
 284  180
 283  181
 281  181
 280  182
 279  182
 278  183
 277  183
 276  184
 274  184
 273  185
 272  185
 271  186
 270  186
 269  187
 268  187
 267  188
 266  188
 264  190
 263  190
 262  191
 261  191
 260  192
 259  192
 258  193
 257  193
 256  194
 255  194
 254  195
 253  195
 251  197
 250  197
 249  198
 248  198
 247  199
 246  199
 245  200
 244  200
 242  202
 241  202
 240  203
 239  203
 237  205
 236  205
 234  207
 233  207
 232  208
 231  208
 230  209
 229  209
 226  212
 225  212
 223  214
 222  214
 220  216
 219  216
 217  218
 216  218
 213  221
 212  221
 210  223
 209  223
 207  225
 206  225
 203  228
 202  228
 199  231
 198  231
 194  235
 193  235
 190  238
 189  238
 185  242
 184  242
 180  246
 179  246
 175  250
 174  250
 169  255
 168  255
 164  259
 163  259
 158  264
 157  264
 151  270
 150  270
 141  279
 140  279
 128  291
 127  291
 127  292
 125  294
 124  294
 120  298
 120  299
 118  301
 118  302
 117  303
 117  304
 116  305
 116  306
 114  308
 114  309
 113  310
 113  312
 112  313
 112  314
 110  316
 110  317
 109  318
 109  347
 110  348
 119  348
 120  349
 120  363
 119  364
 118  364
 116  366
 108  366
 107  367
 107  407
 108  408
 108  409
 109  410
 109  411
 110  412
 110  414
 111  415
 111  416
 112  417
 112  418
 113  419
 113  420
 114  421
 114  423
 116  425
 116  426
 117  427
 117  428
 119  430
 119  431
 121  433
 121  434
 122  435
 122  436
 123  437
 123  438
 126  441
 126  442
 128  444
 128  445
 135  452
 136  452
 153  469
 154  469
 162  477
 162  478
 164  480
 164  481
 166  483
 166  484
 167  485
 167  486
 169  488
 169  489
 170  490
 170  491
 171  492
 171  493
 173  495
 173  496
 174  497
 174  498
 176  500
 176  501
 177  502
 177  506
 178  507
 178  513
 179  514
 179  515
 180  516
 180  517
 181  518
 181  519
 182  520
 183  520
 184  521
 185  521
 189  517
 189  516
 192  513
 193  513
 194  512
 207  512
 209  510
 209  509
 210  508
 210  506
 211  505
 211  504
 212  503
 212  502
 213  501
 213  500
 218  495
 219  495
 221  493
 235  493
 237  491
 237  482
 238  481
 238  479
 239  478
 239  477
 240  476
 240  475
 241  474
 242  474
 244  472
 246  472
 247  471
 257  471
 260  468
 260  449
 263  446
 264  446
 265  445
 267  445
 268  444
 271  444
 272  443
 273  443
 274  442
 274  440
 273  439
 273  437
 272  436
 272  435
 270  433
 270  418
 275  413
 277  413
 279  411
 280  411
 282  409
 280  407
 280  406
 277  403
 277  402
 273  398
 273  397
 270  394
 270  393
 266  389
 266  388
 263  385
 263  384
 260  381
 260  380
 248  368
 248  354
 249  353
 269  353
 270  352
 275  352
 279  348
 284  348
 287  345
 287  344
 290  341
 290  340
 291  339
 291  338
 296  333
 296  332
 297  331
 297  330
 300  327
 300  325
 302  323
 302  322
 303  321
 303  319
 304  318
 304  316
 305  315
 305  314
 306  313
 306  311
 308  309
 308  308
 310  306
 310  304
 312  302
 312  301
 313  300
 313  299
 314  298
 314  297
 316  295
 316  294
 317  293
 317  291
 318  290
 318  289
 320  287
 320  285
 323  282
 323  281
 324  280
 324  278
 326  276
 326  275
 327  274
 327  273
 328  272
 328  271
 330  269
 330  267
 331  266
 331  265
 333  263
 333  262
 334  261
 334  260
 336  258
 336  257
 338  255
 338  254
 340  252
 340  251
 343  248
 343  247
 346  244
 346  243
 353  236
 353  235
 356  232
 356  231
 357  230
 357  229
 359  227
 359  226
 360  225
 360  224
 362  222
 362  221
 363  220
 363  219
 364  218
 364  217
 365  216
 365  215
 366  214
 366  213
 367  212
 367  211
 368  210
 368  209
 369  208
 369  207
 370  206
 370  205
 371  204
 371  202
 372  201
 372  199
 373  198
 373  195
 374  194
 374  179
 373  178
 373  177
 372  176
 372  175
 368  171
 367  171
 365  169
 363  169
 362  168
 360  168
 359  167
 356  167
 355  166
 351  166
 350  165
