 312  199
 311  200
 306  200
 305  201
 302  201
 301  202
 299  202
 298  203
 296  203
 295  204
 293  204
 292  205
 290  205
 289  206
 288  206
 287  207
 285  207
 284  208
 283  208
 282  209
 281  209
 280  210
 279  210
 278  211
 276  211
 275  212
 274  212
 273  213
 272  213
 271  214
 270  214
 269  215
 268  215
 267  216
 266  216
 264  218
 263  218
 262  219
 261  219
 260  220
 259  220
 258  221
 257  221
 256  222
 255  222
 253  224
 252  224
 251  225
 250  225
 248  227
 247  227
 245  229
 244  229
 242  231
 241  231
 239  233
 238  233
 235  236
 234  236
 232  238
 231  238
 229  240
 228  240
 226  242
 225  242
 223  244
 222  244
 220  246
 219  246
 217  248
 216  248
 214  250
 213  250
 211  252
 210  252
 207  255
 206  255
 203  258
 202  258
 199  261
 198  261
 194  265
 193  265
 190  268
 189  268
 186  271
 185  271
 181  275
 180  275
 174  281
 173  281
 156  298
 155  298
 151  302
 150  302
 149  303
 148  303
 147  304
 137  304
 133  308
 133  309
 130  312
 129  312
 129  313
 128  314
 128  344
 129  345
 139  345
 140  346
 140  360
 139  361
 131  361
 130  362
 130  387
 132  389
 141  389
 143  391
 144  391
 147  394
 148  394
 152  398
 153  398
 156  401
 157  401
 178  422
 179  422
 184  427
 184  428
 186  430
 186  431
 187  432
 187  433
 188  434
 188  435
 189  436
 189  439
 190  440
 190  441
 191  442
 191  445
 192  446
 192  449
 193  450
 193  453
 194  454
 194  455
 195  456
 195  458
 196  459
 196  460
 197  461
 197  462
 199  464
 199  465
 203  469
 203  470
 214  481
 215  481
 217  483
 218  483
 219  484
 220  484
 221  485
 222  485
 223  486
 224  486
 225  487
 228  487
 229  488
 231  488
 232  489
 257  489
 258  488
 261  488
 262  487
 266  487
 267  486
 268  486
 269  485
 271  485
 272  484
 273  484
 274  483
 275  483
 276  482
 277  482
 278  481
 279  481
 281  479
 282  479
 284  477
 285  477
 287  475
 288  475
 298  465
 298  464
 304  458
 304  457
 307  454
 307  453
 308  452
 308  451
 310  449
 310  448
 311  447
 311  446
 312  445
 312  444
 313  443
 313  442
 314  441
 314  440
 315  439
 315  435
 316  434
 316  429
 317  428
 317  424
 318  423
 318  421
 317  420
 317  417
 316  416
 316  412
 315  411
 315  406
 314  405
 314  403
 313  402
 313  401
 312  400
 312  399
 311  398
 311  396
 308  393
 308  392
 307  391
 307  390
 296  379
 295  379
 291  375
 290  375
 287  372
 286  372
 284  370
 283  370
 282  369
 281  369
 279  367
 278  367
 277  366
 276  366
 275  365
 274  365
 273  364
 273  350
 274  349
 287  349
 288  348
 291  348
 292  347
 293  347
 295  345
 298  345
 299  344
 301  344
 303  342
 304  342
 307  339
 308  339
 314  333
 315  333
 320  328
 321  328
 321  327
 325  323
 325  322
 328  319
 328  318
 331  315
 331  314
 332  313
 332  312
 333  311
 333  310
 335  308
 335  307
 337  305
 337  304
 338  303
 338  302
 339  301
 339  300
 341  298
 341  297
 342  296
 342  293
 343  292
 343  290
 344  289
 344  288
 345  287
 345  284
 346  283
 346  279
 347  278
 347  276
 348  275
 348  274
 349  273
 349  267
 350  266
 350  262
 351  261
 351  255
 352  254
 352  241
 353  240
 353  236
 352  235
 352  228
 351  227
 351  225
 350  224
 350  223
 349  222
 349  219
 348  218
 348  217
 347  216
 347  215
 342  210
 342  209
 341  208
 340  208
 337  205
 336  205
 335  204
 334  204
 333  203
 332  203
 331  202
 330  202
 329  201
 327  201
 326  200
 324  200
 323  199
