 310  179
 309  180
 304  180
 303  181
 300  181
 299  182
 297  182
 296  183
 293  183
 292  184
 291  184
 290  185
 288  185
 287  186
 286  186
 285  187
 283  187
 281  189
 279  189
 277  191
 276  191
 275  192
 274  192
 273  193
 272  193
 270  195
 269  195
 267  197
 266  197
 265  198
 264  198
 263  199
 262  199
 261  200
 260  200
 258  202
 257  202
 256  203
 255  203
 254  204
 253  204
 251  206
 250  206
 249  207
 248  207
 246  209
 245  209
 243  211
 242  211
 241  212
 240  212
 238  214
 237  214
 235  216
 234  216
 231  219
 230  219
 228  221
 227  221
 225  223
 224  223
 222  225
 221  225
 219  227
 218  227
 215  230
 214  230
 212  232
 211  232
 208  235
 207  235
 205  237
 204  237
 200  241
 199  241
 195  245
 194  245
 191  248
 190  248
 184  254
 183  254
 180  257
 179  257
 168  268
 167  268
 154  281
 153  281
 149  285
 148  285
 136  297
 135  297
 134  298
 130  298
 128  300
 128  318
 130  320
 136  320
 137  321
 137  335
 136  336
 136  338
 135  339
 135  343
 134  344
 134  357
 133  358
 133  380
 134  381
 134  383
 135  384
 135  385
 137  387
 137  388
 138  389
 138  390
 143  395
 143  396
 145  398
 145  399
 147  401
 147  402
 149  404
 149  405
 152  408
 152  409
 154  411
 154  412
 155  413
 155  414
 157  416
 157  417
 158  418
 158  419
 159  420
 159  421
 160  422
 160  424
 161  425
 161  426
 162  427
 162  428
 163  429
 163  430
 164  431
 164  432
 165  433
 165  436
 166  437
 166  449
 167  450
 167  454
 168  455
 168  461
 169  462
 169  469
 170  470
 170  475
 171  476
 171  477
 172  478
 172  479
 173  480
 173  482
 174  483
 174  484
 176  486
 176  487
 190  501
 191  501
 193  503
 194  503
 195  504
 197  504
 198  505
 199  505
 200  506
 202  506
 203  507
 205  507
 206  508
 210  508
 211  509
 227  509
 228  508
 231  508
 232  507
 235  507
 236  506
 239  506
 240  505
 242  505
 243  504
 245  504
 246  503
 247  503
 248  502
 250  502
 251  501
 252  501
 253  500
 254  500
 255  499
 257  499
 259  497
 261  497
 263  495
 264  495
 266  493
 267  493
 270  490
 271  490
 275  486
 275  485
 279  481
 279  480
 282  477
 282  476
 285  473
 285  472
 286  471
 286  470
 287  469
 287  468
 288  467
 288  466
 289  465
 289  464
 290  463
 290  462
 291  461
 291  459
 292  458
 292  456
 293  455
 293  453
 294  452
 294  451
 295  450
 295  447
 296  446
 296  444
 297  443
 297  442
 298  441
 298  438
 299  437
 299  433
 300  432
 300  425
 299  424
 299  419
 298  418
 298  416
 297  415
 297  414
 296  413
 296  412
 295  411
 295  409
 294  408
 294  407
 292  405
 292  403
 291  402
 291  401
 288  398
 288  397
 287  396
 287  395
 285  393
 285  392
 284  391
 284  390
 282  388
 282  387
 280  385
 280  384
 277  381
 277  380
 276  380
 264  368
 264  367
 262  365
 262  364
 261  363
 261  345
 262  344
 263  344
 264  343
 271  343
 272  342
 275  342
 276  341
 278  341
 279  340
 280  340
 281  339
 282  339
 283  338
 284  338
 285  337
 287  337
 288  336
 290  336
 291  335
 292  335
 293  334
 294  334
 296  332
 296  331
 297  330
 298  330
 299  329
 300  329
 305  324
 307  324
 311  320
 312  320
 314  318
 315  318
 318  315
 318  314
 322  310
 322  309
 325  306
 325  305
 326  304
 326  303
 329  300
 329  299
 330  298
 330  297
 332  295
 332  294
 333  293
 333  292
 336  289
 336  288
 338  286
 338  285
 339  284
 339  280
 340  279
 340  278
 341  277
 341  275
 342  274
 342  271
 343  270
 343  268
 344  267
 344  265
 345  264
 345  263
 346  262
 346  257
 347  256
 347  251
 348  250
 348  248
 349  247
 349  245
 350  244
 350  239
 351  238
 351  233
 352  232
 352  215
 351  214
 351  211
 350  210
 350  208
 349  207
 349  206
 348  205
 348  203
 347  202
 347  201
 346  200
 346  198
 345  197
 345  196
 343  194
 343  193
 341  191
 341  190
 340  190
 339  189
 339  188
 338  187
 337  187
 335  185
 334  185
 333  184
 332  184
 331  183
 330  183
 329  182
 328  182
 327  181
 325  181
 324  180
 320  180
 319  179
