 330  189
 329  190
 320  190
 319  191
 314  191
 313  192
 309  192
 308  193
 304  193
 303  194
 301  194
 300  195
 297  195
 296  196
 295  196
 294  197
 291  197
 290  198
 288  198
 287  199
 285  199
 284  200
 282  200
 281  201
 279  201
 278  202
 277  202
 276  203
 274  203
 273  204
 271  204
 270  205
 269  205
 268  206
 266  206
 265  207
 264  207
 263  208
 262  208
 261  209
 260  209
 259  210
 257  210
 256  211
 255  211
 254  212
 253  212
 252  213
 251  213
 250  214
 249  214
 248  215
 246  215
 245  216
 244  216
 243  217
 242  217
 241  218
 240  218
 239  219
 238  219
 237  220
 236  220
 235  221
 234  221
 233  222
 232  222
 231  223
 230  223
 229  224
 228  224
 227  225
 226  225
 225  226
 224  226
 223  227
 222  227
 221  228
 220  228
 219  229
 218  229
 216  231
 215  231
 214  232
 213  232
 212  233
 211  233
 209  235
 208  235
 206  237
 205  237
 203  239
 202  239
 200  241
 199  241
 198  242
 197  242
 195  244
 194  244
 192  246
 191  246
 189  248
 188  248
 186  250
 185  250
 184  251
 183  251
 181  253
 180  253
 178  255
 177  255
 175  257
 174  257
 171  260
 170  260
 167  263
 166  263
 164  265
 163  265
 161  267
 160  267
 155  272
 154  272
 151  275
 150  275
 145  280
 144  280
 137  287
 137  288
 135  290
 134  290
 134  291
 120  305
 120  306
 119  307
 119  308
 114  313
 113  313
 112  314
 110  314
 109  315
 108  315
 108  330
 109  331
 116  331
 117  332
 117  347
 113  351
 113  352
 112  353
 112  355
 111  356
 111  360
 110  361
 110  364
 109  365
 106  365
 105  366
 105  389
 107  391
 107  395
 108  396
 108  397
 109  398
 109  401
 110  402
 110  405
 111  406
 111  407
 112  408
 112  409
 113  410
 113  412
 114  413
 114  414
 115  415
 115  416
 116  417
 116  419
 117  420
 117  421
 118  422
 118  423
 119  424
 119  425
 120  426
 120  427
 121  428
 121  429
 123  431
 123  432
 124  433
 124  434
 126  436
 126  437
 128  439
 128  440
 129  441
 129  442
 130  443
 130  444
 137  451
 137  452
 138  453
 138  454
 141  457
 141  458
 146  463
 146  469
 147  470
 147  474
 150  477
 151  477
 155  481
 155  482
 158  485
 169  485
 170  486
 170  490
 171  491
 171  493
 172  494
 172  495
 173  496
 173  497
 174  498
 175  498
 176  497
 176  495
 180  491
 195  491
 197  493
 198  492
 198  491
 199  490
 199  488
 204  483
 205  483
 206  482
 207  482
 208  481
 215  481
 216  480
 219  480
 220  479
 221  479
 223  477
 223  475
 225  473
 225  471
 226  470
 226  469
 231  464
 232  464
 233  463
 234  463
 235  462
 238  462
 239  461
 241  461
 244  458
 244  457
 245  456
 245  450
 246  449
 246  445
 250  441
 252  441
 254  439
 255  439
 256  438
 256  437
 258  435
 258  422
 259  421
 259  419
 266  412
 266  410
 263  407
 263  405
 260  402
 260  401
 258  399
 258  398
 256  396
 256  393
 255  392
 255  391
 253  389
 253  388
 249  384
 249  383
 239  373
 238  373
 235  370
 234  370
 232  368
 232  354
 233  353
 250  353
 251  354
 254  354
 255  353
 262  353
 263  352
 264  352
 265  351
 266  351
 274  343
 274  342
 276  340
 276  338
 278  336
 278  332
 280  330
 280  328
 281  327
 281  326
 283  324
 283  323
 289  317
 289  316
 292  313
 292  312
 293  311
 293  309
 294  308
 294  307
 296  305
 296  303
 302  297
 302  296
 306  292
 306  291
 309  288
 309  287
 317  279
 318  279
 323  274
 323  273
 324  272
 325  272
 326  271
 326  270
 338  258
 339  258
 343  254
 343  253
 344  252
 345  252
 345  251
 349  247
 349  246
 353  242
 353  241
 356  238
 356  237
 359  234
 359  233
 361  231
 361  230
 363  228
 363  227
 364  226
 364  225
 366  223
 366  222
 368  220
 368  219
 369  218
 369  217
 370  216
 370  215
 371  214
 371  213
 372  212
 372  211
 373  210
 373  208
 374  207
 374  206
 375  205
 375  203
 376  202
 375  201
 375  200
 372  197
 371  197
 370  196
 369  196
 368  195
 366  195
 365  194
 363  194
 362  193
 360  193
 359  192
 357  192
 356  191
 354  191
 353  190
 347  190
 346  189
