 400   98
 399   99
 390   99
 389  100
 382  100
 381  101
 378  101
 377  102
 373  102
 372  103
 370  103
 369  104
 365  104
 364  105
 362  105
 361  106
 359  106
 358  107
 355  107
 354  108
 353  108
 352  109
 349  109
 348  110
 347  110
 346  111
 343  111
 342  112
 341  112
 340  113
 338  113
 337  114
 335  114
 334  115
 333  115
 332  116
 330  116
 329  117
 328  117
 327  118
 326  118
 325  119
 324  119
 323  120
 321  120
 320  121
 319  121
 318  122
 316  122
 315  123
 314  123
 313  124
 312  124
 311  125
 309  125
 308  126
 307  126
 306  127
 305  127
 304  128
 303  128
 302  129
 301  129
 300  130
 299  130
 298  131
 297  131
 296  132
 295  132
 294  133
 293  133
 292  134
 291  134
 290  135
 289  135
 288  136
 287  136
 285  138
 284  138
 283  139
 282  139
 281  140
 280  140
 279  141
 278  141
 276  143
 275  143
 274  144
 273  144
 272  145
 271  145
 269  147
 268  147
 267  148
 266  148
 265  149
 264  149
 262  151
 261  151
 259  153
 258  153
 256  155
 255  155
 254  156
 253  156
 251  158
 250  158
 249  159
 248  159
 247  160
 246  160
 244  162
 243  162
 242  163
 241  163
 240  164
 239  164
 237  166
 236  166
 235  167
 234  167
 232  169
 231  169
 229  171
 228  171
 227  172
 226  172
 224  174
 223  174
 222  175
 221  175
 219  177
 218  177
 217  178
 216  178
 214  180
 213  180
 211  182
 210  182
 208  184
 207  184
 205  186
 204  186
 203  187
 202  187
 200  189
 199  189
 197  191
 196  191
 194  193
 193  193
 191  195
 190  195
 188  197
 187  197
 184  200
 183  200
 181  202
 180  202
 178  204
 177  204
 175  206
 174  206
 171  209
 170  209
 168  211
 167  211
 165  213
 164  213
 162  215
 161  215
 159  217
 158  217
 157  218
 156  218
 154  220
 153  220
 151  222
 150  222
 148  224
 147  224
 145  226
 144  226
 142  228
 141  228
 140  229
 139  229
 137  231
 136  231
 134  233
 133  233
 131  235
 130  235
 127  238
 126  238
 121  243
 120  243
 117  246
 116  246
 113  249
 112  249
 109  252
 108  252
 105  255
 104  255
 102  257
 101  257
  99  259
  98  259
  95  262
  94  262
  91  265
  90  265
  85  270
  84  270
  79  275
  78  275
  73  280
  72  280
  66  286
  65  286
  62  289
  61  289
  58  292
  57  292
  51  298
  50  298
  40  308
  40  309
  36  313
  36  314
  33  317
  33  325
  32  326
  25  326
  24  327
  24  357
  25  358
  29  358
  30  359
  30  373
  29  374
  27  374
  26  375
  26  376
  25  377
  25  378
  24  379
  24  381
  23  382
  23  385
  22  386
  22  394
  21  395
  21  403
  22  404
  22  418
  23  419
  23  422
  24  423
  24  424
  25  425
  25  427
  26  428
  26  429
  27  430
  27  432
  28  433
  28  434
  29  435
  29  437
  30  438
  30  439
  31  440
  31  441
  32  442
  32  444
  33  445
  33  446
  34  447
  34  448
  35  449
  35  450
  36  451
  36  453
  37  454
  37  455
  38  456
  38  458
  39  459
  39  461
  40  462
  40  463
  41  464
  41  466
  42  467
  42  469
  43  470
  43  471
  44  472
  44  473
  45  474
  45  478
  46  479
  46  481
  47  482
  47  483
  48  484
  48  486
  49  487
  49  490
  50  491
  50  493
  51  494
  51  496
  52  497
  52  500
  53  501
  53  502
  54  503
  54  506
  55  507
  55  512
  56  513
  56  516
  57  517
  57  520
  58  521
  58  527
  59  528
  59  535
  60  536
  60  540
  61  541
  61  546
  62  547
  62  550
  63  551
  63  553
  64  554
  64  555
  65  556
  65  557
  66  558
  66  559
  69  562
  70  562
  79  571
  79  572
  81  574
  81  575
  82  576
  82  577
  83  578
  83  579
  85  581
  85  582
  91  588
  92  588
  93  587
  94  587
  99  582
 117  582
 118  583
 119  583
 124  588
 125  588
 126  589
 130  585
 130  584
 131  583
 131  582
 132  581
 132  579
 133  578
 133  577
 134  576
 134  575
 135  574
 135  573
 136  572
 136  571
 140  567
 141  567
 143  565
 158  565
 159  564
 162  564
 167  559
 167  558
 168  557
 168  552
 169  551
 169  546
 170  545
 170  543
 171  542
 171  541
 172  540
 172  539
 173  538
 174  538
 176  536
 177  536
 178  535
 180  535
 181  534
 188  534
 189  533
 193  533
 194  532
 195  532
 198  529
 198  527
 199  526
 199  521
 200  520
 200  515
 201  514
 201  511
 202  510
 202  509
 204  507
 204  506
 205  505
 205  503
 206  502
 208  502
 209  501
 210  501
 211  500
 213  500
 214  499
 215  499
 216  498
 217  498
 221  494
 221  488
 220  487
 220  486
 219  485
 219  464
 224  459
 224  455
 223  454
 223  453
 222  452
 222  450
 221  449
 221  448
 219  446
 219  445
 218  444
 218  443
 216  441
 216  440
 215  439
 215  438
 212  435
 212  434
 209  431
 209  430
 208  429
 208  428
 205  425
 205  424
 203  422
 203  421
 200  418
 194  418
 192  416
 192  402
 193  401
 224  401
 225  402
 240  402
 241  401
 253  401
 254  400
 260  400
 261  399
 265  399
 266  398
 267  398
 269  396
 270  396
 271  395
 271  394
 276  389
 276  388
 278  386
 279  386
 283  382
 284  382
 285  381
 285  380
 288  377
 288  376
 289  375
 289  374
 290  373
 290  372
 291  371
 291  370
 294  367
 295  367
 297  365
 298  365
 299  364
 300  364
 302  362
 302  361
 304  359
 304  358
 305  357
 305  356
 309  352
 309  351
 312  348
 312  347
 319  340
 319  339
 322  336
 322  335
 325  332
 325  331
 329  327
 329  326
 332  323
 332  322
 335  319
 335  318
 336  317
 336  316
 339  313
 339  311
 341  309
 341  308
 342  307
 342  306
 345  303
 345  302
 349  298
 349  297
 352  294
 352  293
 354  291
 354  290
 355  289
 355  288
 362  281
 362  280
 365  277
 365  276
 366  275
 366  274
 368  272
 368  271
 369  270
 369  269
 371  267
 371  266
 373  264
 373  263
 378  258
 378  257
 392  243
 392  242
 397  237
 398  237
 402  233
 402  232
 409  225
 409  224
 413  220
 413  219
 418  214
 418  213
 419  212
 419  211
 422  208
 422  207
 425  204
 425  203
 429  199
 429  198
 436  191
 436  190
 438  188
 438  187
 439  186
 439  185
 441  183
 441  182
 443  180
 443  179
 446  176
 446  174
 447  173
 447  172
 449  170
 449  168
 450  167
 450  166
 452  164
 452  163
 453  162
 453  161
 454  160
 454  159
 455  158
 455  156
 456  155
 456  151
 457  150
 457  148
 458  147
 458  145
 459  144
 459  137
 460  136
 460  128
 459  127
 459  125
 458  124
 458  123
 457  122
 457  120
 456  119
 456  115
 455  114
 455  113
 449  107
 448  107
 446  105
 445  105
 444  104
 443  104
 442  103
 440  103
 439  102
 436  102
 435  101
 433  101
 432  100
 427  100
 426   99
 421   99
 420   98
