 338   76
 337   77
 328   77
 327   78
 324   78
 323   79
 318   79
 317   80
 315   80
 314   81
 310   81
 309   82
 307   82
 306   83
 303   83
 302   84
 299   84
 298   85
 297   85
 296   86
 294   86
 293   87
 292   87
 291   88
 288   88
 287   89
 286   89
 285   90
 284   90
 283   91
 282   91
 281   92
 279   92
 278   93
 276   93
 275   94
 274   94
 273   95
 271   95
 270   96
 269   96
 268   97
 267   97
 266   98
 265   98
 264   99
 263   99
 262  100
 261  100
 260  101
 259  101
 257  103
 256  103
 254  105
 253  105
 252  106
 251  106
 250  107
 249  107
 247  109
 246  109
 244  111
 243  111
 241  113
 240  113
 237  116
 236  116
 233  119
 232  119
 225  126
 224  126
 203  147
 202  147
 200  149
 200  150
 193  157
 193  158
 183  168
 183  169
 180  172
 180  173
 176  177
 176  178
 173  181
 173  182
 171  184
 171  185
 165  191
 151  191
 150  192
 150  194
 148  196
 148  197
 147  198
 147  199
 146  200
 146  201
 144  203
 144  204
 142  206
 142  207
 141  208
 141  222
 140  223
 140  224
 138  226
 138  227
 136  229
 136  230
 134  232
 134  233
 132  235
 132  236
 130  238
 130  239
 128  241
 128  242
 126  244
 126  245
 125  246
 125  247
 123  249
 119  249
 118  250
 118  263
 120  265
 127  265
 129  267
 129  268
 130  269
 130  286
 129  287
 129  288
 128  289
 128  291
 127  292
 127  303
 126  304
 126  313
 125  314
 122  314
 120  316
 120  319
 122  321
 122  322
 123  323
 123  324
 124  325
 124  327
 125  328
 125  329
 126  330
 126  332
 127  333
 127  334
 128  335
 128  337
 129  338
 129  340
 130  341
 130  343
 131  344
 131  345
 132  346
 132  348
 133  349
 133  350
 134  351
 134  352
 135  353
 135  354
 136  355
 136  357
 137  358
 137  359
 138  360
 138  361
 139  362
 139  363
 140  364
 140  366
 141  367
 141  368
 142  369
 142  371
 143  372
 143  374
 144  375
 144  376
 145  377
 145  378
 146  379
 146  381
 147  382
 147  383
 148  384
 148  385
 149  386
 149  388
 150  389
 150  391
 151  392
 151  393
 152  394
 152  395
 153  396
 153  398
 154  399
 154  400
 155  401
 155  402
 156  403
 156  405
 157  406
 157  407
 158  408
 158  409
 159  410
 159  411
 160  412
 160  413
 162  415
 162  416
 163  417
 163  418
 164  419
 164  420
 171  427
 171  428
 172  429
 172  430
 173  431
 173  448
 174  449
 174  452
 175  453
 175  455
 176  456
 176  457
 177  458
 178  458
 179  459
 184  459
 185  460
 191  460
 192  461
 205  461
 206  462
 206  466
 207  467
 207  471
 208  472
 208  474
 209  475
 209  478
 210  479
 210  501
 214  505
 216  503
 216  496
 217  495
 217  494
 218  493
 218  491
 219  490
 219  489
 222  486
 223  486
 224  485
 227  485
 228  484
 246  484
 249  487
 249  488
 250  489
 250  491
 251  492
 253  490
 272  490
 273  491
 274  491
 276  493
 277  493
 278  494
 279  494
 284  499
 282  497
 282  496
 281  495
 281  494
 279  492
 279  491
 277  489
 277  488
 276  487
 276  486
 275  485
 275  483
 274  482
 274  460
 275  459
 275  458
 278  455
 279  455
 280  454
 283  454
 284  453
 303  453
 302  452
 301  452
 299  450
 298  450
 294  446
 294  445
 292  443
 292  442
 291  441
 291  423
 292  422
 292  420
 293  419
 293  418
 299  412
 300  412
 302  410
 303  410
 304  409
 305  409
 306  408
 307  408
 308  407
 307  407
 305  405
 303  405
 302  404
 299  404
 298  403
 298  387
 299  386
 299  384
 300  383
 300  378
 301  377
 301  376
 302  375
 302  374
 303  373
 303  372
 305  370
 305  369
 306  368
 306  366
 304  366
 303  365
 301  365
 300  364
 300  350
 301  349
 301  346
 302  345
 302  337
 299  334
 299  333
 298  332
 297  332
 295  330
 294  330
 292  328
 291  328
 290  327
 289  327
 288  326
 287  326
 282  321
 282  315
 281  315
 280  314
 280  300
 281  299
 305  299
 308  296
 308  295
 309  294
 309  293
 310  292
 310  290
 311  289
 311  288
 312  287
 312  285
 313  284
 313  283
 315  281
 315  280
 316  279
 316  278
 318  276
 318  275
 319  274
 319  271
 320  270
 320  266
 322  264
 323  264
 325  262
 325  261
 326  260
 326  258
 327  257
 327  240
 328  239
 328  236
 329  235
 329  233
 330  232
 330  229
 331  228
 331  226
 332  225
 332  221
 333  220
 333  200
 334  199
 334  197
 335  196
 335  194
 336  193
 336  184
 337  183
 337  177
 338  176
 338  173
 339  172
 339  170
 340  169
 340  167
 341  166
 341  165
 342  164
 342  163
 343  162
 343  159
 344  158
 344  157
 345  156
 345  154
 346  153
 346  151
 347  150
 347  148
 348  147
 348  146
 349  145
 349  143
 350  142
 350  140
 351  139
 351  138
 352  137
 352  134
 353  133
 353  130
 354  129
 354  127
 355  126
 355  123
 356  122
 356  117
 357  116
 357  114
 358  113
 358  112
 359  111
 359  108
 360  107
 360  103
 361  102
 361  101
 362  100
 362   97
 363   96
 363   87
 362   86
 362   85
 358   81
 357   81
 354   78
 353   78
 352   77
 345   77
 344   76
