 343   30
 342   31
 336   31
 335   32
 332   32
 331   33
 328   33
 327   34
 324   34
 323   35
 322   35
 321   36
 318   36
 317   37
 316   37
 315   38
 313   38
 312   39
 310   39
 309   40
 308   40
 307   41
 305   41
 304   42
 303   42
 302   43
 301   43
 300   44
 299   44
 298   45
 296   45
 294   47
 292   47
 290   49
 289   49
 288   50
 287   50
 286   51
 285   51
 284   52
 283   52
 282   53
 281   53
 280   54
 279   54
 277   56
 276   56
 275   57
 274   57
 273   58
 272   58
 271   59
 270   59
 269   60
 268   60
 266   62
 265   62
 263   64
 262   64
 260   66
 259   66
 256   69
 255   69
 252   72
 251   72
 248   75
 247   75
 244   78
 243   78
 240   81
 239   81
 234   86
 233   86
 232   87
 232   88
 231   89
 230   89
 219  100
 219  101
 217  103
 216  103
 216  104
 210  110
 209  110
 196  123
 196  124
 193  127
 193  128
 188  133
 188  134
 183  139
 183  140
 176  147
 176  148
 175  149
 175  150
 172  153
 172  154
 171  155
 171  156
 169  158
 169  159
 168  160
 168  161
 165  164
 165  165
 162  168
 162  169
 159  172
 159  173
 157  175
 157  176
 155  178
 155  180
 153  182
 153  183
 152  184
 152  185
 150  187
 150  188
 148  190
 148  191
 146  193
 146  194
 145  195
 145  196
 144  197
 144  198
 142  200
 142  201
 141  202
 141  203
 139  205
 139  206
 138  207
 138  208
 137  209
 137  210
 135  212
 135  215
 134  216
 134  217
 133  218
 133  219
 132  220
 132  221
 130  223
 130  224
 127  227
 122  227
 121  228
 120  228
 119  229
 119  245
 121  247
 129  247
 130  248
 130  249
 131  250
 131  251
 133  253
 134  253
 136  255
 136  270
 135  271
 134  271
 130  275
 130  276
 129  277
 129  280
 128  281
 128  286
 127  287
 127  290
 126  291
 121  291
 119  293
 119  339
 120  340
 120  341
 121  342
 122  342
 123  343
 124  343
 125  344
 126  344
 131  349
 131  350
 134  353
 134  354
 135  355
 135  356
 137  358
 137  359
 138  360
 138  361
 139  362
 139  364
 140  365
 140  366
 141  367
 141  368
 142  369
 142  370
 143  371
 143  372
 144  373
 144  374
 145  375
 145  376
 146  377
 146  378
 147  379
 147  380
 148  381
 148  382
 149  383
 149  385
 150  386
 150  387
 151  388
 151  390
 152  391
 152  393
 153  394
 153  395
 154  396
 154  398
 155  399
 155  410
 156  411
 156  414
 157  415
 157  416
 158  417
 158  438
 159  439
 159  443
 162  446
 163  446
 164  445
 170  445
 171  444
 187  444
 188  445
 188  446
 189  447
 189  451
 190  452
 190  460
 191  461
 191  482
 190  483
 190  484
 189  485
 189  486
 188  487
 193  492
 194  492
 194  491
 196  489
 196  488
 197  487
 197  486
 198  485
 198  484
 200  482
 201  482
 202  481
 203  481
 204  480
 227  480
 228  481
 228  488
 229  489
 229  497
 229  495
 230  494
 230  493
 232  491
 251  491
 252  492
 253  492
 255  494
 256  494
 259  497
 260  497
 265  502
 265  503
 266  504
 266  505
 268  507
 268  508
 270  510
 270  511
 271  512
 271  513
 272  514
 272  517
 274  519
 274  520
 275  521
 275  523
 276  524
 276  526
 277  527
 277  528
 278  529
 278  531
 279  532
 279  534
 280  535
 280  536
 281  537
 281  538
 282  539
 282  542
 283  543
 283  544
 285  546
 285  548
 286  549
 286  551
 288  553
 288  554
 289  555
 289  558
 291  560
 291  561
 292  562
 292  564
 293  565
 293  566
 294  567
 294  568
 295  569
 295  571
 296  572
 296  573
 297  574
 297  575
 298  576
 298  577
 299  578
 299  579
 300  580
 300  581
 301  582
 301  583
 301  582
 300  581
 300  580
 299  579
 299  578
 298  577
 298  575
 297  574
 297  571
 295  569
 295  567
 294  566
 294  563
 293  562
 293  561
 292  560
 292  558
 291  557
 291  554
 290  553
 290  551
 289  550
 289  549
 288  548
 288  545
 287  544
 287  542
 285  540
 285  538
 284  537
 284  534
 283  533
 283  531
 282  530
 282  529
 281  528
 281  527
 280  526
 280  525
 278  523
 278  522
 277  521
 277  520
 276  519
 276  518
 274  516
 274  515
 273  514
 273  513
 272  512
 272  511
 271  510
 271  509
 270  508
 270  507
 269  506
 269  505
 267  503
 267  501
 266  500
 266  499
 265  498
 265  497
 264  496
 264  495
 263  494
 263  492
 261  490
 261  489
 260  488
 260  487
 259  486
 259  485
 257  483
 257  466
 259  464
 259  463
 260  462
 260  461
 263  458
 264  458
 265  457
 287  457
 288  458
 289  458
 283  452
 283  451
 279  447
 279  446
 278  445
 278  444
 277  443
 277  442
 275  440
 275  422
 276  421
 276  420
 278  418
 279  418
 284  413
 285  413
 287  411
 289  411
 290  410
 291  410
 292  409
 295  409
 297  407
 297  406
 295  404
 295  403
 291  399
 290  399
 289  398
 289  397
 288  396
 288  379
 289  378
 289  377
 290  376
 290  374
 291  373
 291  372
 295  368
 296  368
 299  365
 299  364
 298  363
 298  362
 297  361
 296  361
 294  359
 294  337
 295  336
 295  333
 296  332
 295  331
 295  330
 294  329
 294  328
 287  321
 286  321
 280  315
 279  315
 276  312
 275  312
 274  311
 273  311
 272  310
 271  310
 268  307
 268  305
 267  304
 267  288
 268  287
 269  287
 270  286
 272  286
 273  285
 273  279
 274  278
 275  278
 276  277
 282  277
 283  276
 292  276
 293  275
 295  275
 301  269
 301  268
 303  266
 303  265
 304  264
 304  263
 305  262
 305  261
 306  260
 306  259
 307  258
 307  257
 308  256
 308  255
 309  254
 309  253
 310  252
 310  250
 311  249
 311  244
 312  243
 312  240
 313  239
 313  238
 314  237
 314  235
 315  234
 315  232
 316  231
 316  230
 317  229
 317  226
 318  225
 318  208
 319  207
 319  204
 320  203
 320  201
 321  200
 321  195
 322  194
 322  193
 323  192
 323  190
 324  189
 324  186
 325  185
 325  173
 326  172
 326  169
 327  168
 327  166
 328  165
 328  161
 329  160
 329  159
 330  158
 330  156
 331  155
 331  151
 332  150
 332  148
 333  147
 333  143
 334  142
 334  136
 335  135
 335  132
 336  131
 336  129
 337  128
 337  126
 338  125
 338  122
 339  121
 339  120
 340  119
 340  118
 341  117
 341  113
 342  112
 342  110
 343  109
 343  106
 344  105
 344  103
 345  102
 345  101
 346  100
 346   99
 347   98
 347   97
 348   96
 348   93
 349   92
 349   90
 350   89
 350   86
 351   85
 351   83
 352   82
 352   81
 353   80
 353   78
 354   77
 354   74
 355   73
 355   69
 356   68
 356   67
 357   66
 357   63
 358   62
 358   59
 359   58
 359   54
 360   53
 360   50
 361   49
 361   36
 360   35
 360   34
 358   32
 357   32
 356   31
 355   31
 354   30
