 374   34
 373   35
 367   35
 366   36
 362   36
 361   37
 358   37
 357   38
 356   38
 355   39
 352   39
 351   40
 350   40
 349   41
 346   41
 345   42
 344   42
 343   43
 341   43
 340   44
 339   44
 338   45
 336   45
 335   46
 334   46
 333   47
 331   47
 330   48
 329   48
 328   49
 327   49
 326   50
 324   50
 323   51
 322   51
 321   52
 320   52
 319   53
 318   53
 317   54
 316   54
 315   55
 314   55
 313   56
 312   56
 311   57
 310   57
 309   58
 308   58
 307   59
 306   59
 305   60
 304   60
 303   61
 302   61
 301   62
 300   62
 298   64
 297   64
 296   65
 295   65
 293   67
 292   67
 289   70
 288   70
 285   73
 284   73
 282   75
 281   75
 277   79
 276   79
 273   82
 272   82
 266   88
 265   88
 259   94
 258   94
 250  102
 249  102
 233  118
 232  118
 232  119
 230  121
 229  121
 229  122
 209  142
 209  143
 199  153
 199  154
 193  160
 193  161
 190  164
 190  165
 186  169
 186  170
 183  173
 183  174
 179  178
 179  179
 175  183
 175  184
 171  188
 171  189
 168  192
 168  193
 164  197
 164  198
 161  201
 161  202
 158  205
 158  206
 153  211
 153  212
 149  216
 149  217
 147  219
 147  220
 145  222
 145  223
 144  224
 144  225
 142  227
 142  228
 141  229
 141  230
 139  232
 139  233
 138  234
 138  235
 137  236
 137  237
 135  239
 135  240
 134  241
 134  242
 132  244
 132  245
 131  246
 131  247
 130  248
 130  249
 128  251
 128  252
 127  253
 127  254
 125  256
 125  257
 124  258
 124  259
 122  261
 122  262
 120  264
 120  265
 118  267
 118  268
 115  271
 115  272
 113  274
 113  275
 111  277
 111  278
 108  281
 108  282
 107  283
 107  284
 104  287
 104  288
 102  290
 102  291
 101  292
 101  293
  99  295
  99  296
  98  297
  98  298
  96  300
  96  301
  95  302
  95  303
  93  305
  93  306
  92  307
  92  308
  91  309
  91  310
  90  311
  90  312
  89  313
  89  314
  88  315
  88  316
  87  317
  87  318
  86  319
  86  320
  85  321
  85  322
  84  323
  84  325
  82  327
  82  328
  81  329
  81  331
  80  332
  80  333
  78  335
  78  338
  76  340
  76  341
  75  342
  75  344
  74  345
  74  346
  72  348
  72  383
  73  384
  87  384
  88  385
  88  399
  87  400
  85  400
  84  401
  82  401
  81  402
  80  402
  77  405
  64  405
  63  406
  63  446
  64  447
  64  450
  65  451
  65  453
  67  455
  67  457
  68  458
  68  459
  69  460
  69  461
  70  462
  70  463
  71  464
  71  467
  72  468
  72  470
  73  471
  73  472
  74  473
  74  477
  75  478
  75  480
  76  481
  76  482
  77  483
  77  485
  78  486
  78  488
  79  489
  79  490
  80  491
  80  492
  81  493
  81  495
  82  496
  82  497
  83  498
  83  499
  84  500
  84  502
  85  503
  85  505
  87  507
  87  508
  88  509
  88  511
  89  512
  89  513
  90  514
  90  515
  91  516
  91  518
  92  519
  92  520
  94  522
  94  524
  95  525
  95  526
  96  527
  96  528
  98  530
  98  532
  99  533
  99  534
 101  536
 101  537
 102  538
 102  539
 104  541
 104  542
 105  543
 105  545
 107  547
 107  548
 108  549
 108  550
 109  551
 109  552
 111  554
 111  555
 112  556
 112  557
 114  559
 114  560
 115  561
 115  562
 116  563
 116  564
 118  566
 118  567
 119  568
 119  569
 121  571
 121  572
 122  573
 122  574
 124  576
 124  577
 126  579
 126  580
 131  585
 131  586
 134  589
 134  590
 136  592
 136  593
 152  609
 152  610
 161  619
 161  621
 162  622
 162  624
 163  625
 163  627
 164  628
 164  631
 165  632
 165  637
 166  638
 166  639
 167  640
 167  641
 168  642
 168  643
 170  645
 170  646
 175  651
 176  651
 177  652
 178  652
 179  653
 180  653
 181  654
 182  653
 183  653
 184  652
 185  652
 186  651
 187  651
 187  650
 190  647
 190  646
 194  642
 195  642
 196  641
 217  641
 218  642
 219  642
 220  643
 221  643
 223  645
 224  645
 226  647
 228  647
 229  648
 231  648
 232  649
 237  649
 238  648
 239  648
 242  645
 242  644
 244  642
 244  641
 245  640
 245  639
 247  637
 247  634
 251  630
 252  630
 253  629
 254  629
 255  628
 278  628
 279  629
 283  629
 284  628
 284  627
 286  625
 286  624
 287  623
 287  621
 288  620
 288  599
 289  598
 289  597
 290  596
 290  595
 295  590
 301  590
 302  589
 305  589
 306  588
 314  588
 317  585
 317  579
 316  578
 316  577
 315  576
 315  574
 314  573
 314  570
 312  568
 312  566
 311  565
 311  543
 313  541
 313  540
 316  537
 317  537
 319  535
 320  535
 321  534
 322  534
 323  533
 324  533
 325  532
 326  532
 331  527
 330  526
 330  524
 328  522
 328  520
 327  519
 327  518
 325  516
 325  515
 324  514
 324  512
 321  509
 321  508
 320  507
 320  506
 318  504
 318  502
 317  501
 317  500
 316  499
 316  484
 317  483
 317  482
 323  476
 322  475
 322  474
 321  473
 321  472
 310  461
 309  461
 306  458
 305  458
 301  454
 300  454
 298  452
 297  452
 295  450
 294  450
 292  448
 291  448
 288  445
 287  445
 283  441
 282  441
 275  434
 275  433
 265  423
 264  423
 262  421
 261  421
 259  419
 258  419
 255  416
 254  416
 252  414
 251  414
 250  413
 249  413
 248  412
 247  412
 245  410
 244  410
 243  409
 243  405
 229  405
 228  404
 228  390
 229  389
 244  389
 245  390
 245  394
 260  394
 261  395
 265  395
 266  396
 274  396
 275  395
 279  395
 280  394
 285  394
 286  393
 288  393
 290  391
 291  391
 293  389
 295  389
 296  388
 297  388
 298  387
 301  387
 302  386
 306  386
 307  385
 311  385
 312  384
 313  384
 314  383
 315  383
 316  382
 317  382
 318  381
 319  381
 321  379
 322  379
 325  376
 326  376
 328  374
 328  373
 330  371
 330  370
 331  369
 331  364
 332  363
 332  362
 333  361
 333  360
 335  358
 335  357
 338  354
 338  353
 339  352
 339  347
 340  346
 340  344
 341  343
 341  340
 343  338
 343  337
 351  329
 351  328
 352  327
 352  326
 353  325
 353  324
 354  323
 354  319
 355  318
 355  306
 356  305
 356  304
 357  303
 357  300
 358  299
 358  298
 359  297
 359  296
 360  295
 360  294
 364  290
 364  289
 367  286
 367  285
 368  284
 368  281
 369  280
 369  278
 370  277
 365  272
 364  272
 363  271
 362  271
 360  269
 359  269
 357  267
 357  247
 358  246
 358  244
 359  243
 360  243
 361  242
 363  242
 364  241
 374  241
 375  240
 376  240
 378  238
 378  236
 379  235
 379  234
 380  233
 380  232
 381  231
 381  221
 380  220
 380  203
 381  202
 381  199
 382  198
 382  197
 387  192
 387  191
 388  190
 388  189
 390  187
 390  186
 391  185
 391  183
 392  182
 392  180
 393  179
 393  178
 394  177
 394  173
 395  172
 395  158
 396  157
 396  156
 397  155
 397  154
 398  153
 398  152
 400  150
 400  149
 401  148
 401  147
 403  145
 403  144
 404  143
 404  141
 405  140
 405  138
 406  137
 406  135
 407  134
 407  132
 408  131
 408  122
 409  121
 409  119
 410  118
 410  117
 411  116
 411  114
 412  113
 412  112
 413  111
 413  110
 414  109
 414  107
 415  106
 415  102
 416  101
 416   79
 417   78
 417   75
 418   74
 418   65
 417   64
 417   59
 416   58
 416   51
 415   50
 415   46
 414   45
 414   43
 409   38
 408   38
 407   37
 405   37
 404   36
 402   36
 401   35
 396   35
 395   34
