 317  198
 316  199
 312  199
 311  200
 308  200
 307  201
 305  201
 304  202
 302  202
 301  203
 300  203
 299  204
 297  204
 296  205
 294  205
 293  206
 291  206
 290  207
 289  207
 288  208
 287  208
 286  209
 285  209
 284  210
 282  210
 281  211
 280  211
 279  212
 278  212
 277  213
 275  213
 273  215
 272  215
 271  216
 270  216
 269  217
 268  217
 267  218
 266  218
 265  219
 264  219
 263  220
 262  220
 261  221
 260  221
 259  222
 257  222
 256  223
 255  223
 254  224
 253  224
 252  225
 251  225
 250  226
 249  226
 248  227
 247  227
 246  228
 245  228
 244  229
 243  229
 241  231
 240  231
 239  232
 238  232
 237  233
 236  233
 234  235
 233  235
 231  237
 230  237
 227  240
 226  240
 224  242
 223  242
 221  244
 220  244
 218  246
 217  246
 215  248
 214  248
 212  250
 211  250
 209  252
 208  252
 206  254
 205  254
 203  256
 202  256
 200  258
 199  258
 196  261
 195  261
 194  262
 193  262
 191  264
 190  264
 183  271
 182  271
 177  276
 176  276
 171  281
 170  281
 169  282
 168  282
 167  283
 160  283
 159  284
 157  284
 156  285
 155  285
 150  290
 149  290
 149  291
 147  293
 146  293
 146  294
 136  304
 135  304
 133  306
 133  307
 132  308
 132  326
 134  328
 140  328
 141  329
 141  343
 140  344
 140  348
 139  349
 139  359
 138  360
 137  360
 135  362
 135  384
 137  386
 138  386
 139  387
 140  387
 144  391
 144  392
 148  396
 148  397
 150  399
 150  400
 153  403
 153  404
 155  406
 155  411
 156  412
 156  415
 157  416
 157  417
 158  418
 158  419
 159  420
 159  421
 160  422
 160  423
 163  426
 163  427
 164  428
 164  429
 165  430
 165  431
 166  432
 166  433
 167  434
 167  436
 168  437
 168  440
 169  441
 169  444
 170  445
 170  449
 171  450
 171  454
 172  455
 172  456
 174  458
 174  459
 176  461
 176  462
 178  464
 178  465
 179  466
 179  467
 180  467
 181  468
 181  469
 184  472
 184  473
 188  477
 189  477
 191  479
 192  479
 194  481
 195  481
 197  483
 198  483
 201  486
 202  486
 203  487
 204  487
 205  488
 206  488
 207  489
 209  489
 210  490
 225  490
 226  489
 229  489
 230  488
 231  488
 232  487
 235  487
 236  486
 237  486
 238  485
 240  485
 241  484
 243  484
 244  483
 246  483
 247  482
 249  482
 250  481
 251  481
 252  480
 255  480
 256  479
 258  479
 259  478
 260  478
 264  474
 265  474
 267  472
 268  472
 270  470
 271  470
 272  469
 273  469
 275  467
 276  467
 277  466
 278  466
 279  465
 280  465
 282  463
 283  463
 283  462
 284  461
 284  459
 285  458
 285  456
 287  454
 287  452
 290  449
 290  448
 292  446
 292  445
 294  443
 294  442
 296  440
 296  428
 295  427
 295  424
 294  423
 294  416
 293  415
 293  413
 292  412
 292  410
 284  402
 284  401
 283  400
 283  399
 281  397
 281  396
 279  394
 279  393
 277  391
 277  390
 276  389
 276  388
 270  382
 270  381
 266  377
 266  376
 264  374
 264  358
 265  357
 268  357
 269  356
 273  356
 274  355
 275  355
 275  350
 277  348
 283  348
 284  347
 287  347
 288  346
 290  346
 292  344
 293  344
 295  342
 297  342
 298  341
 299  341
 301  339
 302  339
 305  336
 306  336
 311  331
 312  331
 314  329
 315  329
 316  328
 318  328
 324  322
 324  321
 326  319
 326  318
 327  317
 327  315
 328  314
 328  312
 329  311
 329  310
 330  309
 330  308
 331  307
 331  306
 334  303
 334  302
 335  301
 335  300
 336  299
 336  298
 337  297
 337  295
 338  294
 338  292
 339  291
 339  286
 340  285
 340  283
 341  282
 341  280
 343  278
 343  276
 344  275
 344  268
 345  267
 345  264
 346  263
 346  261
 347  260
 347  256
 348  255
 348  238
 347  237
 347  226
 346  225
 346  224
 345  223
 345  221
 344  220
 344  219
 342  217
 342  216
 341  215
 341  214
 340  213
 340  211
 338  209
 338  207
 337  206
 337  205
 336  204
 336  203
 334  201
 333  201
 332  200
 331  200
 330  199
 326  199
 325  198
