 327   59
 326   60
 322   60
 321   61
 317   61
 316   62
 313   62
 312   63
 309   63
 308   64
 306   64
 305   65
 302   65
 301   66
 299   66
 298   67
 297   67
 296   68
 294   68
 293   69
 291   69
 290   70
 289   70
 288   71
 287   71
 286   72
 284   72
 283   73
 282   73
 281   74
 280   74
 279   75
 278   75
 276   77
 275   77
 274   78
 273   78
 272   79
 271   79
 269   81
 268   81
 267   82
 266   82
 265   83
 264   83
 262   85
 261   85
 259   87
 258   87
 256   89
 255   89
 252   92
 251   92
 249   94
 248   94
 245   97
 244   97
 236  105
 235  105
 232  108
 231  108
 215  124
 215  125
 204  136
 204  137
 202  139
 201  139
 200  140
 200  141
 198  143
 197  143
 197  144
 192  149
 192  150
 190  152
 190  153
 186  157
 186  158
 183  161
 183  162
 177  168
 177  169
 173  173
 173  174
 170  177
 170  178
 169  179
 169  180
 167  182
 167  183
 166  184
 166  185
 165  186
 165  187
 163  189
 163  190
 162  191
 162  192
 160  194
 160  195
 158  197
 158  198
 156  200
 156  201
 153  204
 153  205
 151  207
 151  208
 150  209
 150  210
 148  212
 148  213
 147  214
 147  215
 146  216
 146  218
 144  220
 144  221
 143  222
 143  224
 141  226
 141  227
 140  228
 140  231
 139  232
 139  233
 137  235
 137  236
 136  237
 136  239
 135  240
 135  241
 133  243
 133  244
 131  246
 131  247
 130  248
 130  251
 131  252
 131  253
 133  253
 134  254
 134  271
 133  272
 133  274
 132  275
 132  278
 131  279
 131  300
 130  301
 126  301
 124  303
 124  311
 125  312
 125  313
 127  315
 127  316
 128  317
 128  318
 129  319
 129  320
 130  321
 130  323
 131  324
 131  325
 132  326
 132  327
 133  328
 133  330
 134  331
 134  332
 135  333
 135  336
 136  337
 136  341
 137  342
 137  344
 138  345
 138  346
 139  347
 139  348
 140  349
 140  351
 141  352
 141  353
 143  355
 143  356
 144  357
 144  359
 145  360
 145  361
 147  363
 147  364
 149  366
 149  367
 150  368
 150  369
 152  371
 152  372
 154  374
 154  375
 156  377
 156  378
 157  379
 157  380
 159  382
 159  383
 160  384
 160  385
 161  386
 161  387
 162  388
 162  389
 164  391
 164  393
 166  395
 166  396
 167  397
 167  398
 170  401
 170  402
 173  405
 173  406
 174  407
 174  408
 175  409
 175  410
 176  411
 176  414
 177  415
 177  417
 178  418
 178  419
 180  421
 181  421
 182  422
 183  422
 184  423
 184  431
 185  432
 185  433
 186  434
 186  436
 187  437
 187  438
 190  441
 190  442
 191  443
 191  444
 192  444
 195  447
 196  447
 197  448
 206  448
 209  451
 209  453
 210  454
 210  457
 211  458
 211  460
 212  461
 212  462
 213  463
 213  464
 214  465
 214  486
 217  489
 217  490
 218  490
 220  492
 222  492
 225  489
 226  489
 227  488
 242  488
 245  491
 245  494
 246  495
 246  498
 248  500
 249  499
 249  498
 250  497
 250  496
 254  492
 274  492
 275  493
 276  493
 278  495
 279  495
 284  500
 284  501
 287  504
 287  505
 290  508
 290  509
 292  511
 292  512
 294  514
 294  515
 295  516
 295  517
 297  519
 297  520
 299  522
 299  523
 301  525
 301  526
 304  529
 304  530
 305  531
 305  532
 307  534
 307  535
 309  537
 309  538
 311  540
 311  542
 313  544
 313  545
 314  546
 314  547
 316  549
 316  550
 318  552
 318  553
 320  555
 320  556
 321  557
 321  558
 323  560
 323  561
 324  562
 324  563
 326  565
 326  566
 327  567
 327  568
 328  569
 328  570
 330  572
 330  573
 330  572
 329  571
 329  570
 327  568
 327  567
 326  566
 326  565
 325  564
 325  563
 323  561
 323  559
 322  558
 322  557
 320  555
 320  554
 319  553
 319  551
 317  549
 317  548
 316  547
 316  545
 313  542
 313  541
 312  540
 312  539
 311  538
 311  537
 309  535
 309  533
 306  530
 306  528
 305  527
 305  526
 303  524
 303  522
 300  519
 300  518
 297  515
 297  514
 289  506
 289  505
 286  502
 286  501
 283  498
 283  497
 282  496
 282  495
 279  492
 279  491
 278  490
 278  489
 276  487
 276  485
 275  484
 275  482
 274  481
 274  462
 275  461
 275  459
 280  454
 281  454
 282  453
 296  453
 297  452
 296  451
 296  449
 285  438
 285  420
 286  419
 286  418
 293  411
 293  410
 295  408
 295  407
 296  406
 297  406
 298  405
 299  405
 299  403
 296  400
 296  398
 292  394
 292  393
 291  392
 291  375
 292  374
 292  372
 293  371
 293  369
 295  367
 295  366
 297  364
 296  363
 296  362
 293  359
 293  358
 292  357
 292  340
 293  339
 293  337
 294  336
 294  333
 292  331
 292  330
 284  322
 283  322
 281  320
 280  320
 277  317
 276  317
 273  314
 272  314
 271  313
 270  313
 269  312
 268  312
 267  311
 266  311
 264  309
 263  309
 259  305
 259  287
 260  286
 277  286
 278  287
 287  287
 288  286
 294  286
 295  285
 296  285
 297  284
 298  284
 299  283
 299  282
 303  278
 303  276
 304  275
 304  274
 305  273
 305  271
 306  270
 306  266
 307  265
 307  264
 308  263
 308  262
 309  261
 309  258
 310  257
 310  255
 312  253
 312  249
 313  248
 313  237
 314  236
 314  233
 315  232
 315  228
 316  227
 316  220
 317  219
 317  216
 318  215
 318  213
 319  212
 319  205
 320  204
 320  189
 321  188
 321  185
 322  184
 322  180
 323  179
 323  172
 324  171
 324  164
 325  163
 325  159
 326  158
 326  153
 327  152
 327  150
 328  149
 328  148
 329  147
 329  145
 330  144
 330  141
 331  140
 331  139
 332  138
 332  136
 333  135
 333  131
 334  130
 334  129
 335  128
 335  127
 336  126
 336  123
 337  122
 337  120
 338  119
 338  118
 339  117
 339  115
 340  114
 340  112
 341  111
 341  110
 342  109
 342  107
 343  106
 343  104
 344  103
 344  102
 345  101
 345  100
 346   99
 346   95
 347   94
 347   91
 349   89
 349   86
 350   85
 350   82
 351   81
 351   80
 352   79
 352   76
 353   75
 353   70
 354   69
 354   66
 353   65
 353   63
 350   60
 348   60
 347   59
