 359  100
 358  101
 352  101
 351  102
 347  102
 346  103
 344  103
 343  104
 340  104
 339  105
 338  105
 337  106
 335  106
 334  107
 332  107
 331  108
 330  108
 329  109
 328  109
 327  110
 325  110
 324  111
 323  111
 322  112
 321  112
 320  113
 319  113
 317  115
 316  115
 315  116
 314  116
 313  117
 312  117
 311  118
 310  118
 308  120
 307  120
 306  121
 305  121
 303  123
 302  123
 301  124
 300  124
 298  126
 297  126
 296  127
 295  127
 293  129
 292  129
 290  131
 289  131
 287  133
 286  133
 284  135
 283  135
 280  138
 279  138
 276  141
 275  141
 271  145
 270  145
 267  148
 266  148
 263  151
 262  151
 257  156
 256  156
 250  162
 249  162
 240  171
 239  171
 212  198
 212  199
 195  216
 195  217
 191  221
 191  222
 188  225
 188  226
 186  228
 185  228
 171  242
 171  243
 164  250
 164  251
 161  254
 161  255
 157  259
 157  260
 154  263
 154  264
 150  268
 150  269
 147  272
 147  273
 144  276
 144  277
 141  280
 141  281
 139  283
 139  284
 137  286
 137  287
 135  289
 135  290
 134  291
 134  292
 131  295
 131  296
 130  297
 130  298
 127  301
 127  302
 125  304
 125  305
 124  306
 124  307
 121  310
 121  311
 120  312
 120  313
 117  316
 117  317
 116  318
 116  319
 114  321
 114  323
 111  326
 111  328
 110  329
 110  330
 109  331
 109  332
 108  333
 108  335
 107  336
 107  338
 106  339
 106  340
 105  341
 105  342
 104  343
 104  345
 103  346
 103  347
 101  349
 101  350
  99  352
  99  353
  96  356
  94  356
  93  357
  93  373
  94  374
 104  374
 105  375
 105  389
 104  390
 103  390
 102  391
 102  392
 101  393
 101  394
 100  395
 100  396
  99  397
  99  398
  98  399
  98  400
  97  401
  97  402
  95  404
  95  406
  94  407
  94  408
  93  409
  88  409
  86  411
  86  461
  87  462
  87  464
  88  465
  88  467
  89  468
  89  470
  90  471
  90  472
  91  473
  91  475
  92  476
  92  479
  93  480
  93  481
  94  482
  95  482
 102  489
 102  491
 103  492
 103  493
 106  496
 106  498
 107  499
 107  500
 109  502
 109  503
 110  504
 110  505
 112  507
 112  508
 114  510
 114  511
 115  512
 115  513
 116  514
 116  516
 117  517
 117  518
 118  519
 118  520
 120  522
 120  524
 121  525
 121  526
 122  527
 122  528
 123  529
 123  530
 124  531
 124  534
 125  535
 125  538
 126  539
 126  543
 127  544
 127  550
 128  551
 128  553
 131  556
 131  557
 133  559
 133  560
 135  562
 136  562
 137  563
 138  563
 139  564
 140  564
 141  565
 142  565
 143  566
 146  566
 147  567
 148  567
 149  568
 151  568
 153  570
 154  570
 164  580
 164  581
 170  587
 173  587
 174  586
 175  586
 177  584
 178  584
 179  583
 180  583
 181  582
 183  582
 184  581
 185  581
 186  580
 187  580
 189  578
 190  578
 190  577
 196  571
 196  570
 197  569
 197  568
 205  560
 206  560
 207  559
 208  559
 209  558
 210  558
 211  557
 212  557
 218  551
 218  550
 220  548
 220  547
 221  546
 221  545
 223  543
 223  542
 224  541
 224  540
 225  539
 226  539
 230  535
 231  535
 233  533
 234  533
 236  531
 237  531
 240  528
 240  527
 241  526
 241  525
 243  523
 243  519
 244  518
 244  515
 245  514
 245  513
 246  512
 246  511
 247  510
 247  509
 254  502
 254  501
 257  498
 257  495
 258  494
 258  479
 259  478
 259  476
 260  475
 260  474
 261  473
 261  472
 262  471
 262  470
 263  469
 263  466
 262  465
 262  463
 261  462
 261  460
 260  459
 260  457
 257  454
 257  453
 256  452
 256  451
 254  449
 254  448
 251  445
 251  444
 250  443
 250  442
 248  440
 248  439
 247  438
 247  437
 246  436
 246  435
 244  433
 244  432
 243  431
 243  430
 240  427
 240  426
 229  415
 229  401
 230  400
 249  400
 250  401
 256  401
 257  400
 261  400
 262  399
 265  399
 266  398
 268  398
 270  396
 271  396
 272  395
 273  395
 274  394
 276  394
 277  393
 279  393
 280  392
 287  392
 288  391
 291  391
 294  388
 294  387
 296  385
 296  383
 297  382
 297  379
 298  378
 298  376
 302  372
 302  371
 303  370
 303  369
 304  368
 304  366
 305  365
 305  364
 306  363
 306  362
 307  361
 307  360
 310  357
 310  356
 312  354
 312  353
 314  351
 314  350
 315  349
 315  348
 317  346
 317  343
 318  342
 318  340
 320  338
 320  335
 321  334
 321  329
 322  328
 322  326
 323  325
 323  324
 324  323
 324  322
 325  321
 325  320
 327  318
 327  317
 328  316
 328  315
 330  313
 330  311
 331  310
 331  308
 332  307
 332  306
 333  305
 333  304
 334  303
 334  299
 335  298
 335  295
 336  294
 336  292
 337  291
 337  283
 338  282
 338  280
 341  277
 341  275
 342  274
 342  273
 343  272
 343  271
 344  270
 344  268
 345  267
 345  266
 346  265
 346  264
 347  263
 347  262
 348  261
 348  260
 349  259
 349  258
 350  257
 350  254
 351  253
 351  248
 352  247
 352  243
 353  242
 353  240
 354  239
 354  237
 357  234
 357  233
 359  231
 359  230
 361  228
 361  227
 363  225
 363  224
 364  223
 364  221
 367  218
 367  217
 368  216
 368  215
 369  214
 369  213
 370  212
 370  210
 371  209
 371  205
 372  204
 372  202
 373  201
 373  200
 374  199
 374  198
 376  196
 376  195
 377  194
 377  193
 378  192
 378  190
 379  189
 379  188
 380  187
 380  185
 381  184
 381  182
 382  181
 382  180
 383  179
 383  177
 384  176
 384  171
 385  170
 385  169
 386  168
 386  167
 387  166
 387  163
 388  162
 388  158
 389  157
 389  155
 390  154
 390  152
 391  151
 391  147
 392  146
 392  144
 393  143
 393  141
 394  140
 394  122
 393  121
 393  119
 392  118
 392  116
 391  115
 391  112
 390  111
 390  110
 389  109
 389  108
 387  106
 386  106
 384  104
 382  104
 381  103
 380  103
 379  102
 377  102
 376  101
 370  101
 369  100
