 333  158
 332  159
 329  159
 328  160
 310  160
 309  161
 304  161
 303  162
 302  162
 301  163
 300  163
 295  168
 288  168
 287  169
 286  169
 285  170
 284  170
 282  172
 282  173
 281  174
 280  174
 278  176
 276  176
 275  177
 273  177
 271  179
 270  179
 267  182
 266  182
 265  183
 262  183
 261  184
 260  184
 253  191
 251  191
 250  192
 248  192
 247  193
 246  193
 241  198
 239  198
 237  200
 236  200
 230  206
 229  206
 228  207
 227  207
 224  210
 224  211
 221  214
 220  214
 219  215
 218  215
 217  216
 217  217
 213  221
 212  221
 204  229
 203  229
 196  236
 195  236
 186  245
 185  245
 184  246
 184  247
 179  252
 178  252
 175  255
 175  256
 171  260
 170  260
 167  263
 167  264
 163  268
 162  268
 159  271
 159  272
 158  273
 158  274
 156  276
 155  276
 152  279
 152  280
 151  281
 151  283
 150  284
 150  286
 144  292
 144  293
 143  294
 143  296
 142  297
 142  304
 141  305
 141  307
 140  308
 140  310
 139  311
 139  320
 144  325
 144  341
 143  342
 141  342
 140  343
 139  343
 138  344
 137  344
 136  345
 136  346
 135  347
 135  348
 134  349
 134  351
 133  352
 133  360
 132  361
 132  372
 131  373
 131  380
 132  381
 132  392
 133  393
 133  413
 134  414
 134  422
 135  423
 135  426
 136  427
 136  428
 137  429
 137  434
 138  435
 138  446
 139  447
 139  456
 140  457
 140  460
 141  461
 141  462
 142  463
 142  464
 143  465
 143  467
 144  468
 144  469
 150  475
 150  476
 157  483
 157  484
 158  485
 158  491
 159  492
 159  496
 160  497
 160  499
 161  500
 161  501
 162  502
 162  505
 163  506
 163  508
 164  509
 164  511
 165  512
 165  513
 169  517
 169  518
 171  520
 172  520
 178  526
 178  527
 180  529
 182  529
 183  530
 196  530
 197  529
 199  529
 204  524
 204  523
 206  521
 206  519
 207  518
 207  508
 208  507
 208  504
 209  503
 209  501
 210  500
 210  499
 211  498
 211  497
 212  496
 212  495
 216  491
 217  491
 217  490
 219  488
 220  488
 223  485
 224  485
 226  483
 226  482
 227  481
 227  477
 228  476
 228  467
 229  466
 229  465
 230  464
 230  461
 231  460
 231  458
 232  457
 232  456
 235  453
 235  452
 238  449
 238  448
 240  446
 240  445
 241  444
 241  443
 242  442
 242  441
 243  440
 243  439
 244  438
 244  435
 245  434
 245  433
 246  432
 246  431
 247  430
 247  429
 248  428
 248  427
 249  426
 249  425
 250  424
 250  423
 251  422
 251  420
 252  419
 252  416
 253  415
 253  412
 254  411
 254  410
 255  409
 255  405
 256  404
 256  395
 255  394
 255  393
 253  391
 253  390
 252  389
 252  388
 251  387
 251  386
 250  385
 250  384
 247  381
 247  380
 245  378
 244  378
 243  377
 242  377
 241  376
 240  376
 235  371
 235  357
 236  356
 251  356
 252  357
 255  357
 256  356
 257  356
 258  355
 260  355
 261  354
 264  354
 265  353
 270  353
 271  352
 272  352
 275  349
 275  348
 276  347
 276  346
 282  340
 282  339
 283  338
 283  336
 284  335
 284  333
 291  326
 291  325
 292  324
 292  320
 293  319
 293  318
 294  317
 294  316
 295  315
 296  315
 299  312
 299  309
 300  308
 300  299
 301  298
 301  294
 302  293
 302  292
 304  290
 304  289
 306  287
 306  286
 307  285
 307  283
 308  282
 308  272
 309  271
 309  268
 310  267
 310  265
 311  264
 311  263
 314  260
 314  259
 315  258
 315  257
 316  256
 316  250
 317  249
 317  244
 318  243
 318  242
 323  237
 323  236
 324  235
 324  233
 325  232
 325  227
 326  226
 326  225
 327  224
 328  224
 331  221
 331  220
 333  218
 333  212
 334  211
 334  210
 336  208
 337  208
 340  205
 340  204
 341  203
 341  195
 342  194
 342  192
 343  191
 343  190
 347  186
 347  185
 348  184
 348  183
 349  182
 349  172
 350  171
 350  166
 349  165
 349  164
 348  163
 348  162
 347  162
 345  160
 342  160
 341  159
 337  159
 336  158
