 319  157
 318  158
 314  158
 313  159
 309  159
 308  160
 305  160
 304  161
 302  161
 301  162
 298  162
 297  163
 296  163
 295  164
 293  164
 292  165
 291  165
 290  166
 288  166
 287  167
 286  167
 285  168
 283  168
 282  169
 281  169
 280  170
 279  170
 278  171
 276  171
 275  172
 274  172
 273  173
 272  173
 271  174
 270  174
 269  175
 268  175
 266  177
 265  177
 264  178
 263  178
 262  179
 261  179
 260  180
 259  180
 257  182
 256  182
 255  183
 254  183
 253  184
 252  184
 250  186
 249  186
 247  188
 246  188
 244  190
 243  190
 242  191
 241  191
 239  193
 238  193
 236  195
 235  195
 234  196
 233  196
 231  198
 230  198
 228  200
 227  200
 225  202
 224  202
 222  204
 221  204
 219  206
 218  206
 216  208
 215  208
 212  211
 211  211
 208  214
 207  214
 205  216
 204  216
 202  218
 201  218
 197  222
 196  222
 194  224
 193  224
 189  228
 188  228
 185  231
 184  231
 180  235
 179  235
 175  239
 174  239
 166  247
 165  247
 158  254
 157  254
 145  266
 144  266
 139  271
 138  271
 135  274
 134  274
 130  278
 129  278
 127  280
 126  280
 120  286
 119  286
 114  291
 114  324
 115  325
 126  325
 127  326
 127  340
 124  343
 124  344
 123  345
 123  347
 122  348
 122  350
 121  351
 116  351
 115  352
 115  362
 116  363
 116  364
 118  366
 118  367
 120  369
 120  370
 122  372
 122  373
 126  377
 126  378
 128  380
 128  381
 131  384
 131  385
 133  387
 133  388
 135  390
 135  391
 136  392
 136  393
 137  394
 137  395
 139  397
 139  398
 140  399
 140  400
 141  401
 141  402
 143  404
 143  405
 144  406
 144  407
 145  408
 145  409
 146  410
 146  411
 147  412
 147  414
 148  415
 148  417
 149  418
 149  420
 150  421
 150  423
 151  424
 151  426
 152  427
 152  428
 153  429
 153  431
 154  432
 154  435
 155  436
 155  439
 156  440
 156  441
 157  442
 157  443
 158  444
 158  448
 159  449
 159  455
 160  456
 160  467
 161  468
 161  473
 162  474
 162  478
 163  479
 163  484
 164  485
 164  487
 165  488
 165  489
 166  490
 166  491
 167  492
 167  494
 168  495
 168  496
 169  497
 169  498
 170  499
 170  500
 171  501
 171  502
 172  503
 172  504
 173  505
 173  506
 174  507
 174  508
 178  512
 178  514
 179  514
 181  516
 182  516
 185  519
 186  519
 188  521
 189  521
 191  523
 192  523
 193  524
 194  524
 195  525
 196  525
 197  526
 198  526
 199  527
 200  527
 201  528
 202  528
 203  529
 206  529
 207  530
 221  530
 222  529
 226  529
 227  528
 231  528
 232  527
 235  527
 236  526
 239  526
 240  525
 242  525
 243  524
 244  524
 245  523
 247  523
 248  522
 249  522
 250  521
 252  521
 254  519
 255  519
 256  518
 257  518
 260  515
 261  515
 264  512
 265  512
 270  507
 271  507
 272  506
 272  505
 280  497
 280  496
 282  494
 282  493
 284  491
 284  490
 286  488
 286  487
 287  486
 287  485
 289  483
 289  481
 290  480
 290  479
 291  478
 291  477
 292  476
 292  474
 293  473
 293  471
 294  470
 294  469
 295  468
 295  466
 296  465
 296  463
 297  462
 297  460
 298  459
 298  457
 299  456
 299  453
 300  452
 300  448
 301  447
 301  444
 302  443
 302  439
 303  438
 303  429
 304  428
 304  422
 305  421
 305  416
 306  415
 306  412
 305  411
 305  408
 304  407
 304  404
 303  403
 303  401
 302  400
 302  399
 301  398
 301  397
 300  396
 300  395
 299  394
 299  393
 298  392
 298  391
 296  389
 296  388
 295  387
 295  386
 293  384
 293  383
 292  382
 292  381
 286  375
 286  374
 284  372
 283  372
 276  365
 275  365
 274  364
 274  363
 273  362
 273  348
 274  347
 286  347
 287  346
 293  346
 293  342
 296  339
 299  339
 300  338
 307  338
 308  337
 310  337
 315  332
 316  332
 317  331
 318  331
 319  330
 320  330
 325  325
 329  325
 330  324
 331  324
 336  319
 336  318
 337  317
 337  316
 340  313
 340  312
 342  310
 342  309
 344  307
 344  306
 346  304
 346  303
 348  301
 348  300
 349  299
 349  298
 350  297
 350  296
 352  294
 352  293
 353  292
 353  291
 354  290
 354  289
 355  288
 355  287
 356  286
 356  284
 357  283
 357  279
 358  278
 358  276
 359  275
 359  273
 360  272
 360  268
 361  267
 361  264
 362  263
 362  261
 363  260
 363  255
 364  254
 364  247
 365  246
 365  243
 366  242
 366  235
 367  234
 367  206
 366  205
 366  197
 365  196
 365  192
 364  191
 364  187
 363  186
 363  184
 362  183
 362  182
 361  181
 361  180
 360  179
 360  177
 359  176
 359  175
 358  174
 358  173
 356  171
 356  170
 350  164
 349  164
 348  163
 347  163
 346  162
 345  162
 344  161
 343  161
 342  160
 341  160
 340  159
 338  159
 337  158
 335  158
 334  157
