 311  210
 310  211
 303  211
 302  212
 300  212
 299  213
 296  213
 295  214
 293  214
 292  215
 289  215
 288  216
 287  216
 286  217
 284  217
 283  218
 281  218
 280  219
 278  219
 277  220
 275  220
 274  221
 273  221
 272  222
 270  222
 269  223
 268  223
 267  224
 266  224
 265  225
 264  225
 263  226
 261  226
 260  227
 259  227
 258  228
 257  228
 256  229
 255  229
 254  230
 253  230
 252  231
 251  231
 250  232
 249  232
 248  233
 246  233
 244  235
 243  235
 242  236
 241  236
 240  237
 239  237
 238  238
 237  238
 235  240
 234  240
 233  241
 232  241
 231  242
 230  242
 229  243
 228  243
 226  245
 225  245
 224  246
 223  246
 222  247
 221  247
 219  249
 218  249
 217  250
 216  250
 214  252
 213  252
 211  254
 210  254
 209  255
 208  255
 206  257
 205  257
 203  259
 202  259
 200  261
 199  261
 197  263
 196  263
 193  266
 192  266
 191  267
 190  267
 188  269
 187  269
 185  271
 184  271
 182  273
 181  273
 179  275
 178  275
 177  276
 176  276
 175  277
 156  277
 155  278
 154  278
 152  280
 151  280
 149  282
 148  282
 146  284
 145  284
 143  286
 142  286
 140  288
 139  288
 138  289
 137  289
 135  291
 134  291
 134  292
 133  293
 133  323
 135  325
 140  325
 141  326
 141  357
 140  358
 138  358
 136  360
 136  376
 138  378
 141  378
 142  379
 144  379
 145  380
 146  380
 154  388
 154  389
 157  392
 157  393
 159  395
 159  396
 162  399
 162  400
 168  406
 168  407
 169  407
 171  409
 171  410
 173  412
 173  413
 176  416
 176  417
 177  418
 177  419
 178  420
 178  421
 179  422
 179  423
 180  424
 180  425
 181  426
 181  428
 182  429
 182  431
 183  432
 183  433
 184  434
 184  435
 185  436
 185  438
 186  439
 186  441
 187  442
 187  443
 188  444
 188  447
 189  448
 189  449
 190  450
 190  451
 192  453
 192  455
 194  457
 194  458
 196  460
 196  461
 203  468
 204  468
 206  470
 207  470
 209  472
 210  472
 212  474
 213  474
 214  475
 216  475
 217  476
 219  476
 220  477
 225  477
 226  478
 232  478
 233  477
 240  477
 241  476
 243  476
 244  475
 245  475
 246  474
 247  474
 248  473
 249  473
 250  472
 251  472
 254  469
 255  469
 258  466
 259  466
 266  459
 266  458
 269  455
 269  454
 271  452
 271  451
 272  450
 272  449
 274  447
 274  446
 275  445
 275  444
 278  441
 278  439
 280  437
 280  435
 281  434
 281  433
 282  432
 282  431
 283  430
 283  429
 284  428
 284  427
 285  426
 285  424
 286  423
 286  421
 287  420
 287  416
 288  415
 288  396
 287  395
 287  392
 286  391
 286  390
 285  389
 285  388
 284  387
 284  386
 283  385
 283  384
 281  382
 281  380
 277  376
 277  375
 273  371
 272  371
 271  370
 271  369
 270  369
 267  366
 266  366
 263  363
 263  349
 264  348
 268  348
 269  347
 280  347
 281  346
 284  346
 285  345
 286  345
 287  344
 288  344
 289  343
 290  343
 292  341
 292  340
 295  337
 296  337
 297  336
 298  336
 303  331
 304  331
 305  330
 306  330
 309  327
 309  326
 310  325
 314  325
 315  324
 316  324
 317  323
 317  322
 321  318
 321  317
 323  315
 323  314
 325  312
 325  311
 327  309
 327  308
 330  305
 330  304
 331  303
 331  301
 332  300
 332  299
 333  298
 333  297
 334  296
 334  294
 335  293
 335  289
 336  288
 336  287
 337  286
 337  284
 338  283
 338  278
 339  277
 339  275
 340  274
 340  272
 341  271
 341  269
 342  268
 342  266
 343  265
 343  264
 344  263
 344  261
 345  260
 345  257
 346  256
 346  255
 347  254
 347  252
 348  251
 348  235
 347  234
 347  233
 346  232
 346  231
 345  230
 345  228
 344  227
 344  226
 343  225
 343  224
 340  221
 340  220
 336  216
 335  216
 333  214
 332  214
 331  213
 329  213
 328  212
 327  212
 326  211
 322  211
 321  210
