 326  169
 325  170
 322  170
 321  171
 317  171
 316  172
 314  172
 313  173
 311  173
 310  174
 309  174
 308  175
 306  175
 305  176
 304  176
 303  177
 302  177
 301  178
 299  178
 297  180
 295  180
 294  181
 293  181
 292  182
 291  182
 290  183
 289  183
 287  185
 286  185
 285  186
 284  186
 282  188
 281  188
 280  189
 279  189
 277  191
 276  191
 273  194
 272  194
 270  196
 269  196
 266  199
 265  199
 262  202
 261  202
 258  205
 257  205
 254  208
 253  208
 251  210
 250  210
 247  213
 246  213
 243  216
 242  216
 238  220
 237  220
 230  227
 229  227
 221  235
 220  235
 211  244
 210  244
 193  261
 192  261
 192  262
 190  264
 189  264
 181  272
 180  272
 173  279
 172  279
 167  284
 166  284
 164  286
 163  286
 161  288
 160  288
 158  290
 157  290
 156  291
 155  291
 155  292
 149  298
 148  298
 145  301
 144  301
 136  309
 136  310
 134  312
 134  313
 131  316
 131  317
 127  321
 126  321
 125  322
 124  322
 124  323
 123  324
 123  357
 124  358
 125  358
 126  359
 126  385
 127  386
 127  387
 131  391
 131  392
 138  399
 138  400
 143  405
 143  406
 146  409
 146  410
 150  414
 150  415
 155  420
 155  421
 158  424
 158  425
 159  426
 159  427
 162  430
 162  431
 165  434
 165  435
 168  438
 168  439
 172  443
 172  444
 174  446
 174  447
 175  448
 175  450
 176  451
 176  452
 177  453
 177  454
 178  455
 178  461
 179  462
 179  472
 180  473
 180  476
 181  477
 181  481
 182  482
 182  484
 183  485
 183  486
 184  487
 184  488
 185  489
 185  490
 186  491
 186  492
 188  494
 188  495
 190  497
 190  498
 196  504
 196  505
 200  509
 201  509
 204  512
 205  512
 206  513
 208  513
 209  514
 210  514
 211  515
 212  515
 213  516
 215  516
 216  517
 220  517
 221  518
 242  518
 243  517
 247  517
 248  516
 251  516
 252  515
 255  515
 256  514
 258  514
 259  513
 261  513
 262  512
 264  512
 265  511
 266  511
 267  510
 268  510
 269  509
 270  509
 271  508
 272  508
 273  507
 274  507
 275  506
 276  506
 277  505
 278  505
 279  504
 280  504
 281  503
 282  503
 284  501
 285  501
 286  500
 287  500
 289  498
 290  498
 292  496
 293  496
 295  494
 296  494
 297  493
 298  493
 301  490
 302  490
 313  479
 313  478
 315  476
 315  475
 317  473
 317  472
 318  471
 318  470
 320  468
 320  467
 321  466
 321  465
 322  464
 322  462
 323  461
 323  460
 324  459
 324  458
 325  457
 325  453
 326  452
 326  448
 327  447
 327  436
 328  435
 327  434
 327  428
 326  427
 326  425
 325  424
 325  421
 324  420
 324  418
 322  416
 322  415
 321  414
 321  413
 318  410
 318  409
 317  408
 317  407
 316  407
 314  405
 314  404
 303  393
 302  393
 297  388
 296  388
 294  386
 293  386
 291  384
 290  384
 289  383
 288  383
 287  382
 286  382
 285  381
 284  381
 282  379
 281  379
 280  378
 279  378
 278  377
 277  377
 276  376
 275  376
 274  375
 273  375
 272  374
 271  374
 270  373
 270  359
 271  358
 277  358
 278  357
 285  357
 286  356
 288  356
 289  355
 292  355
 293  354
 294  354
 295  353
 297  353
 298  352
 299  352
 300  351
 301  351
 302  350
 303  350
 305  348
 306  348
 308  346
 309  346
 313  342
 314  342
 314  341
 330  325
 330  324
 333  321
 333  320
 334  319
 334  318
 337  315
 337  314
 338  313
 338  311
 340  309
 340  308
 341  307
 341  305
 342  304
 342  303
 343  302
 343  301
 344  300
 344  299
 345  298
 345  296
 346  295
 346  294
 347  293
 347  292
 348  291
 348  287
 349  286
 349  284
 350  283
 350  282
 351  281
 351  276
 352  275
 352  270
 353  269
 353  268
 354  267
 354  265
 355  264
 355  257
 356  256
 356  252
 357  251
 357  235
 358  234
 358  217
 357  216
 357  211
 356  210
 356  205
 355  204
 355  199
 354  198
 354  196
 353  195
 353  194
 352  193
 352  191
 351  190
 351  189
 350  188
 350  187
 348  185
 348  183
 347  182
 347  181
 340  174
 339  174
 338  173
 337  173
 336  172
 335  172
 334  171
 332  171
 331  170
 329  170
 328  169
