 396   93
 395   94
 387   94
 386   95
 380   95
 379   96
 376   96
 375   97
 371   97
 370   98
 369   98
 368   99
 365   99
 364  100
 362  100
 361  101
 359  101
 358  102
 357  102
 356  103
 354  103
 353  104
 352  104
 351  105
 349  105
 348  106
 347  106
 346  107
 345  107
 344  108
 342  108
 341  109
 340  109
 339  110
 338  110
 337  111
 336  111
 335  112
 334  112
 333  113
 332  113
 331  114
 330  114
 329  115
 328  115
 327  116
 326  116
 325  117
 324  117
 323  118
 322  118
 321  119
 320  119
 318  121
 317  121
 316  122
 315  122
 314  123
 313  123
 311  125
 310  125
 309  126
 308  126
 306  128
 305  128
 304  129
 303  129
 302  130
 301  130
 300  131
 299  131
 297  133
 296  133
 295  134
 294  134
 292  136
 291  136
 289  138
 288  138
 287  139
 286  139
 283  142
 282  142
 280  144
 279  144
 277  146
 276  146
 273  149
 272  149
 269  152
 268  152
 266  154
 265  154
 262  157
 261  157
 257  161
 256  161
 253  164
 252  164
 246  170
 245  170
 240  175
 239  175
 230  184
 229  184
 222  191
 221  191
 210  202
 209  202
 194  217
 193  217
 185  225
 184  225
 169  240
 168  240
 158  250
 158  251
 149  260
 149  261
 136  274
 135  274
 125  284
 124  284
 111  297
 111  298
 108  301
 108  302
 102  308
 102  309
  98  313
  98  314
  84  328
  84  329
  76  337
  76  338
  74  340
  74  341
  72  343
  72  344
  70  346
  70  347
  64  353
  64  354
  61  357
  61  358
  58  361
  58  366
  57  367
  58  368
  58  374
  59  375
  59  376
  64  381
  64  395
  61  398
  61  399
  56  404
  56  405
  55  406
  55  408
  54  409
  54  412
  53  413
  53  422
  52  423
  46  423
  45  424
  45  425
  44  426
  44  487
  45  488
  45  490
  46  491
  46  492
  47  493
  47  494
  48  495
  48  496
  49  497
  49  498
  50  499
  50  500
  51  501
  51  503
  54  506
  54  507
  55  508
  55  509
  62  516
  62  517
  73  528
  74  528
  81  535
  82  535
  84  537
  85  537
  87  539
  88  539
  90  541
  91  541
  97  547
  97  548
 100  551
 101  551
 103  553
 104  553
 105  554
 106  554
 108  556
 109  556
 112  559
 112  560
 115  563
 115  564
 118  567
 118  568
 123  573
 124  573
 126  575
 127  575
 128  576
 130  576
 131  577
 133  577
 134  578
 135  578
 136  579
 138  579
 139  580
 141  580
 142  581
 143  581
 145  583
 146  583
 149  586
 150  586
 154  590
 155  590
 157  592
 158  592
 159  593
 160  593
 161  594
 163  594
 164  595
 165  595
 166  594
 168  594
 170  592
 171  592
 173  590
 173  589
 180  582
 193  582
 194  581
 197  581
 198  580
 199  580
 207  572
 207  570
 208  569
 208  568
 209  567
 209  565
 210  564
 210  561
 214  557
 215  557
 217  555
 219  555
 220  554
 222  554
 223  553
 224  553
 225  552
 226  552
 228  550
 229  550
 231  548
 231  547
 233  545
 233  544
 234  543
 234  540
 235  539
 235  535
 236  534
 236  530
 237  529
 237  527
 241  523
 242  523
 244  521
 245  521
 246  520
 247  520
 253  514
 253  513
 254  512
 254  506
 253  505
 253  486
 254  485
 254  484
 257  481
 257  480
 258  479
 257  478
 257  474
 255  472
 255  471
 254  470
 254  469
 251  466
 251  465
 249  463
 249  462
 246  459
 246  458
 244  456
 244  455
 240  451
 240  450
 237  447
 237  446
 223  432
 222  432
 220  430
 219  430
 218  429
 217  429
 213  425
 213  424
 212  423
 203  423
 201  421
 201  407
 202  406
 220  406
 221  407
 225  407
 226  408
 228  408
 229  409
 231  409
 232  410
 233  410
 234  411
 236  411
 237  412
 242  412
 243  413
 257  413
 258  412
 259  412
 260  411
 261  411
 262  410
 264  410
 265  409
 267  409
 268  408
 270  408
 271  407
 275  407
 276  406
 280  406
 281  405
 286  405
 288  403
 289  403
 293  399
 293  398
 298  393
 299  393
 300  392
 301  392
 304  389
 304  387
 306  385
 306  382
 308  380
 309  380
 311  378
 311  377
 313  375
 313  374
 314  373
 314  371
 316  369
 316  368
 317  367
 317  366
 318  365
 318  363
 319  362
 319  361
 320  360
 320  358
 321  357
 321  356
 322  355
 322  354
 323  353
 323  351
 324  350
 324  348
 325  347
 325  346
 326  345
 326  344
 327  343
 327  342
 328  341
 328  340
 329  339
 329  338
 331  336
 331  334
 333  332
 333  331
 334  330
 334  328
 336  326
 336  325
 337  324
 337  323
 338  322
 338  320
 339  319
 339  318
 340  317
 340  315
 341  314
 341  313
 342  312
 342  311
 343  310
 343  309
 344  308
 344  307
 345  306
 345  305
 346  304
 346  303
 347  302
 347  301
 348  300
 348  299
 350  297
 350  296
 351  295
 351  294
 352  293
 352  292
 354  290
 354  289
 355  288
 355  287
 357  285
 357  283
 358  282
 358  281
 359  280
 359  279
 360  278
 360  277
 361  276
 361  275
 364  272
 364  271
 365  270
 365  269
 367  267
 367  266
 368  265
 368  264
 370  262
 370  261
 371  260
 371  257
 372  256
 372  255
 373  254
 373  253
 374  252
 374  251
 376  249
 376  248
 377  247
 377  246
 378  245
 378  244
 381  241
 381  240
 382  239
 382  238
 384  236
 384  234
 386  232
 386  231
 387  230
 387  229
 391  225
 391  224
 394  221
 394  220
 396  218
 396  217
 398  215
 398  214
 399  213
 399  212
 401  210
 401  208
 404  205
 404  203
 405  202
 405  201
 406  200
 406  199
 407  198
 407  197
 408  196
 408  194
 410  192
 410  190
 411  189
 411  187
 412  186
 412  185
 414  183
 414  182
 415  181
 415  180
 416  179
 416  178
 417  177
 417  176
 418  175
 418  173
 420  171
 420  170
 421  169
 421  168
 422  167
 422  166
 424  164
 424  162
 425  161
 425  159
 426  158
 426  156
 427  155
 427  154
 428  153
 428  150
 429  149
 429  148
 430  147
 430  145
 431  144
 431  140
 432  139
 432  136
 433  135
 433  134
 434  133
 434  130
 435  129
 435  124
 436  123
 436  117
 435  116
 435  111
 434  110
 434  108
 432  106
 432  105
 426   99
 425   99
 424   98
 423   98
 422   97
 420   97
 419   96
 417   96
 416   95
 412   95
 411   94
 405   94
 404   93
