 346  120
 345  121
 336  121
 335  122
 333  122
 332  123
 328  123
 327  124
 325  124
 324  125
 322  125
 321  126
 319  126
 318  127
 316  127
 315  128
 314  128
 313  129
 311  129
 310  130
 309  130
 308  131
 307  131
 306  132
 304  132
 303  133
 302  133
 301  134
 300  134
 299  135
 298  135
 297  136
 296  136
 295  137
 294  137
 293  138
 292  138
 291  139
 290  139
 289  140
 288  140
 287  141
 286  141
 284  143
 283  143
 282  144
 281  144
 280  145
 279  145
 277  147
 276  147
 274  149
 273  149
 272  150
 271  150
 269  152
 268  152
 266  154
 265  154
 263  156
 262  156
 260  158
 259  158
 257  160
 256  160
 254  162
 253  162
 250  165
 249  165
 245  169
 244  169
 240  173
 239  173
 234  178
 233  178
 228  183
 227  183
 199  211
 199  212
 197  214
 196  214
 196  215
 189  222
 189  223
 185  227
 185  228
 175  238
 175  239
 172  242
 172  243
 168  247
 168  248
 163  253
 163  254
 162  255
 162  256
 158  260
 158  261
 152  267
 152  268
 148  272
 148  273
 145  276
 145  277
 141  281
 141  282
 138  285
 138  286
 135  289
 135  291
 132  294
 132  295
 131  296
 131  297
 129  299
 129  300
 128  301
 128  302
 126  304
 126  305
 125  306
 125  307
 124  308
 124  309
 122  311
 122  312
 121  313
 121  314
 118  317
 118  318
 115  321
 115  322
 112  325
 112  326
 111  327
 111  328
 110  329
 102  329
 101  330
 101  374
 102  375
 102  389
 101  390
 100  390
  99  391
  99  418
 100  419
 100  420
 101  421
 101  425
 102  426
 102  430
 103  431
 103  433
 104  434
 104  437
 105  438
 105  441
 106  442
 106  443
 108  445
 108  447
 109  448
 109  450
 111  452
 111  453
 112  454
 112  456
 115  459
 115  461
 118  464
 118  465
 119  466
 119  468
 121  470
 121  471
 122  472
 122  473
 123  474
 123  475
 125  477
 125  478
 126  479
 126  480
 127  481
 127  482
 128  483
 128  484
 129  485
 129  486
 131  488
 131  489
 132  490
 132  491
 134  493
 134  494
 135  495
 135  496
 138  499
 138  500
 142  504
 142  505
 148  511
 148  512
 153  517
 153  518
 158  523
 158  524
 172  538
 172  539
 173  540
 173  542
 174  543
 174  544
 175  545
 175  547
 182  554
 182  555
 185  558
 185  559
 189  563
 189  564
 190  565
 191  565
 193  567
 216  567
 217  566
 219  566
 220  565
 221  565
 223  563
 224  563
 227  560
 228  560
 231  557
 232  557
 233  556
 235  556
 236  555
 238  555
 239  554
 241  554
 242  553
 244  553
 246  551
 247  551
 249  549
 249  548
 251  546
 251  545
 252  544
 252  543
 253  542
 253  541
 254  540
 254  538
 255  537
 255  536
 258  533
 258  532
 260  530
 261  530
 264  527
 265  527
 271  521
 271  520
 272  519
 272  518
 274  516
 274  512
 275  511
 275  484
 276  483
 276  482
 277  481
 277  479
 278  478
 278  468
 277  467
 277  463
 276  462
 276  451
 275  450
 275  446
 274  445
 274  444
 272  442
 272  441
 271  440
 271  439
 269  437
 269  436
 265  432
 265  431
 254  420
 254  419
 234  399
 233  399
 229  395
 228  395
 227  394
 226  394
 225  393
 225  379
 226  378
 256  378
 257  377
 259  377
 260  376
 264  376
 265  375
 289  375
 290  374
 292  374
 293  373
 294  373
 296  371
 297  371
 305  363
 305  361
 306  360
 306  359
 307  358
 307  357
 308  356
 308  354
 309  353
 309  352
 310  351
 310  350
 311  349
 311  345
 312  344
 312  340
 313  339
 313  338
 315  336
 315  335
 318  332
 318  331
 319  330
 319  328
 320  327
 320  326
 321  325
 321  324
 322  323
 322  318
 323  317
 323  312
 324  311
 324  310
 325  309
 325  308
 330  303
 330  302
 331  301
 331  298
 332  297
 332  295
 333  294
 333  293
 334  292
 334  291
 335  290
 335  283
 336  282
 336  275
 337  274
 337  272
 338  271
 338  269
 339  268
 339  267
 342  264
 342  262
 343  261
 343  260
 344  259
 344  257
 345  256
 345  253
 346  252
 346  250
 347  249
 347  248
 348  247
 348  242
 349  241
 349  238
 350  237
 350  236
 351  235
 351  234
 352  233
 352  232
 353  231
 353  230
 355  228
 355  227
 356  226
 356  225
 358  223
 358  221
 359  220
 359  219
 361  217
 361  216
 362  215
 362  213
 363  212
 363  211
 364  210
 364  208
 365  207
 365  203
 366  202
 366  201
 368  199
 368  198
 369  197
 369  196
 370  195
 370  194
 371  193
 371  190
 372  189
 372  186
 373  185
 373  184
 374  183
 374  182
 375  181
 375  177
 376  176
 376  174
 377  173
 377  172
 378  171
 378  168
 379  167
 379  162
 380  161
 380  157
 381  156
 381  151
 382  150
 382  136
 381  135
 381  133
 379  131
 379  130
 378  129
 378  128
 377  128
 375  126
 374  126
 373  125
 372  125
 371  124
 370  124
 369  123
 366  123
 365  122
 362  122
 361  121
 349  121
 348  120
