 324  163
 323  164
 320  164
 319  165
 315  165
 314  166
 311  166
 310  167
 308  167
 307  168
 305  168
 304  169
 303  169
 302  170
 300  170
 299  171
 298  171
 297  172
 295  172
 294  173
 293  173
 292  174
 291  174
 290  175
 289  175
 288  176
 287  176
 286  177
 285  177
 284  178
 283  178
 282  179
 281  179
 279  181
 278  181
 277  182
 276  182
 275  183
 274  183
 272  185
 271  185
 270  186
 269  186
 268  187
 267  187
 265  189
 264  189
 263  190
 262  190
 260  192
 259  192
 257  194
 255  194
 253  196
 252  196
 250  198
 249  198
 247  200
 246  200
 244  202
 243  202
 242  203
 241  203
 238  206
 237  206
 234  209
 233  209
 230  212
 229  212
 227  214
 226  214
 223  217
 222  217
 219  220
 218  220
 214  224
 213  224
 208  229
 207  229
 203  233
 202  233
 194  241
 193  241
 187  247
 186  247
 181  252
 180  252
 177  255
 176  255
 170  261
 169  261
 159  271
 158  271
 153  276
 152  276
 147  281
 146  281
 143  284
 142  284
 138  288
 137  288
 134  291
 133  291
 130  294
 129  294
 128  295
 127  295
 127  296
 126  297
 126  327
 127  328
 128  328
 129  329
 129  344
 128  345
 128  351
 127  352
 127  359
 126  360
 124  360
 122  362
 122  366
 123  367
 123  368
 124  369
 124  370
 125  371
 125  372
 126  373
 126  374
 127  375
 127  377
 128  378
 128  382
 129  383
 129  385
 130  386
 130  388
 131  389
 131  391
 132  392
 132  394
 133  395
 133  396
 134  397
 134  398
 135  399
 135  401
 136  402
 136  403
 137  404
 137  405
 138  406
 138  407
 139  408
 139  409
 141  411
 141  412
 142  413
 142  414
 144  416
 144  417
 145  418
 145  420
 146  421
 146  423
 147  424
 147  425
 148  426
 148  428
 149  429
 149  431
 150  432
 150  433
 151  434
 151  436
 152  437
 152  440
 153  441
 153  444
 154  445
 154  446
 155  447
 155  449
 156  450
 156  452
 157  453
 157  455
 158  456
 158  487
 159  488
 159  493
 160  494
 160  495
 161  496
 161  497
 162  498
 162  499
 163  500
 163  501
 165  503
 165  504
 174  513
 175  513
 180  518
 181  518
 182  519
 183  519
 184  520
 185  520
 186  521
 189  521
 190  522
 192  522
 193  523
 200  523
 201  524
 217  524
 218  523
 222  523
 223  522
 225  522
 226  521
 229  521
 230  520
 231  520
 232  519
 233  519
 234  518
 235  518
 236  517
 237  517
 238  516
 239  516
 240  515
 242  515
 244  513
 245  513
 246  512
 247  512
 250  509
 251  509
 256  504
 257  504
 257  503
 260  500
 261  500
 266  495
 267  495
 277  485
 277  484
 280  481
 280  480
 283  477
 283  476
 284  475
 284  474
 286  472
 286  471
 288  469
 288  467
 289  466
 289  465
 290  464
 290  462
 291  461
 291  459
 292  458
 292  456
 293  455
 293  454
 294  453
 294  451
 295  450
 295  446
 296  445
 296  441
 297  440
 297  432
 296  431
 296  429
 295  428
 295  425
 294  424
 294  423
 293  422
 293  421
 292  420
 292  419
 291  418
 291  417
 290  416
 290  415
 289  414
 289  413
 288  412
 288  411
 287  410
 287  409
 285  407
 285  406
 284  405
 284  404
 281  401
 281  400
 280  399
 280  398
 277  395
 277  394
 273  390
 273  389
 263  379
 263  378
 258  373
 257  373
 251  367
 250  367
 249  366
 249  351
 250  350
 264  350
 265  351
 269  351
 270  352
 279  352
 280  351
 282  351
 283  350
 284  350
 285  349
 287  349
 288  348
 290  348
 291  347
 293  347
 294  346
 297  346
 298  345
 299  345
 300  344
 301  344
 302  343
 303  343
 306  340
 307  340
 308  339
 309  339
 310  338
 311  338
 312  337
 313  337
 313  336
 319  330
 320  330
 322  328
 325  328
 326  327
 327  327
 328  326
 328  325
 331  322
 331  321
 332  320
 332  319
 333  318
 333  317
 336  314
 336  313
 341  308
 341  307
 342  306
 342  305
 343  304
 343  303
 344  302
 344  301
 345  300
 345  298
 346  297
 346  296
 347  295
 347  294
 348  293
 348  289
 349  288
 349  285
 350  284
 350  283
 351  282
 351  279
 352  278
 352  271
 353  270
 353  268
 354  267
 354  264
 355  263
 355  253
 356  252
 356  247
 357  246
 357  238
 358  237
 358  208
 357  207
 357  203
 356  202
 356  198
 355  197
 355  193
 354  192
 354  190
 353  189
 353  188
 352  187
 352  185
 351  184
 351  182
 349  180
 349  179
 348  178
 348  177
 347  176
 347  175
 345  173
 345  172
 340  167
 339  167
 338  166
 337  166
 336  165
 334  165
 333  164
 331  164
 330  163
