 310  182
 309  183
 305  183
 304  184
 301  184
 300  185
 298  185
 297  186
 295  186
 294  187
 293  187
 292  188
 291  188
 290  189
 288  189
 287  190
 286  190
 285  191
 284  191
 283  192
 282  192
 281  193
 279  193
 277  195
 276  195
 275  196
 274  196
 273  197
 272  197
 271  198
 270  198
 268  200
 267  200
 266  201
 265  201
 263  203
 262  203
 260  205
 259  205
 257  207
 256  207
 254  209
 253  209
 251  211
 250  211
 247  214
 246  214
 243  217
 242  217
 239  220
 238  220
 234  224
 233  224
 227  230
 226  230
 220  236
 219  236
 211  244
 210  244
 200  254
 199  254
 167  286
 167  287
 160  294
 160  295
 159  296
 159  297
 156  300
 156  301
 155  302
 154  302
 153  303
 147  303
 146  304
 146  328
 147  329
 150  329
 151  330
 151  359
 152  360
 152  362
 154  364
 154  366
 156  368
 156  370
 157  371
 157  372
 158  373
 158  374
 159  375
 159  376
 161  378
 161  379
 162  380
 162  381
 163  382
 163  383
 164  384
 164  385
 166  387
 166  388
 167  389
 167  390
 169  392
 169  393
 170  394
 170  395
 172  397
 172  398
 174  400
 174  402
 176  404
 176  405
 177  406
 177  407
 178  408
 178  409
 179  410
 179  411
 180  412
 180  415
 181  416
 181  420
 182  421
 182  423
 183  424
 183  427
 184  428
 184  432
 185  433
 185  435
 186  436
 186  439
 187  440
 187  449
 188  450
 188  451
 189  452
 191  452
 192  453
 197  453
 200  456
 200  467
 201  468
 201  469
 204  472
 204  484
 205  485
 206  485
 206  484
 207  483
 207  482
 209  480
 209  479
 210  478
 211  478
 212  477
 227  477
 230  480
 230  483
 231  484
 231  486
 232  487
 232  488
 233  489
 233  490
 234  491
 235  491
 235  488
 236  487
 236  482
 238  480
 239  480
 240  479
 256  479
 256  478
 253  475
 253  474
 251  472
 251  471
 250  470
 250  453
 253  450
 254  450
 255  449
 266  449
 266  447
 263  444
 263  443
 260  440
 260  424
 264  420
 265  420
 266  419
 267  419
 268  418
 270  418
 271  417
 273  417
 274  416
 273  415
 273  414
 264  405
 264  404
 263  403
 263  385
 264  384
 264  383
 265  382
 265  381
 263  379
 263  378
 253  368
 253  366
 252  365
 252  364
 251  363
 251  362
 250  361
 250  358
 247  355
 247  354
 243  350
 243  336
 244  335
 262  335
 263  334
 264  334
 265  333
 268  333
 269  332
 272  332
 273  331
 275  331
 276  330
 277  330
 278  329
 279  329
 280  328
 280  327
 283  324
 283  323
 293  313
 293  312
 294  311
 294  310
 295  309
 295  308
 296  307
 296  305
 297  304
 297  302
 298  301
 298  300
 299  299
 299  298
 300  297
 300  296
 302  294
 302  293
 303  292
 303  291
 304  290
 304  287
 305  286
 305  284
 306  283
 306  281
 307  280
 307  277
 309  275
 309  274
 310  273
 310  271
 311  270
 311  269
 312  268
 312  267
 313  266
 313  263
 314  262
 314  260
 315  259
 315  258
 316  257
 316  256
 317  255
 317  253
 319  251
 319  250
 320  249
 320  248
 321  247
 321  246
 322  245
 322  244
 323  243
 323  240
 324  239
 324  237
 326  235
 326  234
 327  233
 327  231
 329  229
 329  227
 330  226
 330  224
 331  223
 331  221
 332  220
 332  218
 333  217
 333  214
 334  213
 334  199
 333  198
 333  195
 332  194
 332  193
 331  192
 331  191
 330  190
 330  189
 327  186
 326  186
 325  185
 324  185
 323  184
 320  184
 319  183
 315  183
 314  182
