 299  214
 298  215
 296  215
 295  216
 292  216
 291  217
 290  217
 289  218
 287  218
 286  219
 285  219
 284  220
 282  220
 281  221
 280  221
 279  222
 278  222
 277  223
 276  223
 275  224
 274  224
 273  225
 272  225
 271  226
 270  226
 268  228
 267  228
 265  230
 264  230
 262  232
 261  232
 259  234
 258  234
 256  236
 255  236
 253  238
 252  238
 249  241
 248  241
 246  243
 245  243
 242  246
 241  246
 239  248
 238  248
 236  250
 235  250
 233  252
 232  252
 228  256
 227  256
 224  259
 223  259
 219  263
 218  263
 215  266
 214  266
 212  268
 211  268
 208  271
 207  271
 205  273
 204  273
 201  276
 200  276
 197  279
 196  279
 192  283
 191  283
 188  286
 187  286
 183  290
 182  290
 178  294
 177  294
 170  301
 169  301
 165  305
 164  305
 162  307
 161  307
 160  308
 154  308
 152  310
 152  324
 154  326
 160  326
 161  327
 161  342
 160  343
 160  344
 159  345
 159  353
 158  354
 155  354
 154  355
 154  356
 153  357
 153  410
 154  411
 154  412
 155  413
 158  413
 159  412
 162  412
 163  411
 165  411
 166  410
 183  410
 184  411
 185  411
 190  416
 191  416
 195  420
 195  421
 198  424
 198  426
 199  427
 199  428
 200  429
 200  430
 201  431
 201  432
 202  433
 202  435
 203  436
 203  437
 204  438
 204  440
 205  441
 205  443
 207  445
 207  446
 208  447
 208  448
 210  450
 210  451
 212  453
 212  455
 215  458
 215  459
 216  460
 217  460
 226  469
 227  469
 228  470
 229  470
 231  472
 233  472
 234  473
 239  473
 240  472
 242  472
 243  471
 245  471
 246  470
 248  470
 249  469
 250  469
 251  468
 252  468
 253  467
 254  467
 255  466
 256  466
 257  465
 258  465
 259  464
 260  464
 261  463
 262  463
 268  457
 269  457
 271  455
 272  455
 272  454
 275  451
 275  450
 277  448
 277  447
 279  445
 279  444
 280  443
 280  442
 282  440
 282  439
 283  438
 283  436
 284  435
 284  434
 285  433
 285  432
 286  431
 286  429
 287  428
 287  427
 288  426
 288  425
 289  424
 289  420
 290  419
 290  415
 291  414
 291  410
 292  409
 292  400
 291  399
 291  396
 290  395
 290  393
 289  392
 289  391
 287  389
 287  388
 283  384
 283  383
 275  375
 274  375
 266  367
 265  367
 262  364
 261  364
 259  362
 258  362
 256  360
 255  360
 254  359
 254  344
 255  343
 272  343
 273  342
 276  342
 277  341
 279  341
 280  340
 281  340
 282  339
 284  339
 285  338
 286  338
 287  337
 288  337
 289  336
 290  336
 292  334
 294  334
 295  333
 296  333
 296  332
 300  328
 300  327
 307  320
 307  319
 312  314
 313  314
 314  313
 314  312
 315  311
 315  308
 316  307
 316  305
 317  304
 317  302
 319  300
 319  299
 323  295
 323  293
 324  292
 324  284
 325  283
 325  278
 326  277
 326  276
 327  275
 327  273
 328  272
 328  247
 327  246
 327  242
 326  241
 326  232
 324  230
 324  229
 312  217
 311  217
 310  216
 309  216
 308  215
 306  215
 305  214
