 377   55
 376   56
 370   56
 369   57
 361   57
 360   58
 357   58
 356   59
 353   59
 352   60
 350   60
 349   61
 347   61
 346   62
 343   62
 342   63
 340   63
 339   64
 337   64
 336   65
 335   65
 334   66
 332   66
 331   67
 330   67
 329   68
 328   68
 327   69
 325   69
 324   70
 323   70
 322   71
 321   71
 320   72
 319   72
 318   73
 316   73
 315   74
 314   74
 313   75
 312   75
 311   76
 310   76
 309   77
 308   77
 307   78
 306   78
 305   79
 304   79
 303   80
 302   80
 301   81
 300   81
 299   82
 298   82
 296   84
 295   84
 294   85
 293   85
 292   86
 291   86
 289   88
 288   88
 286   90
 285   90
 283   92
 282   92
 281   93
 280   93
 278   95
 277   95
 275   97
 274   97
 272   99
 271   99
 269  101
 268  101
 265  104
 264  104
 262  106
 261  106
 258  109
 257  109
 254  112
 253  112
 250  115
 249  115
 245  119
 244  119
 241  122
 240  122
 235  127
 234  127
 224  137
 223  137
 203  157
 203  158
 193  168
 193  169
 183  179
 183  180
 173  190
 173  191
 163  201
 163  202
 157  208
 157  209
 155  211
 154  211
 152  213
 151  213
 149  215
 149  217
 147  219
 147  220
 143  224
 143  225
 139  229
 139  230
 133  236
 133  237
 127  243
 127  244
 122  249
 122  250
 119  253
 119  254
 116  257
 116  258
 113  261
 113  262
 110  265
 110  266
 106  270
 106  271
 103  274
 103  275
 100  278
 100  279
  99  280
  99  281
  96  284
  96  286
  93  289
  93  290
  92  291
  92  292
  90  294
  90  295
  89  296
  89  297
  86  300
  86  301
  83  304
  83  305
  81  307
  81  308
  79  310
  79  311
  78  312
  78  313
  76  315
  76  317
  75  318
  75  320
  74  321
  74  322
  73  323
  73  325
  72  326
  72  328
  70  330
  70  332
  69  333
  69  334
  68  335
  68  336
  66  338
  66  340
  65  341
  65  342
  64  343
  64  344
  63  345
  63  350
  64  351
  72  351
  73  352
  73  366
  71  368
  71  369
  70  370
  70  371
  69  372
  69  379
  68  380
  68  384
  67  385
  64  385
  62  387
  62  451
  63  452
  63  454
  66  457
  66  459
  68  461
  68  462
  69  463
  69  465
  70  466
  70  467
  71  468
  71  469
  72  470
  72  472
  73  473
  73  476
  74  477
  74  479
  75  480
  75  483
  76  484
  76  487
  77  488
  77  489
  79  491
  79  494
  80  495
  80  496
  82  498
  82  501
  83  502
  83  503
  84  504
  84  505
  85  506
  85  507
  86  508
  86  510
  88  512
  88  513
  89  514
  89  517
  90  518
  90  519
  92  521
  92  523
  93  524
  93  525
  95  527
  95  528
  96  529
  96  531
  99  534
  99  536
 100  537
 100  538
 102  540
 102  543
 103  544
 103  546
 104  547
 104  548
 105  549
 105  550
 106  551
 106  554
 107  555
 107  556
 109  558
 109  561
 110  562
 110  563
 111  564
 111  565
 112  566
 112  567
 113  568
 113  569
 115  571
 115  572
 116  573
 116  574
 120  578
 120  579
 121  579
 122  580
 122  581
 124  583
 124  584
 125  585
 125  587
 128  590
 129  590
 130  591
 132  591
 133  592
 134  592
 135  593
 136  593
 139  596
 140  596
 149  605
 149  606
 150  607
 150  609
 151  610
 151  611
 152  612
 152  615
 153  616
 153  617
 157  621
 157  622
 163  628
 164  628
 166  630
 170  630
 171  629
 172  629
 174  627
 175  627
 176  626
 177  626
 178  625
 195  625
 196  626
 197  626
 201  630
 202  630
 203  631
 205  631
 206  632
 209  632
 210  631
 212  631
 213  630
 214  630
 219  625
 219  624
 222  621
 222  620
 225  617
 227  617
 228  616
 249  616
 250  615
 252  615
 255  612
 256  612
 259  609
 259  608
 261  606
 261  605
 262  604
 262  589
 263  588
 263  585
 265  583
 265  582
 267  580
 268  580
 269  579
 271  579
 272  578
 275  578
 276  577
 278  577
 279  576
 280  576
 285  571
 285  570
 288  567
 288  566
 289  565
 289  559
 288  558
 288  555
 287  554
 287  552
 286  551
 286  549
 285  548
 285  547
 284  546
 284  525
 285  524
 285  523
 286  522
 286  521
 292  515
 292  511
 294  509
 294  507
 293  506
 293  504
 292  503
 292  501
 289  498
 289  496
 286  493
 286  492
 283  489
 283  488
 282  487
 282  486
 278  482
 278  481
 276  479
 276  477
 275  476
 275  464
 274  463
 274  461
 273  460
 273  458
 272  457
 272  455
 269  452
 269  451
 266  448
 266  447
 254  435
 253  435
 247  429
 246  429
 241  424
 240  424
 234  418
 233  418
 229  414
 228  414
 225  411
 224  411
 222  409
 221  409
 219  407
 218  407
 215  404
 214  404
 211  401
 210  401
 208  399
 207  399
 204  396
 203  396
 201  394
 200  394
 199  393
 198  393
 196  391
 195  391
 194  390
 193  390
 192  389
 191  389
 190  388
 189  388
 186  385
 185  385
 182  382
 182  377
 169  377
 168  376
 165  376
 164  375
 162  375
 161  374
 160  374
 157  371
 157  357
 158  356
 173  356
 174  357
 177  357
 178  358
 180  358
 181  359
 182  359
 183  360
 184  360
 186  362
 186  367
 209  367
 210  368
 220  368
 221  369
 229  369
 230  370
 243  370
 244  369
 256  369
 257  368
 268  368
 269  367
 281  367
 282  366
 285  366
 286  365
 287  365
 288  364
 289  364
 290  363
 291  363
 292  362
 293  362
 296  359
 297  359
 298  358
 299  358
 300  357
 302  357
 303  356
 305  356
 306  355
 308  355
 310  353
 311  353
 313  351
 318  351
 319  350
 319  346
 320  345
 320  343
 321  342
 321  340
 322  339
 322  337
 324  335
 325  335
 326  334
 327  334
 328  333
 329  333
 331  331
 336  331
 337  330
 341  330
 345  326
 345  325
 346  324
 346  322
 348  320
 348  318
 349  317
 349  315
 350  314
 350  312
 351  311
 351  307
 352  306
 352  301
 353  300
 353  299
 355  297
 355  296
 359  292
 359  291
 362  288
 362  286
 363  285
 363  282
 364  281
 364  280
 365  279
 365  277
 366  276
 366  273
 367  272
 367  271
 368  270
 368  267
 369  266
 369  253
 370  252
 370  251
 371  250
 371  249
 373  247
 373  246
 375  244
 375  243
 376  242
 376  240
 377  239
 377  238
 378  237
 378  236
 379  235
 379  232
 380  231
 380  229
 381  228
 381  227
 382  226
 382  223
 383  222
 383  212
 384  211
 384  208
 385  207
 385  206
 386  205
 386  204
 392  198
 392  197
 393  196
 393  195
 395  193
 395  191
 396  190
 396  187
 398  185
 398  184
 399  183
 399  181
 400  180
 400  177
 401  176
 401  170
 402  169
 402  165
 403  164
 403  162
 405  160
 405  159
 406  158
 406  156
 408  154
 408  153
 409  152
 409  150
 410  149
 410  145
 411  144
 411  142
 412  141
 412  133
 413  132
 413  129
 414  128
 414  127
 415  126
 415  125
 416  124
 416  119
 417  118
 417  110
 418  109
 418   92
 417   91
 417   86
 416   85
 416   77
 415   76
 415   74
 414   73
 414   71
 413   70
 413   66
 410   63
 409   63
 408   62
 406   62
 405   61
 404   61
 403   60
 401   60
 400   59
 399   59
 398   58
 396   58
 395   57
 392   57
 391   56
 388   56
 387   55
