 318  190
 317  191
 313  191
 312  192
 306  192
 305  193
 303  193
 302  194
 299  194
 298  195
 295  195
 294  196
 292  196
 291  197
 289  197
 288  198
 286  198
 285  199
 283  199
 282  200
 281  200
 280  201
 278  201
 277  202
 275  202
 274  203
 273  203
 272  204
 270  204
 269  205
 267  205
 266  206
 265  206
 264  207
 263  207
 262  208
 260  208
 259  209
 258  209
 257  210
 256  210
 254  212
 252  212
 251  213
 250  213
 248  215
 246  215
 245  216
 244  216
 243  217
 242  217
 240  219
 239  219
 238  220
 237  220
 236  221
 235  221
 233  223
 232  223
 231  224
 230  224
 229  225
 228  225
 226  227
 225  227
 223  229
 222  229
 220  231
 219  231
 217  233
 216  233
 215  234
 214  234
 212  236
 211  236
 210  237
 209  237
 207  239
 206  239
 205  240
 204  240
 203  241
 202  241
 200  243
 199  243
 197  245
 196  245
 195  246
 194  246
 192  248
 191  248
 189  250
 188  250
 187  251
 186  251
 183  254
 182  254
 179  257
 178  257
 174  261
 173  261
 170  264
 169  264
 164  269
 163  269
 160  272
 159  272
 156  275
 155  275
 149  281
 149  282
 142  289
 142  290
 135  297
 135  298
 131  302
 131  303
 130  304
 129  304
 128  305
 128  306
 125  309
 124  309
 123  310
 120  310
 118  312
 118  335
 119  336
 120  336
 121  337
 121  352
 119  354
 119  356
 118  357
 118  363
 117  364
 117  377
 115  379
 115  382
 116  383
 116  384
 117  385
 117  386
 118  387
 118  388
 119  389
 119  390
 120  391
 120  392
 121  393
 121  395
 122  396
 122  400
 123  401
 123  403
 124  404
 124  406
 125  407
 125  410
 126  411
 126  413
 127  414
 127  416
 128  417
 128  420
 129  421
 129  424
 130  425
 130  427
 131  428
 131  431
 132  432
 132  435
 133  436
 133  438
 134  439
 134  440
 135  441
 135  443
 136  444
 136  445
 137  446
 137  448
 138  449
 138  451
 139  452
 139  454
 141  456
 141  457
 143  459
 143  460
 144  461
 144  462
 145  463
 145  464
 149  468
 149  469
 150  469
 153  472
 154  472
 156  474
 157  474
 158  475
 160  475
 161  476
 164  476
 165  477
 166  477
 167  478
 167  479
 168  480
 168  484
 169  485
 169  488
 170  489
 170  490
 172  492
 172  493
 173  494
 174  494
 176  496
 181  496
 183  494
 184  494
 186  492
 204  492
 206  494
 207  494
 210  497
 212  497
 215  494
 215  493
 217  491
 217  490
 220  487
 221  487
 222  486
 239  486
 242  483
 242  482
 244  480
 244  470
 246  468
 252  468
 253  467
 256  467
 257  466
 259  466
 261  464
 261  463
 262  462
 262  459
 261  458
 261  457
 260  456
 260  440
 266  434
 267  434
 267  433
 268  432
 267  431
 267  430
 266  429
 266  428
 265  427
 265  426
 261  422
 261  421
 258  418
 258  415
 257  414
 257  403
 255  401
 255  399
 254  398
 254  397
 251  394
 251  393
 238  380
 238  366
 239  365
 276  365
 277  364
 281  364
 282  363
 282  362
 283  361
 291  361
 296  356
 297  356
 298  355
 300  355
 302  353
 302  352
 303  351
 303  349
 304  348
 304  347
 307  344
 308  344
 308  343
 309  342
 311  342
 312  341
 312  340
 313  339
 313  337
 315  335
 316  335
 319  332
 320  332
 325  327
 325  326
 327  324
 327  323
 328  322
 328  320
 329  319
 329  314
 330  313
 330  310
 331  309
 331  308
 335  304
 336  304
 340  300
 340  299
 341  298
 341  297
 343  295
 343  294
 345  292
 345  288
 346  287
 346  282
 354  274
 354  273
 355  272
 355  270
 356  269
 356  260
 357  259
 357  258
 360  255
 361  255
 361  254
 363  252
 363  251
 364  250
 364  248
 365  247
 365  217
 364  216
 364  215
 363  214
 363  213
 362  212
 362  208
 361  207
 361  205
 358  202
 358  201
 357  201
 354  198
 353  198
 352  197
 350  197
 349  196
 348  196
 347  195
 346  195
 345  194
 343  194
 342  193
 340  193
 339  192
 334  192
 333  191
 328  191
 327  190
