 350  157
 349  158
 340  158
 339  159
 334  159
 333  160
 328  160
 327  161
 324  161
 323  162
 320  162
 319  163
 317  163
 316  164
 313  164
 312  165
 309  165
 308  166
 306  166
 305  167
 303  167
 302  168
 300  168
 299  169
 297  169
 296  170
 295  170
 294  171
 292  171
 291  172
 289  172
 288  173
 287  173
 286  174
 284  174
 283  175
 282  175
 281  176
 280  176
 279  177
 277  177
 276  178
 275  178
 274  179
 272  179
 271  180
 270  180
 269  181
 268  181
 267  182
 265  182
 264  183
 263  183
 262  184
 261  184
 260  185
 258  185
 257  186
 256  186
 255  187
 254  187
 253  188
 251  188
 250  189
 249  189
 248  190
 247  190
 246  191
 245  191
 244  192
 243  192
 242  193
 240  193
 238  195
 236  195
 235  196
 234  196
 233  197
 232  197
 231  198
 230  198
 229  199
 228  199
 227  200
 225  200
 223  202
 221  202
 219  204
 217  204
 215  206
 214  206
 213  207
 212  207
 211  208
 210  208
 209  209
 208  209
 207  210
 206  210
 205  211
 204  211
 202  213
 201  213
 200  214
 199  214
 198  215
 197  215
 195  217
 194  217
 193  218
 192  218
 190  220
 189  220
 188  221
 187  221
 186  222
 185  222
 183  224
 182  224
 181  225
 180  225
 178  227
 177  227
 176  228
 175  228
 173  230
 172  230
 170  232
 169  232
 167  234
 166  234
 164  236
 163  236
 161  238
 160  238
 157  241
 156  241
 154  243
 153  243
 150  246
 149  246
 147  248
 146  248
 143  251
 142  251
 139  254
 138  254
 135  257
 134  257
 127  264
 126  264
 122  268
 121  268
 117  272
 116  272
 112  276
 111  276
 103  284
 102  284
  98  288
  97  288
  90  295
  89  295
  88  296
  87  296
  86  297
  85  297
  83  299
  83  315
  85  317
  91  317
  92  318
  92  332
  90  334
  90  335
  89  336
  89  337
  88  338
  88  339
  87  340
  87  341
  86  342
  86  343
  85  344
  85  346
  84  347
  84  350
  83  351
  83  364
  82  365
  82  372
  81  373
  78  373
  77  374
  77  375
  76  376
  76  381
  77  382
  77  386
  78  387
  78  388
  80  390
  80  392
  81  393
  81  395
  83  397
  83  398
  84  399
  84  403
  85  404
  85  405
  86  406
  86  408
  87  409
  87  413
  88  414
  88  417
  89  418
  89  423
  90  424
  90  430
  91  431
  91  433
  92  434
  92  435
  93  436
  93  439
  94  440
  94  467
  93  468
  93  486
  90  489
  90  499
  91  500
  91  502
  92  503
  92  504
  96  508
  97  508
  98  509
  99  509
  99  508
 100  507
 100  481
 102  479
 118  479
 120  481
 121  481
 122  482
 123  482
 127  486
 127  487
 132  492
 133  492
 134  493
 136  493
 137  494
 140  494
 141  495
 149  495
 151  497
 151  517
 150  518
 150  520
 149  521
 149  522
 148  523
 148  526
 152  530
 153  529
 153  528
 157  524
 158  524
 160  522
 162  522
 163  521
 165  521
 166  520
 180  520
 181  519
 182  519
 182  518
 184  516
 190  516
 191  515
 192  515
 193  514
 193  513
 197  509
 198  509
 199  508
 200  508
 201  507
 207  507
 208  506
 209  506
 212  503
 212  502
 210  500
 210  486
 211  485
 228  485
 229  484
 231  484
 233  482
 233  477
 232  476
 232  475
 231  474
 231  466
 230  465
 230  464
 229  463
 229  449
 230  448
 247  448
 247  447
 243  443
 243  441
 241  439
 241  437
 240  436
 240  433
 237  430
 237  416
 238  415
 248  415
 248  414
 247  413
 247  411
 244  408
 244  407
 243  406
 243  405
 240  402
 240  401
 237  398
 237  397
 234  394
 234  393
 230  389
 230  388
 227  385
 227  384
 218  375
 217  375
 215  373
 215  359
 216  358
 235  358
 236  359
 271  359
 272  358
 280  358
 281  357
 283  357
 284  356
 285  356
 287  354
 287  353
 288  352
 288  351
 289  350
 289  349
 290  348
 290  347
 291  346
 292  346
 293  345
 294  345
 300  339
 300  338
 301  337
 301  336
 302  335
 302  334
 305  331
 306  331
 309  328
 309  327
 310  326
 310  324
 315  319
 316  319
 318  317
 319  317
 320  316
 320  315
 323  312
 323  311
 324  310
 324  309
 327  306
 327  304
 328  303
 328  301
 329  300
 329  299
 330  298
 330  296
 331  295
 331  294
 333  292
 333  291
 339  285
 339  284
 341  282
 341  281
 342  280
 342  279
 344  277
 344  276
 346  274
 346  273
 347  272
 347  271
 348  270
 348  269
 350  267
 350  266
 354  262
 354  261
 355  260
 356  260
 357  259
 357  258
 360  255
 360  254
 362  252
 362  251
 363  250
 363  249
 366  246
 366  245
 380  231
 380  230
 383  227
 383  226
 384  225
 384  223
 386  221
 386  220
 387  219
 387  218
 388  217
 388  216
 390  214
 390  213
 391  212
 391  211
 393  209
 393  208
 394  207
 394  206
 396  204
 396  203
 397  202
 397  200
 398  199
 398  198
 399  197
 399  196
 400  195
 400  193
 401  192
 401  189
 402  188
 402  186
 403  185
 403  183
 404  182
 404  173
 403  172
 403  170
 400  167
 400  166
 399  166
 397  164
 396  164
 395  163
 394  163
 393  162
 392  162
 391  161
 389  161
 388  160
 385  160
 384  159
 380  159
 379  158
 372  158
 371  157
