 400   84
 399   85
 391   85
 390   86
 384   86
 383   87
 380   87
 379   88
 374   88
 373   89
 371   89
 370   90
 367   90
 366   91
 364   91
 363   92
 360   92
 359   93
 358   93
 357   94
 355   94
 354   95
 352   95
 351   96
 350   96
 349   97
 347   97
 346   98
 345   98
 344   99
 342   99
 341  100
 340  100
 339  101
 337  101
 336  102
 335  102
 334  103
 333  103
 332  104
 330  104
 329  105
 328  105
 327  106
 326  106
 325  107
 324  107
 323  108
 322  108
 321  109
 320  109
 319  110
 318  110
 317  111
 316  111
 315  112
 314  112
 313  113
 312  113
 311  114
 310  114
 308  116
 307  116
 306  117
 305  117
 304  118
 303  118
 302  119
 301  119
 300  120
 299  120
 298  121
 297  121
 295  123
 294  123
 293  124
 292  124
 290  126
 289  126
 288  127
 287  127
 286  128
 285  128
 283  130
 282  130
 281  131
 280  131
 279  132
 278  132
 276  134
 275  134
 274  135
 273  135
 271  137
 270  137
 269  138
 268  138
 266  140
 265  140
 264  141
 263  141
 261  143
 260  143
 259  144
 258  144
 256  146
 255  146
 253  148
 252  148
 250  150
 249  150
 248  151
 247  151
 245  153
 244  153
 242  155
 241  155
 239  157
 238  157
 237  158
 236  158
 234  160
 233  160
 230  163
 229  163
 227  165
 226  165
 223  168
 222  168
 219  171
 218  171
 216  173
 215  173
 212  176
 211  176
 209  178
 208  178
 203  183
 202  183
 197  188
 196  188
 190  194
 189  194
 183  200
 182  200
 178  204
 177  204
 173  208
 172  208
 168  212
 167  212
 162  217
 161  217
 157  221
 156  221
 151  226
 150  226
 147  229
 146  229
 142  233
 141  233
 137  237
 136  237
 131  242
 130  242
 125  247
 124  247
 120  251
 119  251
 116  254
 115  254
 111  258
 110  258
 106  262
 105  262
  71  296
  71  297
  53  315
  52  315
  51  316
  51  317
  50  318
  50  319
  49  320
  49  321
  48  322
  48  323
  47  324
  47  325
  46  326
  46  327
  45  328
  45  329
  39  335
  39  336
  38  337
  38  349
  39  350
  44  350
  45  351
  45  365
  44  366
  42  366
  39  369
  38  369
  38  370
  36  372
  36  373
  35  374
  35  375
  34  376
  34  378
  33  379
  33  386
  32  387
  32  411
  31  412
  30  412
  29  413
  29  418
  30  419
  30  421
  31  422
  31  424
  32  425
  32  427
  33  428
  33  430
  34  431
  34  434
  35  435
  35  437
  36  438
  36  439
  37  440
  37  442
  38  443
  38  445
  39  446
  39  447
  40  448
  40  451
  41  452
  41  455
  42  456
  42  457
  43  458
  43  460
  44  461
  44  464
  45  465
  45  467
  46  468
  46  469
  47  470
  47  474
  48  475
  48  477
  49  478
  49  479
  50  480
  50  482
  51  483
  51  485
  52  486
  52  487
  53  488
  53  489
  54  490
  54  493
  55  494
  55  495
  56  496
  56  498
  57  499
  57  502
  58  503
  58  506
  59  507
  59  508
  60  509
  60  513
  61  514
  61  517
  62  518
  62  519
  63  520
  63  522
  64  523
  64  527
  65  528
  65  530
  66  531
  66  533
  67  534
  67  542
  68  543
  68  550
  69  551
  69  555
  70  556
  70  561
  71  562
  71  564
  72  565
  72  566
  74  568
  74  569
  75  570
  76  570
  88  582
  88  583
  89  584
  89  585
  91  587
  91  588
  92  589
  92  590
  93  591
  93  592
  94  593
  94  594
  95  595
  95  596
  98  599
  98  600
 100  602
 102  602
 108  596
 109  596
 110  595
 129  595
 132  598
 133  598
 135  600
 137  600
 138  599
 139  599
 141  597
 141  596
 143  594
 143  593
 144  592
 144  591
 146  589
 146  587
 147  586
 147  585
 150  582
 150  581
 152  579
 153  579
 154  578
 155  578
 156  577
 169  577
 170  576
 171  576
 172  575
 173  575
 176  572
 176  571
 177  570
 177  568
 178  567
 178  565
 179  564
 179  562
 180  561
 180  557
 181  556
 181  555
 183  553
 183  552
 186  549
 187  549
 188  548
 191  548
 192  547
 202  547
 203  546
 205  546
 206  545
 207  545
 210  542
 210  541
 211  540
 211  538
 212  537
 212  531
 213  530
 213  525
 214  524
 214  522
 215  521
 215  520
 220  515
 221  515
 222  514
 223  514
 224  513
 225  513
 226  512
 228  512
 229  511
 230  511
 233  508
 233  507
 234  506
 234  504
 233  503
 233  478
 234  477
 234  475
 236  473
 236  469
 235  468
 235  467
 234  466
 234  464
 233  463
 233  461
 231  459
 231  457
 230  456
 230  455
 228  453
 228  452
 227  451
 227  450
 224  447
 224  446
 221  443
 221  442
 218  439
 218  438
 217  437
 217  436
 214  433
 214  432
 211  429
 211  428
 210  427
 210  426
 207  423
 207  422
 203  418
 203  417
 197  411
 194  411
 193  410
 192  410
 191  409
 190  409
 188  407
 188  406
 184  402
 183  402
 182  401
 181  401
 180  400
 179  400
 178  399
 178  384
 179  383
 195  383
 196  384
 197  384
 202  389
 203  389
 205  391
 206  391
 207  392
 208  392
 209  393
 216  393
 217  394
 226  394
 227  395
 235  395
 236  396
 253  396
 254  395
 263  395
 264  394
 274  394
 275  393
 279  393
 280  392
 281  392
 282  391
 283  391
 291  383
 292  383
 294  381
 295  381
 296  380
 296  379
 300  375
 300  374
 304  370
 304  369
 307  366
 307  365
 310  362
 310  361
 311  360
 311  359
 314  356
 314  354
 316  352
 316  351
 318  349
 318  348
 320  346
 320  345
 321  344
 321  343
 324  340
 324  339
 330  333
 330  332
 333  329
 333  328
 334  327
 334  326
 335  325
 335  324
 337  322
 337  321
 341  317
 341  316
 342  315
 342  314
 344  312
 344  310
 346  308
 346  307
 347  306
 347  305
 348  304
 348  303
 349  302
 349  301
 350  300
 350  299
 351  298
 351  297
 353  295
 353  294
 354  293
 354  292
 355  291
 355  290
 357  288
 357  287
 358  286
 358  285
 360  283
 360  282
 361  281
 361  280
 364  277
 364  276
 365  275
 365  274
 367  272
 367  271
 371  267
 371  266
 373  264
 373  263
 374  262
 374  261
 376  259
 376  258
 377  257
 377  256
 378  255
 378  254
 380  252
 380  251
 381  250
 381  248
 384  245
 384  244
 385  243
 385  242
 388  239
 388  238
 393  233
 393  232
 394  231
 394  230
 397  227
 397  226
 404  219
 404  218
 408  214
 408  213
 411  210
 411  209
 412  208
 412  207
 414  205
 414  204
 415  203
 415  202
 417  200
 417  198
 418  197
 418  194
 419  193
 419  192
 421  190
 421  189
 424  186
 424  185
 431  178
 431  177
 434  174
 434  173
 435  172
 435  171
 437  169
 437  168
 438  167
 438  166
 439  165
 439  164
 441  162
 441  160
 442  159
 442  158
 443  157
 443  156
 444  155
 444  153
 445  152
 445  150
 446  149
 446  148
 447  147
 447  146
 448  145
 448  144
 449  143
 449  142
 450  141
 450  140
 451  139
 451  134
 452  133
 452  114
 451  113
 451  109
 450  108
 450  107
 449  106
 449  105
 448  104
 448  103
 447  102
 447  101
 438   92
 437   92
 436   91
 435   91
 434   90
 433   90
 432   89
 430   89
 429   88
 426   88
 425   87
 423   87
 422   86
 417   86
 416   85
 409   85
 408   84
