 372   53
 371   54
 362   54
 361   55
 355   55
 354   56
 352   56
 351   57
 348   57
 347   58
 345   58
 344   59
 342   59
 341   60
 340   60
 339   61
 337   61
 336   62
 334   62
 333   63
 332   63
 331   64
 329   64
 328   65
 327   65
 326   66
 324   66
 323   67
 322   67
 321   68
 320   68
 319   69
 318   69
 317   70
 316   70
 315   71
 313   71
 312   72
 311   72
 310   73
 309   73
 307   75
 306   75
 305   76
 304   76
 303   77
 302   77
 301   78
 300   78
 299   79
 298   79
 296   81
 295   81
 293   83
 292   83
 291   84
 290   84
 287   87
 286   87
 284   89
 283   89
 281   91
 280   91
 277   94
 276   94
 274   96
 273   96
 270   99
 269   99
 267  101
 266  101
 263  104
 262  104
 259  107
 258  107
 255  110
 254  110
 250  114
 249  114
 243  120
 242  120
 233  129
 232  129
 216  145
 215  145
 211  149
 211  150
 197  164
 197  165
 196  166
 195  166
 195  167
 188  174
 188  175
 184  179
 184  180
 178  186
 178  187
 174  191
 174  192
 170  196
 170  197
 166  201
 166  202
 163  205
 163  206
 160  209
 160  210
 155  215
 155  216
 150  221
 150  222
 147  225
 147  226
 144  229
 144  230
 142  232
 142  233
 138  237
 138  238
 134  242
 134  243
 130  247
 130  248
 127  251
 127  252
 126  253
 126  254
 124  256
 124  258
 123  259
 123  260
 121  262
 121  263
 120  264
 120  265
 117  268
 117  269
 115  271
 115  272
 112  275
 112  276
 110  278
 110  279
 107  282
 107  283
 104  286
 104  287
 103  288
 103  289
 101  291
 101  292
 100  293
 100  294
  98  296
  98  297
  97  298
  97  299
  96  300
  96  301
  94  303
  94  304
  93  305
  93  306
  92  307
  92  308
  91  309
  91  310
  90  311
  90  313
  89  314
  89  315
  88  316
  88  317
  87  318
  87  319
  86  320
  86  321
  84  323
  84  324
  83  325
  83  326
  82  327
  82  328
  81  329
  81  330
  80  331
  80  332
  79  333
  79  334
  78  335
  78  336
  77  337
  77  340
  76  341
  76  343
  75  344
  75  348
  74  349
  74  354
  73  355
  73  356
  72  357
  72  361
  73  362
  82  362
  83  363
  83  377
  80  380
  80  381
  79  382
  79  384
  78  385
  78  389
  77  390
  71  390
  70  391
  70  466
  71  467
  71  468
  76  473
  76  474
  77  475
  77  476
  78  477
  78  478
  79  479
  79  480
  80  481
  80  482
  81  483
  81  484
  83  486
  83  488
  84  489
  84  490
  86  492
  86  494
  87  495
  87  497
  89  499
  89  500
  90  501
  90  503
  91  504
  91  505
  93  507
  93  509
  94  510
  94  511
  96  513
  96  514
  97  515
  97  517
 100  520
 100  522
 101  523
 101  524
 103  526
 103  527
 104  528
 104  529
 107  532
 107  533
 108  534
 108  535
 110  537
 110  538
 111  539
 111  540
 113  542
 113  543
 114  544
 114  545
 117  548
 117  549
 118  550
 118  551
 120  553
 120  554
 123  557
 123  558
 124  559
 124  560
 128  564
 128  565
 134  571
 134  572
 147  585
 148  585
 154  591
 155  591
 161  597
 161  598
 162  599
 163  599
 165  601
 166  601
 168  603
 169  603
 173  607
 173  609
 184  620
 184  621
 193  630
 194  630
 196  632
 197  632
 198  633
 199  633
 200  634
 205  634
 206  633
 207  633
 208  632
 209  632
 211  630
 212  630
 213  629
 214  629
 215  628
 217  628
 218  627
 220  627
 221  626
 235  626
 236  625
 239  625
 240  624
 242  624
 245  621
 246  621
 248  619
 248  618
 250  616
 250  614
 251  613
 251  612
 252  611
 252  609
 253  608
 253  605
 258  600
 259  600
 260  599
 262  599
 263  598
 269  598
 270  597
 274  597
 275  596
 276  596
 279  593
 279  592
 280  591
 280  570
 281  569
 281  568
 286  563
 287  563
 288  562
 292  562
 293  561
 296  561
 297  560
 298  560
 303  555
 303  552
 304  551
 304  545
 303  544
 303  524
 304  523
 304  520
 305  519
 305  518
 310  513
 311  513
 312  512
 313  512
 315  510
 316  510
 320  506
 320  500
 319  499
 319  498
 317  496
 317  495
 316  494
 316  493
 313  490
 313  489
 310  486
 310  485
 308  483
 308  482
 307  481
 307  480
 306  479
 306  463
 305  462
 305  461
 304  460
 304  459
 303  458
 303  457
 300  454
 300  453
 292  445
 291  445
 282  436
 281  436
 278  433
 277  433
 274  430
 273  430
 270  427
 269  427
 267  425
 266  425
 264  423
 263  423
 260  420
 259  420
 256  417
 255  417
 252  414
 251  414
 245  408
 244  408
 242  406
 241  406
 240  405
 239  405
 237  403
 236  403
 235  402
 234  402
 231  399
 230  399
 228  397
 227  397
 226  396
 225  396
 224  395
 223  395
 222  394
 221  394
 220  393
 220  390
 214  390
 213  389
 211  389
 210  388
 210  374
 211  373
 227  373
 228  374
 230  374
 231  375
 231  376
 235  376
 236  377
 237  377
 238  378
 239  378
 240  379
 242  379
 243  380
 246  380
 247  381
 251  381
 252  382
 261  382
 262  383
 276  383
 277  382
 286  382
 287  381
 291  381
 292  380
 294  380
 295  379
 296  379
 298  377
 299  377
 300  376
 301  376
 302  375
 304  375
 305  374
 307  374
 308  373
 313  373
 314  372
 319  372
 320  371
 322  371
 328  365
 328  364
 330  362
 336  362
 339  359
 339  358
 340  357
 340  356
 341  355
 341  354
 342  353
 342  352
 343  351
 343  349
 344  348
 344  344
 345  343
 345  340
 346  339
 346  335
 347  334
 347  333
 348  332
 348  331
 350  329
 350  328
 353  325
 353  324
 354  323
 354  322
 355  321
 355  320
 356  319
 356  318
 357  317
 357  314
 358  313
 358  308
 359  307
 359  303
 360  302
 360  298
 361  297
 361  296
 362  295
 362  294
 363  293
 363  290
 364  289
 364  288
 365  287
 365  286
 366  285
 366  283
 367  282
 367  279
 368  278
 368  274
 369  273
 369  269
 370  268
 370  255
 371  254
 371  249
 372  248
 372  246
 373  245
 373  243
 374  242
 374  240
 375  239
 375  237
 376  236
 376  234
 377  233
 377  229
 378  228
 378  224
 379  223
 379  220
 380  219
 380  212
 381  211
 381  205
 382  204
 382  202
 383  201
 383  199
 384  198
 384  196
 385  195
 385  194
 386  193
 386  191
 387  190
 387  188
 388  187
 388  186
 389  185
 389  184
 390  183
 390  179
 391  178
 391  175
 392  174
 392  172
 393  171
 393  167
 394  166
 394  164
 395  163
 395  162
 396  161
 396  160
 397  159
 397  157
 398  156
 398  154
 399  153
 399  152
 400  151
 400  147
 401  146
 401  144
 402  143
 402  142
 403  141
 403  137
 404  136
 404  131
 405  130
 405  128
 406  127
 406  125
 407  124
 407  120
 408  119
 408  115
 409  114
 409  111
 410  110
 410  101
 411  100
 411   85
 410   84
 410   78
 409   77
 409   75
 408   74
 408   72
 407   71
 407   69
 406   68
 406   67
 405   66
 405   65
 403   63
 403   62
 401   60
 400   60
 398   58
 397   58
 396   57
 395   57
 394   56
 392   56
 391   55
 387   55
 386   54
 379   54
 378   53
