 335   64
 334   65
 314   65
 313   66
 311   66
 310   67
 309   67
 308   68
 307   68
 306   69
 305   69
 302   72
 301   72
 300   73
 298   73
 297   74
 294   74
 293   75
 291   75
 290   76
 288   76
 283   81
 282   81
 281   82
 280   82
 279   83
 275   83
 274   84
 272   84
 271   85
 270   85
 265   90
 264   90
 263   91
 261   91
 260   92
 258   92
 257   93
 256   93
 254   95
 253   95
 250   98
 249   98
 247  100
 246  100
 245  101
 244  101
 237  108
 236  108
 235  109
 234  109
 232  111
 231  111
 228  114
 227  114
 224  117
 223  117
 221  119
 220  119
 212  127
 211  127
 208  130
 208  131
 207  132
 207  133
 203  137
 202  137
 201  138
 201  139
 199  141
 199  142
 195  146
 194  146
 192  148
 192  149
 189  152
 189  153
 182  160
 182  161
 175  168
 175  169
 174  170
 174  171
 173  172
 173  173
 171  175
 171  176
 170  177
 169  177
 165  181
 165  182
 164  183
 164  184
 161  187
 160  187
 157  190
 157  191
 156  192
 156  194
 155  195
 155  197
 154  198
 154  199
 150  203
 150  204
 148  206
 148  207
 147  208
 147  210
 145  212
 145  213
 141  217
 141  218
 140  219
 140  221
 139  222
 139  223
 138  224
 138  226
 132  232
 132  233
 131  234
 131  235
 130  236
 130  242
 129  243
 129  247
 130  248
 130  251
 131  252
 131  253
 132  254
 132  255
 135  258
 136  258
 137  259
 139  259
 140  260
 143  260
 144  261
 144  275
 141  278
 141  279
 139  281
 139  282
 138  283
 138  284
 137  285
 137  288
 136  289
 136  291
 135  292
 135  295
 134  296
 134  298
 133  299
 133  303
 134  304
 134  306
 135  307
 135  310
 136  311
 136  317
 137  318
 137  327
 138  328
 138  343
 139  344
 139  351
 140  352
 140  357
 141  358
 141  360
 142  361
 142  363
 143  364
 143  366
 144  367
 144  369
 145  370
 145  373
 146  374
 146  376
 147  377
 147  381
 148  382
 148  384
 149  385
 149  387
 151  389
 151  390
 153  392
 153  393
 154  394
 154  395
 155  396
 155  399
 156  400
 156  402
 157  403
 157  405
 158  406
 158  407
 159  408
 159  409
 160  410
 160  411
 161  412
 161  413
 162  414
 162  417
 163  418
 163  422
 164  423
 164  427
 165  428
 165  430
 166  431
 166  433
 167  434
 167  435
 168  436
 168  437
 169  438
 169  439
 170  440
 170  442
 171  443
 171  444
 173  446
 173  447
 176  450
 176  451
 188  463
 188  464
 189  465
 189  466
 190  467
 190  468
 191  469
 191  470
 193  472
 193  473
 196  476
 196  477
 197  478
 197  482
 199  484
 199  485
 203  489
 204  489
 205  490
 206  490
 207  491
 208  491
 210  493
 212  493
 215  496
 216  496
 218  498
 219  498
 220  499
 222  499
 223  500
 228  500
 229  501
 237  501
 238  500
 252  500
 253  501
 257  501
 258  502
 259  502
 260  503
 261  503
 264  506
 264  507
 265  508
 265  509
 266  510
 266  511
 267  512
 267  513
 268  514
 268  515
 269  516
 269  517
 270  518
 270  519
 271  520
 271  521
 272  522
 272  523
 273  524
 273  525
 274  526
 274  528
 275  529
 275  530
 276  531
 276  533
 277  534
 277  535
 278  536
 278  537
 285  544
 285  545
 287  547
 287  548
 289  550
 289  551
 294  556
 294  557
 295  558
 296  558
 297  559
 297  560
 299  562
 299  563
 300  564
 300  565
 301  566
 301  567
 307  573
 307  574
 308  575
 308  577
 310  579
 310  580
 311  581
 311  582
 316  587
 316  588
 317  589
 317  590
 318  591
 318  592
 320  594
 320  595
 325  600
 325  601
 326  602
 326  604
 327  605
 327  607
 330  610
 330  611
 334  615
 334  616
 335  617
 335  618
 337  620
 337  621
 339  623
 340  622
 341  622
 341  621
 339  619
 339  618
 338  617
 338  616
 337  615
 337  613
 336  612
 336  611
 335  610
 335  609
 334  608
 334  607
 330  603
 330  602
 329  601
 329  600
 328  599
 328  598
 327  597
 327  595
 319  587
 319  586
 318  585
 318  584
 317  583
 317  582
 313  578
 313  577
 311  575
 311  574
 310  573
 310  571
 309  570
 309  569
 308  568
 308  567
 303  562
 303  561
 302  560
 302  559
 301  558
 301  557
 300  556
 300  555
 298  553
 298  552
 296  550
 296  549
 294  547
 294  546
 293  545
 293  543
 292  542
 292  541
 291  540
 291  539
 288  536
 288  535
 287  534
 287  533
 286  532
 286  531
 285  530
 285  529
 284  528
 284  527
 283  526
 283  525
 281  523
 281  522
 278  519
 278  518
 277  517
 277  516
 276  515
 276  514
 274  512
 274  511
 273  510
 273  509
 269  505
 269  503
 268  502
 268  499
 267  498
 267  494
 266  493
 266  472
 267  471
 267  465
 268  464
 268  463
 269  462
 269  461
 272  458
 273  458
 278  453
 278  443
 277  442
 277  436
 276  435
 276  431
 275  430
 275  427
 274  426
 274  422
 273  421
 273  418
 272  417
 272  395
 273  394
 273  391
 274  390
 274  384
 275  383
 275  379
 276  378
 276  372
 277  371
 277  367
 278  366
 278  364
 279  363
 279  362
 281  360
 281  358
 282  357
 282  353
 283  352
 283  341
 282  340
 282  337
 278  333
 278  332
 277  331
 277  330
 276  329
 276  328
 275  327
 275  326
 272  323
 272  322
 271  321
 270  321
 268  319
 267  319
 266  318
 265  318
 264  317
 263  317
 262  316
 261  316
 259  314
 258  314
 251  307
 250  307
 248  305
 245  305
 244  304
 241  304
 240  303
 236  303
 235  302
 234  302
 232  300
 231  300
 230  299
 230  285
 231  284
 252  284
 253  285
 260  285
 261  286
 266  286
 267  287
 286  287
 287  286
 291  286
 292  285
 296  285
 297  284
 298  284
 299  283
 300  283
 301  282
 301  281
 303  279
 303  278
 305  276
 305  275
 308  272
 308  271
 309  270
 309  267
 310  266
 310  263
 311  262
 311  254
 312  253
 312  251
 316  247
 316  246
 317  245
 317  244
 318  243
 318  239
 319  238
 319  225
 320  224
 320  215
 321  214
 321  211
 322  210
 322  208
 323  207
 323  206
 324  205
 324  203
 325  202
 325  197
 326  196
 326  191
 327  190
 327  182
 328  181
 328  163
 329  162
 329  157
 330  156
 330  155
 331  154
 331  153
 332  152
 332  151
 333  150
 333  149
 334  148
 334  146
 335  145
 335  144
 336  143
 336  134
 337  133
 337  128
 338  127
 338  125
 341  122
 341  121
 342  120
 342  119
 343  118
 343  117
 344  116
 344  111
 345  110
 345   96
 346   95
 346   92
 347   91
 347   89
 349   87
 349   86
 350   85
 350   84
 351   83
 351   82
 352   81
 352   77
 351   76
 351   74
 350   73
 350   72
 349   71
 349   70
 347   68
 346   68
 344   66
 343   66
 342   65
 340   65
 339   64
