 357  151
 356  152
 343  152
 342  153
 338  153
 337  154
 331  154
 330  155
 327  155
 326  156
 322  156
 321  157
 318  157
 317  158
 315  158
 314  159
 312  159
 311  160
 310  160
 309  161
 307  161
 306  162
 304  162
 303  163
 301  163
 300  164
 299  164
 298  165
 295  165
 294  166
 293  166
 292  167
 291  167
 290  168
 289  168
 288  169
 286  169
 285  170
 284  170
 283  171
 282  171
 281  172
 280  172
 279  173
 278  173
 277  174
 275  174
 274  175
 273  175
 272  176
 271  176
 270  177
 268  177
 267  178
 266  178
 265  179
 264  179
 263  180
 262  180
 261  181
 260  181
 259  182
 258  182
 257  183
 255  183
 253  185
 252  185
 251  186
 250  186
 249  187
 248  187
 247  188
 246  188
 245  189
 244  189
 243  190
 242  190
 241  191
 240  191
 239  192
 237  192
 235  194
 234  194
 233  195
 232  195
 231  196
 230  196
 229  197
 228  197
 226  199
 225  199
 224  200
 223  200
 222  201
 221  201
 219  203
 218  203
 217  204
 216  204
 215  205
 214  205
 212  207
 211  207
 210  208
 209  208
 207  210
 206  210
 205  211
 204  211
 202  213
 201  213
 199  215
 198  215
 197  216
 196  216
 194  218
 193  218
 191  220
 190  220
 189  221
 188  221
 186  223
 185  223
 183  225
 182  225
 180  227
 179  227
 178  228
 177  228
 175  230
 174  230
 172  232
 171  232
 169  234
 168  234
 166  236
 165  236
 162  239
 161  239
 158  242
 157  242
 155  244
 154  244
 152  246
 151  246
 149  248
 148  248
 145  251
 144  251
 141  254
 140  254
 134  260
 133  260
 130  263
 129  263
 124  268
 123  268
 118  273
 117  273
 113  277
 112  277
 107  282
 106  282
  91  297
  91  298
  88  301
  87  301
  83  305
  81  305
  79  307
  79  334
  80  335
  90  335
  91  336
  91  350
  89  352
  88  352
  85  355
  85  357
  84  358
  84  359
  83  360
  83  364
  82  365
  82  372
  81  373
  77  373
  76  374
  76  396
  77  397
  77  398
  78  399
  78  401
  79  402
  79  403
  80  404
  80  406
  81  407
  81  410
  82  411
  82  414
  83  415
  83  416
  84  417
  84  420
  85  421
  85  428
  86  429
  86  432
  87  433
  87  435
  88  436
  88  441
  89  442
  89  446
  90  447
  90  449
  91  450
  91  458
  92  459
  92  468
  93  469
  93  474
  94  475
  94  483
  95  484
  95  500
  96  501
  96  502
  97  503
  97  504
  99  506
  99  507
 100  507
 102  509
 102  510
 103  511
 104  511
 106  513
 107  513
 109  515
 111  515
 112  516
 123  516
 126  519
 126  521
 127  522
 127  525
 128  526
 128  530
 129  531
 129  532
 130  533
 130  534
 131  535
 133  535
 135  533
 135  532
 138  529
 139  529
 141  527
 158  527
 160  529
 161  529
 165  525
 166  525
 168  523
 169  523
 170  522
 171  522
 172  521
 174  521
 175  520
 178  520
 179  519
 197  519
 198  520
 200  520
 201  521
 202  521
 204  519
 204  514
 205  513
 205  511
 209  507
 210  507
 212  505
 226  505
 227  504
 229  504
 231  502
 231  500
 232  499
 232  486
 236  482
 237  482
 238  481
 242  481
 243  480
 245  480
 246  479
 247  479
 249  477
 249  476
 250  475
 250  453
 254  449
 256  449
 257  448
 259  448
 262  445
 261  444
 261  442
 260  441
 260  440
 259  439
 259  438
 258  437
 258  436
 257  435
 257  434
 255  432
 255  430
 254  429
 254  428
 253  427
 253  426
 252  425
 252  423
 251  422
 251  421
 250  420
 250  419
 249  418
 249  417
 248  416
 248  414
 247  413
 247  412
 246  411
 246  410
 245  409
 245  408
 244  407
 244  406
 241  403
 241  402
 238  399
 238  398
 235  395
 235  394
 231  390
 231  389
 225  383
 225  382
 223  380
 222  380
 216  374
 215  374
 212  371
 211  371
 209  369
 208  369
 207  368
 207  367
 206  367
 205  366
 205  352
 206  351
 220  351
 221  352
 221  353
 223  353
 224  354
 225  354
 226  355
 227  355
 228  356
 229  356
 230  357
 233  357
 234  358
 238  358
 239  359
 251  359
 252  360
 261  360
 262  361
 272  361
 273  360
 281  360
 282  359
 288  359
 289  358
 292  358
 293  357
 294  357
 297  354
 297  352
 298  351
 298  349
 299  348
 299  347
 302  344
 303  344
 304  343
 305  343
 308  340
 308  339
 309  338
 309  336
 310  335
 311  335
 312  334
 312  333
 313  332
 313  330
 314  329
 314  327
 315  326
 315  323
 320  318
 321  318
 325  314
 325  313
 326  312
 326  310
 327  309
 327  308
 328  307
 328  305
 329  304
 329  301
 330  300
 330  298
 331  297
 331  296
 332  295
 332  292
 339  285
 339  284
 341  282
 341  280
 342  279
 342  276
 344  274
 344  273
 345  272
 345  269
 347  267
 347  266
 353  260
 354  260
 359  255
 359  254
 366  247
 366  246
 369  243
 369  242
 373  238
 374  238
 379  233
 379  232
 382  229
 382  228
 386  224
 386  223
 388  221
 388  220
 389  219
 389  217
 391  215
 391  214
 392  213
 392  210
 393  209
 393  208
 394  207
 394  206
 395  205
 395  204
 396  203
 396  202
 397  201
 397  200
 398  199
 398  198
 399  197
 399  194
 400  193
 400  191
 401  190
 401  188
 402  187
 402  183
 403  182
 403  178
 404  177
 404  174
 405  173
 405  172
 404  171
 404  170
 403  169
 403  168
 402  167
 402  165
 401  164
 401  163
 400  163
 398  161
 397  161
 396  160
 395  160
 394  159
 393  159
 392  158
 390  158
 389  157
 388  157
 387  156
 384  156
 383  155
 381  155
 380  154
 376  154
 375  153
 373  153
 372  152
 363  152
 362  151
