 310  207
 309  208
 305  208
 304  209
 301  209
 300  210
 298  210
 297  211
 295  211
 294  212
 292  212
 291  213
 289  213
 288  214
 287  214
 286  215
 285  215
 284  216
 283  216
 282  217
 280  217
 279  218
 278  218
 276  220
 275  220
 274  221
 273  221
 272  222
 271  222
 269  224
 268  224
 267  225
 266  225
 264  227
 263  227
 262  228
 261  228
 259  230
 258  230
 257  231
 256  231
 255  232
 254  232
 252  234
 251  234
 250  235
 249  235
 247  237
 246  237
 244  239
 243  239
 241  241
 240  241
 239  242
 238  242
 236  244
 235  244
 234  245
 233  245
 230  248
 229  248
 227  250
 226  250
 223  253
 222  253
 220  255
 219  255
 216  258
 215  258
 213  260
 212  260
 210  262
 209  262
 206  265
 205  265
 202  268
 201  268
 199  270
 198  270
 195  273
 194  273
 188  279
 187  279
 187  280
 186  281
 185  281
 181  285
 180  285
 179  286
 177  286
 176  287
 174  287
 173  288
 172  288
 171  289
 170  289
 169  290
 168  290
 166  292
 165  292
 164  293
 163  293
 161  295
 160  295
 159  296
 158  296
 157  297
 156  297
 154  299
 153  299
 152  300
 143  300
 141  302
 141  330
 143  332
 149  332
 150  333
 150  348
 149  349
 149  352
 148  353
 148  358
 147  359
 143  359
 141  361
 141  385
 142  386
 142  387
 143  388
 144  388
 146  390
 147  390
 149  392
 150  392
 157  399
 158  399
 160  401
 160  402
 162  404
 163  404
 164  405
 164  406
 165  406
 174  415
 174  416
 177  419
 177  420
 181  424
 181  425
 184  428
 184  429
 186  431
 186  432
 187  433
 187  434
 188  435
 188  436
 189  437
 189  438
 190  439
 190  440
 193  443
 193  444
 195  446
 195  447
 196  448
 196  449
 197  450
 197  451
 198  452
 198  453
 199  454
 199  456
 201  458
 201  459
 202  460
 202  461
 204  463
 204  464
 208  468
 208  469
 209  470
 210  470
 212  472
 213  472
 215  474
 216  474
 217  475
 218  475
 219  476
 220  476
 221  477
 222  477
 223  478
 224  478
 225  479
 226  479
 227  480
 229  480
 230  481
 237  481
 238  480
 241  480
 242  479
 247  479
 248  478
 250  478
 251  477
 254  477
 255  476
 257  476
 258  475
 259  475
 261  473
 262  473
 264  471
 265  471
 270  466
 271  466
 273  464
 274  464
 280  458
 280  457
 281  456
 281  455
 282  454
 282  453
 284  451
 284  450
 286  448
 286  447
 287  446
 287  445
 289  443
 289  442
 290  441
 290  439
 292  437
 292  436
 293  435
 293  433
 294  432
 294  431
 295  430
 295  429
 296  428
 296  425
 297  424
 297  419
 298  418
 298  414
 297  413
 297  402
 296  401
 296  395
 295  394
 295  391
 294  390
 294  389
 293  388
 293  387
 292  386
 292  385
 291  384
 291  383
 289  381
 289  380
 288  380
 287  379
 287  378
 279  370
 278  370
 275  367
 275  366
 274  365
 274  349
 275  348
 282  348
 283  347
 288  347
 289  346
 292  346
 293  345
 294  345
 298  341
 299  341
 308  332
 309  332
 310  331
 310  330
 312  328
 313  328
 314  327
 314  326
 316  324
 317  324
 319  322
 319  321
 320  320
 320  318
 321  317
 321  315
 322  314
 322  312
 323  311
 323  309
 324  308
 324  307
 325  306
 325  305
 326  304
 326  303
 327  302
 327  301
 329  299
 329  297
 330  296
 330  294
 331  293
 331  289
 332  288
 332  286
 333  285
 333  280
 334  279
 334  275
 335  274
 335  270
 336  269
 336  264
 337  263
 337  255
 338  254
 338  250
 339  249
 339  245
 340  244
 340  243
 339  242
 339  238
 338  237
 338  234
 337  233
 337  229
 336  228
 336  226
 335  225
 335  224
 334  223
 334  222
 333  221
 333  220
 332  219
 332  218
 329  215
 329  214
 327  212
 326  212
 324  210
 323  210
 322  209
 321  209
 320  208
 317  208
 316  207
