 317  205
 316  206
 312  206
 311  207
 309  207
 308  208
 305  208
 304  209
 303  209
 302  210
 300  210
 299  211
 298  211
 297  212
 295  212
 294  213
 293  213
 292  214
 291  214
 290  215
 289  215
 288  216
 287  216
 286  217
 284  217
 283  218
 282  218
 280  220
 279  220
 278  221
 277  221
 276  222
 275  222
 274  223
 273  223
 271  225
 270  225
 269  226
 268  226
 267  227
 266  227
 265  228
 264  228
 263  229
 262  229
 260  231
 259  231
 258  232
 257  232
 255  234
 254  234
 253  235
 252  235
 250  237
 249  237
 248  238
 247  238
 245  240
 244  240
 243  241
 242  241
 240  243
 239  243
 237  245
 236  245
 235  246
 234  246
 233  247
 232  247
 231  248
 230  248
 228  250
 227  250
 226  251
 225  251
 223  253
 222  253
 221  254
 220  254
 218  256
 217  256
 215  258
 214  258
 212  260
 211  260
 210  261
 209  261
 208  262
 207  262
 205  264
 204  264
 202  266
 201  266
 197  270
 196  270
 195  271
 194  271
 192  273
 191  273
 188  276
 187  276
 185  278
 184  278
 182  280
 181  280
 176  285
 175  285
 173  287
 172  287
 170  289
 169  289
 167  291
 166  291
 165  292
 164  292
 163  293
 162  293
 161  294
 159  294
 158  295
 155  295
 154  296
 152  296
 151  297
 148  297
 147  298
 145  298
 144  299
 142  299
 141  300
 139  300
 138  301
 137  301
 135  303
 135  339
 136  340
 148  340
 149  341
 149  355
 143  361
 141  361
 140  362
 140  374
 143  377
 144  377
 147  380
 147  381
 148  382
 148  383
 151  386
 151  387
 155  391
 155  392
 159  396
 159  397
 162  400
 162  401
 163  401
 165  403
 165  404
 168  407
 168  408
 172  412
 172  413
 175  416
 175  417
 177  419
 177  420
 179  422
 179  423
 184  428
 184  429
 185  430
 185  432
 186  433
 186  434
 187  435
 187  436
 188  437
 188  438
 189  439
 189  440
 190  441
 190  442
 191  443
 191  444
 192  445
 192  447
 194  449
 194  452
 195  453
 195  454
 196  455
 196  456
 197  457
 197  458
 198  459
 198  460
 199  461
 199  462
 201  464
 201  465
 202  466
 202  467
 209  474
 209  475
 210  476
 211  476
 212  477
 213  477
 215  479
 216  479
 218  481
 219  481
 220  482
 222  482
 223  483
 233  483
 234  482
 237  482
 238  481
 243  481
 244  480
 246  480
 247  479
 248  479
 249  478
 250  478
 251  477
 252  477
 253  476
 254  476
 255  475
 256  475
 257  474
 258  474
 259  473
 260  473
 260  472
 261  471
 262  471
 264  469
 265  469
 268  466
 269  466
 277  458
 278  458
 278  457
 281  454
 281  453
 285  449
 285  448
 287  446
 287  445
 288  444
 288  443
 289  442
 289  441
 290  440
 290  439
 291  438
 291  437
 292  436
 292  435
 293  434
 293  433
 294  432
 294  427
 295  426
 295  418
 296  417
 296  405
 295  404
 295  399
 294  398
 294  395
 293  394
 293  393
 292  392
 292  391
 291  390
 291  389
 290  388
 290  387
 287  384
 287  383
 284  380
 284  379
 278  373
 277  373
 276  372
 276  358
 277  357
 279  357
 280  356
 281  356
 282  355
 282  352
 284  350
 285  350
 286  349
 291  349
 292  348
 294  348
 295  347
 296  347
 297  346
 298  346
 302  342
 303  342
 305  340
 307  340
 308  339
 309  339
 313  335
 313  334
 322  325
 322  323
 323  322
 323  321
 324  320
 324  319
 326  317
 326  316
 327  315
 327  313
 328  312
 328  311
 329  310
 329  309
 330  308
 330  306
 331  305
 331  304
 332  303
 332  302
 333  301
 333  299
 334  298
 334  296
 335  295
 335  294
 336  293
 336  292
 337  291
 337  288
 338  287
 338  284
 339  283
 339  280
 340  279
 340  277
 341  276
 341  272
 342  271
 342  267
 343  266
 343  263
 344  262
 344  256
 345  255
 345  248
 346  247
 346  235
 345  234
 345  228
 344  227
 344  224
 343  223
 343  222
 342  221
 342  220
 341  219
 341  218
 340  217
 340  216
 338  214
 338  213
 334  209
 333  209
 332  208
 331  208
 330  207
 329  207
 328  206
 325  206
 324  205
