 321  151
 320  152
 317  152
 316  153
 313  153
 312  154
 309  154
 308  155
 307  155
 306  156
 304  156
 303  157
 302  157
 301  158
 299  158
 298  159
 297  159
 296  160
 295  160
 293  162
 292  162
 291  163
 290  163
 289  164
 288  164
 287  165
 286  165
 284  167
 283  167
 282  168
 281  168
 279  170
 278  170
 275  173
 274  173
 272  175
 271  175
 268  178
 267  178
 263  182
 262  182
 261  183
 260  183
 259  184
 259  185
 258  186
 257  186
 254  189
 253  189
 246  196
 245  196
 236  205
 235  205
 233  207
 232  207
 231  208
 230  208
 225  213
 224  213
 214  223
 213  223
 210  226
 210  227
 209  228
 208  228
 208  229
 206  231
 205  231
 191  245
 191  246
 187  250
 186  250
 186  251
 184  253
 184  254
 179  259
 178  259
 177  260
 176  260
 175  261
 174  261
 173  262
 170  262
 169  263
 163  263
 162  264
 161  264
 142  283
 142  284
 139  287
 138  287
 135  290
 134  290
 130  294
 129  294
 124  299
 123  299
 119  303
 119  304
 118  305
 118  336
 120  338
 136  338
 137  339
 137  353
 136  354
 136  355
 135  356
 135  357
 134  358
 134  360
 133  361
 127  361
 125  363
 125  412
 127  414
 131  414
 134  417
 135  417
 136  418
 137  418
 138  419
 144  419
 145  420
 148  420
 149  421
 150  421
 153  424
 153  425
 156  428
 156  429
 158  431
 158  432
 160  434
 160  435
 163  438
 163  439
 166  442
 166  443
 167  444
 167  445
 170  448
 170  449
 171  450
 171  451
 172  452
 172  453
 173  454
 173  455
 174  456
 174  457
 175  458
 175  459
 176  460
 176  461
 177  462
 177  464
 178  465
 178  468
 179  469
 179  471
 180  472
 180  474
 181  475
 181  477
 182  478
 182  480
 183  481
 183  483
 184  484
 184  486
 185  487
 185  488
 186  489
 186  490
 187  491
 187  494
 188  495
 188  497
 189  498
 189  500
 190  501
 190  503
 191  504
 191  505
 192  506
 192  507
 193  508
 193  509
 195  511
 195  512
 197  514
 197  515
 206  524
 207  524
 209  526
 210  526
 212  528
 213  528
 215  530
 216  530
 217  531
 218  531
 219  532
 221  532
 222  533
 224  533
 225  534
 227  534
 228  535
 233  535
 234  536
 248  536
 249  535
 254  535
 255  534
 259  534
 260  533
 262  533
 263  532
 265  532
 266  531
 268  531
 269  530
 270  530
 271  529
 273  529
 274  528
 275  528
 276  527
 277  527
 278  526
 279  526
 280  525
 281  525
 282  524
 283  524
 285  522
 286  522
 288  520
 289  520
 291  518
 292  518
 296  514
 297  514
 298  513
 298  512
 304  506
 304  505
 307  502
 307  501
 309  499
 309  498
 312  495
 312  494
 313  493
 313  492
 314  491
 314  490
 315  489
 315  488
 316  487
 316  485
 317  484
 317  482
 318  481
 318  479
 319  478
 319  476
 320  475
 320  473
 321  472
 321  469
 322  468
 322  466
 323  465
 323  462
 324  461
 324  459
 325  458
 325  451
 326  450
 326  437
 325  436
 325  430
 324  429
 324  427
 323  426
 323  424
 322  423
 322  421
 319  418
 319  417
 318  416
 318  415
 316  413
 316  412
 314  410
 314  409
 312  407
 312  406
 309  403
 309  402
 304  397
 303  397
 300  394
 299  394
 291  386
 290  386
 288  384
 287  384
 285  382
 284  382
 280  378
 280  377
 278  375
 278  374
 276  372
 276  371
 275  370
 275  369
 274  368
 274  367
 273  366
 273  364
 272  363
 272  349
 273  348
 274  348
 275  347
 286  347
 287  346
 291  346
 292  345
 294  345
 295  344
 296  344
 298  342
 299  342
 301  340
 302  340
 303  339
 304  339
 305  338
 306  338
 308  336
 309  336
 311  334
 312  334
 317  329
 317  328
 325  320
 325  319
 328  316
 328  315
 330  313
 330  312
 332  310
 332  309
 333  308
 333  307
 335  305
 335  304
 338  301
 338  300
 339  299
 339  298
 341  296
 341  295
 342  294
 342  293
 345  290
 345  289
 346  288
 346  287
 348  285
 348  284
 349  283
 349  282
 350  281
 350  280
 351  279
 351  277
 352  276
 352  274
 353  273
 353  272
 354  271
 354  269
 355  268
 355  265
 356  264
 356  261
 357  260
 357  258
 358  257
 358  254
 359  253
 359  249
 360  248
 360  245
 361  244
 361  240
 362  239
 362  229
 363  228
 363  199
 362  198
 362  192
 361  191
 361  189
 360  188
 360  186
 359  185
 359  183
 358  182
 358  180
 357  179
 357  178
 356  177
 356  174
 355  173
 355  172
 354  171
 354  170
 342  158
 341  158
 338  155
 337  155
 336  154
 335  154
 334  153
 333  153
 332  152
 329  152
 328  151
