 346  149
 345  150
 339  150
 338  151
 332  151
 331  152
 328  152
 327  153
 323  153
 322  154
 320  154
 319  155
 316  155
 315  156
 312  156
 310  158
 307  158
 306  159
 305  159
 304  160
 302  160
 301  161
 300  161
 299  162
 298  162
 297  163
 296  163
 295  164
 294  164
 293  165
 292  165
 291  166
 290  166
 289  167
 288  167
 286  169
 285  169
 284  170
 283  170
 282  171
 281  171
 280  172
 279  172
 277  174
 276  174
 275  175
 274  175
 273  176
 272  176
 270  178
 269  178
 268  179
 267  179
 266  180
 265  180
 264  181
 263  181
 261  183
 260  183
 259  184
 258  184
 257  185
 256  185
 255  186
 254  186
 253  187
 252  187
 251  188
 250  188
 249  189
 248  189
 246  191
 245  191
 244  192
 243  192
 241  194
 239  194
 237  196
 236  196
 235  197
 234  197
 233  198
 232  198
 230  200
 229  200
 228  201
 227  201
 225  203
 224  203
 222  205
 221  205
 219  207
 218  207
 215  210
 214  210
 212  212
 211  212
 209  214
 208  214
 206  216
 205  216
 203  218
 202  218
 200  220
 199  220
 197  222
 196  222
 193  225
 192  225
 190  227
 189  227
 186  230
 185  230
 181  234
 180  234
 178  236
 177  236
 174  239
 173  239
 170  242
 169  242
 165  246
 164  246
 159  251
 158  251
 152  257
 151  257
 147  261
 146  261
 142  265
 141  265
 135  271
 134  271
 132  273
 131  273
 129  275
 128  275
 125  278
 124  278
 122  280
 121  280
 116  285
 115  285
 111  289
 110  289
 107  292
 107  293
 104  296
 104  297
  99  302
  98  302
  95  305
  95  333
  97  335
 114  335
 115  336
 115  350
 114  351
 113  351
 112  352
 112  353
 111  354
 111  356
 110  357
 104  357
 104  358
 103  359
 103  371
 105  373
 106  373
 110  377
 110  378
 113  381
 113  382
 118  387
 118  388
 122  392
 122  393
 125  396
 125  397
 126  398
 126  399
 129  402
 129  403
 132  406
 132  408
 135  411
 135  412
 136  413
 136  414
 139  417
 139  418
 140  419
 140  420
 142  422
 142  423
 143  424
 143  425
 145  427
 145  428
 146  429
 146  430
 148  432
 148  433
 149  434
 149  435
 151  437
 151  438
 153  440
 153  441
 155  443
 155  444
 156  445
 156  446
 158  448
 158  449
 159  450
 159  452
 161  454
 161  455
 162  456
 162  461
 163  462
 163  466
 164  467
 164  469
 165  470
 165  474
 166  475
 166  478
 167  479
 167  488
 168  489
 168  498
 169  499
 169  503
 170  504
 170  508
 171  509
 171  510
 172  511
 172  512
 176  516
 177  516
 180  519
 181  519
 184  522
 185  522
 187  524
 187  525
 188  525
 192  529
 193  529
 195  531
 196  531
 197  532
 198  532
 199  533
 200  533
 201  534
 203  534
 204  535
 211  535
 212  536
 226  536
 227  537
 228  537
 229  538
 239  538
 240  537
 241  537
 242  536
 244  536
 245  535
 246  535
 247  534
 248  534
 249  533
 251  533
 252  532
 254  532
 255  531
 256  531
 257  530
 260  530
 261  529
 264  529
 265  528
 267  528
 268  527
 269  527
 271  525
 272  525
 274  523
 275  523
 281  517
 281  516
 287  510
 287  509
 289  507
 290  507
 292  505
 293  505
 296  502
 297  502
 297  501
 299  499
 299  497
 300  496
 300  495
 301  494
 301  492
 302  491
 302  490
 303  489
 303  487
 304  486
 304  484
 305  483
 305  481
 306  480
 306  478
 307  477
 307  475
 308  474
 308  473
 311  470
 311  469
 312  468
 312  465
 313  464
 313  462
 314  461
 314  457
 315  456
 315  443
 316  442
 316  439
 317  438
 317  435
 318  434
 318  429
 317  428
 317  427
 315  425
 315  424
 314  423
 314  422
 313  421
 313  420
 312  419
 312  418
 311  417
 311  416
 310  415
 310  414
 309  413
 309  412
 307  410
 307  408
 306  407
 306  406
 305  405
 305  404
 304  403
 304  402
 303  401
 303  400
 301  398
 301  397
 294  390
 293  390
 291  388
 291  387
 290  387
 288  385
 288  384
 284  380
 283  380
 282  379
 281  379
 280  378
 280  377
 279  376
 278  376
 274  372
 274  371
 272  371
 271  370
 271  356
 272  355
 280  355
 281  354
 285  354
 286  353
 293  353
 294  352
 295  352
 296  351
 297  351
 297  344
 298  343
 302  343
 303  342
 304  342
 307  339
 309  339
 310  338
 311  338
 312  337
 313  337
 314  336
 315  336
 316  335
 324  335
 326  333
 327  333
 333  327
 334  327
 334  326
 335  325
 335  324
 336  323
 336  322
 338  320
 338  318
 344  312
 345  312
 351  306
 351  305
 355  301
 355  300
 356  299
 356  298
 358  296
 358  293
 359  292
 359  290
 360  289
 360  288
 361  287
 361  286
 362  285
 362  284
 365  281
 365  279
 366  278
 366  277
 367  276
 367  275
 368  274
 368  272
 369  271
 369  269
 370  268
 370  267
 371  266
 371  260
 372  259
 372  256
 373  255
 373  254
 374  253
 374  252
 375  251
 375  247
 376  246
 376  243
 377  242
 377  239
 378  238
 378  234
 379  233
 379  229
 380  228
 380  227
 381  226
 381  222
 382  221
 382  214
 383  213
 383  211
 384  210
 384  209
 385  208
 385  202
 386  201
 386  198
 385  197
 385  182
 384  181
 384  179
 382  177
 382  174
 380  172
 380  171
 378  169
 378  167
 376  165
 376  164
 375  163
 375  162
 374  161
 374  160
 368  154
 367  154
 366  153
 365  153
 364  152
 363  152
 362  151
 360  151
 359  150
 355  150
 354  149
