 301  160
 300  161
 297  161
 296  162
 292  162
 291  163
 289  163
 288  164
 286  164
 285  165
 282  165
 281  166
 280  166
 279  167
 277  167
 276  168
 275  168
 274  169
 273  169
 272  170
 270  170
 268  172
 267  172
 266  173
 265  173
 264  174
 263  174
 262  175
 261  175
 260  176
 259  176
 258  177
 257  177
 255  179
 254  179
 252  181
 251  181
 249  183
 248  183
 244  187
 243  187
 239  191
 238  191
 233  196
 232  196
 212  216
 212  217
 210  219
 209  219
 209  220
 205  224
 205  225
 199  231
 199  232
 198  233
 198  234
 195  237
 195  238
 191  242
 191  243
 189  245
 189  246
 186  249
 186  250
 185  251
 185  252
 182  255
 182  256
 181  257
 181  258
 179  260
 179  261
 178  262
 178  263
 170  271
 170  272
 169  273
 169  282
 172  285
 172  300
 171  301
 171  303
 170  304
 170  313
 169  314
 167  314
 165  316
 165  319
 167  321
 168  321
 169  322
 169  323
 170  324
 170  325
 171  326
 171  328
 172  329
 172  330
 173  331
 173  334
 174  335
 174  336
 175  337
 175  338
 176  339
 176  340
 178  342
 178  343
 179  344
 179  346
 180  347
 180  348
 181  349
 181  352
 182  353
 182  355
 183  356
 183  357
 184  358
 184  359
 185  360
 185  363
 186  364
 186  365
 187  366
 187  370
 188  371
 188  380
 189  381
 189  384
 190  385
 190  387
 191  388
 191  389
 192  390
 192  392
 193  393
 193  394
 194  395
 194  398
 195  399
 195  403
 197  405
 197  406
 198  407
 198  408
 200  410
 201  410
 202  411
 219  411
 220  412
 220  426
 218  428
 217  428
 216  429
 215  429
 213  431
 213  432
 212  433
 212  435
 211  436
 211  439
 212  440
 212  442
 216  446
 217  445
 218  445
 219  444
 220  444
 221  443
 222  443
 223  442
 237  442
 239  444
 239  445
 240  446
 240  447
 241  448
 241  450
 242  451
 242  452
 262  452
 266  456
 266  457
 268  459
 268  460
 269  461
 269  462
 271  464
 271  465
 272  466
 272  467
 273  468
 273  469
 274  470
 274  468
 273  467
 273  466
 271  464
 271  463
 270  462
 270  461
 268  459
 268  458
 267  457
 267  456
 265  454
 265  453
 264  452
 264  451
 260  447
 260  446
 259  446
 258  445
 258  444
 256  442
 256  441
 254  439
 254  438
 252  436
 252  421
 257  416
 258  416
 259  415
 261  415
 262  414
 263  414
 263  413
 262  412
 261  412
 260  411
 258  411
 257  410
 257  388
 260  385
 261  385
 262  384
 264  384
 265  383
 267  383
 268  382
 267  381
 267  380
 266  379
 266  378
 265  378
 263  376
 263  375
 262  374
 261  374
 258  371
 258  354
 259  353
 259  352
 260  351
 272  351
 272  336
 273  335
 273  333
 270  330
 270  329
 269  329
 265  325
 264  325
 262  323
 261  323
 258  320
 258  306
 259  305
 263  305
 264  304
 269  304
 270  303
 273  303
 274  302
 276  302
 277  301
 278  301
 279  300
 279  299
 282  296
 283  296
 283  295
 284  294
 284  293
 285  292
 285  289
 286  288
 286  287
 289  284
 289  283
 290  282
 290  281
 291  280
 291  276
 292  275
 292  273
 293  272
 293  270
 294  269
 294  264
 295  263
 295  260
 296  259
 296  258
 297  257
 297  253
 298  252
 298  246
 299  245
 299  243
 300  242
 300  240
 301  239
 301  235
 302  234
 302  232
 303  231
 303  228
 304  227
 304  222
 305  221
 305  220
 306  219
 306  218
 307  217
 307  215
 308  214
 308  211
 309  210
 309  208
 310  207
 310  204
 311  203
 311  197
 312  196
 312  194
 313  193
 313  191
 314  190
 314  184
 315  183
 315  176
 316  175
 315  174
 315  168
 314  167
 314  166
 313  165
 313  164
 311  162
 309  162
 308  161
 306  161
 305  160
