 310  189
 309  190
 304  190
 303  191
 301  191
 300  192
 299  192
 298  193
 296  193
 295  194
 294  194
 293  195
 292  195
 291  196
 290  196
 289  197
 288  197
 287  198
 286  198
 285  199
 284  199
 283  200
 282  200
 280  202
 279  202
 278  203
 277  203
 276  204
 275  204
 274  205
 273  205
 272  206
 271  206
 270  207
 269  207
 267  209
 266  209
 265  210
 264  210
 262  212
 261  212
 259  214
 258  214
 256  216
 255  216
 253  218
 252  218
 250  220
 249  220
 248  221
 247  221
 246  222
 245  222
 243  224
 242  224
 240  226
 239  226
 237  228
 236  228
 234  230
 233  230
 231  232
 230  232
 227  235
 226  235
 222  239
 221  239
 218  242
 217  242
 212  247
 211  247
 209  249
 208  249
 204  253
 203  253
 191  265
 190  265
 172  283
 171  283
 167  287
 166  287
 158  295
 157  295
 155  297
 154  297
 151  300
 150  300
 149  301
 148  301
 147  302
 146  302
 145  303
 143  303
 142  304
 141  304
 140  305
 139  305
 138  306
 136  306
 135  307
 134  307
 131  310
 131  326
 133  328
 144  328
 145  329
 145  343
 144  344
 144  345
 143  346
 143  347
 142  348
 142  350
 141  351
 141  358
 140  359
 139  359
 137  361
 137  423
 139  425
 142  425
 143  424
 144  424
 145  423
 146  423
 150  419
 165  419
 167  421
 167  422
 168  423
 168  424
 169  425
 169  426
 171  428
 171  429
 172  430
 172  431
 173  432
 173  433
 174  434
 174  435
 175  436
 175  439
 176  440
 176  442
 178  444
 178  446
 179  447
 179  451
 180  452
 180  453
 181  454
 181  457
 182  458
 182  464
 183  465
 183  466
 184  467
 184  468
 185  469
 185  473
 186  474
 186  475
 188  477
 188  478
 189  479
 189  480
 192  483
 192  484
 193  484
 197  488
 197  489
 198  490
 199  490
 201  492
 202  492
 203  493
 204  493
 206  495
 208  495
 209  496
 210  496
 211  497
 213  497
 214  498
 216  498
 217  499
 237  499
 238  498
 240  498
 241  497
 243  497
 244  496
 246  496
 247  495
 248  495
 249  494
 251  494
 252  493
 253  493
 254  492
 255  492
 256  491
 257  491
 258  490
 259  490
 261  488
 262  488
 263  487
 264  487
 266  485
 267  485
 269  483
 270  483
 272  481
 272  480
 277  475
 277  474
 284  467
 284  466
 286  464
 286  463
 287  462
 287  461
 288  460
 288  459
 289  458
 289  457
 290  456
 290  455
 291  454
 291  453
 292  452
 292  451
 293  450
 293  449
 294  448
 294  446
 295  445
 295  443
 296  442
 296  441
 297  440
 297  438
 298  437
 298  434
 299  433
 299  431
 300  430
 300  427
 301  426
 301  415
 300  414
 300  410
 299  409
 299  405
 298  404
 298  399
 297  398
 297  397
 296  396
 296  395
 295  394
 295  393
 294  392
 294  391
 289  386
 289  385
 288  384
 288  383
 284  379
 284  378
 277  371
 276  371
 273  368
 272  368
 270  366
 269  366
 267  364
 266  364
 264  362
 264  348
 265  347
 283  347
 284  346
 289  346
 290  345
 291  345
 294  342
 295  342
 296  341
 297  341
 298  340
 299  340
 300  339
 301  339
 306  334
 307  334
 313  328
 314  328
 315  327
 316  327
 319  324
 320  324
 327  317
 327  316
 330  313
 330  312
 331  311
 331  310
 334  307
 334  306
 335  305
 335  303
 337  301
 337  300
 338  299
 338  298
 340  296
 340  295
 341  294
 341  292
 342  291
 342  290
 343  289
 343  288
 344  287
 344  284
 345  283
 345  278
 346  277
 346  275
 347  274
 347  272
 348  271
 348  259
 349  258
 349  235
 348  234
 348  224
 347  223
 347  221
 346  220
 346  219
 345  218
 345  215
 344  214
 344  213
 343  212
 343  211
 341  209
 341  208
 335  202
 334  202
 333  201
 333  200
 331  198
 330  198
 326  194
 325  194
 323  192
 322  192
 321  191
 320  191
 319  190
 317  190
 316  189
