 329  151
 328  152
 323  152
 322  153
 319  153
 318  154
 316  154
 315  155
 312  155
 311  156
 309  156
 308  157
 306  157
 305  158
 304  158
 303  159
 302  159
 301  160
 300  160
 299  161
 298  161
 297  162
 296  162
 295  163
 294  163
 293  164
 291  164
 289  166
 287  166
 286  167
 285  167
 284  168
 283  168
 282  169
 281  169
 280  170
 279  170
 277  172
 276  172
 275  173
 274  173
 273  174
 272  174
 271  175
 270  175
 269  176
 268  176
 267  177
 266  177
 264  179
 263  179
 262  180
 261  180
 260  181
 259  181
 257  183
 256  183
 255  184
 254  184
 253  185
 252  185
 250  187
 249  187
 248  188
 247  188
 246  189
 245  189
 243  191
 242  191
 241  192
 240  192
 238  194
 237  194
 236  195
 235  195
 233  197
 232  197
 231  198
 230  198
 228  200
 227  200
 226  201
 225  201
 223  203
 222  203
 220  205
 219  205
 217  207
 216  207
 213  210
 212  210
 209  213
 208  213
 206  215
 205  215
 202  218
 201  218
 198  221
 197  221
 194  224
 193  224
 189  228
 188  228
 185  231
 184  231
 179  236
 178  236
 173  241
 172  241
 169  244
 168  244
 163  249
 162  249
 158  253
 157  253
 154  256
 153  256
 147  262
 146  262
 134  274
 134  275
 129  280
 129  281
 127  283
 127  284
 124  287
 124  288
 122  290
 122  291
 120  293
 120  294
 117  297
 117  299
 115  301
 115  302
 114  303
 114  304
 111  307
 108  307
 107  308
 107  313
 108  314
 115  314
 116  315
 116  329
 114  331
 114  332
 113  333
 113  335
 112  336
 112  340
 111  341
 111  354
 110  355
 106  355
 105  356
 105  372
 106  373
 106  374
 107  375
 107  379
 108  380
 108  382
 109  383
 109  384
 110  385
 110  387
 111  388
 111  389
 112  390
 112  392
 113  393
 113  398
 114  399
 114  402
 115  403
 115  404
 116  405
 116  408
 117  409
 117  411
 118  412
 118  413
 119  414
 119  416
 120  417
 120  419
 121  420
 121  421
 122  422
 122  423
 123  424
 123  425
 124  426
 124  428
 125  429
 125  430
 126  431
 126  433
 127  434
 127  436
 128  437
 128  438
 130  440
 130  442
 131  443
 131  444
 132  445
 132  446
 133  447
 133  449
 134  450
 134  452
 136  454
 136  455
 137  456
 137  458
 139  460
 139  461
 140  462
 140  463
 144  467
 146  467
 147  468
 148  468
 149  469
 149  470
 158  479
 158  480
 159  481
 159  504
 158  505
 158  508
 159  509
 159  511
 160  512
 160  514
 161  515
 161  516
 164  519
 164  520
 165  520
 167  522
 168  522
 169  523
 173  523
 174  524
 175  524
 176  523
 178  523
 179  522
 180  522
 182  520
 200  520
 201  521
 202  521
 208  527
 213  522
 213  521
 215  519
 215  518
 219  514
 220  514
 221  513
 243  513
 244  514
 245  514
 248  517
 248  518
 249  518
 248  517
 248  516
 247  515
 247  498
 248  497
 248  496
 249  495
 249  494
 251  492
 251  491
 255  487
 256  487
 257  486
 258  486
 259  485
 262  485
 264  483
 265  483
 266  482
 266  481
 268  479
 268  478
 269  477
 269  476
 270  475
 270  468
 271  467
 271  462
 272  461
 272  459
 273  458
 273  457
 279  451
 280  451
 281  450
 282  450
 284  448
 284  447
 286  445
 286  442
 285  441
 285  440
 284  439
 284  437
 283  436
 283  433
 280  430
 280  429
 278  427
 278  409
 277  408
 277  405
 276  404
 276  402
 275  401
 275  400
 274  399
 274  398
 273  397
 273  396
 272  395
 272  394
 270  392
 270  391
 269  390
 269  389
 263  383
 263  382
 259  378
 259  377
 258  376
 257  376
 256  375
 256  374
 253  371
 253  368
 252  367
 252  365
 249  362
 249  361
 248  360
 248  346
 249  345
 264  345
 265  344
 271  344
 272  343
 276  343
 277  342
 283  342
 284  341
 286  341
 287  340
 288  340
 292  336
 293  336
 295  334
 296  334
 297  333
 297  332
 308  321
 308  316
 310  314
 313  314
 316  311
 316  308
 317  307
 317  300
 321  296
 322  296
 323  295
 323  294
 324  293
 324  292
 326  290
 326  288
 327  287
 327  285
 328  284
 328  283
 329  282
 329  279
 330  278
 330  270
 332  268
 332  267
 335  264
 335  263
 336  262
 336  261
 337  260
 337  258
 338  257
 338  256
 339  255
 339  254
 340  253
 340  249
 341  248
 341  245
 345  241
 345  240
 346  239
 346  238
 347  237
 347  235
 349  233
 349  232
 350  231
 350  229
 351  228
 351  226
 352  225
 352  224
 353  223
 353  222
 356  219
 356  218
 357  217
 357  216
 358  215
 358  214
 359  213
 359  211
 360  210
 360  208
 361  207
 361  206
 363  204
 363  203
 368  198
 368  197
 370  195
 370  193
 371  192
 371  190
 372  189
 372  187
 373  186
 373  185
 374  184
 374  182
 375  181
 375  179
 376  178
 376  167
 374  165
 374  164
 370  160
 369  160
 367  158
 366  158
 365  157
 363  157
 362  156
 361  156
 360  155
 358  155
 357  154
 355  154
 354  153
 351  153
 350  152
 345  152
 344  151
