 391   75
 390   76
 386   76
 385   77
 378   77
 377   78
 375   78
 374   79
 371   79
 370   80
 367   80
 366   81
 365   81
 364   82
 362   82
 361   83
 359   83
 358   84
 357   84
 356   85
 355   85
 354   86
 352   86
 351   87
 350   87
 349   88
 347   88
 346   89
 345   89
 344   90
 343   90
 342   91
 341   91
 340   92
 339   92
 338   93
 336   93
 334   95
 332   95
 331   96
 330   96
 329   97
 328   97
 327   98
 326   98
 325   99
 324   99
 323  100
 322  100
 321  101
 320  101
 319  102
 318  102
 317  103
 316  103
 315  104
 314  104
 313  105
 312  105
 311  106
 310  106
 309  107
 308  107
 306  109
 305  109
 304  110
 303  110
 301  112
 300  112
 299  113
 298  113
 296  115
 295  115
 294  116
 293  116
 291  118
 290  118
 288  120
 287  120
 285  122
 284  122
 282  124
 281  124
 279  126
 278  126
 276  128
 275  128
 272  131
 271  131
 269  133
 268  133
 266  135
 265  135
 262  138
 261  138
 258  141
 257  141
 254  144
 253  144
 250  147
 249  147
 246  150
 245  150
 240  155
 239  155
 236  158
 235  158
 231  162
 230  162
 225  167
 224  167
 215  176
 214  176
 209  181
 208  181
 200  189
 199  189
 183  205
 182  205
 181  206
 181  207
 179  209
 178  209
 161  226
 161  227
 159  229
 158  229
 158  230
 145  243
 145  244
 119  270
 119  271
 108  282
 108  283
  95  296
  95  297
  88  304
  88  305
  82  311
  82  312
  77  317
  77  318
  72  323
  72  324
  68  328
  68  329
  64  333
  64  334
  61  337
  61  338
  56  343
  52  343
  51  344
  51  406
  52  407
  53  407
  54  408
  54  422
  53  423
  53  424
  52  425
  44  425
  43  426
  43  441
  44  442
  44  446
  45  447
  45  448
  46  449
  46  451
  47  452
  47  454
  49  456
  49  457
  52  460
  52  461
  56  465
  56  466
  59  469
  59  470
  61  472
  61  473
  63  475
  63  476
  65  478
  65  479
  66  480
  66  481
  67  482
  67  483
  68  484
  68  485
  70  487
  70  488
  71  489
  71  490
  73  492
  73  493
  74  494
  74  495
  75  496
  75  497
  78  500
  78  501
  79  502
  79  503
  80  504
  80  505
  82  507
  82  508
  84  510
  84  511
  85  512
  85  513
  87  515
  87  516
  89  518
  89  519
  90  520
  90  521
  92  523
  92  524
  94  526
  94  527
  95  528
  95  529
  97  531
  97  532
 100  535
 100  536
 101  537
 101  538
 104  541
 104  542
 107  545
 107  546
 110  549
 110  550
 114  554
 114  555
 118  559
 118  560
 137  579
 137  580
 141  584
 141  585
 143  587
 143  588
 144  589
 144  591
 145  592
 145  594
 146  595
 146  596
 147  597
 147  599
 148  600
 148  602
 150  604
 150  605
 151  606
 151  607
 155  611
 157  611
 158  610
 159  610
 161  608
 162  608
 163  607
 178  607
 179  608
 180  608
 181  609
 182  609
 184  611
 185  611
 186  612
 187  612
 188  613
 189  613
 190  612
 191  612
 195  608
 195  607
 204  598
 206  598
 207  597
 209  597
 210  596
 213  596
 214  595
 217  595
 218  594
 219  594
 221  592
 221  591
 223  589
 223  586
 224  585
 224  579
 225  578
 225  576
 226  575
 226  573
 227  572
 227  571
 228  570
 228  569
 232  565
 233  565
 234  564
 235  564
 236  563
 238  563
 239  562
 241  562
 242  561
 243  561
 245  559
 246  559
 249  556
 249  555
 250  554
 250  549
 251  548
 251  533
 252  532
 252  529
 253  528
 253  526
 254  525
 254  523
 260  517
 261  517
 267  511
 267  510
 268  509
 268  505
 267  504
 267  501
 266  500
 266  499
 265  498
 265  497
 264  496
 264  494
 263  493
 263  471
 262  470
 262  469
 261  468
 261  467
 260  466
 260  464
 257  461
 257  460
 236  439
 235  439
 227  431
 226  431
 222  427
 221  427
 219  425
 192  425
 191  424
 186  424
 185  423
 185  409
 186  408
 206  408
 207  409
 225  409
 226  408
 244  408
 245  407
 266  407
 267  406
 269  406
 270  405
 271  405
 272  404
 273  404
 274  403
 275  403
 277  401
 278  401
 287  392
 287  391
 289  389
 289  388
 291  386
 291  385
 294  382
 294  381
 297  378
 297  377
 300  374
 300  373
 302  371
 302  370
 304  368
 304  367
 306  365
 306  364
 308  362
 308  361
 310  359
 310  358
 314  354
 314  353
 316  351
 316  350
 317  349
 317  347
 319  345
 319  344
 320  343
 320  341
 321  340
 321  339
 323  337
 323  336
 324  335
 324  334
 325  333
 325  332
 327  330
 327  328
 328  327
 328  326
 330  324
 330  322
 331  321
 331  320
 333  318
 333  317
 334  316
 334  314
 336  312
 336  311
 337  310
 337  308
 339  306
 339  305
 343  301
 343  300
 344  299
 344  298
 345  297
 345  296
 347  294
 347  292
 349  290
 349  289
 350  288
 350  287
 352  285
 352  284
 354  282
 354  281
 356  279
 356  278
 357  277
 357  276
 360  273
 360  271
 362  269
 362  268
 363  267
 363  266
 364  265
 364  263
 366  261
 366  260
 367  259
 367  258
 370  255
 370  254
 371  253
 371  252
 373  250
 373  249
 374  248
 374  246
 376  244
 376  243
 377  242
 377  241
 379  239
 379  238
 380  237
 380  236
 381  235
 381  234
 383  232
 383  231
 384  230
 384  229
 386  227
 386  226
 387  225
 387  224
 389  222
 389  221
 390  220
 390  219
 391  218
 391  216
 393  214
 393  213
 394  212
 394  211
 396  209
 396  208
 398  206
 398  205
 400  203
 400  201
 401  200
 401  199
 403  197
 403  196
 404  195
 404  194
 406  192
 406  191
 407  190
 407  189
 408  188
 408  187
 409  186
 409  185
 411  183
 411  181
 413  179
 413  178
 414  177
 414  174
 415  173
 415  172
 417  170
 417  169
 418  168
 418  167
 420  165
 420  164
 421  163
 421  161
 422  160
 422  159
 423  158
 423  157
 424  156
 424  155
 425  154
 425  152
 426  151
 426  150
 427  149
 427  147
 428  146
 428  143
 429  142
 429  140
 430  139
 430  137
 431  136
 431  133
 432  132
 432  131
 433  130
 433  129
 434  128
 434  125
 435  124
 435  122
 436  121
 436  119
 437  118
 437  108
 438  107
 438   99
 437   98
 437   94
 436   93
 436   92
 435   91
 435   90
 434   89
 434   88
 431   85
 431   84
 429   82
 428   82
 426   80
 425   80
 424   79
 423   79
 422   78
 421   78
 420   77
 417   77
 416   76
 413   76
 412   75
