 335  165
 334  166
 326  166
 325  167
 321  167
 320  168
 316  168
 315  169
 313  169
 312  170
 309  170
 308  171
 306  171
 305  172
 301  172
 300  173
 298  173
 297  174
 296  174
 295  175
 293  175
 292  176
 291  176
 290  177
 288  177
 287  178
 286  178
 285  179
 284  179
 283  180
 282  180
 281  181
 280  181
 279  182
 278  182
 277  183
 276  183
 275  184
 274  184
 272  186
 271  186
 270  187
 269  187
 267  189
 266  189
 265  190
 264  190
 263  191
 262  191
 260  193
 258  193
 256  195
 255  195
 254  196
 253  196
 251  198
 250  198
 248  200
 247  200
 246  201
 245  201
 243  203
 242  203
 241  204
 240  204
 238  206
 237  206
 235  208
 234  208
 233  209
 232  209
 230  211
 229  211
 227  213
 226  213
 224  215
 223  215
 221  217
 220  217
 218  219
 217  219
 215  221
 214  221
 211  224
 210  224
 207  227
 206  227
 203  230
 202  230
 198  234
 197  234
 194  237
 193  237
 190  240
 189  240
 185  244
 184  244
 181  247
 180  247
 176  251
 175  251
 172  254
 171  254
 167  258
 166  258
 158  266
 157  266
 156  267
 156  268
 154  270
 153  270
 150  273
 149  273
 148  274
 146  274
 145  275
 143  275
 142  276
 141  276
 139  278
 138  278
 137  279
 137  280
 126  291
 125  291
 122  294
 121  294
 118  297
 117  297
 114  300
 113  300
 111  302
 110  302
 107  305
 106  305
 106  307
 105  308
 105  340
 107  342
 125  342
 126  343
 128  343
 129  344
 129  360
 127  362
 121  362
 119  364
 119  381
 120  382
 120  383
 121  383
 122  384
 123  384
 126  387
 127  387
 129  389
 129  390
 136  397
 136  398
 149  411
 149  412
 152  415
 152  416
 154  418
 154  419
 157  422
 157  423
 158  424
 158  425
 159  426
 159  427
 160  428
 160  429
 162  431
 162  432
 163  433
 163  434
 165  436
 165  438
 166  439
 166  442
 167  443
 167  444
 168  445
 168  446
 169  447
 169  454
 170  455
 170  457
 171  458
 171  460
 172  461
 172  469
 173  470
 173  475
 174  476
 174  478
 175  479
 175  481
 176  482
 176  485
 177  486
 177  488
 178  489
 178  490
 179  491
 179  492
 180  493
 180  494
 182  496
 182  497
 183  498
 183  499
 184  500
 184  501
 186  503
 186  504
 198  516
 199  516
 200  517
 201  517
 202  518
 203  518
 204  519
 207  519
 208  520
 209  520
 210  521
 218  521
 219  522
 230  522
 231  523
 238  523
 239  522
 241  522
 242  521
 245  521
 246  520
 248  520
 249  519
 250  519
 251  518
 253  518
 254  517
 255  517
 256  516
 257  516
 258  515
 260  515
 261  514
 262  514
 263  513
 264  513
 265  512
 267  512
 268  511
 269  511
 270  510
 271  510
 272  509
 273  509
 274  508
 275  508
 276  507
 277  507
 279  505
 280  505
 284  501
 285  501
 287  499
 288  499
 289  498
 290  498
 294  494
 295  494
 299  490
 300  490
 302  488
 302  487
 305  484
 305  483
 308  480
 308  479
 309  478
 309  477
 311  475
 311  474
 312  473
 312  470
 313  469
 313  467
 314  466
 314  465
 315  464
 315  459
 316  458
 316  453
 317  452
 317  447
 318  446
 318  441
 317  440
 317  435
 316  434
 316  430
 315  429
 315  425
 314  424
 314  423
 313  422
 313  421
 312  420
 312  418
 311  417
 311  416
 310  415
 310  414
 309  413
 309  411
 307  409
 307  407
 306  406
 306  405
 305  404
 305  403
 303  401
 303  400
 300  397
 300  396
 294  390
 294  389
 293  389
 290  386
 289  386
 286  383
 285  383
 283  381
 282  381
 279  378
 278  378
 276  376
 275  376
 268  369
 267  369
 264  366
 264  351
 265  350
 276  350
 277  349
 290  349
 291  348
 294  348
 295  347
 297  347
 298  346
 300  346
 302  344
 303  344
 304  343
 305  343
 306  342
 308  342
 309  341
 310  341
 313  338
 314  338
 316  336
 317  336
 319  334
 320  334
 323  331
 324  331
 331  324
 331  323
 334  320
 334  319
 335  318
 335  317
 338  314
 338  313
 341  310
 341  309
 342  308
 342  307
 345  304
 345  303
 346  302
 346  301
 348  299
 348  298
 349  297
 349  296
 351  294
 351  293
 352  292
 352  289
 353  288
 353  287
 354  286
 354  285
 355  284
 355  282
 356  281
 356  279
 358  277
 358  275
 359  274
 359  272
 361  270
 361  269
 362  268
 362  264
 363  263
 363  262
 364  261
 364  259
 365  258
 365  255
 366  254
 366  248
 367  247
 367  246
 368  245
 368  243
 369  242
 369  235
 370  234
 370  232
 371  231
 371  230
 372  229
 372  225
 373  224
 373  220
 374  219
 374  215
 375  214
 375  197
 374  196
 374  194
 373  193
 373  189
 372  188
 372  184
 370  182
 370  181
 369  180
 369  179
 368  178
 368  177
 362  171
 361  171
 360  170
 359  170
 358  169
 357  169
 356  168
 354  168
 353  167
 352  167
 351  166
 346  166
 345  165
