 310  198
 309  199
 303  199
 302  200
 298  200
 297  201
 294  201
 293  202
 291  202
 290  203
 287  203
 286  204
 284  204
 283  205
 281  205
 280  206
 279  206
 278  207
 276  207
 275  208
 274  208
 273  209
 271  209
 270  210
 269  210
 268  211
 266  211
 265  212
 264  212
 263  213
 262  213
 261  214
 260  214
 259  215
 258  215
 257  216
 256  216
 254  218
 253  218
 252  219
 251  219
 250  220
 249  220
 247  222
 246  222
 245  223
 244  223
 242  225
 241  225
 239  227
 238  227
 236  229
 235  229
 233  231
 232  231
 230  233
 229  233
 228  234
 227  234
 225  236
 224  236
 221  239
 220  239
 218  241
 217  241
 215  243
 214  243
 211  246
 210  246
 208  248
 207  248
 204  251
 203  251
 200  254
 199  254
 194  259
 193  259
 187  265
 186  265
 164  287
 164  288
 156  296
 156  297
 153  300
 153  301
 150  304
 150  305
 147  308
 147  309
 146  310
 146  311
 144  313
 144  314
 142  316
 142  317
 141  318
 141  319
 133  327
 133  342
 135  344
 137  344
 138  345
 138  359
 137  360
 137  362
 136  363
 136  365
 135  366
 133  366
 132  367
 132  385
 133  386
 133  389
 134  390
 134  392
 135  393
 135  394
 136  395
 136  397
 137  398
 137  399
 138  400
 138  401
 139  402
 139  405
 140  406
 140  409
 141  410
 141  411
 142  412
 142  415
 143  416
 143  420
 144  421
 144  423
 145  424
 145  428
 146  429
 146  435
 147  436
 147  440
 148  441
 148  447
 149  448
 149  456
 150  457
 150  459
 151  460
 151  461
 156  466
 157  466
 158  467
 160  467
 161  468
 166  468
 167  469
 169  469
 171  471
 171  474
 172  475
 172  478
 173  479
 173  482
 175  484
 175  485
 177  487
 178  487
 180  489
 183  489
 186  486
 186  485
 189  482
 204  482
 205  483
 206  483
 207  484
 208  483
 209  483
 212  480
 212  478
 215  475
 233  475
 236  472
 236  464
 237  463
 237  461
 240  458
 242  458
 243  457
 245  457
 246  456
 247  456
 249  454
 249  431
 254  426
 255  426
 257  424
 257  423
 258  422
 258  421
 257  420
 257  419
 256  418
 256  417
 255  416
 255  415
 252  412
 252  411
 250  409
 250  407
 249  406
 249  398
 248  397
 248  395
 247  394
 247  393
 246  392
 246  391
 244  389
 244  388
 239  383
 239  382
 235  378
 234  378
 229  373
 228  373
 225  370
 225  356
 226  355
 244  355
 245  356
 247  356
 248  357
 252  357
 253  358
 254  357
 260  357
 261  356
 266  356
 267  355
 271  355
 272  354
 280  354
 281  353
 282  353
 283  352
 284  352
 285  351
 285  350
 287  348
 288  348
 289  347
 290  347
 298  339
 298  338
 302  334
 302  333
 303  332
 303  331
 304  330
 304  328
 305  327
 305  326
 306  325
 306  324
 312  318
 312  317
 313  316
 313  315
 316  312
 316  310
 318  308
 318  307
 320  305
 320  304
 321  303
 321  302
 322  301
 322  300
 323  299
 323  297
 324  296
 324  295
 325  294
 325  293
 326  292
 326  291
 328  289
 328  288
 329  287
 329  286
 331  284
 331  283
 332  282
 332  281
 333  280
 333  279
 334  278
 334  277
 335  276
 335  275
 336  274
 336  272
 337  271
 337  270
 338  269
 338  268
 339  267
 339  265
 340  264
 340  263
 341  262
 341  260
 342  259
 342  257
 343  256
 343  254
 344  253
 344  251
 345  250
 345  248
 346  247
 346  243
 347  242
 347  239
 348  238
 348  234
 349  233
 349  225
 348  224
 348  222
 347  221
 347  219
 346  218
 346  217
 345  216
 345  215
 343  213
 343  212
 337  206
 336  206
 334  204
 333  204
 332  203
 331  203
 330  202
 329  202
 328  201
 326  201
 325  200
 322  200
 321  199
 317  199
 316  198
