 361  126
 360  127
 356  127
 355  128
 352  128
 351  129
 348  129
 347  130
 344  130
 343  131
 339  131
 338  132
 336  132
 335  133
 332  133
 331  134
 329  134
 328  135
 325  135
 324  136
 323  136
 322  137
 320  137
 319  138
 317  138
 316  139
 315  139
 314  140
 312  140
 311  141
 310  141
 309  142
 307  142
 306  143
 305  143
 304  144
 302  144
 301  145
 300  145
 299  146
 297  146
 296  147
 295  147
 294  148
 292  148
 291  149
 290  149
 289  150
 288  150
 287  151
 286  151
 285  152
 284  152
 283  153
 282  153
 280  155
 279  155
 278  156
 277  156
 276  157
 275  157
 273  159
 272  159
 271  160
 270  160
 268  162
 267  162
 266  163
 265  163
 263  165
 262  165
 260  167
 259  167
 257  169
 256  169
 254  171
 253  171
 251  173
 250  173
 247  176
 246  176
 243  179
 242  179
 238  183
 237  183
 233  187
 232  187
 228  191
 227  191
 223  195
 222  195
 218  199
 217  199
 212  204
 211  204
 208  207
 207  207
 201  213
 200  213
 197  216
 196  216
 188  224
 187  224
 180  231
 179  231
 174  236
 173  236
 168  241
 167  241
 163  245
 162  245
 148  259
 147  259
 141  265
 140  265
 127  278
 126  278
 113  291
 112  291
  97  306
  97  307
  96  308
  96  310
  95  311
  87  311
  86  312
  86  321
  87  322
  91  322
  93  324
  93  328
  94  329
  94  344
  92  346
  91  346
  90  347
  89  347
  87  349
  87  350
  86  351
  86  352
  85  353
  85  354
  84  355
  84  356
  83  357
  83  358
  81  360
  81  361
  80  362
  80  363
  79  364
  79  367
  78  368
  78  375
  77  376
  77  387
  76  388
  76  398
  75  399
  72  399
  71  400
  71  464
  72  465
  72  466
  73  467
  73  468
  74  469
  75  469
  77  471
  77  472
  78  473
  78  477
  79  478
  79  480
  80  481
  80  482
  81  483
  81  485
  82  486
  82  487
  83  488
  83  490
  84  491
  84  492
  85  493
  85  495
  86  496
  86  497
  88  499
  88  500
  89  501
  89  503
  91  505
  91  506
  92  507
  92  508
  96  512
  96  513
  98  515
  98  516
  99  517
  99  518
 100  519
 100  521
 101  522
 101  523
 102  524
 102  527
 103  528
 103  529
 105  531
 105  532
 106  533
 106  535
 108  537
 108  538
 109  539
 109  540
 110  541
 110  543
 111  544
 111  546
 112  547
 112  551
 113  552
 113  553
 114  554
 114  555
 115  556
 115  557
 120  562
 124  562
 125  561
 127  561
 128  560
 132  560
 133  559
 141  559
 142  558
 153  558
 154  557
 157  557
 158  556
 160  556
 161  555
 163  555
 164  554
 165  554
 166  553
 168  553
 169  552
 171  552
 172  551
 175  551
 176  550
 179  550
 180  549
 183  549
 184  548
 186  548
 188  546
 189  546
 195  540
 195  539
 198  536
 198  535
 206  527
 207  527
 209  525
 210  525
 211  524
 212  524
 213  523
 214  523
 215  522
 216  522
 217  521
 218  521
 220  519
 221  519
 223  517
 223  516
 225  514
 225  513
 226  512
 226  511
 228  509
 228  507
 229  506
 229  504
 232  501
 232  500
 237  495
 238  495
 240  493
 241  493
 243  491
 244  491
 248  487
 248  486
 249  485
 249  480
 250  479
 250  472
 251  471
 251  469
 254  466
 255  466
 261  460
 261  459
 260  458
 260  457
 259  456
 259  454
 258  453
 258  450
 256  448
 256  447
 255  446
 255  444
 252  441
 252  439
 251  438
 251  437
 249  435
 249  434
 248  433
 248  432
 246  430
 246  429
 245  428
 245  425
 243  423
 243  422
 242  421
 242  420
 241  419
 241  418
 238  415
 238  414
 235  411
 235  410
 229  404
 229  403
 228  402
 228  387
 229  386
 246  386
 247  387
 250  387
 251  388
 256  388
 257  387
 260  387
 261  386
 263  386
 264  385
 267  385
 268  384
 272  384
 273  383
 275  383
 280  378
 280  376
 281  375
 281  371
 282  370
 282  368
 286  364
 287  364
 288  363
 288  354
 289  353
 289  351
 290  350
 290  349
 292  347
 292  340
 293  339
 293  335
 294  334
 294  332
 296  330
 297  330
 298  329
 298  324
 299  323
 299  320
 300  319
 300  318
 303  315
 303  314
 305  312
 305  311
 307  309
 307  308
 308  307
 308  305
 309  304
 309  302
 310  301
 310  300
 311  299
 311  295
 312  294
 312  291
 313  290
 313  288
 314  287
 314  286
 315  285
 315  284
 316  283
 316  282
 319  279
 319  278
 322  275
 322  274
 325  271
 325  269
 328  266
 328  265
 329  264
 329  263
 331  261
 331  260
 332  259
 332  257
 333  256
 333  255
 335  253
 335  252
 336  251
 336  250
 338  248
 338  247
 346  239
 347  239
 356  230
 356  229
 361  224
 361  223
 362  222
 362  221
 364  219
 364  218
 369  213
 369  212
 370  211
 371  211
 375  207
 375  206
 379  202
 379  201
 382  198
 382  197
 383  196
 383  195
 390  188
 390  187
 394  183
 394  182
 396  180
 396  179
 398  177
 398  176
 399  175
 399  174
 401  172
 401  171
 402  170
 402  169
 403  168
 403  167
 404  166
 404  164
 405  163
 405  161
 406  160
 406  157
 407  156
 407  153
 408  152
 408  149
 409  148
 409  137
 408  136
 408  135
 405  132
 404  132
 403  131
 402  131
 401  130
 399  130
 398  129
 393  129
 392  128
 385  128
 384  127
 379  127
 378  126
