 334  158
 333  159
 327  159
 326  160
 323  160
 322  161
 319  161
 318  162
 315  162
 314  163
 312  163
 311  164
 309  164
 308  165
 307  165
 306  166
 304  166
 303  167
 302  167
 301  168
 300  168
 299  169
 298  169
 296  171
 295  171
 294  172
 293  172
 292  173
 291  173
 289  175
 288  175
 287  176
 286  176
 284  178
 283  178
 281  180
 280  180
 277  183
 276  183
 274  185
 273  185
 270  188
 269  188
 266  191
 265  191
 262  194
 261  194
 257  198
 256  198
 253  201
 252  201
 248  205
 247  205
 244  208
 243  208
 240  211
 239  211
 236  214
 235  214
 232  217
 231  217
 227  221
 226  221
 223  224
 222  224
 217  229
 216  229
 211  234
 210  234
 207  237
 206  237
 197  246
 196  246
 189  253
 188  253
 183  258
 182  258
 182  259
 180  261
 179  261
 169  271
 168  271
 165  274
 165  275
 163  277
 162  277
 162  278
 159  281
 158  281
 158  282
 156  284
 155  284
 155  285
 149  291
 149  292
 131  310
 131  311
 128  314
 128  315
 123  320
 122  320
 121  321
 121  338
 122  339
 124  339
 125  340
 125  354
 124  355
 124  356
 123  357
 123  361
 122  362
 122  365
 118  369
 118  372
 119  373
 119  374
 121  376
 121  380
 122  381
 122  383
 123  384
 123  386
 124  387
 124  393
 125  394
 125  397
 126  398
 126  399
 127  400
 127  403
 128  404
 128  407
 129  408
 129  409
 130  410
 130  411
 131  412
 131  414
 132  415
 132  416
 133  417
 133  418
 134  419
 134  421
 135  422
 135  423
 136  424
 136  425
 137  426
 137  427
 138  428
 138  430
 140  432
 140  433
 141  434
 141  436
 142  437
 142  438
 143  439
 143  440
 144  441
 144  442
 145  443
 145  445
 148  448
 148  450
 149  451
 149  452
 152  455
 152  456
 154  458
 154  461
 155  462
 155  465
 156  466
 156  467
 157  468
 157  469
 158  470
 158  472
 159  473
 159  474
 161  476
 161  477
 167  483
 168  483
 169  484
 170  484
 171  485
 173  485
 174  486
 177  486
 178  487
 180  487
 184  491
 184  508
 185  509
 185  512
 186  513
 186  514
 187  515
 187  516
 188  517
 188  518
 191  521
 192  521
 193  522
 194  522
 195  523
 198  523
 199  524
 200  524
 201  523
 203  523
 204  522
 205  522
 206  521
 224  521
 226  523
 227  523
 229  521
 229  520
 230  519
 230  517
 231  516
 231  515
 234  512
 235  512
 236  511
 237  511
 238  510
 240  510
 241  509
 244  509
 245  508
 259  508
 258  507
 258  486
 259  485
 259  484
 260  483
 260  482
 261  481
 261  480
 263  478
 264  478
 265  477
 266  477
 267  476
 269  476
 270  475
 276  475
 279  472
 279  470
 278  469
 278  451
 279  450
 279  449
 280  448
 280  446
 286  440
 287  440
 288  439
 291  439
 294  436
 294  434
 292  432
 292  431
 291  430
 291  428
 288  425
 288  424
 286  422
 285  422
 284  421
 284  420
 283  419
 283  418
 282  417
 282  415
 281  414
 281  399
 283  397
 283  396
 284  395
 284  394
 283  393
 283  392
 281  390
 281  389
 280  388
 280  387
 277  384
 277  383
 273  379
 272  379
 269  376
 268  376
 266  374
 265  374
 263  372
 262  372
 260  370
 260  356
 261  355
 276  355
 277  354
 283  354
 284  353
 289  353
 290  352
 291  352
 293  350
 294  350
 302  342
 302  340
 303  339
 304  339
 304  338
 305  337
 305  336
 306  335
 306  333
 307  332
 307  331
 311  327
 311  326
 313  324
 313  323
 314  322
 314  320
 315  319
 315  318
 316  317
 316  316
 317  315
 317  305
 320  302
 321  302
 324  299
 324  298
 325  297
 325  296
 326  295
 326  293
 327  292
 327  289
 328  288
 328  271
 333  266
 333  265
 334  264
 334  261
 335  260
 335  251
 336  250
 336  245
 337  244
 337  243
 342  238
 342  237
 344  235
 344  233
 345  232
 345  217
 348  214
 348  213
 349  212
 349  211
 350  210
 350  209
 351  208
 351  199
 354  196
 354  195
 355  194
 355  193
 356  192
 356  191
 357  190
 357  181
 358  180
 359  180
 360  179
 360  178
 361  177
 361  165
 359  163
 358  163
 357  162
 356  162
 355  161
 354  161
 353  160
 351  160
 350  159
 346  159
 345  158
