 313  181
 312  182
 309  182
 308  183
 305  183
 304  184
 302  184
 301  185
 299  185
 298  186
 297  186
 296  187
 295  187
 294  188
 293  188
 292  189
 291  189
 290  190
 289  190
 288  191
 286  191
 284  193
 283  193
 282  194
 281  194
 279  196
 278  196
 276  198
 275  198
 273  200
 272  200
 270  202
 269  202
 267  204
 266  204
 265  205
 264  205
 261  208
 260  208
 258  210
 257  210
 255  212
 254  212
 252  214
 251  214
 250  215
 249  215
 248  216
 247  216
 244  219
 243  219
 241  221
 240  221
 238  223
 237  223
 235  225
 234  225
 232  227
 231  227
 229  229
 228  229
 225  232
 224  232
 220  236
 219  236
 216  239
 215  239
 211  243
 210  243
 204  249
 203  249
 197  255
 196  255
 190  261
 189  261
 184  266
 183  266
 170  279
 169  279
 169  280
 163  286
 162  286
 152  296
 151  296
 145  302
 144  302
 142  304
 138  304
 137  305
 136  305
 135  306
 134  306
 134  307
 132  309
 131  309
 129  311
 129  329
 131  331
 148  331
 149  332
 149  346
 147  348
 147  350
 146  351
 146  354
 144  356
 140  356
 138  358
 138  379
 140  381
 141  381
 152  392
 152  393
 156  397
 156  398
 163  405
 163  406
 166  409
 167  409
 176  418
 176  419
 183  426
 183  427
 186  430
 186  431
 188  433
 188  434
 189  435
 189  436
 191  438
 191  439
 192  440
 192  442
 193  443
 193  446
 194  447
 194  449
 195  450
 195  454
 196  455
 196  457
 197  458
 197  460
 199  462
 199  463
 200  464
 200  470
 201  471
 201  474
 202  475
 202  477
 203  478
 203  479
 205  481
 205  482
 206  483
 206  484
 208  486
 208  487
 220  499
 221  499
 224  502
 225  502
 226  503
 227  503
 228  504
 230  504
 231  505
 233  505
 234  506
 238  506
 239  507
 241  507
 242  506
 246  506
 247  505
 250  505
 251  504
 254  504
 255  503
 256  503
 257  502
 259  502
 260  501
 262  501
 263  500
 264  500
 265  499
 266  499
 267  498
 268  498
 269  497
 270  497
 271  496
 272  496
 273  495
 274  495
 275  494
 276  494
 278  492
 279  492
 281  490
 282  490
 283  489
 284  489
 285  488
 286  488
 286  487
 295  478
 295  477
 297  475
 297  474
 299  472
 299  471
 301  469
 301  468
 302  467
 302  466
 303  465
 303  464
 304  463
 304  462
 305  461
 305  460
 306  459
 306  458
 307  457
 307  455
 308  454
 308  453
 309  452
 309  451
 310  450
 310  448
 311  447
 311  445
 312  444
 312  442
 313  441
 313  439
 314  438
 314  432
 315  431
 315  430
 314  429
 314  421
 313  420
 313  416
 312  415
 312  412
 311  411
 311  409
 310  408
 310  406
 301  397
 301  396
 297  392
 297  391
 294  388
 294  387
 292  385
 292  384
 289  381
 289  380
 278  369
 278  346
 280  344
 284  344
 285  343
 288  343
 289  342
 291  342
 294  339
 295  339
 298  336
 299  336
 304  331
 305  331
 306  330
 307  330
 308  329
 309  329
 317  321
 317  320
 320  317
 320  316
 323  313
 323  312
 325  310
 325  309
 326  308
 326  307
 328  305
 328  304
 329  303
 329  302
 331  300
 331  299
 333  297
 333  296
 334  295
 334  294
 335  293
 335  292
 336  291
 336  290
 337  289
 337  288
 338  287
 338  286
 339  285
 339  284
 340  283
 340  282
 341  281
 341  279
 342  278
 342  277
 343  276
 343  274
 344  273
 344  272
 345  271
 345  269
 346  268
 346  266
 347  265
 347  261
 348  260
 348  255
 349  254
 349  249
 350  248
 350  244
 351  243
 351  237
 352  236
 352  225
 351  224
 351  220
 350  219
 350  216
 349  215
 349  213
 348  212
 348  208
 347  207
 347  205
 346  204
 346  203
 344  201
 343  201
 339  197
 339  196
 335  192
 335  191
 327  183
 326  183
 325  182
 322  182
 321  181
