 328  155
 327  156
 323  156
 322  157
 319  157
 318  158
 314  158
 313  159
 311  159
 310  160
 307  160
 306  161
 305  161
 304  162
 302  162
 301  163
 300  163
 299  164
 297  164
 296  165
 295  165
 294  166
 293  166
 292  167
 291  167
 290  168
 289  168
 288  169
 286  169
 285  170
 284  170
 283  171
 282  171
 281  172
 280  172
 279  173
 278  173
 277  174
 276  174
 274  176
 273  176
 272  177
 271  177
 269  179
 268  179
 267  180
 266  180
 264  182
 263  182
 262  183
 261  183
 259  185
 258  185
 257  186
 256  186
 254  188
 253  188
 252  189
 251  189
 249  191
 248  191
 246  193
 245  193
 244  194
 243  194
 241  196
 240  196
 237  199
 236  199
 234  201
 233  201
 232  202
 231  202
 228  205
 227  205
 224  208
 223  208
 221  210
 220  210
 217  213
 216  213
 212  217
 211  217
 207  221
 206  221
 203  224
 202  224
 194  232
 193  232
 174  251
 173  251
 144  280
 143  280
 133  290
 133  291
 132  292
 131  292
 123  300
 123  301
 120  304
 119  304
 117  306
 115  306
 113  308
 113  327
 114  328
 129  328
 130  329
 130  343
 128  345
 127  345
 126  346
 126  347
 124  349
 124  350
 122  352
 122  353
 121  354
 121  356
 120  357
 120  359
 119  360
 119  361
 118  362
 112  362
 111  363
 111  387
 112  388
 117  388
 123  394
 124  394
 126  396
 126  397
 130  401
 130  402
 132  404
 132  405
 133  406
 133  407
 134  408
 134  409
 136  411
 136  412
 137  413
 137  414
 139  416
 139  417
 140  418
 140  419
 141  420
 141  421
 143  423
 143  424
 144  425
 144  426
 146  428
 146  430
 147  431
 147  432
 148  433
 148  434
 149  435
 149  438
 150  439
 150  440
 151  441
 151  442
 152  443
 152  445
 153  446
 153  447
 154  448
 154  449
 155  450
 155  452
 156  453
 156  455
 157  456
 157  457
 158  458
 158  461
 159  462
 159  468
 160  469
 160  473
 161  474
 161  477
 162  478
 162  484
 163  485
 163  488
 164  489
 164  490
 165  491
 165  493
 166  494
 166  497
 167  498
 167  499
 168  500
 168  501
 169  502
 169  503
 171  505
 171  506
 180  515
 180  516
 181  517
 182  517
 183  518
 183  519
 188  524
 189  524
 193  528
 194  528
 195  529
 196  529
 197  530
 199  530
 200  531
 203  531
 204  532
 211  532
 212  533
 232  533
 233  532
 236  532
 237  531
 240  531
 241  530
 242  530
 243  529
 245  529
 246  528
 247  528
 249  526
 250  526
 252  524
 253  524
 254  523
 255  523
 256  522
 257  522
 258  521
 260  521
 261  520
 262  520
 263  519
 264  519
 265  518
 266  518
 267  517
 269  517
 271  515
 272  515
 273  514
 274  514
 276  512
 277  512
 280  509
 281  509
 284  506
 285  506
 288  503
 288  502
 292  498
 292  497
 298  491
 298  490
 301  487
 301  486
 302  485
 302  484
 305  481
 305  479
 306  478
 306  477
 308  475
 308  473
 309  472
 309  471
 310  470
 310  469
 311  468
 311  467
 312  466
 312  464
 313  463
 313  462
 314  461
 314  460
 315  459
 315  457
 316  456
 316  452
 317  451
 317  448
 318  447
 318  446
 317  445
 317  436
 316  435
 316  428
 315  427
 315  424
 314  423
 314  422
 313  421
 313  419
 312  418
 312  416
 310  414
 310  413
 308  411
 308  410
 307  409
 307  408
 305  406
 305  405
 302  402
 302  401
 301  400
 301  399
 298  396
 298  395
 295  392
 295  391
 291  387
 291  386
 287  382
 286  382
 277  373
 276  373
 275  372
 275  351
 277  349
 287  349
 288  348
 299  348
 300  347
 301  347
 303  345
 304  345
 304  344
 306  342
 307  342
 309  340
 311  340
 312  339
 313  339
 314  338
 314  337
 317  334
 318  334
 320  332
 321  332
 322  331
 323  331
 323  330
 325  328
 329  328
 332  325
 332  324
 334  322
 334  321
 335  320
 335  319
 336  318
 336  317
 342  311
 342  310
 345  307
 345  306
 346  305
 346  304
 347  303
 347  302
 348  301
 348  300
 349  299
 349  298
 350  297
 350  295
 351  294
 351  293
 352  292
 352  290
 353  289
 353  287
 355  285
 355  284
 356  283
 356  280
 357  279
 357  278
 358  277
 358  275
 359  274
 359  269
 360  268
 360  265
 361  264
 361  262
 362  261
 362  257
 363  256
 363  252
 364  251
 364  249
 365  248
 365  244
 366  243
 366  237
 367  236
 367  233
 368  232
 368  229
 369  228
 369  218
 370  217
 370  206
 369  205
 369  198
 368  197
 368  194
 367  193
 367  191
 366  190
 366  187
 365  186
 365  184
 364  183
 364  182
 363  181
 363  180
 362  179
 362  177
 360  175
 360  174
 359  173
 359  172
 355  168
 355  167
 349  161
 348  161
 346  159
 345  159
 344  158
 342  158
 341  157
 340  157
 339  156
 335  156
 334  155
