 389   67
 388   68
 382   68
 381   69
 378   69
 377   70
 372   70
 371   71
 369   71
 368   72
 364   72
 363   73
 361   73
 360   74
 358   74
 357   75
 355   75
 354   76
 352   76
 351   77
 349   77
 348   78
 347   78
 346   79
 343   79
 342   80
 341   80
 340   81
 338   81
 337   82
 335   82
 334   83
 333   83
 332   84
 330   84
 329   85
 328   85
 327   86
 325   86
 324   87
 323   87
 322   88
 321   88
 320   89
 319   89
 318   90
 317   90
 316   91
 315   91
 314   92
 313   92
 311   94
 310   94
 309   95
 308   95
 307   96
 306   96
 305   97
 304   97
 302   99
 301   99
 300  100
 299  100
 298  101
 297  101
 295  103
 294  103
 292  105
 291  105
 290  106
 289  106
 287  108
 286  108
 285  109
 284  109
 282  111
 281  111
 280  112
 279  112
 277  114
 276  114
 274  116
 273  116
 272  117
 271  117
 269  119
 268  119
 266  121
 265  121
 263  123
 262  123
 259  126
 258  126
 255  129
 254  129
 252  131
 251  131
 249  133
 248  133
 246  135
 245  135
 242  138
 241  138
 239  140
 238  140
 235  143
 234  143
 232  145
 231  145
 229  147
 228  147
 225  150
 224  150
 222  152
 221  152
 218  155
 217  155
 214  158
 213  158
 209  162
 208  162
 205  165
 204  165
 199  170
 198  170
 195  173
 194  173
 188  179
 187  179
 184  182
 183  182
 177  188
 176  188
 171  193
 170  193
 162  201
 161  201
 159  203
 158  203
 154  207
 153  207
 149  211
 148  211
 144  215
 143  215
 139  219
 138  219
 134  223
 133  223
 114  242
 113  242
 109  246
 108  246
 105  249
 104  249
 100  253
  99  253
  94  258
  93  258
  81  270
  80  270
  70  280
  70  281
  63  288
  63  289
  60  292
  60  293
  56  297
  56  298
  54  300
  54  301
  53  302
  53  303
  50  306
  50  307
  46  311
  46  312
  43  315
  43  316
  40  319
  40  320
  38  322
  38  354
  39  355
  49  355
  50  356
  50  370
  49  371
  48  371
  44  375
  44  378
  43  379
  43  385
  42  386
  42  391
  41  392
  34  392
  33  393
  33  416
  34  417
  35  417
  36  418
  37  418
  39  420
  39  422
  40  423
  40  426
  41  427
  41  429
  42  430
  42  432
  43  433
  43  436
  44  437
  44  438
  45  439
  45  440
  46  441
  46  443
  47  444
  47  445
  49  447
  49  449
  50  450
  50  452
  51  453
  51  454
  52  455
  52  457
  53  458
  53  461
  54  462
  54  463
  56  465
  56  466
  57  467
  57  468
  59  470
  59  471
  60  472
  60  473
  63  476
  63  477
  66  480
  66  482
  67  483
  67  484
  69  486
  69  487
  72  490
  72  491
  73  492
  73  493
  76  496
  76  497
  77  498
  77  499
  80  502
  80  503
  82  505
  82  506
  83  507
  83  508
  85  510
  85  511
  86  512
  86  513
  89  516
  89  517
  90  518
  90  519
  93  522
  93  524
  96  527
  96  528
  98  530
  98  531
 100  533
 100  534
 111  545
 112  545
 115  548
 116  548
 118  550
 119  550
 120  551
 121  551
 122  552
 123  552
 126  555
 127  555
 131  559
 131  560
 133  562
 133  564
 134  565
 134  566
 135  567
 135  568
 136  569
 136  570
 140  574
 140  575
 147  582
 147  583
 150  586
 150  587
 153  590
 153  591
 154  592
 154  593
 156  595
 156  596
 158  598
 158  599
 161  602
 161  603
 170  612
 171  612
 173  614
 174  614
 175  615
 177  615
 178  616
 197  616
 198  617
 204  617
 205  618
 206  618
 207  619
 208  619
 209  620
 210  620
 211  621
 212  621
 213  620
 214  620
 215  619
 216  619
 225  610
 226  610
 228  608
 230  608
 231  607
 233  607
 234  606
 238  606
 239  605
 255  605
 257  603
 258  603
 258  602
 259  601
 259  599
 260  598
 260  596
 261  595
 261  593
 262  592
 262  587
 263  586
 263  584
 264  583
 264  582
 266  580
 266  579
 276  569
 277  569
 279  567
 280  567
 283  564
 283  563
 286  560
 286  555
 287  554
 286  553
 286  544
 285  543
 285  540
 284  539
 284  524
 285  523
 285  521
 286  520
 286  518
 287  517
 287  516
 289  514
 289  513
 292  510
 292  509
 296  505
 296  504
 297  503
 297  502
 298  501
 298  500
 299  499
 299  494
 298  493
 298  492
 296  490
 296  488
 293  485
 293  484
 292  483
 292  482
 290  480
 290  479
 289  478
 289  477
 288  476
 288  475
 287  474
 287  473
 286  472
 286  454
 287  453
 287  448
 286  447
 286  443
 284  441
 284  440
 283  439
 283  438
 280  435
 280  434
 279  433
 279  432
 273  426
 273  425
 269  421
 269  420
 266  417
 266  416
 262  412
 262  411
 254  403
 254  402
 247  395
 247  381
 248  380
 263  380
 264  381
 281  381
 282  380
 283  380
 284  379
 285  379
 286  378
 287  378
 288  377
 290  377
 291  376
 294  376
 295  375
 298  375
 299  374
 303  374
 304  373
 308  373
 310  371
 311  371
 314  368
 314  367
 319  362
 320  362
 321  361
 322  361
 323  360
 323  359
 326  356
 326  355
 343  338
 343  337
 346  334
 346  333
 348  331
 348  330
 350  328
 350  325
 351  324
 351  322
 352  321
 352  319
 353  318
 353  315
 354  314
 354  313
 356  311
 356  310
 360  306
 360  305
 363  302
 363  301
 364  300
 364  299
 365  298
 365  297
 366  296
 366  294
 367  293
 367  291
 369  289
 369  288
 371  286
 371  285
 372  284
 372  283
 373  282
 373  276
 374  275
 374  264
 378  260
 378  259
 379  258
 379  257
 382  254
 382  253
 385  250
 385  249
 386  248
 386  247
 387  246
 387  244
 388  243
 388  242
 389  241
 389  240
 390  239
 390  238
 392  236
 392  235
 393  234
 393  233
 394  232
 394  230
 395  229
 395  227
 396  226
 396  223
 397  222
 397  220
 398  219
 398  218
 399  217
 399  216
 400  215
 400  214
 403  211
 403  210
 404  209
 404  208
 405  207
 405  206
 406  205
 406  203
 407  202
 407  199
 409  197
 409  196
 410  195
 410  194
 416  188
 416  187
 417  186
 417  183
 418  182
 418  180
 419  179
 419  177
 420  176
 420  174
 422  172
 422  171
 423  170
 423  168
 425  166
 425  164
 426  163
 426  160
 427  159
 427  158
 429  156
 429  154
 430  153
 430  151
 431  150
 431  148
 432  147
 432  146
 433  145
 433  142
 434  141
 434  138
 435  137
 435  136
 436  135
 436  133
 437  132
 437  130
 438  129
 438  128
 439  127
 439  126
 440  125
 440  123
 441  122
 441  121
 442  120
 442  118
 443  117
 443  114
 444  113
 444  112
 445  111
 445  110
 446  109
 446  107
 447  106
 447   90
 448   89
 447   88
 447   84
 446   83
 446   82
 444   80
 444   79
 441   76
 440   76
 438   74
 436   74
 435   73
 434   73
 433   72
 431   72
 430   71
 429   71
 428   70
 424   70
 423   69
 420   69
 419   68
 411   68
 410   67
