 386   76
 385   77
 374   77
 373   78
 369   78
 368   79
 364   79
 363   80
 360   80
 359   81
 355   81
 354   82
 352   82
 351   83
 349   83
 348   84
 346   84
 345   85
 343   85
 342   86
 340   86
 339   87
 338   87
 337   88
 335   88
 334   89
 333   89
 332   90
 330   90
 329   91
 328   91
 327   92
 325   92
 324   93
 323   93
 322   94
 321   94
 320   95
 319   95
 318   96
 317   96
 316   97
 315   97
 314   98
 313   98
 312   99
 310   99
 309  100
 308  100
 307  101
 306  101
 304  103
 303  103
 302  104
 301  104
 300  105
 299  105
 298  106
 297  106
 296  107
 295  107
 294  108
 293  108
 292  109
 291  109
 290  110
 289  110
 287  112
 286  112
 285  113
 284  113
 283  114
 282  114
 281  115
 280  115
 279  116
 278  116
 277  117
 276  117
 275  118
 274  118
 273  119
 272  119
 270  121
 269  121
 268  122
 267  122
 265  124
 264  124
 262  126
 261  126
 260  127
 259  127
 257  129
 256  129
 254  131
 253  131
 250  134
 249  134
 247  136
 246  136
 244  138
 243  138
 240  141
 239  141
 237  143
 236  143
 233  146
 232  146
 227  151
 226  151
 220  157
 219  157
 213  163
 212  163
 206  169
 205  169
 196  178
 195  178
 183  190
 182  190
 172  200
 171  200
 163  208
 162  208
 154  216
 153  216
 145  224
 144  224
 133  235
 132  235
 121  246
 121  247
 119  249
 118  249
 118  250
 108  260
 108  261
 102  267
 102  268
  68  302
  68  303
  65  306
  65  307
  63  309
  63  315
  62  316
  62  317
  61  318
  61  319
  60  320
  55  320
  53  322
  53  331
  54  332
  66  332
  67  333
  67  347
  66  348
  62  348
  61  349
  60  349
  59  350
  58  350
  57  351
  56  351
  54  353
  54  354
  53  355
  53  356
  52  357
  52  360
  51  361
  51  364
  50  365
  50  392
  49  393
  43  393
  42  394
  42  439
  43  440
  44  440
  45  441
  46  441
  47  442
  47  443
  48  444
  48  445
  49  446
  49  447
  50  448
  50  455
  51  456
  51  463
  52  464
  52  469
  53  470
  53  477
  54  478
  54  486
  55  487
  55  493
  56  494
  56  498
  57  499
  57  503
  58  504
  58  507
  59  508
  59  512
  60  513
  60  519
  61  520
  61  522
  61  521
  62  520
  62  518
  63  517
  78  517
  79  518
  79  519
  80  520
  80  524
  81  525
  81  526
  82  527
  82  528
  84  530
  84  531
  86  533
  86  535
  87  536
  87  538
  91  542
  91  543
  94  546
  95  546
 103  554
 104  554
 111  561
 111  562
 113  564
 113  565
 115  567
 115  568
 116  569
 116  570
 118  572
 118  573
 122  577
 122  578
 125  581
 125  582
 128  585
 128  586
 131  589
 131  590
 132  591
 132  592
 136  596
 136  597
 139  600
 139  601
 147  609
 148  609
 150  611
 152  609
 153  609
 155  607
 156  607
 157  606
 179  606
 180  607
 182  607
 183  606
 184  606
 186  604
 187  604
 189  602
 189  601
 191  599
 191  598
 193  596
 193  595
 194  594
 194  592
 195  591
 195  590
 196  589
 196  587
 202  581
 204  581
 205  580
 207  580
 208  579
 212  579
 213  578
 215  578
 216  577
 217  577
 218  576
 219  576
 220  575
 221  575
 224  572
 224  571
 227  568
 227  566
 228  565
 228  563
 229  562
 229  561
 230  560
 230  558
 231  557
 231  555
 233  553
 233  552
 237  548
 238  548
 239  547
 241  547
 242  546
 244  546
 245  545
 247  545
 249  543
 250  543
 251  542
 252  542
 257  537
 257  535
 258  534
 258  529
 257  528
 257  524
 256  523
 256  521
 255  520
 255  504
 256  503
 256  502
 257  501
 257  499
 259  497
 260  497
 264  493
 265  493
 271  487
 271  486
 273  484
 273  480
 272  479
 272  478
 271  477
 271  476
 270  475
 270  472
 269  471
 269  470
 268  469
 268  452
 269  451
 269  450
 270  449
 270  448
 277  441
 277  440
 278  439
 277  438
 277  436
 275  434
 275  433
 274  432
 274  431
 272  429
 272  428
 270  426
 270  425
 264  419
 264  418
 259  413
 258  413
 257  412
 257  411
 250  404
 250  403
 249  402
 249  400
 248  399
 248  398
 247  397
 247  395
 245  393
 237  393
 236  392
 236  377
 237  376
 258  376
 259  377
 262  377
 263  378
 265  378
 266  379
 268  379
 269  380
 270  380
 271  381
 275  381
 276  382
 288  382
 289  381
 293  381
 294  380
 295  380
 296  379
 298  379
 299  378
 301  378
 302  377
 305  377
 306  376
 308  376
 309  375
 310  375
 311  374
 312  374
 313  373
 314  373
 321  366
 322  366
 325  363
 325  362
 326  361
 326  358
 327  357
 327  355
 338  344
 338  343
 341  340
 341  338
 342  337
 342  333
 343  332
 343  329
 344  328
 344  316
 345  315
 345  314
 354  305
 354  304
 355  303
 355  302
 356  301
 356  300
 357  299
 357  297
 358  296
 358  293
 359  292
 359  273
 360  272
 360  270
 361  269
 361  268
 362  267
 362  266
 368  260
 368  259
 370  257
 370  256
 371  255
 371  254
 372  253
 372  251
 374  249
 374  247
 377  244
 377  241
 378  240
 378  237
 379  236
 379  234
 380  233
 380  229
 381  228
 381  224
 384  221
 384  220
 393  211
 393  210
 394  209
 394  208
 396  206
 396  205
 397  204
 397  203
 401  199
 401  198
 402  197
 402  196
 403  195
 403  194
 404  193
 404  191
 405  190
 405  189
 406  188
 406  187
 407  186
 407  184
 409  182
 409  181
 412  178
 412  177
 414  175
 414  174
 416  172
 416  171
 417  170
 417  169
 418  168
 418  167
 420  165
 420  164
 421  163
 421  161
 422  160
 422  159
 423  158
 423  156
 424  155
 424  149
 425  148
 425  146
 427  144
 427  143
 428  142
 428  140
 429  139
 429  138
 430  137
 430  135
 431  134
 431  131
 432  130
 432  128
 433  127
 433  126
 434  125
 434  123
 435  122
 435  120
 437  118
 437  116
 438  115
 438  106
 439  105
 439   94
 438   93
 438   91
 430   83
 429   83
 427   81
 425   81
 424   80
 423   80
 422   79
 419   79
 418   78
 415   78
 414   77
 408   77
 407   76
