 329  152
 328  153
 322  153
 321  154
 318  154
 317  155
 313  155
 312  156
 310  156
 309  157
 306  157
 305  158
 304  158
 303  159
 301  159
 300  160
 299  160
 298  161
 297  161
 296  162
 295  162
 294  163
 293  163
 292  164
 291  164
 290  165
 289  165
 287  167
 286  167
 285  168
 284  168
 283  169
 282  169
 281  170
 280  170
 279  171
 278  171
 276  173
 275  173
 273  175
 272  175
 271  176
 270  176
 268  178
 267  178
 265  180
 264  180
 262  182
 261  182
 259  184
 258  184
 255  187
 254  187
 252  189
 251  189
 250  190
 249  190
 248  191
 247  191
 245  193
 244  193
 242  195
 241  195
 238  198
 237  198
 235  200
 234  200
 231  203
 230  203
 227  206
 226  206
 221  211
 220  211
 217  214
 216  214
 211  219
 210  219
 202  227
 201  227
 190  238
 189  238
 178  249
 177  249
 154  272
 153  272
 153  273
 151  275
 150  275
 143  282
 142  282
 134  290
 133  290
 133  291
 128  296
 127  296
 124  299
 123  299
 120  302
 119  302
 117  304
 117  305
 115  307
 115  308
 111  312
 111  347
 113  349
 116  349
 117  350
 117  386
 119  388
 119  389
 123  393
 123  394
 126  397
 126  398
 129  401
 129  402
 131  404
 131  405
 133  407
 133  408
 136  411
 136  412
 138  414
 138  415
 140  417
 140  418
 143  421
 143  422
 144  423
 144  424
 146  426
 146  427
 148  429
 148  430
 150  432
 150  433
 151  434
 151  435
 153  437
 153  438
 156  441
 156  442
 157  443
 157  444
 158  445
 158  446
 159  447
 159  448
 160  449
 160  450
 161  451
 161  452
 162  453
 162  454
 163  455
 163  457
 164  458
 164  459
 165  460
 165  461
 166  462
 166  464
 167  465
 167  467
 168  468
 168  470
 169  471
 169  482
 170  483
 170  488
 171  489
 171  490
 172  491
 172  495
 173  496
 173  497
 174  498
 174  499
 175  500
 175  501
 176  502
 176  503
 177  504
 177  505
 179  507
 179  508
 180  509
 180  510
 186  516
 186  517
 188  519
 189  519
 194  524
 195  524
 198  527
 199  527
 200  528
 201  528
 202  529
 203  529
 204  530
 205  530
 206  531
 207  531
 208  532
 210  532
 211  533
 214  533
 215  534
 219  534
 220  535
 241  535
 242  534
 245  534
 246  533
 249  533
 250  532
 252  532
 253  531
 255  531
 256  530
 257  530
 259  528
 260  528
 262  526
 263  526
 264  525
 265  525
 266  524
 267  524
 268  523
 269  523
 271  521
 273  521
 274  520
 275  520
 276  519
 277  519
 281  515
 282  515
 287  510
 288  510
 298  500
 298  499
 306  491
 306  490
 309  487
 309  486
 312  483
 312  482
 315  479
 315  478
 317  476
 317  475
 319  473
 319  470
 320  469
 320  468
 321  467
 321  466
 322  465
 322  462
 323  461
 323  457
 324  456
 324  452
 325  451
 325  429
 324  428
 324  425
 323  424
 323  421
 322  420
 322  418
 321  417
 321  416
 319  414
 319  413
 318  412
 318  411
 312  405
 312  404
 309  401
 309  400
 305  396
 305  395
 287  377
 286  377
 282  373
 281  373
 276  368
 275  368
 273  366
 272  366
 270  364
 270  350
 271  349
 290  349
 291  348
 295  348
 296  347
 298  347
 299  346
 300  346
 301  345
 302  345
 303  344
 305  344
 307  342
 308  342
 310  340
 311  340
 313  338
 314  338
 316  336
 317  336
 318  335
 320  335
 322  333
 323  333
 324  332
 325  332
 328  329
 329  329
 332  326
 332  325
 334  323
 335  323
 335  322
 338  319
 338  318
 339  317
 339  316
 340  315
 340  314
 342  312
 342  311
 346  307
 346  306
 349  303
 349  302
 350  301
 350  300
 351  299
 351  298
 352  297
 352  296
 353  295
 353  294
 355  292
 355  291
 356  290
 356  287
 357  286
 357  284
 358  283
 358  281
 359  280
 359  276
 360  275
 360  273
 361  272
 361  271
 362  270
 362  265
 363  264
 363  257
 364  256
 364  252
 365  251
 365  248
 366  247
 366  239
 367  238
 367  234
 368  233
 368  229
 369  228
 369  201
 368  200
 368  197
 367  196
 367  193
 366  192
 366  186
 365  185
 365  184
 364  183
 364  182
 363  181
 363  180
 362  179
 362  177
 360  175
 360  174
 359  173
 359  171
 355  167
 355  166
 348  159
 347  159
 344  156
 343  156
 342  155
 340  155
 339  154
 338  154
 337  153
 331  153
 330  152
