 372   65
 371   66
 366   66
 365   67
 359   67
 358   68
 356   68
 355   69
 351   69
 350   70
 348   70
 347   71
 345   71
 344   72
 342   72
 341   73
 339   73
 338   74
 336   74
 335   75
 334   75
 333   76
 330   76
 329   77
 328   77
 327   78
 325   78
 324   79
 323   79
 322   80
 321   80
 320   81
 319   81
 318   82
 317   82
 316   83
 315   83
 314   84
 313   84
 312   85
 311   85
 310   86
 309   86
 308   87
 307   87
 306   88
 305   88
 304   89
 303   89
 302   90
 301   90
 300   91
 299   91
 298   92
 297   92
 296   93
 295   93
 294   94
 293   94
 291   96
 289   96
 288   97
 287   97
 286   98
 285   98
 283  100
 282  100
 281  101
 280  101
 279  102
 278  102
 276  104
 275  104
 273  106
 272  106
 271  107
 270  107
 268  109
 267  109
 265  111
 264  111
 262  113
 261  113
 259  115
 258  115
 256  117
 255  117
 253  119
 252  119
 250  121
 249  121
 247  123
 246  123
 243  126
 242  126
 240  128
 239  128
 235  132
 234  132
 231  135
 230  135
 225  140
 224  140
 214  150
 213  150
 197  166
 196  166
 188  174
 187  174
 178  183
 177  183
 171  189
 170  189
 162  197
 161  197
 154  204
 153  204
 146  211
 145  211
 144  212
 143  212
 142  213
 141  213
 140  214
 138  214
 137  215
 136  215
 135  216
 134  216
 132  218
 131  218
 130  219
 129  219
 127  221
 126  221
 123  224
 122  224
 119  227
 118  227
 111  234
 110  234
 103  241
 103  255
  92  266
  92  267
  89  270
  89  271
  86  274
  86  275
  83  278
  83  279
  82  280
  82  281
  80  283
  80  284
  79  285
  79  286
  76  289
  76  290
  74  292
  74  293
  72  295
  72  296
  69  299
  69  300
  65  304
  65  305
  64  306
  64  307
  62  309
  62  310
  60  312
  60  313
  59  314
  59  315
  58  316
  58  317
  56  319
  56  321
  55  322
  54  322
  53  323
  49  323
  48  324
  48  350
  49  351
  63  351
  64  352
  64  366
  63  367
  61  367
  60  368
  59  368
  57  370
  57  371
  56  372
  56  374
  55  375
  55  379
  54  380
  54  383
  53  384
  48  384
  47  385
  47  386
  46  387
  46  414
  47  415
  47  417
  48  418
  48  419
  49  420
  49  427
  50  428
  50  432
  51  433
  51  436
  52  437
  52  455
  53  456
  54  456
  55  457
  55  458
  56  459
  56  460
  57  461
  57  462
  58  463
  58  468
  59  469
  59  473
  60  474
  60  476
  61  477
  61  479
  62  480
  62  484
  63  485
  63  487
  64  488
  64  489
  65  490
  65  494
  66  495
  66  498
  67  499
  67  500
  68  501
  68  503
  69  504
  69  508
  70  509
  70  511
  71  512
  71  513
  72  514
  72  518
  73  519
  73  521
  74  522
  74  523
  75  524
  75  525
  76  526
  76  528
  77  529
  77  530
  78  531
  78  532
  79  533
  79  535
  80  536
  80  538
  81  539
  81  540
  82  541
  82  543
  83  544
  83  545
  84  546
  84  547
  85  548
  85  549
  86  550
  86  553
  87  554
  87  556
  88  557
  88  560
  89  561
  89  564
  92  567
  92  568
  95  571
  95  572
  99  576
  99  577
 102  580
 102  581
 106  585
 106  586
 107  587
 107  588
 109  590
 109  593
 110  594
 110  596
 111  597
 111  599
 112  600
 112  604
 113  605
 113  607
 114  608
 114  609
 116  611
 116  612
 117  613
 117  614
 123  620
 124  620
 125  621
 126  620
 131  620
 132  619
 133  619
 134  618
 136  618
 137  617
 152  617
 153  618
 154  618
 157  621
 158  621
 159  622
 160  622
 161  623
 164  623
 165  622
 167  622
 168  621
 169  621
 170  620
 171  620
 179  612
 180  612
 181  611
 182  611
 183  610
 202  610
 203  611
 208  611
 209  610
 210  610
 211  609
 212  609
 215  606
 215  605
 216  604
 216  602
 217  601
 217  599
 218  598
 218  593
 219  592
 219  588
 220  587
 220  586
 221  585
 221  584
 222  583
 222  581
 227  576
 231  576
 232  575
 239  575
 240  574
 243  574
 244  573
 245  573
 248  570
 248  569
 249  568
 249  565
 250  564
 250  553
 249  552
 249  527
 250  526
 250  524
 251  523
 251  522
 255  518
 256  518
 258  516
 259  516
 263  512
 263  511
 265  509
 265  503
 264  502
 264  501
 263  500
 263  499
 262  498
 262  495
 261  494
 261  493
 260  492
 260  491
 259  490
 259  488
 258  487
 258  486
 256  484
 256  483
 255  482
 255  480
 254  479
 254  477
 253  476
 253  457
 252  456
 252  452
 249  449
 249  448
 248  447
 248  446
 242  440
 242  439
 241  438
 240  438
 239  437
 239  436
 229  426
 229  425
 222  418
 222  417
 204  399
 203  399
 187  383
 185  383
 184  382
 184  381
 183  380
 183  366
 184  365
 199  365
 200  366
 215  366
 216  367
 236  367
 237  368
 238  367
 276  367
 277  366
 301  366
 302  365
 304  365
 305  364
 306  364
 312  358
 313  358
 315  356
 316  356
 317  355
 318  355
 320  353
 321  353
 327  347
 327  346
 328  345
 328  344
 329  343
 329  341
 333  337
 334  337
 335  336
 336  336
 338  334
 339  334
 342  331
 342  329
 343  328
 343  327
 344  326
 344  325
 345  324
 345  323
 346  322
 346  321
 348  319
 348  318
 349  317
 349  313
 350  312
 350  309
 351  308
 351  306
 352  305
 352  303
 361  294
 361  293
 362  292
 362  291
 363  290
 363  289
 364  288
 364  287
 365  286
 365  285
 366  284
 366  283
 367  282
 367  281
 369  279
 369  276
 370  275
 370  273
 371  272
 371  270
 372  269
 372  265
 373  264
 373  261
 375  259
 375  258
 378  255
 378  254
 380  252
 380  251
 382  249
 382  247
 383  246
 383  245
 384  244
 384  243
 385  242
 385  241
 386  240
 386  239
 388  237
 388  236
 389  235
 389  232
 390  231
 390  227
 391  226
 391  224
 392  223
 392  220
 393  219
 393  217
 395  215
 395  214
 402  207
 402  206
 403  205
 403  204
 405  202
 405  201
 406  200
 406  199
 407  198
 407  197
 408  196
 408  195
 409  194
 409  192
 410  191
 410  188
 411  187
 411  184
 412  183
 412  180
 413  179
 413  177
 416  174
 416  173
 419  170
 419  169
 420  168
 420  167
 421  166
 421  165
 422  164
 422  162
 423  161
 423  157
 424  156
 424  155
 425  154
 425  152
 426  151
 426  145
 427  144
 427  142
 428  141
 428  140
 429  139
 429  137
 430  136
 430  134
 431  133
 431  130
 432  129
 432  123
 433  122
 433  110
 434  109
 433  108
 433  107
 429  103
 429   87
 423   81
 422   81
 419   78
 418   78
 416   76
 415   76
 413   74
 412   74
 411   73
 410   73
 408   71
 407   71
 406   70
 405   70
 404   69
 402   69
 401   68
 400   68
 399   67
 396   67
 395   66
 393   66
 392   65
