 301  209
 300  210
 297  210
 296  211
 294  211
 293  212
 291  212
 290  213
 289  213
 288  214
 287  214
 285  216
 284  216
 283  217
 282  217
 280  219
 279  219
 278  220
 277  220
 275  222
 274  222
 272  224
 271  224
 269  226
 268  226
 266  228
 265  228
 263  230
 262  230
 260  232
 259  232
 257  234
 256  234
 255  235
 254  235
 252  237
 251  237
 250  238
 249  238
 246  241
 245  241
 242  244
 241  244
 238  247
 237  247
 234  250
 233  250
 231  252
 230  252
 228  254
 227  254
 224  257
 223  257
 221  259
 220  259
 217  262
 216  262
 212  266
 211  266
 208  269
 207  269
 206  270
 206  271
 205  272
 204  272
 203  273
 202  273
 201  274
 200  274
 198  276
 197  276
 194  279
 193  279
 189  283
 188  283
 184  287
 183  287
 182  288
 168  288
 167  289
 167  290
 165  292
 165  293
 164  294
 164  295
 154  305
 153  305
 148  310
 147  310
 146  311
 146  312
 145  313
 145  329
 147  331
 151  331
 152  332
 152  346
 151  347
 151  351
 150  352
 150  356
 149  357
 147  357
 146  358
 145  358
 145  391
 147  393
 156  393
 157  394
 158  394
 159  395
 160  395
 164  399
 164  400
 167  403
 167  404
 181  418
 181  419
 183  421
 183  422
 185  424
 185  425
 186  426
 186  427
 187  428
 187  430
 188  431
 188  432
 189  433
 189  434
 190  435
 190  437
 191  438
 191  439
 192  440
 192  441
 193  442
 193  444
 194  445
 194  447
 195  448
 195  449
 196  450
 196  452
 197  453
 197  454
 198  455
 198  456
 199  457
 199  458
 200  459
 200  460
 201  461
 201  462
 203  464
 203  465
 207  469
 208  469
 212  473
 213  473
 215  475
 216  475
 217  476
 218  476
 219  477
 220  477
 221  478
 223  478
 224  479
 237  479
 238  478
 247  478
 248  477
 249  477
 250  476
 251  476
 252  475
 253  475
 254  474
 255  474
 256  473
 257  473
 258  472
 259  472
 260  471
 261  471
 263  469
 264  469
 265  468
 266  468
 267  467
 268  467
 269  466
 271  466
 272  465
 273  465
 273  464
 282  455
 282  454
 285  451
 285  450
 292  443
 292  442
 293  441
 293  439
 294  438
 294  437
 295  436
 295  433
 296  432
 296  429
 297  428
 297  424
 298  423
 298  419
 299  418
 299  415
 298  414
 298  413
 297  412
 297  409
 296  408
 296  404
 295  403
 295  401
 294  400
 294  397
 293  396
 293  393
 292  392
 292  390
 289  387
 289  386
 288  386
 287  385
 285  385
 279  379
 279  378
 278  377
 278  376
 277  375
 277  374
 276  373
 276  372
 273  369
 273  354
 274  353
 274  349
 276  347
 278  347
 279  346
 283  346
 284  345
 288  345
 289  344
 290  344
 291  343
 292  343
 293  342
 294  342
 302  334
 303  334
 304  333
 304  332
 305  331
 306  331
 307  330
 309  330
 311  328
 312  328
 314  326
 316  326
 317  325
 317  324
 319  322
 319  321
 320  320
 320  315
 321  314
 321  311
 322  310
 322  307
 324  305
 324  304
 326  302
 327  302
 330  299
 330  296
 331  295
 331  282
 332  281
 332  280
 333  279
 333  278
 334  277
 334  273
 335  272
 335  261
 334  260
 334  242
 333  241
 333  239
 332  238
 332  236
 331  235
 331  232
 330  231
 330  226
 328  224
 328  223
 324  219
 323  219
 322  218
 321  218
 316  213
 315  213
 313  211
 312  211
 311  210
 310  210
 309  209
