 302  203
 301  204
 297  204
 296  205
 293  205
 292  206
 290  206
 289  207
 287  207
 286  208
 285  208
 284  209
 282  209
 281  210
 280  210
 279  211
 278  211
 277  212
 275  212
 273  214
 271  214
 270  215
 269  215
 268  216
 267  216
 265  218
 264  218
 263  219
 262  219
 261  220
 260  220
 259  221
 258  221
 256  223
 255  223
 253  225
 252  225
 250  227
 249  227
 246  230
 245  230
 243  232
 242  232
 239  235
 238  235
 236  237
 235  237
 232  240
 231  240
 228  243
 227  243
 223  247
 222  247
 219  250
 218  250
 215  253
 214  253
 208  259
 207  259
 196  270
 195  270
 191  274
 191  275
 190  276
 189  276
 188  277
 188  278
 186  280
 185  280
 184  281
 184  282
 164  302
 163  302
 161  304
 160  304
 157  307
 149  307
 147  309
 147  349
 148  350
 149  350
 150  351
 150  383
 155  388
 156  388
 164  396
 164  397
 176  409
 176  410
 180  414
 180  415
 185  420
 185  421
 188  424
 188  425
 190  427
 190  428
 193  431
 193  432
 194  433
 194  434
 195  435
 195  436
 196  437
 196  439
 197  440
 197  444
 198  445
 198  450
 199  451
 199  453
 200  454
 200  459
 201  460
 201  463
 203  465
 203  466
 205  468
 205  469
 208  472
 208  473
 211  476
 212  476
 215  479
 216  479
 218  481
 219  481
 221  483
 223  483
 224  484
 225  484
 226  485
 231  485
 232  486
 236  486
 237  485
 246  485
 247  484
 250  484
 251  483
 253  483
 254  482
 255  482
 256  481
 258  481
 259  480
 260  480
 262  478
 263  478
 265  476
 266  476
 268  474
 269  474
 271  472
 272  472
 273  471
 274  471
 276  469
 277  469
 282  464
 283  464
 283  463
 285  461
 286  461
 286  460
 289  457
 289  456
 293  452
 293  451
 296  448
 296  447
 297  446
 297  445
 298  444
 298  443
 299  442
 299  441
 300  440
 300  439
 301  438
 301  436
 302  435
 302  433
 303  432
 303  428
 304  427
 304  420
 305  419
 305  415
 306  414
 306  413
 305  412
 305  409
 304  408
 304  405
 303  404
 303  402
 301  400
 301  399
 299  397
 299  396
 298  395
 298  394
 293  389
 293  388
 289  384
 289  383
 283  377
 282  377
 280  375
 279  375
 278  374
 277  374
 275  372
 274  372
 272  370
 271  370
 269  368
 268  368
 266  366
 266  352
 267  351
 276  351
 277  350
 282  350
 283  349
 284  349
 285  348
 286  348
 287  347
 288  347
 291  344
 292  344
 295  341
 296  341
 301  336
 302  336
 310  328
 310  327
 313  324
 313  323
 316  320
 316  319
 317  318
 317  317
 318  316
 318  315
 319  314
 319  313
 322  310
 322  309
 323  308
 323  307
 324  306
 324  304
 325  303
 325  302
 326  301
 326  300
 327  299
 327  296
 328  295
 328  293
 329  292
 329  290
 330  289
 330  286
 331  285
 331  280
 332  279
 332  275
 333  274
 333  263
 334  262
 334  249
 333  248
 333  240
 332  239
 332  235
 331  234
 331  230
 330  229
 330  226
 329  225
 329  224
 328  223
 328  222
 327  221
 327  220
 326  219
 326  218
 324  216
 324  215
 323  214
 323  213
 322  212
 322  211
 317  206
 316  206
 315  205
 314  205
 313  204
 312  204
 311  203
