 376   84
 375   85
 370   85
 369   86
 364   86
 363   87
 360   87
 359   88
 356   88
 355   89
 352   89
 351   90
 349   90
 348   91
 345   91
 344   92
 342   92
 341   93
 339   93
 338   94
 336   94
 335   95
 334   95
 333   96
 331   96
 330   97
 329   97
 328   98
 326   98
 325   99
 324   99
 323  100
 322  100
 321  101
 320  101
 319  102
 317  102
 315  104
 314  104
 313  105
 312  105
 311  106
 310  106
 309  107
 308  107
 307  108
 306  108
 305  109
 304  109
 302  111
 301  111
 300  112
 299  112
 297  114
 296  114
 295  115
 294  115
 292  117
 291  117
 290  118
 289  118
 287  120
 286  120
 285  121
 284  121
 282  123
 281  123
 279  125
 278  125
 277  126
 276  126
 274  128
 273  128
 271  130
 270  130
 267  133
 266  133
 264  135
 263  135
 261  137
 260  137
 258  139
 257  139
 254  142
 253  142
 250  145
 249  145
 246  148
 245  148
 242  151
 241  151
 237  155
 236  155
 233  158
 232  158
 229  161
 228  161
 224  165
 223  165
 220  168
 219  168
 215  172
 214  172
 206  180
 205  180
 199  186
 198  186
 179  205
 178  205
 162  221
 161  221
 145  237
 145  238
 135  248
 135  249
 128  256
 128  257
 124  261
 124  262
 118  268
 118  269
 112  275
 112  276
 108  280
 108  281
 104  285
 104  286
  98  292
  98  293
  92  299
  92  300
  88  304
  88  305
  86  307
  86  308
  84  310
  84  311
  81  314
  81  315
  72  324
  72  325
  71  326
  71  327
  70  328
  70  331
  69  332
  69  333
  68  334
  68  335
  67  336
  67  337
  65  339
  65  340
  64  341
  64  342
  61  345
  58  345
  57  346
  57  371
  58  372
  66  372
  67  373
  67  387
  64  390
  64  393
  63  394
  63  400
  62  401
  62  407
  61  408
  56  408
  55  409
  55  422
  56  423
  56  424
  57  425
  57  440
  58  441
  58  442
  59  443
  59  447
  60  448
  60  450
  62  452
  62  453
  63  454
  63  456
  64  457
  64  458
  65  459
  65  460
  66  461
  66  462
  67  463
  67  465
  69  467
  69  468
  70  469
  70  470
  71  471
  71  472
  73  474
  73  475
  74  476
  74  477
  76  479
  76  480
  77  481
  77  482
  79  484
  79  485
  81  487
  81  488
  84  491
  84  492
  86  494
  86  495
  88  497
  88  498
  89  499
  89  500
  92  503
  92  504
  94  506
  94  507
  96  509
  96  510
 100  514
 100  515
 102  517
 102  518
 104  520
 104  521
 107  524
 107  525
 108  526
 108  527
 109  528
 109  529
 111  531
 111  532
 114  535
 114  536
 115  537
 115  538
 128  551
 129  551
 134  556
 135  556
 138  559
 139  559
 142  562
 143  562
 152  571
 152  572
 154  574
 154  576
 155  577
 155  578
 156  579
 156  580
 157  581
 157  582
 158  583
 158  584
 162  588
 162  589
 163  589
 164  590
 164  591
 170  597
 170  598
 173  601
 174  601
 176  603
 179  603
 180  602
 181  602
 182  601
 183  601
 184  600
 185  600
 188  597
 190  597
 191  596
 195  596
 196  595
 200  595
 201  594
 203  594
 205  592
 206  592
 206  591
 210  587
 210  586
 213  583
 213  582
 219  576
 220  576
 222  574
 223  574
 224  573
 226  573
 227  572
 229  572
 230  571
 234  571
 235  570
 237  570
 238  569
 239  569
 244  564
 244  563
 246  561
 246  560
 247  559
 247  557
 248  556
 248  555
 249  554
 249  552
 250  551
 250  550
 251  549
 251  548
 256  543
 257  543
 261  539
 262  539
 264  537
 265  537
 270  532
 270  531
 271  530
 271  529
 273  527
 273  523
 274  522
 274  507
 275  506
 275  505
 277  503
 277  502
 278  501
 278  500
 287  491
 287  490
 290  487
 290  485
 289  484
 289  483
 287  481
 287  480
 286  479
 286  478
 284  476
 284  475
 282  473
 282  472
 281  471
 281  470
 280  469
 280  467
 279  466
 279  461
 278  460
 278  451
 277  450
 277  446
 276  445
 276  444
 274  442
 274  441
 273  440
 273  439
 267  433
 267  432
 266  431
 265  431
 259  425
 258  425
 249  416
 248  416
 242  410
 242  408
 222  408
 221  407
 219  407
 217  405
 217  391
 218  390
 233  390
 234  391
 242  391
 243  392
 246  392
 247  393
 247  395
 258  395
 259  396
 261  396
 262  397
 264  397
 265  398
 273  398
 274  397
 276  397
 277  396
 278  396
 279  395
 280  395
 281  394
 283  394
 284  393
 286  393
 287  392
 289  392
 290  391
 293  391
 294  390
 297  390
 298  389
 299  389
 302  386
 302  385
 303  384
 303  383
 305  381
 305  380
 306  379
 306  376
 307  375
 307  373
 308  372
 310  372
 311  371
 311  369
 312  368
 312  367
 314  365
 314  363
 322  355
 322  354
 324  352
 324  351
 325  350
 325  349
 326  348
 326  347
 327  346
 327  343
 328  342
 328  339
 329  338
 329  335
 330  334
 330  330
 331  329
 331  326
 332  325
 332  324
 338  318
 338  317
 341  314
 341  312
 343  310
 343  309
 344  308
 344  306
 345  305
 345  301
 346  300
 346  294
 347  293
 347  284
 348  283
 348  279
 350  277
 350  276
 354  272
 354  271
 356  269
 356  268
 357  267
 357  266
 358  265
 358  264
 359  263
 359  262
 360  261
 360  260
 361  259
 361  258
 362  257
 362  256
 363  255
 363  253
 364  252
 364  250
 365  249
 365  247
 366  246
 366  244
 367  243
 367  240
 368  239
 368  238
 369  237
 369  236
 370  235
 370  234
 371  233
 371  232
 374  229
 374  228
 377  225
 377  224
 379  222
 379  221
 380  220
 380  219
 384  215
 384  214
 386  212
 386  211
 387  210
 387  208
 388  207
 388  206
 390  204
 390  203
 391  202
 391  201
 392  200
 392  199
 393  198
 393  197
 394  196
 394  194
 396  192
 396  191
 397  190
 397  189
 399  187
 399  186
 400  185
 400  183
 401  182
 401  181
 403  179
 403  178
 404  177
 404  176
 405  175
 405  174
 406  173
 406  172
 407  171
 407  169
 408  168
 408  165
 409  164
 409  163
 411  161
 411  160
 412  159
 412  158
 414  156
 414  153
 415  152
 415  150
 416  149
 416  148
 417  147
 417  145
 418  144
 418  142
 419  141
 419  139
 420  138
 420  134
 421  133
 421  128
 422  127
 422  123
 423  122
 423  121
 424  120
 424  118
 425  117
 425  110
 426  109
 426  104
 425  103
 425   99
 424   98
 424   95
 419   90
 418   90
 417   89
 416   89
 415   88
 414   88
 413   87
 410   87
 409   86
 405   86
 404   85
 399   85
 398   84
