 324  174
 323  175
 318  175
 317  176
 313  176
 312  177
 310  177
 309  178
 306  178
 305  179
 304  179
 303  180
 301  180
 300  181
 299  181
 298  182
 297  182
 296  183
 295  183
 294  184
 292  184
 291  185
 289  185
 288  186
 287  186
 286  187
 285  187
 284  188
 283  188
 282  189
 281  189
 280  190
 279  190
 278  191
 277  191
 276  192
 275  192
 274  193
 273  193
 272  194
 271  194
 270  195
 269  195
 267  197
 266  197
 264  199
 263  199
 262  200
 261  200
 259  202
 258  202
 256  204
 255  204
 253  206
 252  206
 250  208
 249  208
 247  210
 246  210
 243  213
 242  213
 240  215
 239  215
 236  218
 235  218
 233  220
 232  220
 229  223
 228  223
 224  227
 223  227
 219  231
 218  231
 215  234
 214  234
 213  235
 213  236
 212  237
 211  237
 204  244
 203  244
 197  250
 196  250
 186  260
 185  260
 170  275
 170  276
 163  283
 163  284
 157  290
 157  291
 154  294
 154  295
 152  297
 152  298
 150  300
 150  301
 148  303
 148  304
 146  306
 146  307
 144  309
 144  310
 143  311
 143  312
 142  313
 142  314
 140  316
 140  318
 139  319
 139  320
 136  323
 136  325
 133  328
 133  330
 132  331
 132  332
 131  333
 131  334
 130  335
 130  336
 128  338
 126  338
 125  339
 124  339
 123  340
 123  373
 120  376
 120  392
 121  393
 121  394
 123  396
 123  401
 124  402
 124  403
 125  404
 128  404
 130  406
 130  407
 131  408
 131  409
 132  410
 132  411
 133  412
 133  414
 134  415
 134  416
 135  417
 135  418
 136  419
 136  422
 137  423
 137  425
 139  427
 139  430
 140  431
 140  434
 141  435
 141  436
 142  437
 142  440
 143  441
 143  445
 144  446
 144  448
 145  449
 145  451
 146  452
 146  455
 147  456
 147  459
 148  460
 148  461
 149  462
 149  465
 150  466
 150  470
 151  471
 151  473
 152  474
 152  476
 153  477
 153  480
 154  481
 154  483
 156  485
 156  488
 157  489
 157  490
 159  492
 159  495
 160  496
 160  499
 161  500
 161  501
 162  502
 162  503
 163  504
 164  503
 164  502
 165  501
 165  498
 167  496
 168  496
 169  495
 185  495
 186  496
 187  496
 188  497
 189  497
 191  499
 191  500
 193  502
 193  506
 194  507
 194  509
 195  510
 195  511
 196  510
 196  509
 199  506
 199  505
 200  504
 201  504
 202  503
 217  503
 218  504
 219  503
 219  502
 223  498
 224  498
 225  497
 239  497
 240  498
 241  498
 241  488
 242  487
 242  484
 244  482
 245  482
 247  480
 253  480
 254  479
 255  479
 256  478
 257  478
 258  477
 257  476
 257  475
 256  474
 256  454
 257  453
 259  453
 260  452
 261  452
 262  451
 264  451
 267  448
 266  447
 266  446
 265  445
 265  444
 263  442
 263  441
 260  438
 260  437
 259  436
 259  418
 260  417
 260  414
 259  413
 259  412
 256  409
 256  408
 244  396
 243  396
 232  385
 232  384
 227  379
 226  379
 225  378
 225  364
 226  363
 245  363
 246  364
 256  364
 257  363
 260  363
 261  362
 266  362
 267  361
 286  361
 289  358
 289  357
 290  356
 290  355
 293  352
 293  350
 295  348
 295  347
 296  346
 296  345
 299  342
 299  341
 303  337
 303  336
 304  335
 304  334
 306  332
 306  330
 308  328
 308  327
 309  326
 309  324
 310  323
 310  320
 311  319
 311  318
 312  317
 312  316
 316  312
 316  311
 317  310
 317  309
 318  308
 318  307
 319  306
 319  304
 320  303
 320  301
 322  299
 322  298
 323  297
 323  293
 324  292
 324  291
 326  289
 326  288
 329  285
 329  284
 330  283
 330  282
 332  280
 332  279
 333  278
 333  277
 334  276
 334  275
 336  273
 336  272
 337  271
 337  269
 338  268
 338  266
 339  265
 339  264
 340  263
 340  261
 341  260
 341  259
 343  257
 343  255
 344  254
 344  252
 345  251
 345  250
 346  249
 346  247
 347  246
 347  245
 348  244
 348  243
 349  242
 349  240
 350  239
 350  237
 351  236
 351  234
 352  233
 352  232
 353  231
 353  228
 354  227
 354  225
 355  224
 355  223
 356  222
 356  219
 357  218
 357  215
 358  214
 358  211
 359  210
 359  205
 360  204
 360  186
 359  185
 359  184
 355  180
 354  180
 352  178
 350  178
 349  177
 348  177
 347  176
 344  176
 343  175
 339  175
 338  174
