 324  174
 323  175
 318  175
 317  176
 312  176
 311  177
 308  177
 307  178
 305  178
 304  179
 301  179
 300  180
 298  180
 297  181
 294  181
 293  182
 292  182
 291  183
 289  183
 288  184
 287  184
 286  185
 285  185
 284  186
 283  186
 282  187
 281  187
 280  188
 279  188
 277  190
 275  190
 273  192
 271  192
 269  194
 268  194
 267  195
 266  195
 265  196
 264  196
 263  197
 262  197
 260  199
 259  199
 258  200
 257  200
 256  201
 255  201
 253  203
 252  203
 251  204
 250  204
 248  206
 247  206
 246  207
 245  207
 243  209
 242  209
 241  210
 240  210
 237  213
 236  213
 234  215
 233  215
 230  218
 229  218
 226  221
 225  221
 223  223
 222  223
 220  225
 219  225
 215  229
 214  229
 210  233
 209  233
 205  237
 204  237
 199  242
 198  242
 192  248
 191  248
 185  254
 184  254
 160  278
 160  279
 156  283
 156  284
 153  287
 153  288
 151  290
 151  291
 150  292
 150  293
 147  296
 147  297
 145  299
 145  300
 143  302
 143  303
 142  304
 142  305
 140  307
 140  308
 137  311
 137  313
 136  314
 136  315
 134  317
 134  318
 133  319
 133  320
 130  323
 130  325
 128  327
 128  328
 127  329
 127  330
 122  335
 122  343
 124  345
 129  345
 130  346
 130  362
 129  363
 129  369
 128  370
 128  372
 127  373
 125  373
 124  374
 124  393
 126  395
 126  396
 127  397
 127  398
 130  401
 130  402
 131  403
 131  404
 133  406
 133  408
 134  409
 134  410
 135  411
 135  412
 136  413
 136  414
 137  415
 137  418
 139  420
 139  422
 140  423
 140  426
 141  427
 141  428
 142  429
 142  430
 143  431
 143  435
 144  436
 144  438
 145  439
 145  440
 146  441
 146  444
 147  445
 147  449
 148  450
 148  451
 149  452
 149  454
 150  455
 150  459
 151  460
 151  461
 152  462
 152  463
 153  464
 153  468
 154  469
 154  471
 155  472
 155  473
 156  474
 156  475
 157  476
 157  479
 159  481
 159  482
 160  483
 160  485
 161  486
 161  487
 162  488
 162  490
 163  491
 163  495
 164  496
 164  495
 165  494
 166  494
 167  493
 184  493
 187  496
 187  498
 188  499
 188  500
 189  501
 189  502
 190  503
 190  507
 191  508
 191  510
 192  509
 192  508
 193  507
 193  506
 198  501
 214  501
 215  502
 216  502
 216  501
 220  497
 221  497
 222  496
 237  496
 238  497
 239  497
 239  484
 240  483
 240  482
 241  481
 242  481
 243  480
 244  480
 245  479
 254  479
 256  477
 256  476
 255  475
 255  474
 254  473
 254  472
 253  471
 253  455
 254  454
 255  454
 257  452
 259  452
 260  451
 261  451
 262  450
 263  450
 265  448
 265  447
 264  446
 264  445
 263  444
 263  442
 260  439
 260  437
 258  435
 258  419
 260  417
 260  416
 261  415
 261  414
 260  413
 260  412
 259  411
 259  410
 248  399
 247  399
 236  388
 236  387
 235  386
 234  386
 233  385
 233  384
 230  381
 230  380
 228  378
 227  378
 224  375
 224  361
 225  360
 241  360
 242  361
 245  361
 246  362
 248  362
 249  363
 252  363
 253  364
 261  364
 262  363
 267  363
 268  362
 270  362
 271  361
 274  361
 275  360
 279  360
 280  359
 284  359
 287  356
 287  355
 290  352
 290  351
 291  350
 291  348
 294  345
 294  344
 295  343
 295  342
 296  341
 296  340
 303  333
 303  331
 304  330
 304  329
 306  327
 306  326
 307  325
 307  323
 308  322
 308  321
 309  320
 309  318
 310  317
 310  315
 311  314
 311  313
 316  308
 316  307
 317  306
 317  303
 318  302
 318  301
 319  300
 319  299
 320  298
 320  296
 321  295
 321  293
 322  292
 322  291
 323  290
 323  287
 327  283
 327  282
 330  279
 330  278
 331  277
 331  276
 332  275
 332  274
 333  273
 333  272
 334  271
 334  270
 336  268
 336  266
 337  265
 337  260
 340  257
 340  256
 343  253
 343  251
 344  250
 344  246
 346  244
 346  243
 347  242
 347  240
 348  239
 348  237
 349  236
 349  235
 350  234
 350  232
 353  229
 353  227
 354  226
 354  223
 355  222
 355  221
 356  220
 356  215
 357  214
 357  208
 358  207
 358  196
 357  195
 357  187
 356  186
 356  184
 352  180
 351  180
 350  179
 349  179
 348  178
 347  178
 346  177
 344  177
 343  176
 340  176
 339  175
 334  175
 333  174
