 302  204
 301  205
 298  205
 297  206
 296  206
 295  207
 293  207
 292  208
 291  208
 290  209
 289  209
 288  210
 287  210
 286  211
 284  211
 283  212
 282  212
 281  213
 280  213
 278  215
 277  215
 276  216
 275  216
 274  217
 273  217
 272  218
 271  218
 269  220
 267  220
 266  221
 265  221
 264  222
 263  222
 261  224
 260  224
 259  225
 258  225
 257  226
 256  226
 254  228
 253  228
 252  229
 251  229
 249  231
 248  231
 246  233
 245  233
 244  234
 243  234
 241  236
 240  236
 238  238
 237  238
 235  240
 234  240
 232  242
 231  242
 228  245
 227  245
 225  247
 224  247
 221  250
 220  250
 216  254
 215  254
 210  259
 209  259
 204  264
 203  264
 193  274
 192  274
 187  279
 186  279
 185  280
 184  280
 183  281
 179  281
 177  283
 176  283
 170  289
 169  289
 164  294
 164  295
 158  301
 158  302
 152  308
 151  308
 151  309
 149  311
 148  311
 148  312
 147  313
 147  338
 148  339
 157  339
 158  340
 158  360
 157  361
 155  361
 153  363
 153  400
 155  402
 159  402
 161  404
 161  410
 163  412
 171  412
 172  413
 173  413
 175  415
 176  415
 182  421
 183  421
 184  422
 184  423
 187  426
 187  427
 191  431
 191  432
 193  434
 193  436
 194  437
 194  438
 195  439
 195  440
 196  441
 196  443
 197  444
 197  453
 198  454
 198  457
 199  458
 199  460
 200  461
 200  462
 201  463
 201  465
 203  467
 203  468
 208  473
 208  474
 209  475
 210  475
 213  478
 214  478
 216  480
 217  480
 219  482
 220  482
 221  483
 223  483
 224  484
 230  484
 231  485
 234  485
 235  484
 243  484
 244  483
 246  483
 247  482
 251  482
 252  481
 253  481
 254  480
 255  480
 256  479
 257  479
 258  478
 259  478
 261  476
 262  476
 263  475
 264  475
 266  473
 267  473
 269  471
 270  471
 271  470
 272  470
 274  468
 275  468
 277  466
 278  466
 281  463
 282  463
 287  458
 287  457
 293  451
 293  450
 295  448
 295  447
 297  445
 297  443
 299  441
 299  440
 300  439
 300  437
 301  436
 301  433
 302  432
 302  430
 303  429
 303  424
 304  423
 304  418
 305  417
 304  416
 304  410
 303  409
 303  408
 302  407
 302  406
 301  405
 301  404
 300  403
 300  402
 299  401
 299  400
 298  399
 298  398
 296  396
 296  395
 292  391
 292  390
 290  388
 290  387
 286  383
 286  382
 283  379
 282  379
 278  375
 277  375
 276  374
 275  374
 272  371
 271  371
 269  369
 268  369
 267  368
 266  368
 265  367
 264  367
 262  365
 262  351
 263  350
 266  350
 267  349
 281  349
 282  348
 283  348
 284  347
 285  347
 288  344
 290  344
 292  342
 293  342
 294  341
 295  341
 300  336
 301  336
 305  332
 306  332
 306  331
 313  324
 313  323
 316  320
 316  319
 317  318
 317  317
 319  315
 319  314
 320  313
 320  312
 322  310
 322  309
 323  308
 323  307
 324  306
 324  304
 325  303
 325  302
 326  301
 326  300
 327  299
 327  295
 328  294
 328  292
 329  291
 329  289
 330  288
 330  285
 331  284
 331  278
 332  277
 332  270
 333  269
 333  261
 334  260
 334  242
 333  241
 333  234
 332  233
 332  231
 331  230
 331  228
 330  227
 330  225
 329  224
 329  223
 328  222
 328  221
 327  220
 327  219
 326  218
 326  217
 325  216
 325  215
 320  210
 320  209
 319  209
 317  207
 316  207
 315  206
 314  206
 313  205
 312  205
 311  204
