 316  152
 315  153
 312  153
 311  154
 307  154
 306  155
 305  155
 304  156
 301  156
 300  157
 299  157
 298  158
 297  158
 296  159
 295  159
 294  160
 292  160
 290  162
 288  162
 287  163
 286  163
 284  165
 283  165
 282  166
 281  166
 279  168
 278  168
 276  170
 275  170
 273  172
 272  172
 270  174
 269  174
 267  176
 266  176
 262  180
 261  180
 257  184
 256  184
 253  187
 252  187
 247  192
 246  192
 243  195
 242  195
 239  198
 238  198
 233  203
 232  203
 226  209
 225  209
 218  216
 217  216
 204  229
 203  229
 192  240
 192  241
 182  251
 182  252
 173  261
 172  261
 170  263
 169  263
 168  264
 160  264
 158  266
 157  266
 156  267
 156  268
 152  272
 152  273
 151  274
 151  275
 142  284
 141  284
 139  286
 138  286
 136  288
 135  288
 133  290
 132  290
 130  292
 129  292
 128  293
 127  293
 125  295
 124  295
 123  296
 123  297
 122  298
 122  343
 124  345
 125  345
 126  346
 126  381
 128  383
 128  384
 129  385
 129  386
 131  388
 131  389
 133  391
 133  392
 135  394
 135  395
 136  396
 136  397
 138  399
 138  400
 140  402
 140  403
 142  405
 142  406
 143  407
 143  408
 146  411
 146  412
 148  414
 148  415
 149  416
 149  417
 150  418
 150  419
 152  421
 152  422
 153  423
 153  424
 155  426
 155  427
 156  428
 156  429
 157  430
 157  431
 159  433
 159  434
 160  435
 160  436
 162  438
 162  439
 163  440
 163  441
 165  443
 165  444
 166  445
 166  446
 167  447
 167  448
 168  449
 168  450
 169  451
 169  452
 170  453
 170  454
 172  456
 172  458
 174  460
 174  461
 176  463
 176  464
 177  465
 177  466
 178  467
 178  468
 179  469
 179  470
 181  472
 181  473
 182  474
 182  475
 183  476
 183  477
 185  479
 185  480
 186  481
 186  482
 187  483
 187  484
 188  485
 188  508
 189  509
 189  510
 190  511
 190  512
 192  514
 192  515
 193  516
 193  517
 200  524
 201  524
 202  525
 203  525
 205  527
 206  527
 207  528
 208  528
 209  529
 210  529
 211  530
 213  530
 214  531
 215  531
 216  532
 219  532
 220  533
 223  533
 224  534
 228  534
 229  535
 232  535
 233  536
 243  536
 244  535
 247  535
 248  534
 253  534
 254  533
 256  533
 257  532
 259  532
 260  531
 262  531
 263  530
 264  530
 265  529
 267  529
 269  527
 270  527
 271  526
 272  526
 273  525
 274  525
 275  524
 276  524
 277  523
 278  523
 280  521
 281  521
 282  520
 283  520
 285  518
 286  518
 289  515
 290  515
 293  512
 294  512
 312  494
 312  493
 314  491
 314  490
 315  489
 315  488
 317  486
 317  485
 318  484
 318  483
 319  482
 319  481
 320  480
 320  479
 321  478
 321  475
 322  474
 322  472
 323  471
 323  469
 324  468
 324  466
 325  465
 325  462
 326  461
 326  459
 327  458
 327  452
 328  451
 328  445
 327  444
 327  439
 326  438
 326  435
 325  434
 325  430
 324  429
 324  427
 323  426
 323  425
 322  424
 322  423
 321  422
 321  420
 320  419
 320  418
 318  416
 318  415
 315  412
 315  411
 314  410
 314  409
 310  405
 310  404
 296  390
 295  390
 290  385
 289  385
 284  380
 283  380
 281  378
 280  378
 277  375
 276  375
 274  373
 273  373
 271  371
 270  371
 268  369
 267  369
 266  368
 265  368
 263  366
 262  366
 261  365
 260  365
 259  364
 258  364
 255  361
 255  347
 256  346
 276  346
 277  345
 298  345
 299  344
 301  344
 303  342
 304  342
 305  341
 306  341
 307  340
 309  340
 311  338
 312  338
 315  335
 316  335
 327  324
 327  323
 330  320
 330  319
 331  318
 331  317
 333  315
 333  314
 334  313
 334  312
 335  311
 335  310
 337  308
 337  307
 338  306
 338  305
 339  304
 339  303
 340  302
 340  301
 341  300
 341  299
 342  298
 342  297
 343  296
 343  294
 344  293
 344  292
 345  291
 345  289
 346  288
 346  286
 347  285
 347  284
 348  283
 348  279
 349  278
 349  274
 350  273
 350  271
 351  270
 351  266
 352  265
 352  260
 353  259
 353  255
 354  254
 354  248
 355  247
 355  240
 356  239
 356  234
 357  233
 357  228
 358  227
 358  208
 357  207
 357  203
 356  202
 356  200
 355  199
 355  195
 354  194
 354  191
 353  190
 353  189
 352  188
 352  186
 351  185
 351  183
 350  182
 350  181
 349  180
 349  179
 348  178
 348  177
 347  176
 347  175
 345  173
 345  172
 342  169
 342  168
 332  158
 331  158
 329  156
 328  156
 327  155
 325  155
 324  154
 321  154
 320  153
 317  153
