 403  105
 402  106
 396  106
 395  107
 390  107
 389  108
 387  108
 386  109
 383  109
 382  110
 381  110
 380  111
 378  111
 377  112
 375  112
 374  113
 372  113
 371  114
 369  114
 368  115
 367  115
 366  116
 364  116
 363  117
 362  117
 361  118
 359  118
 358  119
 357  119
 356  120
 354  120
 353  121
 352  121
 351  122
 350  122
 349  123
 348  123
 347  124
 346  124
 345  125
 343  125
 342  126
 341  126
 340  127
 339  127
 338  128
 337  128
 336  129
 334  129
 332  131
 330  131
 328  133
 327  133
 326  134
 325  134
 324  135
 323  135
 322  136
 321  136
 320  137
 319  137
 318  138
 317  138
 316  139
 315  139
 314  140
 313  140
 311  142
 310  142
 309  143
 308  143
 307  144
 306  144
 304  146
 303  146
 302  147
 301  147
 299  149
 298  149
 296  151
 295  151
 293  153
 292  153
 290  155
 289  155
 287  157
 286  157
 283  160
 282  160
 280  162
 279  162
 277  164
 276  164
 274  166
 273  166
 271  168
 270  168
 267  171
 266  171
 263  174
 262  174
 258  178
 257  178
 254  181
 253  181
 250  184
 249  184
 244  189
 243  189
 240  192
 239  192
 236  195
 235  195
 233  197
 232  197
 230  199
 229  199
 228  200
 227  200
 224  203
 223  203
 221  205
 220  205
 218  207
 217  207
 213  211
 212  211
 200  223
 199  223
 192  230
 191  230
 183  238
 182  238
 179  241
 178  241
 173  246
 172  246
 169  249
 168  249
 165  252
 164  252
 161  255
 160  255
 158  257
 157  257
 154  260
 153  260
 151  262
 150  262
 147  265
 146  265
 143  268
 142  268
 132  278
 131  278
 114  295
 114  296
 112  298
 111  298
 111  299
 105  305
 104  305
  91  318
  91  319
  89  321
  88  321
  88  322
  80  330
  80  331
  75  336
  75  337
  71  341
  71  342
  68  345
  68  346
  67  347
  67  348
  64  351
  64  353
  61  356
  61  357
  59  359
  59  360
  57  362
  57  363
  56  364
  51  364
  50  365
  50  414
  48  416
  48  417
  46  419
  46  420
  44  422
  44  423
  43  424
  43  426
  41  428
  35  428
  34  429
  34  430
  33  431
  33  433
  34  434
  34  435
  35  436
  36  436
  37  437
  37  459
  36  460
  36  463
  35  464
  35  467
  34  468
  34  481
  35  482
  35  488
  36  489
  36  490
  37  491
  37  492
  38  493
  38  494
  40  496
  40  498
  41  499
  41  500
  42  501
  42  502
  43  503
  43  505
  44  506
  44  507
  45  508
  45  509
  47  511
  47  512
  48  513
  48  514
  49  515
  49  516
  50  517
  50  518
  54  522
  54  523
  60  529
  61  529
  62  530
  63  530
  64  531
  65  531
  66  532
  67  532
  68  533
  70  533
  71  534
  72  534
  73  535
  74  535
  75  536
  77  536
  78  537
  90  537
  91  538
  93  538
 102  547
 103  547
 111  555
 112  555
 114  557
 114  559
 117  562
 117  564
 119  566
 120  566
 122  568
 123  568
 124  569
 127  569
 128  570
 130  570
 131  571
 134  571
 135  572
 136  572
 137  573
 139  573
 140  574
 141  574
 143  576
 144  576
 145  577
 146  577
 147  578
 148  578
 150  580
 151  580
 152  581
 153  581
 154  582
 156  582
 157  583
 158  582
 161  582
 162  581
 163  581
 164  580
 165  580
 166  579
 166  578
 173  571
 174  571
 175  570
 177  570
 178  569
 185  569
 186  568
 188  568
 189  567
 190  567
 191  566
 192  566
 193  565
 193  564
 196  561
 196  560
 197  559
 197  558
 199  556
 199  554
 200  553
 200  548
 202  546
 202  545
 203  544
 203  543
 204  542
 205  542
 207  540
 209  540
 210  539
 211  539
 212  538
 213  538
 214  537
 215  537
 220  532
 220  531
 223  528
 223  524
 224  523
 224  513
 225  512
 225  511
 226  510
 226  509
 230  505
 231  505
 234  502
 235  502
 237  500
 237  499
 240  496
 240  486
 239  485
 239  469
 240  468
 240  466
 241  465
 241  464
 242  463
 241  462
 241  461
 240  460
 240  457
 237  454
 237  453
 234  450
 234  449
 230  445
 230  444
 227  441
 227  440
 223  436
 223  435
 220  432
 220  431
 217  428
 205  428
 204  427
 202  427
 201  426
 201  412
 202  411
 222  411
 223  412
 232  412
 233  413
 257  413
 258  412
 263  412
 264  411
 271  411
 272  410
 280  410
 281  409
 282  409
 283  408
 284  408
 288  404
 288  403
 290  401
 290  400
 291  399
 293  399
 294  398
 294  396
 297  393
 297  392
 299  390
 299  389
 301  387
 301  386
 304  383
 304  382
 305  381
 305  380
 307  378
 307  376
 308  375
 308  374
 310  372
 310  371
 311  370
 311  369
 313  367
 313  366
 314  365
 314  363
 316  361
 316  360
 317  359
 317  358
 320  355
 320  354
 321  353
 321  352
 324  349
 324  348
 327  345
 327  344
 329  342
 329  341
 330  340
 330  339
 331  338
 331  337
 332  336
 332  335
 334  333
 334  331
 336  329
 336  328
 337  327
 337  326
 338  325
 338  324
 340  322
 340  321
 341  320
 341  319
 343  317
 343  316
 344  315
 344  313
 345  312
 345  311
 347  309
 347  307
 350  304
 350  303
 351  302
 351  301
 353  299
 353  298
 357  294
 357  293
 360  290
 360  289
 361  288
 361  287
 363  285
 363  284
 370  277
 370  276
 371  275
 371  274
 373  272
 373  271
 374  270
 374  269
 376  267
 376  266
 377  265
 377  264
 378  263
 378  262
 380  260
 380  259
 383  256
 383  255
 384  254
 384  253
 390  247
 390  246
 391  245
 391  244
 393  242
 393  241
 394  240
 394  239
 397  236
 397  235
 403  229
 403  228
 407  224
 407  223
 410  220
 410  219
 411  218
 411  217
 413  215
 413  214
 414  213
 414  212
 417  209
 417  207
 418  206
 418  205
 419  204
 419  203
 420  202
 420  201
 421  200
 421  199
 424  196
 424  195
 426  193
 426  192
 427  191
 427  190
 428  189
 428  188
 430  186
 430  185
 431  184
 431  183
 432  182
 432  181
 433  180
 433  179
 434  178
 434  177
 435  176
 435  175
 436  174
 436  173
 437  172
 437  169
 438  168
 438  164
 440  162
 440  161
 441  160
 441  158
 442  157
 442  156
 443  155
 443  154
 444  153
 444  150
 445  149
 445  147
 446  146
 446  144
 447  143
 447  137
 448  136
 448  132
 447  131
 447  126
 446  125
 446  123
 445  122
 445  121
 444  120
 444  118
 438  112
 437  112
 435  110
 434  110
 433  109
 431  109
 430  108
 429  108
 428  107
 423  107
 422  106
 417  106
 416  105
