 341  124
 340  125
 335  125
 334  126
 329  126
 328  127
 326  127
 325  128
 322  128
 321  129
 319  129
 318  130
 316  130
 315  131
 313  131
 312  132
 310  132
 309  133
 307  133
 306  134
 304  134
 303  135
 301  135
 300  136
 299  136
 298  137
 296  137
 295  138
 294  138
 293  139
 291  139
 290  140
 289  140
 288  141
 287  141
 286  142
 285  142
 284  143
 283  143
 282  144
 281  144
 280  145
 279  145
 278  146
 277  146
 276  147
 275  147
 274  148
 273  148
 272  149
 271  149
 270  150
 269  150
 267  152
 266  152
 265  153
 264  153
 262  155
 261  155
 260  156
 259  156
 257  158
 256  158
 255  159
 254  159
 252  161
 251  161
 250  162
 249  162
 247  164
 246  164
 244  166
 243  166
 241  168
 240  168
 238  170
 237  170
 234  173
 233  173
 231  175
 230  175
 227  178
 226  178
 223  181
 222  181
 216  187
 215  187
 211  191
 210  191
 203  198
 202  198
 191  209
 190  209
 169  230
 169  231
 162  238
 162  239
 159  242
 159  243
 154  248
 154  249
 151  252
 151  253
 149  255
 149  256
 146  259
 146  260
 144  262
 144  263
 142  265
 142  266
 139  269
 139  270
 138  271
 138  272
 136  274
 136  275
 134  277
 134  278
 132  280
 132  281
 131  282
 131  283
 130  284
 130  285
 129  286
 129  287
 128  288
 128  289
 127  290
 127  291
 126  292
 126  294
 125  295
 125  297
 124  298
 124  299
 123  300
 123  302
 122  303
 122  304
 120  306
 117  306
 116  307
 115  307
 115  320
 116  321
 116  322
 117  322
 118  323
 122  323
 123  324
 123  339
 122  340
 122  366
 121  367
 118  367
 116  369
 116  389
 121  394
 121  395
 122  396
 122  398
 123  399
 123  400
 124  401
 124  403
 125  404
 125  406
 126  407
 126  427
 127  428
 127  433
 128  434
 128  439
 129  440
 129  442
 130  443
 130  445
 131  446
 131  447
 132  448
 132  450
 133  451
 133  452
 134  453
 134  454
 135  455
 135  457
 136  458
 136  459
 137  460
 137  462
 138  463
 138  464
 139  465
 139  467
 140  468
 140  471
 141  472
 141  473
 142  474
 142  476
 143  477
 143  479
 144  480
 144  482
 145  483
 145  486
 146  487
 146  489
 147  490
 147  492
 148  493
 148  495
 149  496
 149  498
 150  499
 150  500
 151  501
 151  502
 152  503
 152  504
 153  505
 153  506
 156  509
 157  509
 158  510
 159  510
 160  511
 162  511
 163  512
 164  512
 166  514
 166  515
 167  516
 167  517
 168  518
 168  519
 169  520
 169  521
 170  522
 170  523
 173  526
 173  528
 176  531
 176  532
 178  534
 178  535
 179  536
 179  537
 182  540
 182  541
 187  546
 188  546
 189  547
 191  547
 192  546
 209  546
 210  547
 211  547
 212  548
 213  548
 214  549
 215  549
 216  550
 218  550
 219  549
 236  549
 237  550
 238  550
 246  558
 247  558
 251  562
 253  562
 255  560
 255  556
 254  555
 254  553
 252  551
 252  548
 251  547
 251  546
 250  545
 250  544
 249  543
 249  542
 248  541
 248  539
 247  538
 247  537
 246  536
 246  535
 245  534
 245  515
 246  514
 248  514
 249  513
 252  513
 253  512
 255  512
 256  511
 257  511
 260  508
 260  504
 259  503
 259  480
 262  477
 263  477
 264  476
 265  476
 267  474
 268  474
 272  470
 272  468
 271  467
 271  464
 270  463
 270  447
 271  446
 271  445
 273  443
 274  443
 275  442
 275  441
 278  438
 278  437
 277  436
 277  434
 275  432
 275  430
 274  429
 274  427
 273  426
 273  410
 274  409
 274  408
 273  407
 273  406
 271  404
 271  403
 268  400
 267  400
 260  393
 259  393
 254  388
 253  388
 250  385
 249  385
 246  382
 245  382
 243  380
 242  380
 240  378
 239  378
 237  376
 237  354
 238  353
 248  353
 249  352
 262  352
 263  351
 266  351
 267  350
 270  350
 271  349
 272  349
 274  347
 274  346
 276  344
 276  343
 281  338
 281  337
 283  335
 283  334
 285  332
 285  329
 286  328
 286  327
 287  326
 287  325
 289  323
 293  323
 295  321
 295  318
 296  317
 296  312
 297  311
 297  308
 298  307
 298  304
 300  302
 300  301
 301  300
 301  299
 303  297
 303  296
 305  294
 305  274
 306  273
 306  271
 308  269
 308  268
 309  267
 309  266
 310  265
 310  264
 311  263
 311  260
 312  259
 312  242
 313  241
 313  240
 314  239
 314  238
 315  237
 315  236
 317  234
 317  233
 318  232
 318  231
 319  230
 319  229
 321  227
 321  226
 322  225
 322  222
 323  221
 323  220
 324  219
 324  218
 325  217
 325  216
 327  214
 327  213
 332  208
 332  207
 345  194
 345  193
 347  191
 347  190
 348  189
 348  188
 350  186
 350  185
 352  183
 352  182
 354  180
 354  179
 355  178
 355  177
 358  174
 358  172
 359  171
 359  169
 360  168
 360  167
 361  166
 361  165
 362  164
 362  161
 363  160
 363  157
 364  156
 364  155
 365  154
 365  150
 366  149
 366  139
 365  138
 365  134
 364  133
 364  132
 362  130
 362  129
 361  128
 360  128
 359  127
 358  127
 357  126
 354  126
 353  125
 349  125
 348  124
