 387   62
 386   63
 378   63
 377   64
 374   64
 373   65
 369   65
 368   66
 366   66
 365   67
 362   67
 361   68
 359   68
 358   69
 356   69
 355   70
 352   70
 351   71
 350   71
 349   72
 346   72
 345   73
 344   73
 343   74
 341   74
 340   75
 339   75
 338   76
 336   76
 335   77
 333   77
 332   78
 330   78
 329   79
 328   79
 327   80
 325   80
 324   81
 323   81
 322   82
 320   82
 319   83
 318   83
 317   84
 316   84
 315   85
 314   85
 313   86
 312   86
 311   87
 310   87
 309   88
 308   88
 307   89
 306   89
 305   90
 304   90
 302   92
 301   92
 300   93
 299   93
 298   94
 297   94
 296   95
 295   95
 294   96
 293   96
 292   97
 291   97
 289   99
 288   99
 287  100
 286  100
 285  101
 284  101
 283  102
 282  102
 281  103
 280  103
 278  105
 277  105
 276  106
 275  106
 274  107
 273  107
 271  109
 270  109
 269  110
 268  110
 267  111
 266  111
 265  112
 264  112
 262  114
 261  114
 259  116
 258  116
 256  118
 255  118
 254  119
 253  119
 251  121
 250  121
 248  123
 247  123
 245  125
 244  125
 241  128
 240  128
 238  130
 237  130
 235  132
 234  132
 232  134
 231  134
 228  137
 227  137
 224  140
 223  140
 220  143
 219  143
 216  146
 215  146
 212  149
 211  149
 208  152
 207  152
 204  155
 203  155
 200  158
 199  158
 196  161
 195  161
 191  165
 190  165
 185  170
 184  170
 180  174
 179  174
 173  180
 172  180
 160  192
 159  192
 156  195
 156  196
 154  198
 153  198
 141  210
 140  210
 134  216
 133  216
 128  221
 127  221
 120  228
 119  228
 119  229
 117  231
 116  231
 116  232
 114  234
 113  234
 109  238
 109  239
 107  241
 106  241
 106  242
  96  252
  96  253
  89  260
  89  261
  85  265
  85  266
  82  269
  82  270
  79  273
  79  274
  75  278
  75  279
  72  282
  72  283
  68  287
  68  288
  63  293
  63  294
  59  298
  59  299
  55  303
  55  304
  52  307
  52  308
  49  311
  49  312
  48  313
  48  314
  45  317
  45  318
  43  320
  43  321
  42  322
  42  323
  41  324
  41  325
  37  329
  33  329
  32  330
  32  379
  33  380
  45  380
  46  381
  46  395
  43  398
  43  400
  42  401
  42  405
  40  407
  35  407
  34  408
  34  418
  37  421
  37  422
  38  423
  38  428
  44  434
  44  435
  45  436
  45  437
  48  440
  48  441
  49  442
  49  443
  50  444
  50  445
  51  446
  51  447
  52  448
  52  451
  54  453
  54  454
  55  455
  55  456
  56  457
  56  458
  58  460
  58  461
  59  462
  59  464
  61  466
  61  467
  62  468
  62  470
  64  472
  64  473
  65  474
  65  475
  66  476
  66  477
  67  478
  67  479
  69  481
  69  483
  72  486
  72  488
  74  490
  74  491
  75  492
  75  493
  76  494
  76  495
  78  497
  78  498
  79  499
  79  501
  82  504
  82  506
  85  509
  85  511
  87  513
  87  514
  89  516
  89  518
  91  520
  91  521
  92  522
  92  523
  93  524
  93  525
  95  527
  95  528
  96  529
  96  530
  98  532
  98  533
  99  534
  99  535
 101  537
 101  538
 102  539
 102  541
 104  543
 104  544
 105  545
 105  546
 106  547
 106  548
 108  550
 108  551
 109  552
 109  554
 110  555
 110  556
 112  558
 112  560
 113  561
 113  562
 115  564
 115  565
 116  566
 116  567
 118  569
 118  570
 119  571
 119  572
 121  574
 121  575
 122  576
 122  577
 123  578
 123  580
 125  582
 125  585
 126  586
 126  589
 127  590
 127  591
 129  593
 129  594
 130  595
 130  596
 132  598
 132  599
 133  600
 133  601
 134  602
 135  602
 143  610
 143  611
 144  612
 144  613
 145  614
 145  616
 146  617
 146  618
 151  623
 152  623
 153  624
 154  624
 155  625
 165  625
 166  624
 167  624
 171  620
 171  619
 176  614
 178  614
 179  613
 198  613
 199  614
 200  613
 201  613
 202  612
 203  612
 205  610
 206  610
 208  608
 209  608
 212  605
 212  604
 214  602
 214  600
 215  599
 215  595
 216  594
 216  593
 223  586
 224  586
 225  585
 226  585
 227  584
 228  584
 229  583
 235  583
 236  582
 239  582
 240  581
 242  581
 243  580
 244  580
 248  576
 248  575
 251  572
 251  571
 252  570
 252  564
 253  563
 253  554
 254  553
 254  551
 255  550
 255  548
 260  543
 261  543
 263  541
 265  541
 267  539
 268  539
 270  537
 271  537
 271  536
 275  532
 275  531
 277  529
 277  528
 278  527
 278  520
 277  519
 277  517
 276  516
 276  496
 277  495
 277  494
 278  493
 278  491
 279  490
 279  487
 282  484
 283  484
 288  479
 288  475
 286  473
 286  472
 285  471
 285  470
 282  467
 282  466
 276  460
 276  459
 275  458
 275  456
 274  455
 274  454
 273  453
 273  452
 272  451
 272  444
 271  443
 271  438
 270  437
 270  435
 269  434
 269  432
 268  431
 268  430
 265  427
 265  426
 259  420
 258  420
 255  417
 255  407
 223  407
 221  405
 219  405
 218  404
 218  390
 219  389
 239  389
 240  390
 248  390
 249  391
 256  391
 257  392
 257  402
 258  402
 258  395
 259  394
 263  394
 264  393
 273  393
 274  392
 278  392
 279  391
 282  391
 283  390
 286  390
 287  389
 291  389
 302  378
 302  377
 304  375
 304  374
 305  373
 305  372
 309  368
 309  367
 313  363
 314  363
 328  349
 328  348
 331  345
 331  344
 332  343
 332  339
 333  338
 333  336
 334  335
 334  334
 335  333
 335  330
 336  329
 336  327
 337  326
 337  325
 338  324
 338  323
 339  322
 339  321
 342  318
 342  317
 346  313
 346  312
 351  307
 351  306
 352  305
 352  304
 354  302
 354  301
 355  300
 355  299
 356  298
 356  297
 357  296
 357  295
 358  294
 358  292
 359  291
 359  287
 360  286
 360  283
 361  282
 361  280
 362  279
 362  275
 363  274
 363  273
 364  272
 364  271
 368  267
 368  266
 371  263
 371  262
 372  261
 372  260
 375  257
 375  256
 378  253
 378  252
 379  251
 379  250
 380  249
 380  248
 381  247
 381  246
 382  245
 382  243
 383  242
 383  240
 384  239
 384  238
 385  237
 385  234
 386  233
 386  229
 387  228
 387  227
 388  226
 388  225
 405  208
 405  207
 408  204
 408  203
 409  202
 409  201
 411  199
 411  198
 412  197
 412  195
 413  194
 413  192
 414  191
 414  190
 415  189
 415  187
 416  186
 416  184
 418  182
 418  181
 419  180
 419  178
 420  177
 420  176
 425  171
 425  170
 427  168
 427  167
 428  166
 428  165
 429  164
 429  163
 430  162
 430  161
 431  160
 431  158
 432  157
 432  153
 433  152
 433  149
 435  147
 435  146
 436  145
 436  144
 437  143
 437  142
 438  141
 438  140
 439  139
 439  135
 440  134
 440  132
 442  130
 442  129
 443  128
 443  127
 444  126
 444  125
 445  124
 445  121
 446  120
 446  115
 447  114
 447  111
 448  110
 448  104
 449  103
 449   91
 448   90
 448   88
 447   87
 447   86
 446   85
 446   83
 445   82
 445   81
 437   73
 436   73
 434   71
 433   71
 432   70
 431   70
 430   69
 429   69
 428   68
 427   68
 426   67
 424   67
 423   66
 420   66
 419   65
 412   65
 411   64
 405   64
 404   63
 391   63
 390   62
