 332  158
 331  159
 325  159
 324  160
 322  160
 321  161
 317  161
 316  162
 314  162
 313  163
 310  163
 309  164
 307  164
 306  165
 305  165
 304  166
 301  166
 300  167
 299  167
 298  168
 296  168
 295  169
 294  169
 293  170
 291  170
 290  171
 289  171
 288  172
 286  172
 285  173
 284  173
 283  174
 282  174
 281  175
 280  175
 279  176
 278  176
 277  177
 275  177
 274  178
 273  178
 272  179
 271  179
 270  180
 269  180
 268  181
 267  181
 266  182
 265  182
 264  183
 263  183
 262  184
 261  184
 260  185
 259  185
 257  187
 256  187
 255  188
 254  188
 253  189
 252  189
 250  191
 249  191
 248  192
 247  192
 246  193
 245  193
 243  195
 242  195
 240  197
 239  197
 237  199
 236  199
 234  201
 233  201
 231  203
 230  203
 228  205
 227  205
 225  207
 224  207
 221  210
 220  210
 217  213
 216  213
 212  217
 211  217
 205  223
 204  223
 199  228
 198  228
 192  234
 191  234
 185  240
 184  240
 176  248
 175  248
 166  257
 165  257
 161  261
 161  262
 159  264
 158  264
 158  265
 147  276
 147  277
 142  282
 142  283
 138  287
 138  288
 134  292
 134  293
 130  297
 130  298
 128  300
 128  301
 127  302
 127  303
 125  305
 125  306
 124  307
 124  308
 121  311
 121  312
 118  315
 118  316
 111  323
 107  323
 105  325
 105  333
 107  335
 114  335
 115  336
 115  350
 112  353
 112  354
 110  356
 110  357
 109  358
 109  360
 108  361
 108  367
 107  368
 107  373
 106  374
 102  374
 101  375
 101  385
 102  386
 102  387
 103  388
 103  390
 104  391
 104  394
 105  395
 105  396
 106  397
 106  398
 107  399
 107  403
 108  404
 108  406
 109  407
 109  408
 110  409
 110  411
 111  412
 111  414
 113  416
 113  417
 114  418
 114  419
 115  420
 115  421
 117  423
 117  425
 118  426
 118  427
 120  429
 120  430
 121  431
 121  433
 123  435
 123  436
 124  437
 124  438
 125  439
 125  440
 127  442
 127  443
 128  444
 128  445
 131  448
 131  449
 132  450
 132  451
 134  453
 134  454
 137  457
 137  458
 139  460
 139  461
 141  463
 141  464
 148  471
 148  472
 167  491
 168  491
 171  494
 172  494
 174  496
 175  496
 176  497
 178  497
 179  498
 181  498
 182  499
 183  499
 185  501
 185  502
 186  503
 186  505
 187  506
 187  511
 188  512
 188  513
 191  516
 191  517
 194  520
 194  521
 202  529
 205  529
 210  524
 210  523
 212  521
 213  521
 214  520
 215  520
 216  519
 230  519
 232  521
 233  521
 235  523
 236  523
 238  525
 241  525
 243  523
 243  522
 244  521
 244  519
 245  518
 245  516
 246  515
 246  513
 247  512
 247  511
 249  509
 250  509
 251  508
 267  508
 268  509
 272  509
 273  508
 273  507
 274  506
 274  504
 273  503
 273  500
 272  499
 272  498
 271  497
 271  481
 274  478
 275  478
 276  477
 279  477
 280  476
 282  476
 283  475
 284  475
 287  472
 287  467
 286  466
 286  465
 284  463
 284  461
 283  460
 283  459
 281  457
 281  456
 280  455
 280  440
 282  438
 283  438
 286  435
 287  435
 288  434
 288  433
 287  432
 287  431
 284  428
 284  427
 283  426
 283  425
 277  419
 277  418
 274  415
 274  414
 268  408
 267  408
 263  404
 263  403
 262  402
 262  401
 261  400
 261  393
 260  392
 260  389
 257  386
 257  385
 255  383
 255  369
 256  368
 259  368
 259  362
 260  361
 268  361
 269  360
 286  360
 287  359
 288  359
 289  358
 290  358
 295  353
 296  353
 297  352
 298  352
 301  349
 301  348
 303  346
 303  345
 305  343
 306  343
 307  342
 308  342
 312  338
 312  336
 313  335
 315  335
 320  330
 320  329
 321  328
 321  327
 322  326
 322  324
 323  323
 323  321
 324  320
 324  318
 325  317
 326  317
 332  311
 332  310
 333  309
 333  308
 334  307
 334  305
 335  304
 335  303
 337  301
 337  300
 338  299
 338  298
 339  297
 339  296
 340  295
 340  290
 341  289
 341  287
 347  281
 347  280
 348  279
 348  277
 350  275
 350  274
 353  271
 353  270
 354  269
 354  265
 355  264
 355  262
 361  256
 361  255
 364  252
 364  250
 366  248
 366  247
 367  246
 367  245
 368  244
 368  243
 369  242
 369  241
 370  240
 370  236
 371  235
 371  233
 372  232
 372  231
 373  230
 373  229
 374  228
 374  225
 375  224
 375  222
 376  221
 376  220
 377  219
 377  215
 378  214
 378  209
 379  208
 379  205
 380  204
 380  195
 379  194
 379  191
 378  190
 378  187
 377  186
 377  183
 376  182
 376  181
 375  180
 375  179
 374  178
 374  176
 371  173
 371  172
 370  171
 370  170
 367  167
 366  167
 364  165
 363  165
 361  163
 360  163
 359  162
 358  162
 357  161
 355  161
 354  160
 353  160
 352  159
 348  159
 347  158
