 401   79
 400   80
 392   80
 391   81
 388   81
 387   82
 383   82
 382   83
 380   83
 379   84
 376   84
 375   85
 372   85
 371   86
 370   86
 369   87
 366   87
 365   88
 364   88
 363   89
 361   89
 360   90
 358   90
 357   91
 356   91
 355   92
 353   92
 352   93
 351   93
 350   94
 349   94
 348   95
 347   95
 346   96
 345   96
 344   97
 343   97
 342   98
 340   98
 338  100
 336  100
 334  102
 333  102
 332  103
 331  103
 330  104
 329  104
 328  105
 327  105
 325  107
 324  107
 322  109
 321  109
 320  110
 319  110
 317  112
 316  112
 314  114
 313  114
 310  117
 309  117
 307  119
 306  119
 303  122
 302  122
 300  124
 299  124
 296  127
 295  127
 292  130
 291  130
 287  134
 286  134
 284  136
 283  136
 279  140
 278  140
 276  142
 275  142
 271  146
 270  146
 267  149
 266  149
 261  154
 260  154
 255  159
 254  159
 249  164
 248  164
 243  169
 242  169
 238  173
 237  173
 230  180
 229  180
 222  187
 221  187
 216  192
 215  192
 207  200
 206  200
 200  206
 199  206
 193  212
 192  212
 190  214
 189  214
 188  215
 187  215
 186  216
 184  216
 184  219
 183  220
 183  221
 180  224
 179  224
 166  237
 165  237
 159  243
 158  243
 153  248
 152  248
 144  256
 143  256
 134  265
 133  265
 120  278
 119  278
 110  287
 109  287
  69  327
  69  328
  65  332
  65  333
  62  336
  62  337
  58  341
  58  342
  57  343
  57  344
  55  346
  40  346
  39  347
  39  348
  38  349
  38  368
  39  369
  39  370
  40  371
  54  371
  55  372
  55  386
  54  387
  53  387
  50  390
  50  391
  49  392
  49  393
  48  394
  48  395
  47  396
  47  397
  46  398
  46  399
  45  400
  45  405
  44  406
  44  418
  43  419
  43  430
  42  431
  36  431
  35  432
  35  474
  36  475
  36  483
  37  484
  37  485
  38  486
  39  486
  41  488
  41  491
  42  492
  42  496
  43  497
  43  499
  45  501
  45  502
  47  504
  47  506
  48  507
  48  508
  49  509
  49  510
  50  511
  50  514
  51  515
  51  516
  52  517
  52  518
  53  519
  53  520
  55  522
  55  523
  58  526
  58  527
  59  528
  59  529
  61  531
  61  532
  62  533
  62  534
  64  536
  64  537
  65  538
  65  539
  73  547
  74  547
  78  551
  79  551
  88  560
  88  561
 105  578
 106  578
 109  581
 110  581
 111  582
 112  582
 113  583
 114  583
 116  585
 117  585
 118  586
 119  586
 120  587
 121  587
 122  588
 123  588
 124  589
 126  589
 127  590
 128  590
 130  592
 131  592
 139  600
 140  600
 145  605
 146  605
 148  607
 149  607
 150  608
 152  608
 153  609
 155  609
 156  608
 157  608
 161  604
 161  603
 168  596
 170  596
 171  595
 181  595
 182  594
 184  594
 185  593
 186  593
 190  589
 190  588
 191  587
 191  586
 192  585
 192  583
 193  582
 193  579
 194  578
 194  574
 195  573
 195  571
 200  566
 201  566
 202  565
 203  565
 204  564
 206  564
 207  563
 210  563
 211  562
 213  562
 214  561
 215  561
 216  560
 217  560
 218  559
 219  559
 222  556
 222  555
 224  553
 224  550
 225  549
 225  535
 226  534
 226  532
 227  531
 227  530
 228  529
 228  528
 230  526
 230  525
 233  522
 234  522
 236  520
 238  520
 239  519
 240  519
 241  518
 242  518
 243  517
 244  517
 245  516
 246  516
 248  514
 248  513
 250  511
 250  509
 249  508
 249  506
 248  505
 248  502
 247  501
 247  499
 246  498
 246  478
 247  477
 247  473
 246  472
 246  471
 245  470
 245  468
 244  467
 244  466
 242  464
 242  463
 241  462
 241  461
 238  458
 238  457
 235  454
 235  453
 228  446
 228  445
 221  438
 220  438
 219  437
 217  437
 216  436
 212  436
 211  435
 208  435
 207  434
 202  434
 201  433
 198  433
 196  431
 195  431
 192  428
 190  428
 189  427
 188  427
 187  426
 186  426
 185  425
 185  411
 186  410
 201  410
 202  411
 204  411
 205  412
 210  412
 211  413
 221  413
 222  414
 228  414
 229  415
 233  415
 234  416
 244  416
 245  417
 246  417
 247  416
 257  416
 258  415
 262  415
 263  414
 269  414
 270  413
 275  413
 276  412
 280  412
 281  411
 283  411
 284  410
 286  410
 287  409
 288  409
 294  403
 294  402
 297  399
 297  398
 300  395
 300  394
 303  391
 304  391
 307  388
 307  387
 309  385
 309  384
 310  383
 310  382
 311  381
 311  380
 312  379
 312  378
 318  372
 319  372
 320  371
 321  371
 324  368
 324  367
 326  365
 326  364
 328  362
 328  361
 329  360
 329  359
 331  357
 331  356
 332  355
 332  354
 333  353
 333  352
 335  350
 335  349
 337  347
 337  346
 338  345
 338  344
 340  342
 340  341
 341  340
 341  339
 343  337
 343  336
 344  335
 344  334
 345  333
 345  332
 347  330
 347  328
 348  327
 348  326
 350  324
 350  323
 354  319
 354  318
 357  315
 357  314
 358  313
 358  312
 359  311
 359  310
 361  308
 361  307
 362  306
 362  305
 364  303
 364  302
 365  301
 365  300
 366  299
 366  298
 368  296
 368  294
 370  292
 370  291
 371  290
 371  289
 372  288
 372  286
 374  284
 374  283
 375  282
 375  281
 377  279
 377  278
 378  277
 378  275
 379  274
 379  273
 380  272
 380  271
 381  270
 381  269
 384  266
 384  265
 386  263
 386  262
 388  260
 388  259
 389  258
 389  257
 391  255
 391  253
 392  252
 392  251
 394  249
 394  248
 395  247
 395  246
 396  245
 396  244
 398  242
 398  241
 399  240
 399  239
 400  238
 400  237
 401  236
 401  235
 402  234
 402  233
 404  231
 404  230
 405  229
 405  227
 407  225
 407  224
 408  223
 408  221
 409  220
 409  219
 411  217
 411  216
 412  215
 412  214
 413  213
 413  212
 415  210
 415  208
 417  206
 417  205
 418  204
 418  202
 419  201
 419  200
 420  199
 420  198
 421  197
 421  196
 422  195
 422  193
 423  192
 423  191
 424  190
 424  189
 425  188
 425  185
 426  184
 426  182
 427  181
 427  180
 428  179
 428  176
 429  175
 429  173
 431  171
 431  170
 432  169
 432  167
 433  166
 433  164
 434  163
 434  162
 435  161
 435  159
 436  158
 436  156
 437  155
 437  154
 438  153
 438  151
 439  150
 439  146
 440  145
 440  142
 441  141
 441  137
 442  136
 442  131
 443  130
 443  128
 444  127
 444  125
 445  124
 445  114
 444  113
 444  111
 443  110
 443  106
 442  105
 442  101
 441  100
 441   99
 439   97
 439   96
 438   95
 438   94
 432   88
 432   87
 431   86
 430   86
 428   84
 427   84
 426   83
 425   83
 424   82
 422   82
 421   81
 419   81
 418   80
 411   80
 410   79
