 305  203
 304  204
 303  204
 302  205
 301  205
 300  206
 299  206
 298  207
 297  207
 296  208
 295  208
 293  210
 292  210
 291  211
 290  211
 289  212
 288  212
 287  213
 286  213
 285  214
 284  214
 283  215
 282  215
 281  216
 280  216
 279  217
 278  217
 276  219
 275  219
 274  220
 273  220
 271  222
 270  222
 268  224
 266  224
 264  226
 263  226
 261  228
 260  228
 259  229
 258  229
 255  232
 254  232
 252  234
 251  234
 250  235
 249  235
 247  237
 246  237
 244  239
 243  239
 241  241
 240  241
 238  243
 237  243
 235  245
 234  245
 232  247
 231  247
 229  249
 228  249
 227  250
 226  250
 224  252
 223  252
 221  254
 220  254
 218  256
 217  256
 214  259
 213  259
 211  261
 210  261
 209  262
 208  262
 205  265
 204  265
 202  267
 201  267
 198  270
 197  270
 195  272
 194  272
 191  275
 190  275
 188  277
 187  277
 185  279
 184  279
 182  281
 181  281
 178  284
 177  284
 175  286
 174  286
 172  288
 171  288
 168  291
 167  291
 166  292
 165  292
 164  293
 163  293
 161  295
 160  295
 158  297
 157  297
 152  302
 151  302
 147  306
 146  306
 145  307
 144  307
 142  309
 142  338
 143  339
 145  339
 146  340
 146  356
 144  358
 142  358
 141  359
 141  369
 142  370
 142  371
 143  372
 143  373
 146  376
 146  377
 147  378
 147  379
 149  381
 149  382
 150  383
 150  384
 152  386
 152  387
 154  389
 154  391
 155  392
 155  393
 156  394
 156  395
 157  396
 157  397
 159  399
 159  400
 161  402
 161  403
 162  404
 162  405
 163  406
 163  407
 164  408
 164  409
 165  410
 165  411
 166  412
 166  413
 168  415
 168  416
 169  417
 169  418
 171  420
 171  421
 172  422
 172  423
 173  424
 173  427
 174  428
 174  431
 175  432
 175  435
 176  436
 176  439
 177  440
 177  446
 178  447
 178  450
 179  451
 179  456
 180  457
 180  461
 181  462
 181  465
 182  466
 182  467
 184  469
 184  470
 186  472
 186  473
 191  478
 192  478
 194  480
 195  480
 196  481
 197  481
 198  482
 200  482
 201  483
 203  483
 204  484
 207  484
 208  485
 212  485
 213  486
 220  486
 221  485
 225  485
 226  484
 228  484
 229  483
 230  483
 231  482
 233  482
 234  481
 235  481
 237  479
 238  479
 239  478
 240  478
 243  475
 244  475
 246  473
 247  473
 254  466
 255  466
 258  463
 258  462
 262  458
 262  457
 266  453
 266  452
 268  450
 268  449
 269  448
 269  447
 270  446
 270  445
 272  443
 272  441
 273  440
 273  439
 274  438
 274  436
 275  435
 275  433
 276  432
 276  430
 277  429
 277  428
 278  427
 278  425
 279  424
 279  421
 280  420
 280  410
 279  409
 279  407
 278  406
 278  405
 277  404
 277  403
 275  401
 275  400
 274  399
 274  398
 271  395
 271  394
 268  391
 268  390
 259  381
 259  380
 250  371
 250  370
 243  363
 243  348
 244  347
 259  347
 260  348
 266  348
 267  347
 277  347
 278  346
 284  346
 285  345
 287  345
 288  344
 290  344
 292  342
 293  342
 294  341
 295  341
 296  340
 297  340
 298  339
 299  339
 300  338
 301  338
 302  337
 302  336
 306  332
 306  331
 312  325
 312  324
 313  323
 314  323
 321  316
 321  315
 322  314
 322  313
 323  312
 323  310
 324  309
 324  308
 325  307
 325  306
 326  305
 326  303
 327  302
 327  301
 328  300
 328  299
 329  298
 329  296
 332  293
 332  291
 333  290
 333  285
 334  284
 334  278
 335  277
 335  274
 336  273
 336  271
 337  270
 337  258
 338  257
 338  254
 339  253
 339  247
 340  246
 340  240
 339  239
 339  236
 338  235
 338  234
 337  233
 337  230
 336  229
 336  222
 335  221
 335  220
 334  219
 334  218
 333  217
 333  216
 327  210
 327  209
 323  205
 322  205
 321  204
 308  204
 307  203
