 311  200
 310  201
 307  201
 306  202
 302  202
 301  203
 300  203
 299  204
 297  204
 296  205
 295  205
 294  206
 293  206
 292  207
 291  207
 290  208
 289  208
 288  209
 287  209
 286  210
 285  210
 284  211
 283  211
 282  212
 281  212
 280  213
 279  213
 278  214
 277  214
 276  215
 275  215
 274  216
 273  216
 272  217
 271  217
 270  218
 269  218
 268  219
 267  219
 265  221
 263  221
 261  223
 260  223
 258  225
 257  225
 256  226
 255  226
 254  227
 252  227
 250  229
 249  229
 248  230
 247  230
 246  231
 245  231
 244  232
 243  232
 242  233
 241  233
 240  234
 239  234
 237  236
 236  236
 235  237
 234  237
 232  239
 231  239
 230  240
 229  240
 227  242
 226  242
 223  245
 222  245
 220  247
 219  247
 217  249
 216  249
 215  250
 214  250
 212  252
 211  252
 210  253
 209  253
 207  255
 206  255
 202  259
 201  259
 199  261
 198  261
 196  263
 195  263
 192  266
 191  266
 189  268
 188  268
 184  272
 183  272
 179  276
 178  276
 172  282
 171  282
 164  289
 163  289
 160  292
 160  293
 151  302
 150  302
 144  308
 143  308
 139  312
 133  312
 131  314
 131  324
 133  326
 141  326
 142  327
 142  343
 141  344
 141  354
 140  355
 136  355
 136  356
 135  357
 135  398
 137  400
 163  400
 169  406
 169  407
 173  411
 174  411
 176  413
 176  414
 180  418
 180  419
 182  421
 182  422
 183  423
 183  424
 184  425
 184  426
 186  428
 186  429
 187  430
 187  431
 188  432
 188  433
 189  434
 189  436
 190  437
 190  442
 191  443
 191  450
 192  451
 192  457
 193  458
 193  460
 194  461
 194  463
 195  464
 195  465
 196  466
 196  467
 198  469
 198  470
 207  479
 208  479
 209  480
 209  481
 210  481
 213  484
 214  484
 215  485
 216  485
 217  486
 219  486
 220  487
 225  487
 226  488
 237  488
 238  487
 242  487
 243  486
 246  486
 247  485
 249  485
 250  484
 251  484
 252  483
 254  483
 255  482
 256  482
 257  481
 258  481
 259  480
 260  480
 261  479
 263  479
 264  478
 265  478
 266  477
 267  477
 269  475
 270  475
 272  473
 273  473
 277  469
 277  468
 279  466
 280  466
 285  461
 286  461
 291  456
 291  455
 294  452
 294  451
 296  449
 296  448
 297  447
 297  446
 298  445
 298  444
 299  443
 299  442
 300  441
 300  439
 301  438
 301  436
 302  435
 302  432
 303  431
 303  427
 304  426
 304  421
 305  420
 305  415
 304  414
 304  411
 303  410
 303  408
 302  407
 302  405
 301  404
 301  403
 299  401
 299  400
 298  399
 298  398
 297  397
 297  396
 293  392
 293  391
 290  388
 290  387
 289  386
 289  385
 287  383
 287  382
 285  380
 285  379
 279  373
 278  373
 274  369
 273  369
 270  366
 269  366
 264  361
 264  345
 265  344
 284  344
 285  343
 287  343
 288  342
 290  342
 293  339
 294  339
 295  338
 296  338
 297  337
 298  337
 299  336
 300  336
 302  334
 303  334
 305  332
 306  332
 311  327
 312  327
 313  326
 314  326
 315  325
 316  325
 319  322
 320  322
 322  320
 322  319
 328  313
 328  312
 330  310
 330  309
 331  308
 331  307
 332  306
 332  305
 333  304
 333  303
 335  301
 335  300
 336  299
 336  298
 337  297
 337  296
 339  294
 339  292
 341  290
 341  289
 342  288
 342  284
 343  283
 343  280
 344  279
 344  277
 345  276
 345  273
 346  272
 346  268
 347  267
 347  263
 348  262
 348  257
 349  256
 349  240
 348  239
 348  236
 347  235
 347  230
 346  229
 346  224
 345  223
 345  221
 344  220
 344  219
 342  217
 342  215
 339  212
 339  211
 335  207
 335  206
 333  204
 332  204
 331  203
 330  203
 329  202
 327  202
 326  201
 324  201
 323  200
