 405   48
 404   49
 395   49
 394   50
 391   50
 390   51
 384   51
 383   52
 380   52
 379   53
 376   53
 375   54
 372   54
 371   55
 369   55
 368   56
 365   56
 364   57
 362   57
 361   58
 359   58
 358   59
 356   59
 355   60
 352   60
 351   61
 350   61
 349   62
 347   62
 346   63
 344   63
 343   64
 341   64
 340   65
 339   65
 338   66
 337   66
 336   67
 334   67
 333   68
 332   68
 331   69
 329   69
 327   71
 325   71
 324   72
 323   72
 322   73
 321   73
 320   74
 319   74
 318   75
 317   75
 316   76
 315   76
 314   77
 313   77
 312   78
 310   78
 309   79
 308   79
 307   80
 306   80
 305   81
 304   81
 303   82
 302   82
 301   83
 300   83
 299   84
 298   84
 297   85
 296   85
 295   86
 294   86
 293   87
 292   87
 291   88
 290   88
 289   89
 288   89
 287   90
 286   90
 285   91
 284   91
 283   92
 282   92
 280   94
 279   94
 278   95
 277   95
 276   96
 275   96
 273   98
 272   98
 271   99
 270   99
 269  100
 268  100
 266  102
 265  102
 264  103
 263  103
 261  105
 260  105
 259  106
 258  106
 257  107
 256  107
 254  109
 253  109
 251  111
 250  111
 248  113
 247  113
 245  115
 244  115
 242  117
 241  117
 239  119
 238  119
 235  122
 234  122
 231  125
 230  125
 227  128
 226  128
 224  130
 223  130
 220  133
 219  133
 216  136
 215  136
 213  138
 212  138
 209  141
 208  141
 205  144
 204  144
 200  148
 199  148
 196  151
 195  151
 192  154
 191  154
 189  156
 188  156
 185  159
 184  159
 180  163
 179  163
 176  166
 175  166
 172  169
 171  169
 166  174
 165  174
 156  183
 155  183
 145  193
 144  193
 138  199
 137  199
 131  205
 130  205
 125  210
 124  210
 119  215
 118  215
 114  219
 113  219
 109  223
 108  223
 106  225
 105  225
 102  228
 101  228
  99  230
  98  230
  96  232
  95  232
  76  251
  75  251
  71  255
  70  255
  67  258
  66  258
  63  261
  62  261
  58  265
  57  265
  51  271
  50  271
  41  280
  40  280
  17  303
  17  304
  14  307
  14  308
  12  310
  11  310
  10  311
  10  322
  11  323
  43  323
  44  324
  44  338
  43  339
  31  339
  30  340
  28  340
  27  341
  25  341
  24  342
  23  342
  22  343
  21  343
  18  346
  18  347
  17  348
  17  351
  16  352
  16  355
  15  356
  15  361
  14  362
  14  369
  13  370
  13  381
  12  382
  12  389
  11  390
  11  394
  10  395
  10  397
   9  398
   0  398
   0  419
   8  419
   9  420
   9  422
  10  423
  10  425
  11  426
  11  427
  13  429
  13  430
  16  433
  16  434
  19  437
  19  438
  20  439
  20  440
  21  441
  21  442
  23  444
  23  446
  24  447
  24  448
  25  449
  25  450
  26  451
  26  452
  27  453
  27  455
  28  456
  28  457
  29  458
  29  459
  30  460
  30  463
  32  465
  32  466
  33  467
  33  470
  34  471
  34  472
  36  474
  36  475
  37  476
  37  478
  38  479
  38  480
  39  481
  39  482
  40  483
  40  486
  41  487
  41  488
  42  489
  42  491
  45  494
  46  494
  47  495
  48  495
  51  498
  51  499
  53  501
  53  503
  54  504
  54  505
  55  506
  55  507
  56  508
  56  509
  57  510
  57  511
  58  512
  58  513
  59  514
  59  515
  60  516
  60  517
  62  519
  62  520
  63  521
  63  522
  64  523
  64  524
  66  526
  66  527
  67  528
  67  529
  69  531
  69  532
  70  533
  70  534
  71  535
  71  536
  73  538
  73  539
  75  541
  75  542
  77  544
  77  545
  80  548
  80  549
  84  553
  84  554
  88  558
  88  559
 101  572
 101  573
 103  575
 103  577
 104  578
 104  580
 105  581
 105  583
 106  584
 106  585
 107  586
 107  588
 119  600
 120  600
 121  601
 122  601
 124  603
 125  603
 126  604
 126  605
 127  606
 127  607
 128  608
 128  612
 129  613
 129  617
 130  618
 130  622
 131  623
 131  624
 132  625
 132  626
 133  627
 133  628
 137  632
 137  633
 140  636
 141  636
 143  638
 145  638
 146  639
 147  639
 148  640
 150  640
 151  639
 154  639
 155  638
 157  638
 158  637
 159  637
 160  636
 160  635
 162  633
 162  631
 163  630
 163  629
 165  627
 166  627
 167  626
 169  626
 170  625
 171  625
 172  624
 173  624
 174  623
 189  623
 193  627
 193  628
 196  631
 197  631
 198  632
 199  632
 200  633
 202  633
 203  634
 207  634
 209  632
 210  632
 216  626
 216  625
 217  624
 217  623
 218  622
 218  621
 219  620
 219  612
 222  609
 223  609
 224  608
 225  608
 226  607
 227  607
 231  603
 251  603
 252  602
 253  602
 257  598
 257  596
 258  595
 258  594
 259  593
 259  586
 258  585
 258  568
 263  563
 263  561
 268  556
 272  556
 273  555
 281  555
 282  554
 283  554
 284  553
 285  553
 290  548
 290  546
 291  545
 291  544
 292  543
 291  542
 291  540
 290  539
 290  537
 289  536
 289  535
 287  533
 287  532
 286  531
 286  529
 285  528
 285  527
 284  526
 284  525
 283  524
 283  523
 280  520
 280  503
 282  501
 282  500
 287  495
 288  495
 289  494
 290  494
 291  493
 293  493
 294  492
 295  492
 298  489
 299  489
 300  488
 300  487
 303  484
 303  483
 302  482
 302  481
 301  480
 301  479
 300  478
 300  477
 297  474
 297  473
 290  466
 290  465
 277  452
 277  436
 278  435
 278  433
 280  431
 280  430
 281  429
 281  428
 280  427
 280  424
 278  422
 278  421
 273  416
 273  415
 272  414
 271  414
 268  411
 267  411
 264  408
 263  408
 261  406
 260  406
 259  405
 258  405
 256  403
 255  403
 254  402
 253  402
 252  401
 251  401
 250  400
 248  400
 246  398
 243  398
 242  397
 240  397
 239  396
 235  396
 234  395
 231  395
 230  394
 230  380
 231  379
 247  379
 248  380
 255  380
 256  381
 260  381
 261  382
 264  382
 265  383
 267  383
 268  384
 269  384
 270  385
 272  385
 274  387
 280  387
 281  388
 288  388
 289  387
 291  387
 292  386
 293  386
 294  385
 296  385
 297  384
 299  384
 300  383
 303  383
 304  382
 307  382
 308  381
 311  381
 312  380
 317  380
 318  379
 318  374
 319  373
 328  373
 333  368
 334  368
 336  366
 336  365
 339  362
 340  362
 342  360
 344  360
 346  358
 346  357
 348  355
 348  354
 351  351
 352  351
 356  347
 357  347
 357  346
 358  345
 358  344
 360  342
 360  341
 361  340
 361  338
 362  337
 362  335
 363  334
 363  327
 364  326
 364  323
 366  321
 366  320
 367  319
 367  316
 370  313
 370  312
 371  311
 372  311
 376  307
 376  306
 377  305
 377  304
 378  303
 378  302
 379  301
 379  300
 380  299
 380  295
 381  294
 381  293
 382  292
 382  291
 383  290
 383  272
 384  271
 384  265
 385  264
 385  263
 386  262
 386  261
 387  260
 387  259
 391  255
 391  254
 393  252
 393  251
 394  250
 394  248
 396  246
 396  245
 397  244
 397  242
 398  241
 398  240
 400  238
 400  236
 401  235
 401  233
 402  232
 402  231
 403  230
 403  226
 404  225
 404  219
 405  218
 405  217
 407  215
 407  214
 408  213
 409  213
 420  202
 420  201
 421  200
 421  199
 423  197
 423  196
 427  192
 427  191
 430  188
 430  187
 431  186
 431  185
 433  183
 433  181
 434  180
 434  178
 435  177
 435  176
 437  174
 437  173
 450  160
 450  159
 451  158
 451  157
 452  156
 452  155
 454  153
 454  152
 456  150
 456  149
 457  148
 457  147
 458  146
 458  145
 459  144
 459  143
 460  142
 460  139
 461  138
 461  136
 462  135
 462  134
 464  132
 464  131
 466  129
 466  128
 467  127
 467  125
 468  124
 468  121
 469  120
 469  119
 470  118
 470  116
 471  115
 471  114
 472  113
 472  111
 473  110
 480  110
 480   69
 472   69
 471   68
 471   67
 464   60
 463   60
 461   58
 459   58
 458   57
 457   57
 456   56
 454   56
 453   55
 452   55
 451   54
 448   54
 447   53
 445   53
 444   52
 441   52
 440   51
 435   51
 434   50
 432   50
 431   49
 422   49
 421   48
