 326   72
 325   73
 318   73
 317   74
 313   74
 312   75
 309   75
 308   76
 305   76
 304   77
 302   77
 301   78
 298   78
 297   79
 296   79
 295   80
 292   80
 291   81
 290   81
 289   82
 288   82
 287   83
 285   83
 284   84
 283   84
 282   85
 281   85
 280   86
 279   86
 278   87
 277   87
 276   88
 275   88
 274   89
 272   89
 271   90
 270   90
 268   92
 267   92
 266   93
 265   93
 264   94
 263   94
 262   95
 261   95
 260   96
 259   96
 258   97
 257   97
 256   98
 255   98
 254   99
 253   99
 251  101
 250  101
 249  102
 248  102
 247  103
 246  103
 244  105
 243  105
 240  108
 239  108
 235  112
 234  112
 232  114
 231  114
 227  118
 226  118
 222  122
 221  122
 211  132
 210  132
 203  139
 203  140
 200  143
 200  144
 196  148
 196  149
 186  159
 186  160
 183  163
 183  164
 182  165
 182  166
 181  167
 181  168
 179  170
 179  171
 175  175
 175  176
 173  178
 173  179
 171  181
 171  182
 170  183
 170  184
 167  187
 167  188
 162  193
 162  194
 160  196
 160  197
 158  199
 158  200
 156  202
 156  203
 153  206
 153  207
 151  209
 151  210
 149  212
 149  213
 148  214
 148  215
 147  216
 147  217
 146  218
 146  220
 145  221
 145  222
 144  223
 144  224
 143  225
 143  226
 142  227
 142  229
 141  230
 141  231
 140  232
 140  233
 139  234
 139  236
 138  237
 138  238
 137  239
 137  240
 136  241
 136  243
 135  244
 135  246
 134  247
 134  249
 133  250
 133  251
 132  252
 132  254
 131  255
 131  257
 130  258
 130  259
 129  260
 129  262
 128  263
 128  266
 126  268
 126  273
 128  275
 130  275
 131  276
 131  290
 130  291
 130  292
 129  293
 129  295
 128  296
 128  297
 127  298
 127  299
 128  300
 128  316
 127  317
 123  317
 122  318
 122  345
 124  347
 126  347
 130  351
 130  352
 139  361
 139  362
 140  363
 140  364
 142  366
 142  367
 143  368
 143  369
 144  370
 144  371
 145  372
 145  373
 146  374
 146  375
 147  376
 147  377
 148  378
 148  379
 149  380
 149  381
 150  382
 150  383
 151  384
 151  385
 152  386
 152  387
 153  388
 153  389
 154  390
 154  392
 155  393
 155  394
 156  395
 156  396
 157  397
 157  398
 158  399
 158  400
 159  401
 159  403
 160  404
 160  405
 161  406
 161  407
 162  408
 162  409
 164  411
 164  412
 165  413
 165  414
 166  415
 166  416
 167  417
 167  418
 168  419
 168  420
 169  421
 169  422
 170  423
 170  424
 171  425
 171  426
 172  427
 172  428
 173  429
 173  431
 174  432
 174  433
 175  434
 175  436
 176  437
 176  440
 177  441
 177  442
 178  443
 178  444
 179  445
 179  446
 180  447
 180  448
 184  452
 184  453
 185  454
 185  458
 186  459
 186  461
 189  464
 189  465
 193  469
 194  469
 195  470
 197  470
 198  471
 213  471
 214  472
 215  472
 216  473
 216  474
 217  475
 217  476
 218  477
 218  478
 219  479
 219  480
 220  481
 220  483
 221  484
 221  485
 222  486
 222  487
 223  488
 223  489
 224  490
 224  492
 225  493
 225  512
 226  513
 226  514
 228  516
 229  516
 230  517
 230  516
 231  515
 231  504
 232  503
 232  499
 237  494
 253  494
 255  496
 255  499
 256  500
 256  502
 256  501
 259  498
 260  498
 261  497
 279  497
 280  498
 281  498
 282  499
 283  499
 287  503
 285  501
 285  500
 283  498
 283  497
 282  496
 282  495
 281  494
 281  493
 279  491
 279  490
 278  489
 278  488
 277  487
 277  469
 278  468
 278  467
 279  466
 279  464
 283  460
 284  460
 285  459
 287  459
 288  458
 304  458
 303  458
 302  457
 301  457
 298  454
 297  454
 296  453
 284  453
 283  452
 283  438
 284  437
 285  437
 287  435
 287  434
 288  433
 289  433
 291  431
 291  430
 298  423
 298  422
 299  421
 300  421
 303  418
 304  418
 307  415
 308  415
 309  414
 309  413
 308  412
 307  412
 304  415
 304  416
 300  420
 299  420
 296  423
 295  423
 295  424
 292  427
 278  427
 276  425
 276  424
 275  423
 275  403
 279  399
 279  398
 281  396
 286  396
 287  395
 291  395
 296  390
 296  389
 297  388
 297  387
 298  386
 298  385
 301  382
 301  381
 302  380
 302  379
 303  378
 303  377
 306  374
 306  373
 305  372
 304  372
 303  371
 302  371
 300  369
 299  369
 298  368
 297  368
 294  365
 294  350
 295  349
 295  347
 297  345
 297  344
 301  340
 301  338
 302  337
 302  335
 301  334
 301  333
 298  330
 297  330
 295  328
 294  328
 292  326
 291  326
 290  325
 289  325
 284  320
 284  303
 285  302
 299  302
 300  301
 304  301
 305  300
 306  300
 308  298
 308  297
 310  295
 310  293
 311  292
 311  288
 313  286
 313  284
 314  283
 314  282
 315  281
 315  278
 317  276
 317  275
 318  274
 318  273
 319  272
 319  270
 320  269
 320  268
 321  267
 321  265
 322  264
 322  261
 324  259
 324  233
 325  232
 325  225
 326  224
 326  194
 327  193
 327  176
 328  175
 328  168
 329  167
 329  164
 330  163
 330  161
 331  160
 331  158
 332  157
 332  153
 333  152
 333  149
 334  148
 334  145
 335  144
 335  140
 336  139
 336  135
 337  134
 337  132
 338  131
 338  126
 339  125
 339  117
 340  116
 340  114
 341  113
 341  111
 342  110
 342  104
 343  103
 343   95
 344   94
 344   88
 345   87
 344   86
 344   83
 343   82
 343   80
 342   79
 342   77
 340   75
 339   75
 338   74
 337   74
 336   73
 333   73
 332   72
