 308  205
 307  206
 298  206
 297  207
 294  207
 293  208
 290  208
 289  209
 288  209
 286  211
 285  211
 284  212
 282  212
 280  214
 279  214
 278  215
 277  215
 276  216
 275  216
 274  217
 273  217
 272  218
 271  218
 270  219
 269  219
 268  220
 267  220
 266  221
 265  221
 263  223
 262  223
 261  224
 260  224
 258  226
 257  226
 255  228
 254  228
 252  230
 251  230
 249  232
 248  232
 245  235
 244  235
 241  238
 240  238
 236  242
 235  242
 233  244
 232  244
 229  247
 228  247
 226  249
 225  249
 221  253
 220  253
 216  257
 215  257
 199  273
 198  273
 167  304
 152  304
 149  307
 149  308
 148  309
 148  341
 149  342
 153  342
 154  343
 154  358
 152  360
 152  363
 151  364
 151  366
 150  367
 148  367
 147  368
 147  384
 148  385
 148  387
 150  389
 150  391
 151  392
 151  394
 153  396
 153  397
 154  398
 154  399
 156  401
 156  402
 157  403
 157  406
 158  407
 158  408
 160  410
 160  412
 163  415
 163  416
 165  418
 165  419
 167  421
 167  423
 168  424
 168  425
 169  426
 169  427
 170  428
 170  430
 171  431
 171  432
 172  433
 172  434
 173  435
 173  436
 174  437
 174  439
 175  440
 175  441
 176  442
 176  443
 177  444
 177  445
 178  446
 178  447
 180  449
 180  450
 183  453
 183  454
 187  458
 188  458
 189  459
 191  459
 192  460
 194  460
 195  461
 196  461
 200  465
 200  470
 201  471
 201  474
 202  475
 202  476
 204  478
 204  479
 207  482
 210  479
 210  477
 214  473
 229  473
 230  474
 231  474
 234  477
 236  475
 236  472
 237  471
 237  468
 238  467
 238  466
 239  465
 256  465
 257  464
 257  447
 259  445
 261  445
 262  444
 263  444
 264  443
 265  443
 268  440
 267  439
 267  436
 266  435
 266  433
 265  432
 265  417
 267  415
 268  415
 269  414
 267  412
 267  411
 266  410
 266  409
 260  403
 260  402
 253  395
 253  390
 252  389
 252  388
 251  387
 251  386
 250  385
 250  384
 243  377
 242  377
 240  375
 239  375
 237  373
 236  373
 235  372
 234  372
 233  371
 233  357
 234  356
 254  356
 255  355
 264  355
 265  354
 266  354
 269  351
 270  351
 271  350
 272  350
 274  348
 275  348
 277  346
 278  346
 288  336
 289  336
 290  335
 290  334
 296  328
 296  327
 298  325
 298  324
 300  322
 300  321
 301  320
 301  319
 304  316
 304  315
 306  313
 306  312
 307  311
 307  310
 309  308
 309  307
 310  306
 310  305
 311  304
 311  303
 312  302
 312  301
 313  300
 313  299
 314  298
 314  296
 316  294
 316  293
 317  292
 317  290
 319  288
 319  287
 320  286
 320  284
 321  283
 321  281
 322  280
 322  279
 323  278
 323  274
 324  273
 324  272
 325  271
 325  270
 326  269
 326  266
 327  265
 327  262
 328  261
 328  258
 329  257
 329  255
 330  254
 330  251
 331  250
 331  248
 332  247
 332  245
 333  244
 333  239
 334  238
 334  225
 333  224
 333  221
 332  220
 332  219
 331  218
 331  217
 330  216
 330  215
 329  214
 329  213
 325  209
 324  209
 323  208
 322  208
 321  207
 320  207
 319  206
 316  206
 315  205
