 342  176
 341  177
 329  177
 328  178
 321  178
 320  179
 315  179
 314  180
 309  180
 308  181
 306  181
 305  182
 301  182
 300  183
 298  183
 297  184
 294  184
 293  185
 291  185
 290  186
 287  186
 286  187
 284  187
 283  188
 280  188
 279  189
 278  189
 277  190
 274  190
 273  191
 271  191
 270  192
 269  192
 268  193
 265  193
 264  194
 263  194
 262  195
 259  195
 258  196
 257  196
 256  197
 253  197
 252  198
 251  198
 250  199
 247  199
 246  200
 245  200
 244  201
 242  201
 241  202
 239  202
 238  203
 237  203
 236  204
 234  204
 233  205
 232  205
 231  206
 229  206
 228  207
 227  207
 226  208
 224  208
 223  209
 221  209
 220  210
 219  210
 218  211
 217  211
 216  212
 214  212
 213  213
 212  213
 211  214
 210  214
 209  215
 207  215
 206  216
 205  216
 204  217
 203  217
 202  218
 201  218
 200  219
 199  219
 198  220
 197  220
 196  221
 195  221
 194  222
 193  222
 192  223
 191  223
 190  224
 188  224
 186  226
 185  226
 184  227
 183  227
 182  228
 181  228
 180  229
 179  229
 178  230
 177  230
 175  232
 174  232
 173  233
 172  233
 170  235
 169  235
 167  237
 166  237
 165  238
 164  238
 163  239
 162  239
 160  241
 159  241
 158  242
 157  242
 156  243
 155  243
 154  244
 153  244
 151  246
 150  246
 149  247
 148  247
 146  249
 145  249
 143  251
 142  251
 140  253
 139  253
 138  254
 137  254
 135  256
 134  256
 132  258
 131  258
 129  260
 128  260
 125  263
 124  263
 122  265
 121  265
 118  268
 117  268
 114  271
 113  271
 110  274
 109  274
 106  277
 105  277
 101  281
 100  281
  94  287
  94  288
  91  291
  90  291
  88  293
  87  293
  86  294
  83  294
  82  295
  82  334
  83  335
  84  335
  85  336
  85  351
  83  353
  83  355
  82  356
  82  360
  81  361
  81  383
  82  384
  82  386
  83  387
  83  390
  84  391
  84  393
  85  394
  85  395
  86  396
  86  397
  88  399
  88  400
  90  402
  90  403
  93  406
  93  407
  95  409
  95  410
  97  412
  97  413
 100  416
 100  417
 101  418
 101  419
 103  421
 103  422
 104  423
 104  425
 106  427
 106  428
 107  429
 107  430
 108  431
 108  432
 109  433
 109  434
 110  435
 110  436
 111  437
 111  438
 112  439
 112  440
 113  441
 113  443
 114  444
 114  445
 115  446
 115  447
 116  448
 116  449
 118  451
 118  452
 120  454
 120  455
 122  457
 122  458
 123  459
 123  460
 125  462
 125  463
 127  465
 127  467
 129  469
 129  470
 130  471
 130  472
 131  473
 131  474
 132  475
 132  476
 134  478
 134  479
 135  480
 135  481
 136  482
 136  484
 137  485
 137  488
 139  490
 143  490
 144  491
 151  491
 153  493
 153  497
 154  498
 154  502
 155  503
 155  504
 156  505
 156  506
 160  510
 161  510
 162  511
 164  509
 164  508
 168  504
 169  504
 170  503
 187  503
 188  504
 189  504
 190  505
 191  505
 192  504
 192  503
 193  502
 193  501
 194  500
 195  500
 198  497
 199  497
 200  496
 202  496
 203  495
 222  495
 224  497
 225  496
 226  496
 227  495
 227  494
 228  493
 228  491
 229  490
 229  484
 230  483
 230  482
 231  481
 231  480
 233  478
 234  478
 235  477
 251  477
 254  474
 254  473
 255  472
 254  471
 254  452
 257  449
 258  449
 259  448
 263  448
 264  447
 265  447
 266  446
 267  446
 269  444
 269  443
 270  442
 269  441
 269  439
 267  437
 267  436
 266  435
 266  418
 270  414
 270  411
 269  410
 269  409
 266  406
 266  405
 262  401
 262  400
 259  397
 259  396
 256  393
 256  392
 254  390
 254  389
 253  388
 253  386
 252  385
 252  364
 254  362
 258  362
 259  361
 260  361
 261  360
 262  360
 265  357
 266  357
 267  356
 268  356
 270  354
 271  354
 273  352
 273  351
 276  348
 277  348
 278  347
 279  347
 280  346
 281  346
 284  343
 284  342
 285  341
 285  338
 286  337
 286  336
 287  335
 290  335
 292  333
 293  333
 303  323
 303  322
 306  319
 306  318
 307  317
 307  316
 309  314
 309  313
 310  312
 310  311
 313  308
 313  307
 314  306
 315  306
 320  301
 320  300
 322  298
 322  297
 326  293
 326  292
 327  291
 327  290
 329  288
 329  287
 341  275
 342  275
 343  274
 343  273
 348  268
 349  268
 350  267
 350  266
 355  261
 356  261
 367  250
 367  249
 374  242
 374  241
 376  239
 376  238
 379  235
 379  234
 380  233
 380  232
 383  229
 383  228
 386  225
 386  224
 387  223
 387  222
 389  220
 389  219
 390  218
 390  217
 391  216
 391  215
 392  214
 392  213
 393  212
 393  210
 394  209
 394  208
 395  207
 395  206
 396  205
 396  204
 397  203
 397  202
 398  201
 398  200
 399  199
 399  197
 400  196
 399  195
 399  194
 398  193
 398  192
 396  190
 396  189
 395  188
 394  188
 391  185
 390  185
 389  184
 388  184
 387  183
 386  183
 385  182
 384  182
 383  181
 381  181
 380  180
 378  180
 377  179
 374  179
 373  178
 369  178
 368  177
 357  177
 356  176
