 300  210
 299  211
 296  211
 295  212
 293  212
 292  213
 290  213
 289  214
 287  214
 286  215
 285  215
 284  216
 283  216
 282  217
 281  217
 279  219
 278  219
 277  220
 276  220
 275  221
 274  221
 273  222
 272  222
 269  225
 268  225
 266  227
 265  227
 262  230
 261  230
 258  233
 257  233
 253  237
 252  237
 246  243
 245  243
 241  247
 240  247
 234  253
 233  253
 228  258
 227  258
 218  267
 217  267
 204  280
 203  280
 197  286
 196  286
 188  294
 187  294
 182  299
 182  300
 179  303
 179  304
 176  307
 176  308
 175  309
 174  309
 174  310
 168  316
 167  316
 164  319
 164  320
 162  322
 162  323
 161  324
 161  325
 160  326
 160  328
 159  329
 159  331
 158  332
 152  332
 151  333
 150  333
 150  347
 151  348
 159  348
 160  349
 160  384
 163  387
 164  387
 166  389
 167  389
 178  400
 179  400
 186  407
 187  407
 193  413
 194  413
 204  423
 204  424
 210  430
 210  431
 213  434
 213  435
 214  436
 214  437
 215  438
 215  439
 217  441
 217  442
 219  444
 219  445
 220  446
 220  447
 222  449
 222  450
 224  452
 224  453
 225  454
 225  455
 226  456
 226  457
 227  458
 227  459
 229  461
 229  462
 231  464
 231  465
 235  469
 235  470
 239  474
 240  474
 241  475
 242  475
 244  477
 246  477
 247  478
 252  478
 253  477
 256  477
 257  476
 259  476
 260  475
 262  475
 263  474
 265  474
 266  473
 267  473
 268  472
 269  472
 270  471
 271  471
 272  470
 274  470
 278  466
 279  466
 287  458
 287  457
 290  454
 290  453
 292  451
 292  450
 293  449
 293  448
 294  447
 294  446
 295  445
 295  444
 296  443
 296  441
 297  440
 297  439
 298  438
 298  435
 299  434
 299  431
 300  430
 300  427
 301  426
 301  420
 302  419
 302  409
 301  408
 301  405
 300  404
 300  401
 299  400
 299  399
 298  398
 298  397
 297  396
 297  395
 296  394
 296  393
 294  391
 294  390
 293  389
 293  388
 276  371
 275  371
 271  367
 270  367
 268  365
 267  365
 265  363
 264  363
 262  361
 262  346
 263  345
 265  345
 266  344
 269  344
 270  343
 272  343
 273  342
 274  342
 275  341
 277  341
 278  340
 279  340
 280  339
 281  339
 282  338
 283  338
 284  337
 285  337
 286  336
 287  336
 289  334
 290  334
 291  333
 292  333
 294  331
 295  331
 298  328
 299  328
 301  326
 302  326
 305  323
 305  322
 307  320
 307  319
 310  316
 310  315
 312  313
 312  312
 314  310
 314  309
 321  302
 321  300
 322  299
 322  298
 323  297
 323  295
 324  294
 324  293
 325  292
 325  290
 326  289
 326  288
 327  287
 327  286
 328  285
 328  277
 329  276
 329  270
 330  269
 330  255
 329  254
 329  245
 328  244
 328  240
 327  239
 327  238
 326  237
 326  235
 325  234
 325  232
 324  231
 324  228
 323  227
 323  225
 322  224
 322  223
 312  213
 311  213
 310  212
 309  212
 308  211
 306  211
 305  210
