 321  182
 320  183
 311  183
 310  184
 307  184
 306  185
 303  185
 302  186
 300  186
 299  187
 297  187
 296  188
 294  188
 293  189
 292  189
 291  190
 289  190
 288  191
 287  191
 286  192
 285  192
 284  193
 283  193
 282  194
 281  194
 280  195
 279  195
 278  196
 277  196
 276  197
 275  197
 274  198
 273  198
 272  199
 271  199
 270  200
 269  200
 268  201
 267  201
 266  202
 265  202
 264  203
 263  203
 262  204
 261  204
 260  205
 259  205
 257  207
 256  207
 254  209
 253  209
 251  211
 250  211
 248  213
 247  213
 244  216
 243  216
 241  218
 240  218
 237  221
 236  221
 233  224
 232  224
 229  227
 228  227
 225  230
 224  230
 220  234
 219  234
 214  239
 213  239
 208  244
 207  244
 203  248
 202  248
 196  254
 195  254
 191  258
 190  258
 182  266
 181  266
 166  281
 165  281
 158  288
 158  289
 153  294
 153  295
 149  299
 149  300
 141  308
 141  309
 139  311
 139  312
 137  314
 137  315
 132  320
 132  330
 133  331
 139  331
 140  332
 140  347
 139  348
 139  349
 137  351
 137  353
 135  355
 135  358
 133  360
 129  360
 127  362
 127  371
 128  372
 128  373
 130  375
 130  376
 131  377
 131  379
 132  380
 132  381
 133  382
 133  383
 134  384
 134  385
 135  386
 135  387
 137  389
 137  392
 138  393
 138  394
 139  395
 139  396
 140  397
 140  398
 141  399
 141  400
 142  401
 142  402
 143  403
 143  404
 144  405
 144  406
 146  408
 146  409
 147  410
 147  411
 148  412
 148  413
 150  415
 150  416
 151  417
 151  418
 153  420
 153  421
 155  423
 155  424
 157  426
 157  427
 158  428
 158  429
 160  431
 160  432
 161  433
 161  434
 162  435
 162  436
 164  438
 164  439
 165  440
 165  441
 166  442
 166  443
 167  444
 167  445
 168  446
 168  447
 170  449
 170  450
 179  459
 180  459
 182  461
 183  461
 184  462
 185  462
 186  463
 187  463
 193  469
 193  470
 194  471
 194  472
 195  473
 195  474
 196  475
 196  476
 197  477
 197  479
 198  480
 198  484
 199  485
 199  490
 200  491
 200  496
 201  497
 201  498
 205  502
 205  503
 206  503
 208  505
 209  505
 215  499
 231  499
 235  503
 235  504
 239  500
 239  499
 240  498
 240  496
 246  490
 261  490
 262  489
 263  489
 264  488
 265  488
 266  487
 266  486
 267  485
 267  478
 268  477
 268  476
 269  475
 269  474
 274  469
 275  469
 276  468
 277  468
 281  464
 281  463
 282  462
 282  460
 283  459
 283  456
 284  455
 284  451
 285  450
 285  448
 286  447
 286  446
 287  445
 287  444
 292  439
 293  439
 296  436
 296  431
 295  430
 295  429
 294  428
 294  426
 293  425
 293  424
 291  422
 291  421
 290  420
 290  414
 289  413
 289  403
 288  402
 288  401
 287  400
 287  399
 280  392
 280  391
 276  387
 276  386
 272  382
 271  382
 266  377
 265  377
 259  371
 259  370
 253  364
 253  349
 254  348
 277  348
 278  347
 281  347
 282  346
 284  346
 285  345
 286  345
 289  342
 291  342
 292  341
 294  341
 296  339
 296  338
 297  337
 297  336
 299  334
 299  333
 301  331
 302  331
 304  329
 305  329
 306  328
 307  328
 310  325
 310  324
 311  323
 311  322
 312  321
 312  319
 313  318
 313  317
 314  316
 314  315
 315  314
 315  312
 323  304
 323  302
 324  301
 324  299
 325  298
 325  293
 326  292
 326  289
 327  288
 327  286
 329  284
 329  283
 333  279
 333  277
 334  276
 334  272
 335  271
 335  267
 336  266
 336  262
 337  261
 337  260
 339  258
 339  257
 340  256
 340  255
 341  254
 341  251
 342  250
 342  244
 343  243
 343  241
 346  238
 346  237
 347  236
 347  233
 348  232
 348  225
 351  222
 351  221
 352  220
 352  211
 353  210
 353  207
 352  206
 352  199
 351  198
 351  196
 350  195
 350  194
 346  190
 345  190
 343  188
 342  188
 341  187
 340  187
 339  186
 338  186
 337  185
 335  185
 334  184
 332  184
 331  183
 326  183
 325  182
