 407   82
 406   83
 401   83
 400   84
 394   84
 393   85
 389   85
 388   86
 385   86
 384   87
 381   87
 380   88
 378   88
 377   89
 375   89
 374   90
 372   90
 371   91
 369   91
 368   92
 367   92
 366   93
 365   93
 364   94
 363   94
 362   95
 360   95
 359   96
 358   96
 357   97
 356   97
 355   98
 354   98
 353   99
 352   99
 351  100
 350  100
 349  101
 348  101
 347  102
 346  102
 345  103
 344  103
 343  104
 342  104
 341  105
 340  105
 339  106
 338  106
 337  107
 336  107
 335  108
 334  108
 333  109
 332  109
 331  110
 330  110
 328  112
 327  112
 326  113
 325  113
 323  115
 322  115
 320  117
 319  117
 318  118
 317  118
 315  120
 314  120
 312  122
 311  122
 309  124
 308  124
 306  126
 305  126
 304  127
 303  127
 301  129
 300  129
 298  131
 297  131
 293  135
 292  135
 288  139
 287  139
 284  142
 283  142
 279  146
 278  146
 275  149
 274  149
 271  152
 270  152
 267  155
 266  155
 263  158
 262  158
 258  162
 257  162
 254  165
 253  165
 250  168
 249  168
 246  171
 245  171
 242  174
 241  174
 238  177
 237  177
 232  182
 231  182
 228  185
 227  185
 223  189
 222  189
 218  193
 217  193
 212  198
 211  198
 205  204
 204  204
 199  209
 198  209
 191  216
 190  216
 190  217
 188  219
 188  220
 186  222
 185  222
 182  225
 181  225
 175  231
 174  231
 168  237
 167  237
 159  245
 158  245
 149  254
 148  254
 142  260
 141  260
 136  265
 136  269
 135  270
 134  270
 133  271
 132  271
 128  275
 124  275
 119  280
 118  280
 110  288
 110  290
 108  292
 107  292
 106  293
 105  293
 102  296
 101  296
 100  297
  99  297
  91  305
  90  305
  83  312
  83  313
  82  314
  81  314
  77  318
  77  319
  71  325
  71  326
  69  328
  66  328
  63  331
  63  335
  60  338
  60  339
  58  341
  51  341
  50  342
  49  342
  48  343
  43  343
  42  344
  42  345
  41  346
  41  404
  42  405
  42  406
  43  407
  50  407
  51  408
  51  422
  47  426
  47  427
  46  428
  46  430
  45  431
  45  433
  44  434
  38  434
  37  435
  37  450
  39  452
  39  456
  40  457
  40  460
  41  461
  41  463
  42  464
  42  466
  43  467
  43  469
  44  470
  44  472
  45  473
  45  477
  46  478
  46  492
  47  493
  47  494
  48  495
  48  498
  52  502
  52  503
  53  504
  53  505
  56  508
  56  509
  58  511
  58  512
  59  513
  59  514
  60  515
  60  516
  79  535
  79  536
  88  545
  89  545
  96  552
  96  553
  97  554
  97  555
 100  558
 100  559
 102  561
 102  562
 103  563
 103  564
 104  565
 104  566
 110  572
 110  573
 112  575
 112  576
 115  579
 116  579
 118  581
 119  581
 120  582
 121  582
 122  583
 123  583
 124  584
 125  584
 126  585
 127  585
 128  586
 131  586
 132  587
 134  587
 135  588
 136  588
 141  593
 142  593
 150  601
 151  601
 152  602
 153  602
 154  603
 155  603
 156  604
 157  604
 158  605
 160  605
 161  604
 162  604
 165  601
 165  600
 169  596
 169  595
 171  593
 172  593
 174  591
 180  591
 181  590
 185  590
 186  589
 188  589
 189  588
 190  588
 194  584
 194  583
 196  581
 196  578
 197  577
 197  573
 198  572
 198  569
 199  568
 199  566
 205  560
 206  560
 207  559
 208  559
 209  558
 210  558
 211  557
 213  557
 214  556
 215  556
 216  555
 218  555
 220  553
 221  553
 223  551
 223  550
 225  548
 225  547
 226  546
 226  544
 227  543
 227  539
 228  538
 228  527
 229  526
 229  523
 231  521
 231  520
 237  514
 238  514
 239  513
 240  513
 241  512
 242  512
 243  511
 244  511
 245  510
 246  510
 249  507
 249  506
 250  505
 250  500
 249  499
 249  496
 248  495
 248  493
 247  492
 247  472
 248  471
 248  470
 247  469
 247  468
 246  467
 246  464
 245  463
 245  462
 243  460
 243  459
 242  458
 242  457
 236  451
 236  450
 221  435
 220  435
 219  434
 208  434
 207  433
 195  433
 194  432
 191  432
 190  431
 190  417
 191  416
 221  416
 222  417
 235  417
 236  418
 250  418
 251  417
 259  417
 260  416
 269  416
 270  415
 276  415
 277  414
 278  414
 279  413
 280  413
 284  409
 284  408
 285  407
 290  407
 291  406
 292  406
 292  405
 293  404
 293  403
 295  401
 295  400
 296  399
 296  398
 297  397
 297  396
 300  393
 300  392
 302  390
 302  389
 303  388
 303  387
 306  384
 306  383
 307  382
 307  381
 309  379
 309  378
 313  374
 313  373
 316  370
 316  369
 319  366
 319  365
 320  364
 320  363
 322  361
 322  360
 323  359
 323  358
 325  356
 325  355
 326  354
 326  353
 328  351
 328  350
 330  348
 330  346
 333  343
 333  342
 336  339
 336  338
 337  337
 337  336
 339  334
 339  333
 340  332
 340  331
 343  328
 343  327
 346  324
 346  323
 347  322
 347  321
 349  319
 349  318
 350  317
 350  316
 352  314
 352  313
 353  312
 353  311
 355  309
 355  308
 356  307
 356  306
 358  304
 358  303
 359  302
 359  301
 360  300
 360  299
 362  297
 362  296
 363  295
 363  293
 365  291
 365  290
 367  288
 367  287
 369  285
 369  283
 370  282
 370  281
 371  280
 371  279
 373  277
 373  276
 376  273
 376  272
 377  271
 377  270
 379  268
 379  267
 380  266
 380  265
 382  263
 382  262
 383  261
 383  260
 385  258
 385  257
 386  256
 386  255
 387  254
 387  253
 389  251
 389  250
 390  249
 390  248
 392  246
 392  245
 393  244
 393  243
 395  241
 395  240
 396  239
 396  238
 398  236
 398  235
 400  233
 400  231
 401  230
 401  229
 403  227
 403  226
 406  223
 406  222
 407  221
 407  220
 409  218
 409  217
 410  216
 410  215
 412  213
 412  212
 413  211
 413  209
 414  208
 414  207
 415  206
 415  205
 416  204
 416  203
 417  202
 417  200
 418  199
 418  198
 419  197
 419  196
 420  195
 420  193
 422  191
 422  190
 423  189
 423  186
 424  185
 424  183
 425  182
 425  181
 426  180
 426  179
 428  177
 428  176
 429  175
 429  174
 430  173
 430  172
 431  171
 431  170
 432  169
 432  168
 433  167
 433  165
 434  164
 434  162
 435  161
 435  160
 436  159
 436  156
 437  155
 437  150
 438  149
 438  146
 439  145
 439  143
 440  142
 440  137
 441  136
 441  135
 442  134
 442  132
 443  131
 443  127
 444  126
 444  102
 443  101
 443   98
 442   97
 442   96
 440   94
 440   92
 437   89
 437   88
 436   87
 435   87
 433   85
 431   85
 430   84
 428   84
 427   83
 424   83
 423   82
