 303  215
 302  216
 298  216
 297  217
 292  217
 291  218
 289  218
 288  219
 285  219
 284  220
 282  220
 281  221
 279  221
 278  222
 277  222
 276  223
 274  223
 273  224
 272  224
 271  225
 270  225
 269  226
 268  226
 267  227
 265  227
 264  228
 263  228
 262  229
 261  229
 259  231
 258  231
 257  232
 256  232
 255  233
 254  233
 253  234
 252  234
 250  236
 249  236
 247  238
 246  238
 244  240
 243  240
 241  242
 240  242
 238  244
 237  244
 235  246
 234  246
 231  249
 230  249
 228  251
 227  251
 224  254
 223  254
 219  258
 218  258
 213  263
 212  263
 209  266
 208  266
 205  269
 204  269
 199  274
 198  274
 195  277
 194  277
 192  279
 191  279
 188  282
 187  282
 183  286
 182  286
 176  292
 175  292
 172  295
 171  295
 161  305
 160  305
 152  313
 152  328
 153  329
 163  329
 164  330
 164  344
 162  346
 154  346
 153  347
 153  368
 157  372
 158  372
 161  375
 161  376
 162  376
 164  378
 164  379
 171  386
 171  387
 177  393
 177  394
 183  400
 183  401
 186  404
 186  405
 188  407
 188  408
 191  411
 191  412
 192  413
 192  414
 194  416
 194  417
 197  420
 197  421
 199  423
 199  424
 202  427
 202  428
 205  431
 205  432
 207  434
 207  436
 208  437
 208  438
 210  440
 210  441
 211  442
 211  443
 212  444
 212  445
 214  447
 214  449
 216  451
 216  452
 217  452
 219  454
 220  454
 222  456
 223  456
 227  460
 227  461
 229  463
 229  464
 230  465
 230  467
 234  471
 235  471
 236  472
 240  472
 241  471
 244  471
 245  470
 247  470
 248  469
 249  469
 250  468
 252  468
 253  467
 255  467
 256  466
 257  466
 258  465
 259  465
 260  464
 261  464
 262  463
 263  463
 264  462
 265  462
 267  460
 268  460
 270  458
 271  458
 276  453
 277  453
 285  445
 285  444
 289  440
 289  439
 290  438
 290  437
 292  435
 292  434
 294  432
 294  431
 295  430
 295  429
 296  428
 296  427
 297  426
 297  425
 298  424
 298  423
 299  422
 299  420
 300  419
 300  416
 301  415
 301  412
 302  411
 302  407
 303  406
 303  396
 302  395
 302  392
 301  391
 301  389
 300  388
 300  386
 299  385
 299  384
 298  383
 298  382
 297  381
 297  380
 293  376
 293  375
 290  372
 290  371
 280  361
 279  361
 273  355
 273  354
 272  353
 272  336
 273  335
 276  335
 277  334
 281  334
 282  333
 284  333
 288  329
 289  329
 290  328
 291  328
 293  326
 294  326
 295  325
 297  325
 299  323
 299  322
 300  321
 300  320
 302  318
 302  317
 303  316
 303  315
 304  314
 304  313
 306  311
 306  310
 310  306
 310  305
 311  304
 311  303
 312  302
 312  301
 313  300
 313  296
 314  295
 314  292
 315  291
 315  289
 316  288
 316  286
 317  285
 317  283
 318  282
 318  277
 319  276
 319  272
 320  271
 320  270
 321  269
 321  268
 322  267
 322  265
 323  264
 323  262
 324  261
 324  259
 325  258
 325  256
 326  255
 326  251
 327  250
 327  244
 328  243
 328  233
 327  232
 327  228
 326  227
 326  224
 325  223
 325  222
 321  218
 320  218
 319  217
 317  217
 316  216
 313  216
 312  215
