 307  183
 306  184
 296  184
 295  185
 294  185
 293  186
 292  186
 291  187
 290  187
 288  189
 287  189
 286  190
 285  190
 284  191
 283  191
 282  192
 280  192
 275  197
 274  197
 273  198
 272  198
 270  200
 269  200
 269  201
 266  204
 265  204
 264  205
 263  205
 257  211
 256  211
 255  212
 254  212
 252  214
 252  215
 250  217
 249  217
 248  218
 247  218
 241  224
 239  224
 237  226
 236  226
 236  227
 234  229
 233  229
 231  231
 230  231
 225  236
 224  236
 222  238
 221  238
 221  239
 217  243
 216  243
 209  250
 208  250
 205  253
 205  254
 203  256
 202  256
 201  257
 200  257
 187  270
 186  270
 182  274
 182  275
 180  277
 180  278
 174  284
 174  285
 169  290
 168  290
 167  291
 167  292
 162  297
 161  297
 159  299
 159  300
 157  302
 156  302
 154  304
 153  304
 147  310
 146  310
 144  312
 144  313
 143  314
 143  316
 142  317
 142  319
 141  320
 141  323
 140  324
 140  328
 141  329
 141  332
 142  333
 142  338
 143  339
 143  340
 144  341
 144  342
 146  344
 146  345
 147  345
 150  348
 152  348
 153  349
 153  363
 152  364
 151  364
 150  365
 149  365
 146  368
 146  369
 145  370
 145  371
 144  372
 144  374
 143  375
 143  376
 144  377
 144  381
 145  382
 145  386
 146  387
 146  389
 150  393
 150  394
 169  413
 170  413
 176  419
 177  419
 179  421
 179  422
 181  424
 182  424
 186  428
 186  429
 189  432
 190  432
 191  433
 191  434
 192  435
 192  436
 194  438
 194  439
 198  443
 198  444
 199  445
 199  451
 200  452
 200  454
 201  455
 201  456
 202  457
 202  458
 204  460
 204  462
 205  463
 205  467
 206  468
 206  471
 207  472
 207  474
 208  475
 208  476
 212  480
 212  481
 213  482
 213  484
 215  486
 215  487
 216  487
 219  490
 219  491
 228  500
 229  500
 232  503
 233  503
 234  504
 237  504
 238  505
 243  505
 244  506
 259  506
 260  505
 266  505
 267  504
 269  504
 271  502
 272  502
 274  500
 275  500
 276  499
 278  499
 279  498
 280  498
 282  496
 283  496
 288  491
 289  491
 291  489
 292  489
 292  488
 293  487
 293  486
 297  482
 298  482
 298  481
 299  480
 299  479
 304  474
 304  473
 306  471
 306  469
 307  468
 307  466
 308  465
 308  464
 310  462
 310  461
 312  459
 312  457
 313  456
 313  453
 314  452
 314  439
 315  438
 315  432
 316  431
 315  430
 315  425
 314  424
 314  413
 313  412
 313  409
 312  408
 312  406
 307  401
 307  400
 306  399
 306  397
 305  396
 305  395
 300  390
 300  389
 296  385
 295  385
 290  380
 289  380
 284  375
 283  375
 282  374
 280  374
 279  373
 278  373
 277  372
 276  372
 274  370
 273  370
 272  369
 269  369
 268  368
 265  368
 264  367
 261  367
 260  366
 259  366
 258  365
 257  365
 256  364
 256  350
 257  349
 283  349
 284  348
 287  348
 288  347
 290  347
 291  346
 292  346
 295  343
 296  343
 297  342
 298  342
 305  335
 306  335
 306  334
 312  328
 313  328
 316  325
 316  324
 322  318
 322  317
 323  316
 323  315
 324  314
 324  312
 325  311
 325  310
 330  305
 330  303
 331  302
 331  301
 332  300
 332  294
 333  293
 333  289
 334  288
 334  287
 335  286
 335  285
 337  283
 337  281
 338  280
 338  278
 339  277
 339  272
 340  271
 340  254
 341  253
 341  211
 340  210
 340  200
 339  199
 339  197
 338  196
 338  195
 337  194
 337  193
 336  192
 335  192
 332  189
 332  188
 330  186
 329  186
 328  185
 326  185
 325  184
 321  184
 320  183
