 324  188
 323  189
 316  189
 315  190
 312  190
 311  191
 308  191
 307  192
 305  192
 304  193
 302  193
 301  194
 300  194
 299  195
 298  195
 297  196
 296  196
 295  197
 294  197
 293  198
 291  198
 290  199
 289  199
 288  200
 287  200
 286  201
 285  201
 284  202
 283  202
 282  203
 281  203
 279  205
 278  205
 277  206
 276  206
 275  207
 274  207
 271  210
 270  210
 269  211
 268  211
 267  212
 266  212
 264  214
 263  214
 262  215
 261  215
 259  217
 258  217
 256  219
 255  219
 254  220
 253  220
 252  221
 251  221
 249  223
 248  223
 247  224
 246  224
 244  226
 243  226
 241  228
 240  228
 238  230
 237  230
 235  232
 234  232
 231  235
 230  235
 229  236
 228  236
 226  238
 225  238
 223  240
 222  240
 220  242
 219  242
 217  244
 216  244
 214  246
 213  246
 211  248
 210  248
 208  250
 207  250
 205  252
 204  252
 202  254
 201  254
 198  257
 197  257
 195  259
 194  259
 192  261
 191  261
 190  262
 189  262
 188  263
 187  263
 186  264
 185  264
 184  265
 183  265
 182  266
 167  266
 164  269
 163  269
 161  271
 160  271
 157  274
 156  274
 154  276
 153  276
 151  278
 150  278
 147  281
 146  281
 143  284
 142  284
 140  286
 139  286
 137  288
 136  288
 134  290
 133  290
 131  292
 131  317
 133  319
 137  319
 138  320
 138  334
 137  335
 137  338
 136  339
 136  346
 135  347
 135  355
 134  356
 132  356
 130  358
 130  370
 131  371
 131  372
 132  373
 133  373
 141  381
 141  382
 142  383
 142  384
 144  386
 144  387
 145  388
 145  389
 148  392
 148  393
 154  399
 154  400
 160  406
 160  407
 163  410
 163  411
 164  412
 164  413
 167  416
 167  418
 168  419
 168  420
 170  422
 170  423
 171  424
 171  425
 173  427
 173  428
 175  430
 175  431
 176  432
 176  433
 177  434
 177  436
 178  437
 178  438
 179  439
 179  441
 180  442
 180  445
 181  446
 181  448
 182  449
 182  452
 183  453
 183  455
 184  456
 184  460
 185  461
 185  464
 186  465
 186  468
 187  469
 187  472
 188  473
 188  475
 189  476
 189  477
 190  478
 190  479
 197  486
 197  487
 201  491
 201  492
 202  492
 203  493
 204  493
 206  495
 207  495
 208  496
 211  496
 212  497
 215  497
 216  498
 222  498
 223  499
 232  499
 233  498
 234  498
 235  497
 236  497
 237  496
 239  496
 240  495
 242  495
 243  494
 245  494
 246  493
 248  493
 249  492
 251  492
 252  491
 253  491
 254  490
 257  490
 258  489
 259  489
 260  488
 261  488
 262  487
 263  487
 276  474
 276  473
 280  469
 281  469
 284  466
 284  464
 285  463
 285  461
 286  460
 286  458
 287  457
 287  455
 288  454
 288  453
 289  452
 289  450
 290  449
 290  448
 291  447
 291  446
 292  445
 292  444
 293  443
 293  442
 295  440
 295  439
 296  438
 296  437
 297  436
 297  433
 298  432
 298  429
 299  428
 299  420
 298  419
 298  415
 297  414
 297  410
 296  409
 296  408
 295  407
 295  406
 293  404
 293  403
 290  400
 290  399
 289  398
 289  397
 288  396
 288  394
 287  393
 287  392
 286  391
 286  390
 285  389
 285  388
 283  386
 283  385
 280  382
 280  381
 275  376
 275  375
 267  367
 267  352
 268  351
 274  351
 274  350
 275  349
 275  348
 276  347
 277  347
 279  345
 283  345
 284  344
 288  344
 289  343
 291  343
 292  342
 293  342
 297  338
 298  338
 299  337
 300  337
 303  334
 303  333
 304  332
 305  332
 307  330
 308  330
 311  327
 311  326
 313  324
 315  324
 318  321
 318  320
 319  319
 323  319
 324  318
 324  317
 325  316
 325  315
 326  314
 326  313
 327  312
 327  311
 329  309
 329  308
 330  307
 330  306
 332  304
 332  303
 333  302
 333  301
 336  298
 336  297
 337  296
 337  294
 338  293
 338  292
 339  291
 339  287
 340  286
 340  284
 341  283
 341  281
 342  280
 342  278
 343  277
 343  275
 344  274
 344  273
 345  272
 345  271
 346  270
 346  267
 347  266
 347  259
 348  258
 348  256
 349  255
 349  249
 350  248
 350  218
 349  217
 349  215
 347  213
 347  212
 346  211
 346  209
 345  208
 345  206
 344  205
 344  204
 343  203
 343  201
 342  200
 342  199
 340  197
 340  196
 339  195
 339  194
 337  192
 336  192
 335  191
 334  191
 333  190
 332  190
 331  189
 326  189
 325  188
