 310  185
 309  186
 307  186
 306  187
 303  187
 302  188
 301  188
 300  189
 298  189
 297  190
 296  190
 295  191
 293  191
 292  192
 291  192
 290  193
 289  193
 288  194
 287  194
 286  195
 285  195
 284  196
 283  196
 282  197
 281  197
 280  198
 279  198
 277  200
 275  200
 273  202
 272  202
 271  203
 270  203
 269  204
 268  204
 267  205
 266  205
 264  207
 263  207
 260  210
 258  210
 257  211
 256  211
 255  212
 254  212
 253  213
 252  213
 250  215
 249  215
 247  217
 246  217
 245  218
 244  218
 242  220
 241  220
 239  222
 238  222
 237  223
 236  223
 233  226
 232  226
 230  228
 229  228
 227  230
 226  230
 223  233
 222  233
 219  236
 218  236
 216  238
 215  238
 213  240
 212  240
 209  243
 208  243
 205  246
 204  246
 200  250
 199  250
 196  253
 195  253
 187  261
 186  261
 183  264
 182  264
 176  270
 175  270
 171  274
 170  274
 166  278
 165  278
 162  281
 161  281
 156  286
 155  286
 149  292
 148  292
 145  295
 144  295
 141  298
 140  298
 139  299
 138  299
 137  300
 131  300
 129  302
 129  325
 131  327
 135  327
 136  328
 136  342
 135  343
 135  346
 134  347
 134  351
 133  352
 133  359
 130  362
 130  387
 132  389
 142  389
 148  395
 148  396
 150  398
 150  399
 151  400
 151  401
 152  402
 152  403
 155  406
 155  407
 156  408
 156  409
 158  411
 158  414
 159  415
 159  416
 160  417
 160  419
 161  420
 161  423
 162  424
 162  425
 163  426
 163  428
 164  429
 164  432
 165  433
 165  436
 166  437
 166  438
 167  439
 167  444
 168  445
 168  451
 169  452
 169  456
 170  457
 170  462
 171  463
 171  469
 172  470
 172  473
 173  474
 173  475
 174  476
 174  478
 175  479
 175  481
 176  482
 176  483
 184  491
 185  491
 188  494
 189  494
 191  496
 192  496
 193  497
 194  497
 195  498
 196  498
 197  499
 198  499
 199  500
 201  500
 202  501
 205  501
 206  502
 209  502
 210  503
 232  503
 233  502
 236  502
 237  501
 239  501
 240  500
 243  500
 244  499
 245  499
 246  498
 248  498
 249  497
 251  497
 252  496
 253  496
 254  495
 256  495
 257  494
 258  494
 259  493
 261  493
 263  491
 264  491
 265  490
 266  490
 269  487
 270  487
 274  483
 275  483
 279  479
 280  479
 288  471
 288  470
 290  468
 290  467
 291  466
 291  465
 292  464
 292  463
 293  462
 293  461
 294  460
 294  459
 295  458
 295  457
 296  456
 296  455
 297  454
 297  452
 298  451
 298  449
 299  448
 299  446
 300  445
 300  440
 301  439
 301  423
 300  422
 300  419
 299  418
 299  417
 298  416
 298  415
 297  414
 297  412
 296  411
 296  410
 294  408
 294  407
 293  406
 293  405
 292  404
 292  403
 290  401
 290  400
 288  398
 288  397
 285  394
 285  393
 270  378
 269  378
 268  377
 267  377
 264  374
 264  373
 263  372
 262  372
 257  367
 256  367
 252  363
 252  349
 253  348
 281  348
 282  347
 289  347
 290  346
 291  346
 292  345
 293  345
 294  344
 295  344
 298  341
 300  341
 301  340
 302  340
 304  338
 305  338
 307  336
 308  336
 309  335
 310  335
 311  334
 311  333
 315  329
 316  329
 318  327
 320  327
 321  326
 322  326
 327  321
 327  320
 330  317
 330  316
 335  311
 335  310
 336  309
 336  307
 337  306
 337  305
 338  304
 338  303
 339  302
 339  300
 340  299
 340  298
 341  297
 341  294
 342  293
 342  291
 343  290
 343  288
 344  287
 344  285
 345  284
 345  282
 346  281
 346  279
 347  278
 347  275
 348  274
 348  268
 349  267
 349  263
 350  262
 350  258
 351  257
 351  223
 349  221
 349  219
 348  218
 348  216
 347  215
 347  213
 346  212
 346  210
 345  209
 345  207
 344  206
 344  205
 339  200
 339  199
 328  188
 327  188
 326  187
 325  187
 324  186
 322  186
 321  185
