 385  108
 384  109
 375  109
 374  110
 367  110
 366  111
 361  111
 360  112
 351  112
 350  113
 347  113
 346  114
 340  114
 339  115
 337  115
 336  116
 332  116
 331  117
 329  117
 328  118
 325  118
 324  119
 321  119
 320  120
 318  120
 317  121
 315  121
 314  122
 312  122
 311  123
 309  123
 308  124
 306  124
 305  125
 302  125
 301  126
 300  126
 299  127
 297  127
 296  128
 294  128
 293  129
 292  129
 291  130
 289  130
 288  131
 287  131
 286  132
 284  132
 283  133
 282  133
 281  134
 279  134
 278  135
 277  135
 276  136
 274  136
 273  137
 272  137
 271  138
 270  138
 269  139
 268  139
 267  140
 266  140
 265  141
 263  141
 262  142
 261  142
 260  143
 259  143
 258  144
 257  144
 256  145
 255  145
 253  147
 252  147
 251  148
 250  148
 249  149
 248  149
 247  150
 246  150
 245  151
 244  151
 243  152
 242  152
 241  153
 240  153
 239  154
 238  154
 236  156
 235  156
 234  157
 233  157
 232  158
 231  158
 230  159
 229  159
 228  160
 227  160
 226  161
 225  161
 224  162
 223  162
 222  163
 221  163
 220  164
 219  164
 218  165
 216  165
 215  166
 214  166
 213  167
 212  167
 211  168
 209  168
 208  169
 207  169
 206  170
 205  170
 203  172
 202  172
 201  173
 200  173
 199  174
 198  174
 197  175
 196  175
 195  176
 194  176
 193  177
 192  177
 191  178
 189  178
 187  180
 186  180
 185  181
 184  181
 182  183
 181  183
 179  185
 178  185
 176  187
 175  187
 171  191
 170  191
 167  194
 166  194
 164  196
 163  196
 161  198
 160  198
 158  200
 157  200
 155  202
 154  202
 153  203
 152  203
 150  205
 149  205
 148  206
 147  206
 146  207
 145  207
 143  209
 142  209
 139  212
 138  212
 133  217
 132  217
 129  220
 128  220
 126  222
 125  222
 124  223
 123  223
 121  225
 120  225
 118  227
 117  227
 115  229
 114  229
 111  232
 110  232
 108  234
 107  234
 105  236
 104  236
 101  239
 100  239
  96  243
  95  243
  91  247
  90  247
  84  253
  83  253
  67  269
  67  270
  61  276
  61  277
  58  280
  58  281
  54  285
  54  286
  35  305
  34  305
  32  307
  31  307
  30  308
  30  309
  29  310
  29  324
  30  325
  30  326
  31  327
  36  327
  37  328
  37  342
  35  344
  34  344
  33  345
  33  346
  32  347
  32  348
  31  349
  31  352
  30  353
  30  357
  29  358
  29  374
  28  375
  28  395
  29  396
  29  412
  28  413
  25  413
  24  414
  24  415
  23  416
  23  419
  24  420
  24  423
  25  424
  25  428
  26  429
  26  433
  27  434
  27  436
  28  437
  28  438
  29  439
  29  443
  30  444
  30  446
  32  448
  32  451
  33  452
  33  455
  34  456
  34  457
  35  458
  35  459
  36  460
  36  462
  37  463
  37  464
  38  465
  38  466
  39  467
  39  468
  40  469
  40  471
  41  472
  41  473
  42  474
  42  475
  43  476
  43  477
  44  478
  44  480
  45  481
  45  482
  46  483
  46  484
  47  485
  47  487
  48  488
  48  489
  49  490
  49  491
  51  493
  51  494
  53  496
  53  497
  55  499
  55  500
  57  502
  57  503
  59  505
  59  506
  60  507
  60  508
  61  509
  61  510
  63  512
  63  513
  64  514
  64  515
  65  516
  65  517
  66  518
  66  519
  67  520
  67  521
  70  524
  70  525
  71  526
  71  527
  72  528
  72  529
  73  530
  73  531
  74  532
  74  533
  76  535
  76  536
  77  537
  77  538
  80  541
  80  543
  81  544
  81  545
  82  546
  82  565
  83  566
  83  569
  88  574
  89  574
  90  575
  91  575
  92  576
  94  576
  95  575
  96  575
  98  573
  99  573
 100  572
 119  572
 126  579
 127  579
 128  580
 130  580
 131  579
 132  579
 133  578
 134  578
 135  577
 136  577
 140  573
 140  572
 143  569
 144  569
 145  568
 147  568
 148  567
 171  567
 172  568
 173  568
 174  569
 175  569
 176  568
 177  568
 181  564
 181  563
 182  562
 182  561
 183  560
 183  559
 184  558
 184  556
 185  555
 185  551
 187  549
 188  549
 189  548
 190  548
 191  547
 193  547
 194  546
 199  546
 200  545
 206  545
 207  544
 208  544
 210  542
 211  542
 215  538
 215  537
 216  536
 216  535
 218  533
 218  532
 219  531
 219  519
 220  518
 220  514
 223  511
 224  511
 228  507
 229  507
 231  505
 232  505
 237  500
 238  500
 239  499
 239  498
 240  497
 240  496
 242  494
 242  492
 243  491
 242  490
 242  488
 241  487
 241  486
 240  485
 240  483
 239  482
 239  480
 238  479
 238  478
 237  477
 237  476
 236  475
 236  473
 235  472
 235  471
 234  470
 234  469
 233  468
 233  439
 232  438
 232  437
 231  436
 231  435
 229  433
 229  431
 226  428
 226  427
 222  423
 222  422
 212  412
 208  412
 206  410
 206  396
 207  395
 224  395
 225  396
 236  396
 237  397
 252  397
 253  396
 262  396
 263  395
 268  395
 269  394
 270  394
 276  388
 277  388
 279  386
 280  386
 281  385
 282  385
 286  381
 286  379
 292  373
 293  373
 294  372
 296  372
 297  371
 299  371
 300  370
 301  370
 305  366
 305  365
 306  364
 306  363
 307  362
 307  361
 308  360
 308  359
 309  358
 309  357
 311  355
 312  355
 315  352
 315  351
 316  350
 316  348
 317  347
 317  346
 318  345
 318  344
 319  343
 319  342
 323  338
 323  335
 325  333
 326  333
 328  331
 329  331
 330  330
 331  330
 333  328
 333  327
 334  326
 334  324
 336  322
 336  321
 337  320
 337  319
 340  316
 340  313
 341  312
 341  311
 342  310
 342  309
 343  308
 343  305
 345  303
 345  302
 346  301
 346  300
 347  299
 347  298
 354  291
 355  291
 356  290
 356  289
 359  286
 359  285
 363  281
 363  280
 369  274
 369  273
 370  272
 370  271
 372  269
 372  268
 373  267
 373  266
 379  260
 380  260
 381  259
 382  259
 384  257
 385  257
 403  239
 403  238
 419  222
 419  221
 423  217
 423  216
 426  213
 426  212
 427  211
 427  210
 429  208
 429  207
 430  206
 430  205
 432  203
 432  202
 433  201
 433  200
 436  197
 436  196
 437  195
 437  194
 439  192
 439  191
 440  190
 440  189
 443  186
 443  185
 446  182
 446  181
 447  180
 447  179
 448  178
 448  177
 450  175
 450  173
 452  171
 452  170
 453  169
 453  167
 454  166
 454  163
 455  162
 455  160
 456  159
 456  157
 457  156
 457  143
 456  142
 456  141
 455  140
 455  139
 454  138
 454  137
 443  126
 442  126
 439  123
 438  123
 436  121
 435  121
 434  120
 433  120
 432  119
 431  119
 430  118
 429  118
 428  117
 427  117
 426  116
 424  116
 423  115
 422  115
 421  114
 418  114
 417  113
 416  113
 415  112
 412  112
 411  111
 409  111
 408  110
 406  110
 405  109
 400  109
 399  108
