 312  172
 311  173
 304  173
 303  174
 300  174
 299  175
 296  175
 295  176
 293  176
 292  177
 291  177
 290  178
 288  178
 287  179
 285  179
 283  181
 282  181
 281  182
 280  182
 279  183
 278  183
 277  184
 276  184
 274  186
 273  186
 272  187
 271  187
 268  190
 267  190
 265  192
 264  192
 262  194
 261  194
 258  197
 257  197
 254  200
 253  200
 251  202
 250  202
 247  205
 246  205
 243  208
 242  208
 239  211
 238  211
 235  214
 234  214
 230  218
 229  218
 225  222
 224  222
 218  228
 217  228
 210  235
 209  235
 191  253
 190  253
 183  260
 183  261
 166  278
 166  279
 156  289
 155  289
 151  293
 150  293
 149  294
 148  294
 147  295
 146  295
 145  296
 142  296
 141  297
 139  297
 137  299
 137  300
 136  301
 136  302
 134  304
 133  304
 133  305
 132  306
 132  336
 133  337
 147  337
 148  338
 148  352
 147  353
 139  353
 138  354
 138  375
 141  378
 141  379
 142  380
 142  381
 146  385
 146  386
 149  389
 149  390
 150  391
 150  392
 153  395
 153  396
 156  399
 156  400
 160  404
 160  405
 163  408
 163  409
 168  414
 168  415
 169  416
 169  417
 171  419
 171  420
 172  421
 172  422
 173  423
 173  424
 175  426
 175  427
 176  428
 176  429
 178  431
 178  432
 179  433
 179  434
 180  435
 180  436
 181  437
 181  438
 182  439
 182  444
 183  445
 183  451
 184  452
 184  454
 185  455
 185  458
 186  459
 186  464
 187  465
 187  470
 188  471
 188  474
 189  475
 189  480
 190  481
 190  483
 191  484
 191  485
 192  486
 192  488
 193  489
 193  490
 194  491
 194  492
 197  495
 197  496
 198  497
 199  497
 200  498
 200  499
 203  502
 204  502
 207  505
 208  505
 212  509
 213  509
 214  510
 215  510
 216  511
 218  511
 219  512
 220  512
 221  513
 224  513
 225  514
 230  514
 231  515
 243  515
 244  514
 249  514
 250  513
 252  513
 253  512
 255  512
 256  511
 257  511
 258  510
 260  510
 261  509
 262  509
 263  508
 264  508
 266  506
 267  506
 268  505
 269  505
 270  504
 271  504
 273  502
 274  502
 277  499
 278  499
 281  496
 282  496
 295  483
 295  482
 298  479
 298  478
 301  475
 301  474
 302  473
 302  472
 304  470
 304  469
 305  468
 305  467
 307  465
 307  464
 308  463
 308  461
 309  460
 309  458
 310  457
 310  456
 311  455
 311  453
 312  452
 312  448
 313  447
 313  444
 314  443
 314  440
 315  439
 315  424
 314  423
 314  420
 313  419
 313  418
 312  417
 312  415
 311  414
 311  413
 310  412
 310  411
 309  410
 309  409
 307  407
 307  406
 305  404
 305  403
 303  401
 303  400
 301  398
 301  397
 300  396
 300  395
 297  392
 297  391
 294  388
 294  387
 273  366
 273  365
 270  362
 270  361
 268  359
 268  342
 269  341
 278  341
 279  340
 280  340
 282  338
 283  338
 284  337
 285  337
 287  335
 288  335
 289  334
 290  334
 291  333
 292  333
 293  332
 294  332
 295  331
 296  331
 297  330
 299  330
 301  328
 302  328
 303  327
 304  327
 307  324
 308  324
 308  323
 316  315
 317  315
 317  314
 321  310
 322  310
 322  309
 323  308
 324  308
 324  307
 328  303
 328  301
 330  299
 330  298
 331  297
 331  295
 332  294
 332  293
 334  291
 334  289
 335  288
 335  287
 336  286
 336  285
 337  284
 337  283
 338  282
 338  280
 339  279
 339  278
 340  277
 340  276
 341  275
 341  273
 342  272
 342  268
 343  267
 343  264
 344  263
 344  261
 345  260
 345  255
 346  254
 346  251
 347  250
 347  241
 348  240
 348  233
 349  232
 349  219
 348  218
 348  210
 347  209
 347  206
 346  205
 346  201
 345  200
 345  198
 342  195
 342  193
 340  191
 340  190
 339  189
 339  188
 338  187
 338  186
 332  180
 331  180
 330  179
 330  178
 329  178
 327  176
 326  176
 325  175
 323  175
 322  174
 319  174
 318  173
 314  173
 313  172
