 306  206
 305  207
 302  207
 301  208
 299  208
 298  209
 295  209
 294  210
 293  210
 292  211
 291  211
 290  212
 289  212
 288  213
 287  213
 286  214
 285  214
 283  216
 282  216
 281  217
 280  217
 277  220
 276  220
 274  222
 273  222
 272  223
 271  223
 269  225
 268  225
 266  227
 265  227
 263  229
 262  229
 261  230
 260  230
 258  232
 257  232
 255  234
 254  234
 252  236
 251  236
 250  237
 249  237
 248  238
 247  238
 245  240
 244  240
 243  241
 242  241
 240  243
 239  243
 238  244
 237  244
 234  247
 233  247
 230  250
 229  250
 227  252
 226  252
 223  255
 222  255
 218  259
 217  259
 214  262
 213  262
 211  264
 210  264
 207  267
 206  267
 203  270
 202  270
 198  274
 197  274
 193  278
 192  278
 190  280
 189  280
 188  281
 187  281
 186  282
 184  282
 183  283
 177  283
 176  284
 175  284
 174  285
 173  285
 160  298
 159  298
 156  301
 155  301
 153  303
 152  303
 150  305
 149  305
 146  308
 146  338
 147  339
 157  339
 158  340
 159  340
 161  342
 161  356
 160  357
 151  357
 149  359
 149  374
 150  375
 150  376
 156  382
 156  383
 161  388
 161  389
 165  393
 165  394
 168  397
 168  398
 174  404
 174  405
 177  408
 177  409
 178  410
 178  411
 180  413
 180  414
 181  415
 181  416
 182  417
 182  418
 183  419
 183  420
 185  422
 185  424
 187  426
 187  427
 188  428
 188  429
 189  430
 189  431
 190  432
 190  434
 191  435
 191  438
 192  439
 192  444
 193  445
 193  446
 194  447
 194  449
 195  450
 195  453
 196  454
 196  455
 197  456
 197  457
 198  458
 198  460
 199  461
 199  462
 202  465
 202  466
 203  466
 207  470
 207  471
 210  474
 211  474
 212  475
 213  475
 214  476
 215  476
 216  477
 219  477
 220  478
 227  478
 228  479
 234  479
 235  480
 238  480
 239  481
 240  481
 241  480
 242  480
 245  477
 246  477
 247  476
 249  476
 250  475
 252  475
 253  474
 255  474
 256  473
 263  473
 264  472
 265  472
 266  471
 267  471
 268  470
 268  469
 270  467
 270  466
 279  457
 280  457
 281  456
 282  456
 283  455
 285  455
 287  453
 287  452
 288  451
 288  447
 289  446
 289  443
 290  442
 290  440
 291  439
 291  438
 292  437
 292  435
 293  434
 293  433
 295  431
 295  430
 297  428
 296  427
 296  426
 295  425
 295  423
 294  422
 294  420
 293  419
 293  417
 292  416
 292  401
 291  400
 291  399
 290  399
 281  390
 281  389
 278  386
 278  385
 277  384
 277  383
 276  382
 276  381
 275  380
 275  379
 274  378
 274  377
 270  373
 269  373
 267  371
 267  370
 265  368
 264  368
 263  367
 263  366
 261  364
 261  363
 260  362
 260  347
 261  346
 262  346
 263  345
 276  345
 277  344
 279  344
 280  343
 281  343
 282  342
 283  342
 284  341
 285  341
 286  340
 288  340
 289  339
 295  339
 296  338
 297  338
 298  337
 299  337
 299  336
 300  335
 300  333
 305  328
 306  328
 307  327
 308  327
 309  326
 310  326
 314  322
 314  321
 317  318
 317  317
 318  316
 318  310
 319  309
 319  308
 324  303
 324  302
 325  301
 325  300
 326  299
 326  298
 327  297
 327  296
 328  295
 328  290
 329  289
 329  283
 331  281
 331  279
 332  278
 332  275
 333  274
 333  265
 334  264
 334  256
 335  255
 335  250
 334  249
 334  242
 333  241
 333  240
 332  239
 332  234
 331  233
 331  227
 330  226
 330  225
 329  224
 329  223
 327  221
 327  220
 326  220
 322  216
 322  215
 320  213
 320  212
 319  211
 319  210
 316  207
 315  207
 314  206
