 373  143
 372  144
 366  144
 365  145
 361  145
 360  146
 356  146
 355  147
 352  147
 351  148
 347  148
 346  149
 344  149
 343  150
 339  150
 338  151
 335  151
 334  152
 331  152
 330  153
 328  153
 327  154
 325  154
 324  155
 321  155
 320  156
 318  156
 317  157
 315  157
 314  158
 312  158
 311  159
 309  159
 308  160
 307  160
 306  161
 304  161
 303  162
 302  162
 301  163
 299  163
 298  164
 297  164
 296  165
 295  165
 294  166
 292  166
 291  167
 290  167
 289  168
 288  168
 287  169
 286  169
 285  170
 284  170
 283  171
 282  171
 281  172
 280  172
 279  173
 278  173
 277  174
 276  174
 275  175
 274  175
 273  176
 272  176
 271  177
 270  177
 269  178
 268  178
 267  179
 266  179
 265  180
 264  180
 263  181
 262  181
 261  182
 260  182
 259  183
 258  183
 256  185
 255  185
 254  186
 253  186
 252  187
 251  187
 250  188
 249  188
 248  189
 247  189
 246  190
 245  190
 244  191
 243  191
 242  192
 241  192
 239  194
 238  194
 237  195
 236  195
 235  196
 234  196
 232  198
 231  198
 230  199
 229  199
 228  200
 227  200
 226  201
 225  201
 223  203
 222  203
 221  204
 220  204
 219  205
 218  205
 216  207
 215  207
 213  209
 212  209
 211  210
 210  210
 208  212
 207  212
 205  214
 204  214
 202  216
 201  216
 199  218
 198  218
 196  220
 195  220
 193  222
 192  222
 190  224
 189  224
 187  226
 186  226
 183  229
 182  229
 180  231
 179  231
 176  234
 175  234
 172  237
 171  237
 167  241
 166  241
 163  244
 162  244
 158  248
 157  248
 155  250
 154  250
 151  253
 150  253
 146  257
 145  257
 142  260
 141  260
 132  269
 131  269
 126  274
 125  274
 121  278
 120  278
 112  286
 111  286
 111  287
 109  289
 108  289
 108  290
  97  301
  97  302
  95  304
  94  304
  94  305
  92  307
  91  307
  88  310
  87  310
  86  311
  82  311
  81  312
  81  320
  80  321
  80  322
  78  324
  78  351
  79  352
  83  352
  84  353
  84  367
  83  368
  83  369
  82  370
  82  372
  81  373
  81  375
  80  376
  80  380
  79  381
  79  382
  78  383
  75  383
  74  384
  74  408
  76  410
  76  411
  77  412
  77  415
  78  416
  78  417
  79  418
  79  419
  80  420
  80  423
  81  424
  81  425
  82  426
  82  427
  83  428
  83  429
  84  430
  84  434
  85  435
  85  438
  86  439
  87  439
  90  442
  90  443
  91  444
  91  445
  92  446
  92  447
  93  448
  93  449
  94  450
  94  451
  95  452
  95  453
  97  455
  97  457
  98  458
  98  459
 100  461
 100  462
 101  463
 101  465
 103  467
 103  468
 104  469
 104  470
 105  471
 105  472
 107  474
 107  475
 108  476
 108  477
 111  480
 111  481
 113  483
 113  484
 114  485
 114  486
 117  489
 117  490
 121  494
 121  495
 124  498
 124  499
 134  509
 134  510
 135  511
 135  513
 139  517
 139  518
 140  519
 140  527
 141  528
 141  533
 142  534
 142  536
 143  537
 143  538
 144  539
 144  541
 145  542
 147  542
 152  537
 153  537
 154  536
 170  536
 172  538
 173  538
 175  536
 175  535
 178  532
 179  532
 181  530
 184  530
 185  529
 187  529
 188  528
 205  528
 205  527
 207  525
 209  525
 211  523
 211  522
 212  521
 212  520
 216  516
 217  516
 218  515
 220  515
 221  514
 223  514
 224  513
 241  513
 242  512
 244  512
 247  509
 247  507
 246  506
 246  502
 245  501
 245  483
 246  482
 246  481
 251  476
 253  476
 254  475
 255  475
 256  474
 259  474
 261  472
 262  472
 264  470
 264  469
 265  468
 265  466
 264  465
 264  462
 263  461
 263  459
 262  458
 262  443
 267  438
 268  438
 271  435
 272  435
 272  434
 273  433
 273  432
 272  431
 272  430
 271  429
 271  428
 270  427
 270  426
 267  423
 267  422
 265  420
 265  419
 264  418
 264  416
 263  415
 263  413
 262  412
 262  410
 261  409
 261  407
 260  406
 260  404
 254  398
 254  397
 249  392
 248  392
 240  384
 240  370
 241  369
 266  369
 267  368
 277  368
 278  367
 282  367
 283  366
 284  366
 287  363
 287  361
 288  360
 288  356
 289  355
 289  354
 292  351
 293  351
 298  346
 298  345
 300  343
 300  342
 301  341
 301  340
 302  339
 302  337
 303  336
 303  333
 304  332
 304  331
 305  330
 305  329
 311  323
 312  323
 320  315
 320  314
 322  312
 322  311
 323  310
 323  308
 324  307
 324  304
 325  303
 325  301
 326  300
 326  299
 327  298
 327  297
 331  293
 332  293
 343  282
 343  281
 345  279
 345  278
 347  276
 347  274
 348  273
 348  272
 349  271
 349  270
 355  264
 356  264
 361  259
 362  259
 364  257
 364  256
 370  250
 370  249
 372  247
 372  246
 374  244
 374  243
 375  242
 375  241
 376  240
 376  239
 381  234
 381  233
 386  228
 386  227
 387  226
 387  225
 389  223
 389  222
 390  221
 390  220
 391  219
 391  218
 392  217
 392  216
 393  215
 393  213
 394  212
 394  210
 395  209
 395  208
 396  207
 396  206
 397  205
 397  203
 398  202
 398  201
 399  200
 399  199
 400  198
 400  196
 401  195
 401  192
 402  191
 402  188
 403  187
 403  184
 404  183
 404  178
 405  177
 405  173
 406  172
 406  167
 407  166
 407  164
 406  163
 406  159
 405  158
 405  156
 404  155
 404  154
 403  153
 403  152
 400  149
 399  149
 398  148
 397  148
 396  147
 394  147
 393  146
 391  146
 390  145
 386  145
 385  144
 378  144
 377  143
