 368  107
 367  108
 361  108
 360  109
 353  109
 352  110
 348  110
 347  111
 342  111
 341  112
 339  112
 338  113
 334  113
 333  114
 331  114
 330  115
 328  115
 327  116
 325  116
 324  117
 322  117
 321  118
 319  118
 318  119
 316  119
 315  120
 313  120
 312  121
 311  121
 310  122
 308  122
 307  123
 306  123
 305  124
 303  124
 302  125
 300  125
 299  126
 297  126
 296  127
 294  127
 293  128
 292  128
 291  129
 289  129
 288  130
 287  130
 286  131
 284  131
 283  132
 282  132
 281  133
 279  133
 278  134
 277  134
 276  135
 275  135
 274  136
 273  136
 272  137
 271  137
 270  138
 268  138
 267  139
 266  139
 265  140
 264  140
 263  141
 262  141
 261  142
 260  142
 259  143
 258  143
 257  144
 256  144
 255  145
 254  145
 253  146
 252  146
 251  147
 250  147
 249  148
 248  148
 247  149
 246  149
 244  151
 243  151
 242  152
 241  152
 240  153
 239  153
 237  155
 236  155
 235  156
 234  156
 232  158
 231  158
 229  160
 228  160
 227  161
 226  161
 225  162
 224  162
 223  163
 222  163
 220  165
 219  165
 218  166
 217  166
 216  167
 214  167
 212  169
 211  169
 210  170
 209  170
 208  171
 207  171
 206  172
 205  172
 204  173
 203  173
 201  175
 200  175
 199  176
 198  176
 196  178
 195  178
 194  179
 193  179
 192  180
 191  180
 189  182
 188  182
 187  183
 186  183
 184  185
 183  185
 182  186
 181  186
 179  188
 178  188
 177  189
 176  189
 174  191
 173  191
 171  193
 170  193
 167  196
 166  196
 164  198
 163  198
 160  201
 159  201
 154  206
 153  206
 148  211
 147  211
 143  215
 142  215
 138  219
 137  219
 134  222
 133  222
 131  224
 130  224
 126  228
 125  228
 122  231
 121  231
 117  235
 116  235
 112  239
 111  239
 109  241
 109  242
  99  252
  98  252
  92  258
  91  258
  84  265
  83  265
  75  273
  75  274
  73  276
  72  276
  72  277
  63  286
  63  287
  58  292
  58  293
  55  296
  55  297
  52  300
  52  301
  51  302
  51  303
  48  306
  48  307
  46  309
  45  309
  44  310
  39  310
  37  312
  37  343
  38  344
  46  344
  47  345
  47  359
  46  360
  45  360
  44  361
  43  361
  38  366
  38  367
  36  369
  36  371
  35  372
  35  385
  34  386
  34  408
  33  409
  31  409
  30  410
  30  416
  31  417
  31  422
  32  423
  32  426
  33  427
  33  429
  34  430
  34  434
  35  435
  35  439
  36  440
  36  441
  37  442
  37  444
  38  445
  38  449
  39  450
  39  451
  40  452
  40  453
  41  454
  41  457
  42  458
  42  459
  43  460
  43  461
  44  462
  44  464
  45  465
  45  467
  46  468
  46  469
  47  470
  47  471
  48  472
  48  473
  49  474
  49  476
  51  478
  51  479
  55  483
  55  484
  57  486
  57  487
  58  488
  58  489
  60  491
  60  492
  61  493
  61  494
  62  495
  62  496
  64  498
  64  500
  65  501
  65  503
  67  505
  67  506
  68  507
  68  508
  69  509
  69  510
  70  511
  70  512
  71  513
  71  514
  72  515
  72  516
  74  518
  74  519
  75  520
  75  521
  76  522
  76  523
  77  524
  77  525
  78  526
  78  528
  79  529
  79  530
  82  533
  82  534
  88  540
  88  541
  89  542
  89  543
  91  545
  91  546
  95  550
  95  551
  98  554
  98  555
  99  556
  99  557
 100  558
 100  559
 101  560
 101  562
 102  563
 102  565
 103  566
 103  567
 104  568
 104  570
 105  571
 105  575
 107  577
 109  577
 112  574
 115  574
 116  573
 135  573
 137  575
 137  576
 140  579
 141  579
 142  580
 146  580
 148  578
 149  578
 150  577
 150  576
 153  573
 153  572
 155  570
 156  570
 157  569
 160  569
 161  568
 180  568
 181  569
 183  569
 184  570
 185  569
 186  569
 187  568
 188  568
 191  565
 191  564
 192  563
 192  562
 193  561
 193  560
 194  559
 194  555
 195  554
 195  551
 197  549
 199  549
 200  548
 201  548
 202  547
 203  547
 204  546
 205  546
 207  544
 207  539
 208  538
 209  538
 210  537
 222  537
 223  536
 224  536
 226  534
 226  533
 225  532
 225  516
 234  507
 235  507
 237  505
 238  505
 239  504
 240  504
 243  501
 244  501
 244  500
 248  496
 248  494
 249  493
 249  489
 248  488
 248  484
 247  483
 247  482
 246  481
 246  480
 245  479
 245  477
 244  476
 244  475
 241  472
 241  471
 240  470
 240  447
 241  446
 241  441
 240  440
 240  439
 239  438
 239  437
 238  436
 238  434
 236  432
 236  431
 234  429
 234  428
 231  425
 231  424
 223  416
 222  416
 221  415
 221  414
 220  413
 219  413
 215  409
 207  409
 206  408
 203  408
 202  407
 202  393
 203  392
 222  392
 223  393
 232  393
 233  394
 240  394
 241  395
 252  395
 253  394
 259  394
 260  393
 266  393
 267  392
 272  392
 273  391
 277  391
 278  390
 280  390
 284  386
 284  385
 285  384
 286  384
 288  382
 288  381
 294  375
 295  375
 296  374
 296  373
 297  372
 297  371
 298  370
 298  369
 300  367
 301  367
 308  360
 309  360
 310  359
 311  359
 316  354
 316  352
 317  351
 317  348
 318  347
 318  345
 319  344
 320  344
 322  342
 322  339
 323  338
 323  337
 324  336
 324  335
 325  334
 325  333
 330  328
 330  321
 331  320
 336  320
 339  317
 339  316
 340  315
 340  314
 341  313
 341  312
 342  311
 342  310
 344  308
 344  306
 345  305
 345  301
 346  300
 346  298
 347  297
 347  296
 348  295
 348  294
 349  293
 349  292
 356  285
 357  285
 359  283
 359  282
 362  279
 362  278
 364  276
 364  275
 365  274
 365  273
 368  270
 368  269
 371  266
 371  264
 370  263
 370  262
 369  261
 369  259
 368  258
 368  242
 370  240
 386  240
 387  241
 388  241
 389  242
 391  242
 392  243
 393  242
 394  242
 395  241
 395  240
 396  239
 397  239
 402  234
 402  233
 404  231
 404  230
 405  229
 405  228
 410  223
 411  223
 415  219
 415  218
 417  216
 417  215
 418  214
 418  213
 422  209
 422  208
 425  205
 425  204
 426  203
 426  202
 428  200
 428  199
 431  196
 431  195
 433  193
 433  192
 435  190
 435  189
 436  188
 436  187
 437  186
 437  185
 438  184
 438  183
 439  182
 439  181
 441  179
 441  178
 442  177
 442  176
 443  175
 443  174
 444  173
 444  172
 445  171
 445  169
 446  168
 446  167
 447  166
 447  165
 448  164
 448  162
 449  161
 449  156
 450  155
 450  151
 451  150
 451  146
 450  145
 450  143
 449  142
 449  138
 448  137
 448  135
 446  133
 446  132
 445  131
 445  130
 443  128
 443  127
 439  123
 438  123
 436  121
 435  121
 434  120
 433  120
 432  119
 431  119
 430  118
 428  118
 427  117
 426  117
 425  116
 423  116
 422  115
 420  115
 419  114
 417  114
 416  113
 412  113
 411  112
 408  112
 407  111
 403  111
 402  110
 400  110
 399  109
 395  109
 394  108
 390  108
 389  107
