 319  196
 318  197
 311  197
 310  198
 304  198
 303  199
 301  199
 300  200
 296  200
 295  201
 293  201
 292  202
 289  202
 288  203
 286  203
 285  204
 283  204
 282  205
 280  205
 279  206
 277  206
 276  207
 274  207
 273  208
 271  208
 270  209
 269  209
 268  210
 267  210
 266  211
 264  211
 263  212
 262  212
 261  213
 259  213
 258  214
 257  214
 256  215
 255  215
 254  216
 253  216
 252  217
 251  217
 250  218
 249  218
 248  219
 247  219
 246  220
 245  220
 244  221
 243  221
 242  222
 241  222
 240  223
 239  223
 238  224
 237  224
 235  226
 234  226
 233  227
 232  227
 231  228
 230  228
 229  229
 228  229
 226  231
 225  231
 224  232
 223  232
 221  234
 220  234
 219  235
 218  235
 216  237
 215  237
 213  239
 212  239
 211  240
 210  240
 208  242
 207  242
 205  244
 204  244
 203  245
 202  245
 200  247
 199  247
 198  248
 197  248
 194  251
 193  251
 191  253
 190  253
 188  255
 187  255
 184  258
 183  258
 180  261
 179  261
 177  263
 176  263
 173  266
 172  266
 169  269
 168  269
 161  276
 160  276
 144  292
 144  293
 137  300
 137  301
 128  310
 120  310
 118  312
 118  336
 120  338
 120  357
 119  358
 119  364
 118  365
 118  366
 117  367
 117  370
 116  371
 116  376
 115  377
 115  390
 116  391
 116  392
 118  394
 118  396
 119  397
 119  398
 120  399
 120  401
 121  402
 121  405
 122  406
 122  407
 123  408
 123  411
 124  412
 124  415
 125  416
 125  419
 126  420
 126  421
 127  422
 127  423
 129  425
 129  426
 131  428
 131  429
 133  431
 133  432
 134  433
 134  434
 136  436
 136  437
 139  440
 139  441
 141  443
 141  444
 147  450
 147  451
 151  455
 152  455
 154  457
 154  458
 171  475
 182  475
 183  476
 183  477
 184  478
 184  479
 187  482
 187  483
 189  485
 189  486
 193  490
 194  490
 195  491
 199  487
 199  486
 200  485
 215  485
 216  486
 217  486
 218  487
 219  486
 219  485
 220  484
 220  481
 221  480
 221  479
 224  476
 225  476
 226  475
 238  475
 239  474
 239  473
 240  472
 240  462
 243  459
 244  459
 245  458
 248  458
 249  457
 252  457
 253  456
 254  456
 256  454
 256  449
 255  448
 255  433
 257  431
 258  431
 261  428
 261  426
 260  425
 260  423
 259  422
 259  421
 256  418
 256  417
 253  414
 253  413
 252  412
 252  411
 251  410
 251  401
 250  400
 250  399
 249  398
 249  397
 246  394
 246  393
 238  385
 237  385
 234  382
 233  382
 231  380
 230  380
 229  379
 229  365
 230  364
 266  364
 267  363
 272  363
 277  358
 278  358
 281  355
 282  355
 283  354
 283  353
 286  350
 287  350
 288  349
 289  349
 300  338
 302  338
 304  336
 304  335
 305  334
 305  333
 306  332
 306  330
 310  326
 311  326
 314  323
 314  322
 317  319
 317  318
 318  317
 318  316
 320  314
 320  311
 321  310
 321  309
 322  308
 322  306
 327  301
 327  300
 330  297
 330  296
 333  293
 333  292
 335  290
 335  289
 337  287
 337  286
 341  282
 341  281
 344  278
 344  277
 346  275
 346  274
 347  273
 347  271
 348  270
 348  268
 349  267
 349  265
 353  261
 353  260
 354  259
 354  258
 356  256
 356  254
 357  253
 357  251
 358  250
 358  248
 359  247
 359  246
 360  245
 360  244
 361  243
 361  242
 362  241
 362  239
 363  238
 363  235
 364  234
 364  228
 365  227
 365  222
 366  221
 365  220
 365  216
 364  215
 364  213
 363  212
 363  210
 359  206
 358  206
 356  204
 355  204
 353  202
 352  202
 351  201
 350  201
 349  200
 348  200
 347  199
 345  199
 344  198
 342  198
 341  197
 336  197
 335  196
