 329  150
 328  151
 325  151
 324  152
 319  152
 318  153
 316  153
 315  154
 312  154
 311  155
 309  155
 308  156
 306  156
 305  157
 303  157
 302  158
 301  158
 300  159
 298  159
 297  160
 296  160
 295  161
 293  161
 292  162
 291  162
 290  163
 288  163
 287  164
 286  164
 285  165
 284  165
 283  166
 281  166
 280  167
 279  167
 278  168
 277  168
 276  169
 275  169
 274  170
 272  170
 271  171
 270  171
 269  172
 268  172
 267  173
 266  173
 265  174
 264  174
 263  175
 262  175
 261  176
 260  176
 259  177
 258  177
 256  179
 255  179
 254  180
 253  180
 252  181
 251  181
 250  182
 249  182
 248  183
 247  183
 245  185
 244  185
 243  186
 242  186
 241  187
 240  187
 239  188
 238  188
 237  189
 236  189
 235  190
 234  190
 233  191
 232  191
 231  192
 230  192
 228  194
 227  194
 226  195
 225  195
 223  197
 222  197
 221  198
 220  198
 218  200
 217  200
 215  202
 214  202
 212  204
 211  204
 210  205
 209  205
 207  207
 206  207
 204  209
 203  209
 201  211
 200  211
 198  213
 197  213
 195  215
 194  215
 192  217
 191  217
 188  220
 187  220
 184  223
 183  223
 180  226
 179  226
 176  229
 175  229
 172  232
 171  232
 167  236
 166  236
 162  240
 161  240
 157  244
 156  244
 152  248
 151  248
 142  257
 141  257
 136  262
 136  263
 132  267
 132  268
 131  269
 131  270
 125  276
 125  277
 122  280
 121  280
 119  282
 118  282
 117  283
 116  283
 114  285
 114  304
 115  305
 122  305
 123  306
 123  320
 122  321
 121  321
 119  323
 119  324
 118  325
 118  326
 117  327
 117  328
 116  329
 116  330
 115  331
 115  335
 114  336
 114  347
 113  348
 110  348
 108  350
 108  364
 110  366
 111  366
 114  369
 114  372
 115  373
 115  375
 116  376
 116  378
 117  379
 117  383
 118  384
 118  391
 119  392
 119  394
 120  395
 120  396
 122  398
 122  399
 124  401
 124  402
 125  403
 125  405
 126  406
 126  407
 127  408
 127  410
 128  411
 128  413
 129  414
 129  415
 130  416
 130  417
 131  418
 131  421
 132  422
 132  423
 133  424
 133  425
 134  426
 134  428
 135  429
 135  431
 136  432
 136  434
 137  435
 137  443
 138  444
 138  450
 139  451
 139  453
 140  454
 140  456
 141  457
 141  464
 142  465
 142  467
 144  469
 145  469
 147  471
 148  471
 149  472
 150  472
 151  473
 153  473
 154  474
 163  474
 164  475
 164  496
 165  497
 165  501
 166  502
 166  504
 167  505
 167  506
 168  507
 168  508
 169  509
 169  510
 176  517
 177  517
 178  518
 179  518
 186  511
 187  511
 190  508
 204  508
 206  510
 206  511
 207  512
 207  513
 209  515
 211  515
 213  513
 213  511
 214  510
 214  508
 216  506
 218  506
 219  505
 236  505
 238  507
 238  509
 239  510
 239  513
 241  515
 241  516
 242  517
 242  518
 244  520
 244  521
 245  522
 245  523
 246  524
 246  525
 248  527
 248  528
 249  529
 249  530
 255  536
 256  536
 257  537
 258  536
 259  536
 259  535
 260  534
 260  533
 259  532
 259  531
 258  530
 258  528
 257  527
 257  524
 254  521
 254  519
 251  516
 251  515
 250  514
 250  513
 249  512
 249  511
 247  509
 247  508
 245  506
 245  505
 241  501
 241  500
 240  499
 240  482
 242  480
 243  480
 245  478
 246  478
 247  477
 249  477
 250  476
 253  476
 254  475
 254  474
 255  473
 255  472
 256  471
 256  470
 257  469
 257  465
 256  464
 256  463
 255  462
 255  445
 257  443
 257  442
 261  438
 262  438
 263  437
 264  437
 267  434
 267  428
 266  427
 266  426
 264  424
 264  423
 263  422
 263  403
 264  402
 264  401
 265  400
 266  400
 267  399
 267  397
 266  396
 266  394
 265  393
 265  392
 264  391
 264  390
 263  389
 263  387
 261  385
 261  384
 260  383
 260  382
 257  379
 256  379
 255  378
 255  377
 254  376
 254  375
 253  374
 253  373
 252  372
 252  371
 251  370
 251  369
 250  368
 250  367
 249  366
 249  365
 248  364
 248  363
 247  362
 247  361
 246  360
 246  359
 244  357
 244  356
 243  355
 243  341
 244  340
 256  340
 257  339
 259  339
 260  338
 263  338
 264  337
 266  337
 267  336
 270  336
 271  335
 274  335
 277  332
 278  332
 282  328
 283  328
 284  327
 285  327
 286  326
 286  325
 287  324
 287  323
 289  321
 289  320
 291  318
 291  317
 292  316
 293  316
 296  313
 296  312
 298  310
 298  307
 299  306
 299  304
 300  303
 300  302
 306  296
 307  296
 309  294
 310  294
 310  293
 312  291
 312  290
 313  289
 313  286
 314  285
 314  277
 315  276
 315  275
 317  273
 317  272
 319  270
 320  270
 324  266
 324  265
 325  264
 325  258
 326  257
 326  255
 327  254
 327  253
 333  247
 334  247
 338  243
 338  242
 340  240
 340  239
 341  238
 341  235
 342  234
 342  232
 343  231
 343  230
 348  225
 349  225
 353  221
 353  220
 354  219
 354  218
 355  217
 355  215
 356  214
 356  213
 357  212
 357  210
 358  209
 358  207
 360  205
 360  204
 364  200
 364  198
 365  197
 365  195
 366  194
 366  192
 367  191
 367  188
 368  187
 368  185
 370  183
 370  182
 371  181
 371  178
 372  177
 372  163
 371  162
 371  161
 365  155
 364  155
 363  154
 362  154
 361  153
 360  153
 359  152
 356  152
 355  151
 352  151
 351  150
