 392   29
 391   30
 385   30
 384   31
 378   31
 377   32
 373   32
 372   33
 367   33
 366   34
 364   34
 363   35
 359   35
 358   36
 355   36
 354   37
 351   37
 350   38
 347   38
 346   39
 343   39
 342   40
 340   40
 339   41
 337   41
 336   42
 334   42
 333   43
 332   43
 331   44
 329   44
 328   45
 327   45
 326   46
 324   46
 323   47
 321   47
 320   48
 319   48
 318   49
 317   49
 316   50
 314   50
 313   51
 312   51
 311   52
 310   52
 309   53
 307   53
 306   54
 305   54
 304   55
 303   55
 302   56
 301   56
 300   57
 299   57
 298   58
 297   58
 296   59
 295   59
 294   60
 293   60
 292   61
 291   61
 290   62
 289   62
 288   63
 287   63
 286   64
 285   64
 284   65
 283   65
 282   66
 281   66
 280   67
 279   67
 277   69
 276   69
 275   70
 274   70
 273   71
 272   71
 271   72
 270   72
 269   73
 268   73
 266   75
 265   75
 264   76
 263   76
 261   78
 260   78
 259   79
 258   79
 256   81
 255   81
 254   82
 253   82
 251   84
 250   84
 249   85
 248   85
 246   87
 245   87
 243   89
 242   89
 240   91
 239   91
 237   93
 236   93
 233   96
 232   96
 230   98
 229   98
 226  101
 225  101
 222  104
 221  104
 218  107
 217  107
 213  111
 212  111
 208  115
 207  115
 202  120
 201  120
 196  125
 195  125
 189  131
 188  131
 184  135
 183  135
 176  142
 175  142
 169  148
 168  148
 162  154
 161  154
 155  160
 154  160
 146  168
 145  168
 139  174
 138  174
 133  179
 132  179
 128  183
 127  183
 123  187
 122  187
 119  190
 118  190
 114  194
 113  194
 104  203
 104  204
  87  221
  87  222
  85  224
  84  224
  75  233
  74  233
  63  244
  62  244
  47  259
  47  260
  38  269
  38  270
  35  273
  35  274
  31  278
  31  279
  29  281
  29  282
  27  284
  27  286
  24  289
  24  290
  23  291
  23  292
  21  294
  21  295
  20  296
  20  297
  19  298
  19  299
  17  301
  17  302
  16  303
  16  304
  14  306
  14  307
  12  309
  12  347
  13  348
  19  348
  20  349
  20  363
  18  365
  18  366
  15  369
  15  370
  14  371
  14  372
  13  373
  13  375
  12  376
  12  378
  11  379
  11  381
  10  382
  10  391
   9  392
   0  392
   0  404
   8  404
   9  405
   9  411
  10  412
  10  416
  11  417
  11  419
  12  420
  12  423
  13  424
  13  427
  14  428
  14  430
  16  432
  16  433
  17  434
  17  435
  19  437
  19  438
  20  439
  20  441
  22  443
  22  444
  23  445
  23  448
  24  449
  24  450
  26  452
  26  454
  27  455
  27  457
  28  458
  28  459
  29  460
  29  461
  30  462
  30  465
  31  466
  31  467
  32  468
  32  469
  33  470
  33  473
  34  474
  34  475
  35  476
  35  477
  36  478
  36  481
  37  482
  37  484
  38  485
  38  486
  39  487
  39  488
  40  489
  40  492
  42  494
  42  495
  43  496
  43  497
  44  498
  44  499
  45  500
  45  501
  46  502
  46  503
  47  504
  47  506
  49  508
  49  509
  50  510
  50  513
  51  514
  51  515
  53  517
  53  519
  54  520
  54  522
  56  524
  56  526
  57  527
  57  529
  58  530
  58  531
  59  532
  59  533
  60  534
  60  536
  61  537
  61  539
  63  541
  63  544
  64  545
  64  547
  65  548
  65  549
  66  550
  66  552
  67  553
  67  555
  68  556
  68  558
  69  559
  69  560
  70  561
  70  564
  71  565
  71  567
  72  568
  72  569
  73  570
  73  573
  74  574
  74  576
  76  578
  76  579
  77  580
  77  582
  80  585
  80  586
  91  597
  92  597
  93  598
  94  598
  97  601
  98  601
 103  606
 103  611
 104  612
 104  623
 105  624
 105  626
 106  627
 106  630
 107  631
 107  633
 108  634
 108  635
 110  637
 110  638
 119  647
 120  647
 121  648
 122  648
 123  649
 130  649
 131  648
 133  648
 138  643
 158  643
 159  644
 160  644
 164  648
 164  649
 168  653
 169  653
 171  655
 172  655
 173  656
 174  656
 175  657
 177  657
 178  658
 185  658
 186  657
 188  657
 190  655
 191  655
 194  652
 194  651
 196  649
 196  645
 199  642
 200  642
 201  641
 202  641
 203  640
 205  640
 206  639
 223  639
 224  640
 226  640
 229  643
 230  643
 232  645
 233  645
 234  646
 235  646
 237  644
 238  644
 239  643
 239  642
 241  640
 241  639
 242  638
 242  637
 243  636
 243  616
 244  615
 244  614
 246  612
 246  611
 248  609
 249  609
 252  606
 253  606
 255  604
 262  604
 263  603
 266  603
 267  602
 270  602
 271  601
 272  601
 274  599
 275  599
 275  598
 278  595
 278  594
 280  592
 280  590
 281  589
 281  588
 282  587
 282  585
 283  584
 283  574
 282  573
 282  570
 281  569
 281  566
 280  565
 280  545
 281  544
 281  543
 283  541
 283  539
 284  538
 284  537
 290  531
 291  531
 292  530
 293  530
 298  525
 299  525
 299  524
 303  520
 303  519
 304  518
 304  516
 305  515
 305  511
 304  510
 304  508
 303  507
 303  505
 300  502
 300  501
 297  498
 297  497
 294  494
 294  493
 290  489
 290  487
 289  486
 289  485
 288  484
 288  466
 289  465
 289  458
 288  457
 288  456
 287  455
 287  454
 286  453
 286  452
 283  449
 283  448
 261  426
 260  426
 244  410
 244  409
 236  401
 236  400
 235  399
 234  399
 233  398
 233  397
 232  396
 231  396
 226  391
 223  391
 222  390
 220  390
 219  389
 218  389
 217  388
 214  388
 213  387
 213  373
 214  372
 230  372
 231  373
 286  373
 287  372
 297  372
 298  371
 301  371
 302  370
 303  370
 311  362
 312  362
 313  361
 314  361
 315  360
 316  360
 317  359
 318  359
 319  358
 320  358
 325  353
 325  352
 329  348
 332  348
 333  347
 333  346
 339  340
 341  340
 342  339
 343  339
 344  338
 345  338
 356  327
 356  326
 360  322
 360  320
 361  319
 361  317
 362  316
 362  313
 363  312
 363  309
 365  307
 365  306
 367  304
 367  303
 373  297
 374  297
 376  295
 377  295
 382  290
 382  289
 384  287
 384  286
 385  285
 385  284
 388  281
 388  280
 391  277
 391  276
 393  274
 393  272
 394  271
 394  255
 395  254
 395  251
 396  250
 396  248
 397  247
 397  245
 401  241
 401  240
 404  237
 404  236
 405  235
 405  234
 406  233
 406  231
 407  230
 407  227
 409  225
 409  224
 411  222
 411  221
 412  220
 412  219
 413  218
 413  213
 414  212
 414  207
 415  206
 415  205
 416  204
 416  203
 417  202
 417  200
 420  197
 420  196
 422  194
 423  194
 427  190
 427  189
 429  187
 429  186
 430  185
 430  184
 431  183
 431  182
 432  181
 432  180
 433  179
 433  178
 434  177
 434  176
 435  175
 435  174
 436  173
 436  172
 437  171
 437  165
 438  164
 438  158
 439  157
 439  155
 440  154
 440  152
 441  151
 441  150
 446  145
 446  144
 448  142
 448  140
 449  139
 449  138
 450  137
 450  135
 451  134
 451  133
 452  132
 452  131
 453  130
 453  128
 454  127
 454  123
 455  122
 455  120
 457  118
 457  116
 463  110
 463  109
 464  108
 464  107
 465  106
 465  105
 466  104
 466  103
 467  102
 467  100
 468   99
 468   96
 469   95
 469   92
 470   91
 470   88
 471   87
 471   84
 472   83
 472   79
 473   78
 480   78
 480   60
 473   60
 472   59
 472   58
 471   57
 471   55
 470   54
 470   52
 468   50
 468   49
 465   46
 464   46
 462   44
 461   44
 460   43
 459   43
 457   41
 456   41
 455   40
 453   40
 452   39
 451   39
 450   38
 448   38
 447   37
 445   37
 444   36
 442   36
 441   35
 438   35
 437   34
 435   34
 434   33
 430   33
 429   32
 426   32
 425   31
 419   31
 418   30
 412   30
 411   29
