 331  153
 330  154
 326  154
 325  155
 323  155
 322  156
 319  156
 318  157
 317  157
 316  158
 314  158
 313  159
 312  159
 311  160
 309  160
 308  161
 307  161
 306  162
 305  162
 304  163
 303  163
 302  164
 300  164
 298  166
 297  166
 296  167
 295  167
 294  168
 293  168
 291  170
 290  170
 289  171
 288  171
 286  173
 285  173
 284  174
 283  174
 281  176
 280  176
 277  179
 276  179
 272  183
 271  183
 268  186
 267  186
 265  188
 264  188
 262  190
 261  190
 259  192
 258  192
 256  194
 255  194
 253  196
 252  196
 250  198
 249  198
 247  200
 246  200
 243  203
 242  203
 240  205
 239  205
 237  207
 236  207
 234  209
 233  209
 231  211
 230  211
 226  215
 225  215
 222  218
 221  218
 218  221
 217  221
 212  226
 211  226
 205  232
 204  232
 200  236
 199  236
 192  243
 191  243
 183  251
 182  251
 178  255
 177  255
 168  264
 167  264
 159  272
 158  272
 151  279
 150  279
 147  282
 146  282
 141  287
 140  287
 136  291
 135  291
 132  294
 131  294
 129  296
 128  296
 122  302
 120  302
 119  303
 118  303
 116  305
 116  354
 115  355
 115  375
 116  376
 116  377
 117  377
 119  379
 120  379
 123  382
 123  383
 128  388
 128  389
 130  391
 130  392
 132  394
 132  395
 133  396
 133  397
 135  399
 135  400
 137  402
 137  403
 138  404
 138  405
 140  407
 140  408
 141  409
 141  410
 146  415
 146  416
 149  419
 149  420
 153  424
 153  425
 154  426
 154  427
 160  433
 160  434
 163  437
 163  438
 164  439
 164  441
 165  442
 165  443
 166  444
 166  445
 167  446
 167  447
 168  448
 168  449
 169  450
 169  451
 170  452
 170  453
 171  454
 171  456
 172  457
 172  458
 173  459
 173  461
 174  462
 174  464
 175  465
 175  467
 176  468
 176  469
 177  470
 177  471
 178  472
 178  474
 179  475
 179  477
 180  478
 180  479
 181  480
 181  481
 182  482
 182  485
 183  486
 183  489
 184  490
 184  493
 185  494
 185  496
 186  497
 186  499
 187  500
 187  503
 188  504
 188  506
 189  507
 189  508
 190  509
 190  510
 191  511
 191  513
 194  516
 194  517
 195  518
 195  519
 203  527
 204  527
 206  529
 207  529
 208  530
 209  530
 210  531
 211  531
 212  532
 213  532
 214  533
 216  533
 217  534
 220  534
 221  535
 231  535
 232  534
 235  534
 236  533
 239  533
 240  532
 243  532
 244  531
 248  531
 249  530
 250  530
 251  529
 253  529
 254  528
 255  528
 256  527
 257  527
 258  526
 260  526
 261  525
 262  525
 263  524
 264  524
 265  523
 266  523
 268  521
 269  521
 270  520
 271  520
 272  519
 273  519
 275  517
 276  517
 278  515
 279  515
 279  514
 280  513
 281  513
 283  511
 284  511
 290  505
 291  505
 301  495
 301  494
 302  493
 302  492
 305  489
 305  488
 306  487
 306  486
 307  485
 307  484
 309  482
 309  480
 311  478
 311  477
 312  476
 312  474
 313  473
 313  471
 314  470
 314  469
 315  468
 315  466
 316  465
 316  461
 317  460
 317  453
 318  452
 318  445
 319  444
 319  440
 318  439
 318  433
 317  432
 317  428
 316  427
 316  424
 314  422
 314  421
 313  420
 313  419
 312  418
 312  417
 311  416
 311  415
 309  413
 309  412
 307  410
 307  409
 300  402
 300  401
 292  393
 292  392
 286  386
 285  386
 282  383
 281  383
 279  381
 278  381
 276  379
 275  379
 273  377
 272  377
 270  375
 269  375
 267  373
 266  373
 264  371
 263  371
 260  368
 259  368
 258  367
 257  367
 255  365
 254  365
 253  364
 252  364
 251  363
 250  363
 248  361
 247  361
 246  360
 244  360
 243  359
 242  359
 239  356
 239  342
 240  341
 257  341
 258  342
 290  342
 291  341
 293  341
 294  340
 297  340
 298  339
 300  339
 301  338
 302  338
 303  337
 304  337
 305  336
 307  336
 308  335
 309  335
 310  334
 311  334
 313  332
 314  332
 316  330
 317  330
 318  329
 319  329
 320  328
 321  328
 328  321
 329  321
 337  313
 337  312
 340  309
 340  308
 343  305
 343  304
 344  303
 344  302
 345  301
 345  300
 346  299
 346  298
 347  297
 347  295
 348  294
 348  293
 349  292
 349  291
 350  290
 350  289
 352  287
 352  286
 353  285
 353  282
 354  281
 354  278
 355  277
 355  276
 356  275
 356  271
 357  270
 357  263
 358  262
 358  261
 359  260
 359  258
 360  257
 360  251
 361  250
 361  246
 362  245
 362  241
 363  240
 363  230
 364  229
 364  219
 365  218
 365  199
 364  198
 364  190
 363  189
 363  180
 362  179
 362  175
 361  174
 361  172
 360  171
 360  169
 359  168
 359  167
 358  166
 358  165
 356  163
 356  162
 353  159
 353  158
 352  157
 351  157
 349  155
 348  155
 347  154
 345  154
 344  153
