 407   60
 406   61
 399   61
 398   62
 392   62
 391   63
 389   63
 388   64
 383   64
 382   65
 380   65
 379   66
 376   66
 375   67
 372   67
 371   68
 369   68
 368   69
 366   69
 365   70
 364   70
 363   71
 360   71
 359   72
 357   72
 356   73
 354   73
 353   74
 351   74
 350   75
 348   75
 347   76
 346   76
 345   77
 343   77
 342   78
 341   78
 340   79
 338   79
 337   80
 336   80
 335   81
 334   81
 333   82
 331   82
 330   83
 329   83
 328   84
 327   84
 326   85
 325   85
 324   86
 323   86
 322   87
 321   87
 320   88
 319   88
 318   89
 317   89
 316   90
 315   90
 314   91
 313   91
 311   93
 310   93
 309   94
 308   94
 307   95
 306   95
 305   96
 304   96
 303   97
 302   97
 301   98
 300   98
 298  100
 297  100
 296  101
 295  101
 294  102
 293  102
 292  103
 291  103
 290  104
 289  104
 287  106
 286  106
 284  108
 283  108
 282  109
 281  109
 279  111
 278  111
 276  113
 275  113
 273  115
 272  115
 270  117
 269  117
 268  118
 267  118
 265  120
 264  120
 262  122
 261  122
 259  124
 258  124
 256  126
 255  126
 253  128
 252  128
 249  131
 248  131
 246  133
 245  133
 243  135
 242  135
 239  138
 238  138
 235  141
 234  141
 231  144
 230  144
 226  148
 225  148
 222  151
 221  151
 219  153
 218  153
 214  157
 213  157
 209  161
 208  161
 205  164
 204  164
 201  167
 200  167
 197  170
 196  170
 191  175
 190  175
 186  179
 185  179
 181  183
 180  183
 175  188
 174  188
 170  192
 169  192
 166  195
 165  195
 161  199
 160  199
 155  204
 154  204
 149  209
 148  209
 142  215
 141  215
 129  227
 128  227
 125  230
 124  230
 121  233
 120  233
 116  237
 115  237
 111  241
 110  241
 104  247
 103  247
  97  253
  96  253
  88  261
  87  261
  87  262
  84  265
  83  265
  71  277
  71  278
  65  284
  65  285
  63  287
  63  288
  60  291
  60  292
  58  294
  58  295
  56  297
  56  298
  55  299
  55  300
  53  302
  53  304
  50  307
  50  308
  47  311
  47  312
  44  315
  44  316
  43  317
  43  323
  44  324
  61  324
  62  325
  70  325
  71  324
 108  324
 109  325
 114  325
 115  326
 115  340
 114  341
  65  341
  64  342
  58  342
  57  343
  55  343
  54  344
  53  344
  49  348
  49  349
  45  353
  45  354
  43  356
  43  358
  42  359
  42  362
  41  363
  41  368
  40  369
  40  385
  39  386
  32  386
  31  387
  31  388
  30  389
  30  402
  31  403
  31  405
  33  407
  33  409
  34  410
  34  412
  35  413
  35  418
  36  419
  36  424
  37  425
  37  428
  38  429
  38  430
  39  431
  39  434
  40  435
  40  437
  41  438
  41  439
  42  440
  42  442
  43  443
  43  445
  45  447
  45  448
  46  449
  46  452
  47  453
  47  454
  48  455
  48  457
  49  458
  49  459
  50  460
  50  461
  51  462
  51  463
  52  464
  52  466
  53  467
  53  468
  54  469
  54  471
  56  473
  56  475
  58  477
  58  478
  60  480
  60  481
  64  485
  64  486
  66  488
  66  489
  68  491
  68  492
  70  494
  70  495
  73  498
  73  499
  75  501
  75  502
  76  503
  76  504
  80  508
  80  509
  83  512
  83  513
  87  517
  87  518
  97  528
  98  528
 103  533
 103  534
 106  537
 106  538
 107  539
 107  540
 120  553
 120  554
 121  555
 122  555
 129  562
 129  563
 130  564
 130  566
 132  568
 132  569
 133  570
 133  571
 134  572
 134  573
 136  575
 136  576
 137  577
 137  578
 139  580
 139  581
 141  583
 141  584
 143  586
 143  587
 146  590
 146  592
 147  593
 147  594
 149  596
 149  597
 150  598
 150  599
 151  600
 151  601
 153  603
 153  604
 154  605
 154  606
 157  609
 157  610
 162  615
 163  615
 164  616
 165  616
 166  617
 169  617
 170  618
 185  618
 186  619
 188  619
 189  620
 192  620
 193  621
 194  621
 195  622
 196  622
 197  623
 198  623
 199  624
 200  624
 202  626
 204  626
 205  627
 208  627
 209  628
 210  627
 212  627
 214  625
 215  625
 215  624
 218  621
 218  620
 219  619
 219  618
 220  617
 220  616
 222  614
 222  613
 226  609
 229  609
 230  608
 234  608
 235  607
 239  607
 240  606
 242  606
 243  605
 244  605
 245  604
 246  604
 248  602
 249  602
 253  598
 254  598
 256  596
 256  595
 258  593
 258  592
 259  591
 259  589
 260  588
 260  587
 261  586
 261  585
 262  584
 262  583
 263  582
 263  581
 266  578
 266  577
 269  574
 269  573
 271  571
 272  571
 272  570
 276  566
 276  564
 277  563
 277  561
 278  560
 278  559
 279  558
 279  522
 280  521
 280  519
 281  518
 281  517
 282  516
 282  515
 293  504
 293  503
 294  502
 294  501
 295  500
 295  499
 296  498
 296  497
 295  496
 295  494
 293  492
 293  490
 290  487
 290  486
 289  485
 289  484
 286  481
 286  480
 285  479
 285  478
 283  476
 283  474
 282  473
 282  457
 283  456
 283  455
 284  454
 284  453
 285  452
 285  451
 284  450
 284  447
 283  446
 283  444
 282  443
 282  441
 280  439
 280  438
 279  437
 279  436
 276  433
 276  432
 275  431
 275  430
 270  425
 270  424
 269  423
 269  422
 266  419
 266  418
 263  415
 263  414
 256  407
 255  407
 254  406
 253  406
 251  404
 249  404
 248  403
 247  403
 246  402
 245  402
 244  401
 242  401
 241  400
 239  400
 238  399
 236  399
 235  398
 231  398
 230  397
 227  397
 226  396
 222  396
 221  395
 219  395
 218  394
 217  394
 216  393
 215  393
 211  389
 211  388
 210  387
 210  366
 211  365
 226  365
 227  366
 228  366
 229  367
 234  367
 235  368
 242  368
 243  369
 248  369
 249  370
 253  370
 254  371
 256  371
 257  372
 260  372
 261  373
 262  373
 263  374
 265  374
 266  375
 268  375
 269  376
 272  376
 273  377
 281  377
 282  376
 283  376
 284  375
 285  375
 286  374
 287  374
 288  373
 289  373
 290  372
 292  372
 293  371
 295  371
 296  370
 298  370
 299  369
 302  369
 303  368
 307  368
 308  367
 311  367
 312  366
 313  366
 318  361
 318  360
 319  359
 319  358
 320  357
 320  356
 323  353
 323  352
 325  350
 326  350
 332  344
 332  343
 333  342
 333  341
 334  340
 334  339
 336  337
 336  336
 339  333
 340  333
 341  332
 342  332
 347  327
 347  325
 349  323
 349  320
 350  319
 350  317
 351  316
 351  315
 353  313
 353  311
 356  308
 356  307
 359  304
 359  303
 360  302
 360  301
 362  299
 362  298
 363  297
 363  296
 364  295
 364  294
 365  293
 365  292
 366  291
 366  288
 367  287
 367  286
 369  284
 369  283
 370  282
 370  281
 371  280
 371  278
 372  277
 372  275
 373  274
 373  266
 374  265
 374  263
 375  262
 375  261
 376  260
 376  258
 377  257
 377  256
 379  254
 379  253
 380  252
 380  251
 382  249
 382  248
 384  246
 384  245
 385  244
 385  243
 386  242
 386  240
 387  239
 387  237
 389  235
 389  234
 392  231
 392  230
 393  229
 393  228
 394  227
 394  226
 395  225
 395  223
 396  222
 396  218
 397  217
 397  214
 399  212
 399  210
 400  209
 400  208
 403  205
 403  204
 406  201
 406  200
 407  199
 407  197
 408  196
 408  195
 409  194
 409  193
 410  192
 410  190
 413  187
 413  186
 416  183
 416  181
 417  180
 417  178
 418  177
 418  176
 419  175
 419  174
 420  173
 420  171
 422  169
 422  168
 423  167
 423  166
 424  165
 424  164
 425  163
 425  162
 426  161
 426  160
 427  159
 427  156
 428  155
 428  154
 429  153
 429  151
 430  150
 430  149
 431  148
 431  147
 432  146
 432  145
 433  144
 433  142
 434  141
 434  139
 435  138
 435  136
 436  135
 436  133
 437  132
 437  130
 438  129
 438  127
 439  126
 439  124
 440  123
 440  121
 441  120
 441  119
 442  118
 442  117
 443  116
 443  115
 444  114
 444  113
 445  112
 445  111
 446  110
 446  108
 447  107
 447  104
 448  103
 448  101
 449  100
 449   85
 450   84
 450   75
 449   74
 449   73
 448   72
 448   71
 447   70
 447   69
 446   68
 446   67
 445   66
 444   66
 442   64
 440   64
 439   63
 438   63
 437   62
 433   62
 432   61
 425   61
 424   60
