 317  159
 316  160
 310  160
 309  161
 305  161
 304  162
 302  162
 301  163
 299  163
 298  164
 297  164
 296  165
 295  165
 294  166
 292  166
 291  167
 290  167
 289  168
 288  168
 287  169
 286  169
 285  170
 284  170
 283  171
 282  171
 281  172
 280  172
 279  173
 278  173
 277  174
 276  174
 275  175
 274  175
 272  177
 271  177
 270  178
 269  178
 267  180
 266  180
 264  182
 263  182
 262  183
 261  183
 259  185
 258  185
 257  186
 256  186
 253  189
 252  189
 251  190
 250  190
 248  192
 247  192
 244  195
 243  195
 240  198
 239  198
 236  201
 235  201
 231  205
 230  205
 226  209
 225  209
 220  214
 219  214
 215  218
 214  218
 210  222
 209  222
 203  228
 202  228
 197  233
 196  233
 188  241
 187  241
 171  257
 171  258
 170  259
 169  259
 169  260
 162  267
 162  268
 160  270
 160  271
 158  273
 158  274
 155  277
 155  278
 152  281
 152  282
 148  286
 148  288
 145  291
 145  292
 142  295
 134  295
 133  296
 133  322
 134  323
 139  323
 140  324
 140  338
 139  339
 139  340
 138  341
 138  344
 136  346
 135  346
 134  347
 134  356
 135  357
 135  367
 136  368
 136  371
 137  372
 137  375
 138  376
 138  382
 139  383
 139  385
 140  386
 140  388
 141  389
 141  393
 142  394
 142  396
 143  397
 143  398
 144  399
 144  401
 145  402
 145  404
 146  405
 146  406
 147  407
 147  408
 148  409
 148  411
 149  412
 149  414
 150  415
 150  416
 151  417
 151  418
 152  419
 152  421
 153  422
 153  423
 155  425
 155  427
 157  429
 157  430
 158  431
 158  432
 163  437
 163  438
 165  440
 165  442
 166  443
 166  444
 168  446
 168  447
 170  449
 170  450
 177  457
 178  457
 182  461
 182  479
 181  480
 181  486
 182  487
 182  492
 183  493
 183  494
 184  495
 184  496
 185  497
 185  498
 187  500
 188  500
 189  501
 190  501
 191  502
 192  502
 194  500
 194  499
 198  495
 199  495
 200  494
 217  494
 219  496
 219  497
 220  498
 220  501
 221  502
 221  504
 222  505
 222  507
 223  508
 223  509
 225  511
 225  512
 226  513
 226  514
 227  514
 228  515
 230  513
 230  511
 231  510
 231  503
 235  499
 236  499
 238  497
 256  497
 259  500
 259  501
 260  502
 260  503
 262  505
 262  506
 264  508
 264  509
 266  511
 266  512
 269  515
 269  516
 279  526
 280  526
 281  527
 282  527
 283  526
 283  524
 282  523
 282  522
 281  521
 281  520
 280  519
 280  518
 278  516
 278  515
 272  509
 271  509
 257  495
 257  494
 250  487
 250  486
 248  484
 248  483
 247  482
 247  464
 248  463
 248  462
 253  457
 254  457
 255  456
 270  456
 271  455
 271  453
 270  452
 270  451
 261  442
 261  427
 263  425
 263  424
 264  423
 264  422
 266  420
 267  420
 268  419
 270  419
 271  418
 279  418
 281  416
 281  415
 278  412
 278  411
 274  407
 273  407
 272  406
 271  406
 269  404
 268  404
 267  403
 266  403
 264  401
 264  385
 268  381
 269  381
 271  379
 268  376
 268  375
 267  374
 267  373
 264  370
 264  369
 260  365
 259  365
 257  363
 257  362
 256  361
 256  352
 255  351
 255  335
 256  334
 271  334
 272  333
 282  333
 283  332
 287  332
 288  331
 289  331
 292  328
 292  327
 293  326
 294  326
 296  324
 297  324
 298  323
 299  323
 300  322
 300  321
 301  320
 301  319
 304  316
 304  315
 307  312
 307  311
 308  310
 308  309
 309  308
 309  307
 310  306
 310  305
 311  304
 311  301
 312  300
 312  298
 313  297
 313  295
 314  294
 314  292
 315  291
 315  290
 317  288
 317  287
 318  286
 318  285
 319  284
 319  282
 320  281
 320  280
 321  279
 321  275
 322  274
 322  270
 323  269
 323  268
 324  267
 324  264
 325  263
 325  262
 326  261
 326  260
 327  259
 327  257
 328  256
 328  254
 329  253
 329  252
 330  251
 330  248
 331  247
 331  244
 332  243
 332  242
 334  240
 334  239
 335  238
 335  236
 336  235
 336  234
 337  233
 337  232
 338  231
 338  225
 339  224
 339  222
 340  221
 340  220
 341  219
 341  217
 342  216
 342  215
 343  214
 343  213
 344  212
 344  209
 345  208
 345  202
 346  201
 346  197
 347  196
 347  190
 348  189
 348  184
 347  183
 347  180
 346  179
 346  177
 345  176
 345  173
 344  172
 344  170
 342  168
 342  167
 341  166
 341  165
 340  164
 339  164
 337  162
 335  162
 334  161
 331  161
 330  160
 325  160
 324  159
