 314  155
 313  156
 311  156
 310  157
 307  157
 306  158
 304  158
 303  159
 301  159
 300  160
 299  160
 298  161
 297  161
 296  162
 294  162
 293  163
 292  163
 291  164
 290  164
 289  165
 288  165
 287  166
 286  166
 285  167
 284  167
 283  168
 282  168
 281  169
 280  169
 278  171
 277  171
 276  172
 275  172
 274  173
 273  173
 272  174
 271  174
 269  176
 268  176
 267  177
 266  177
 264  179
 263  179
 260  182
 259  182
 257  184
 256  184
 253  187
 252  187
 250  189
 249  189
 247  191
 246  191
 243  194
 242  194
 240  196
 239  196
 237  198
 236  198
 234  200
 233  200
 231  202
 230  202
 227  205
 226  205
 224  207
 223  207
 220  210
 219  210
 214  215
 213  215
 209  219
 208  219
 201  226
 200  226
 197  229
 196  229
 177  248
 176  248
 170  254
 169  254
 168  255
 164  255
 163  256
 160  256
 159  257
 158  257
 157  258
 156  258
 155  259
 154  259
 151  262
 150  262
 147  265
 146  265
 142  269
 141  269
 137  273
 136  273
 131  278
 130  278
 126  282
 126  283
 121  288
 121  289
 120  290
 120  322
 122  324
 128  324
 129  325
 129  340
 128  341
 128  344
 127  345
 127  353
 126  354
 122  354
 121  355
 121  386
 123  388
 125  388
 130  393
 130  394
 131  395
 131  396
 132  397
 132  398
 135  401
 135  402
 137  404
 137  405
 138  406
 138  408
 139  409
 139  410
 140  411
 140  412
 141  413
 141  414
 142  415
 142  417
 143  418
 143  419
 144  420
 144  421
 145  422
 145  424
 146  425
 146  426
 147  427
 147  428
 148  429
 148  431
 149  432
 149  433
 150  434
 150  435
 151  436
 151  438
 152  439
 152  441
 154  443
 154  444
 155  445
 155  448
 156  449
 156  450
 157  451
 157  452
 158  453
 158  455
 159  456
 159  458
 160  459
 160  460
 161  461
 161  463
 162  464
 162  465
 163  466
 163  467
 164  468
 164  469
 165  470
 165  471
 166  472
 166  473
 167  474
 167  477
 168  478
 168  482
 169  483
 169  485
 170  486
 170  500
 171  501
 171  502
 172  503
 172  506
 173  507
 173  508
 175  510
 175  511
 176  512
 176  513
 177  514
 177  515
 182  520
 183  520
 186  523
 187  523
 188  524
 189  524
 190  525
 191  525
 192  526
 193  526
 194  527
 195  527
 196  528
 197  528
 198  529
 199  529
 200  530
 202  530
 203  531
 206  531
 207  532
 211  532
 212  533
 227  533
 228  532
 232  532
 233  531
 236  531
 237  530
 240  530
 241  529
 242  529
 243  528
 245  528
 246  527
 247  527
 248  526
 250  526
 252  524
 253  524
 254  523
 255  523
 256  522
 257  522
 259  520
 260  520
 261  519
 262  519
 263  518
 264  518
 265  517
 266  517
 268  515
 269  515
 271  513
 272  513
 275  510
 276  510
 280  506
 281  506
 297  490
 297  489
 299  487
 299  486
 301  484
 301  482
 302  481
 302  480
 303  479
 303  478
 304  477
 304  476
 305  475
 305  473
 306  472
 306  471
 307  470
 307  469
 308  468
 308  465
 309  464
 309  463
 310  462
 310  460
 311  459
 311  455
 312  454
 312  451
 313  450
 313  447
 314  446
 314  429
 313  428
 313  426
 312  425
 312  423
 311  422
 311  420
 310  419
 310  418
 308  416
 308  415
 307  414
 307  413
 305  411
 305  410
 303  408
 303  407
 297  401
 297  400
 291  394
 291  393
 284  386
 283  386
 281  384
 281  383
 280  383
 275  378
 274  378
 271  375
 270  375
 268  373
 267  373
 263  369
 262  369
 260  367
 259  367
 256  364
 255  364
 254  363
 253  363
 250  360
 249  360
 248  359
 247  359
 246  358
 246  344
 247  343
 266  343
 267  344
 269  344
 270  343
 272  343
 273  342
 278  342
 279  341
 290  341
 291  340
 296  340
 298  338
 299  338
 300  337
 301  337
 303  335
 304  335
 305  334
 306  334
 307  333
 309  333
 310  332
 311  332
 312  331
 313  331
 315  329
 315  328
 319  324
 321  324
 326  319
 326  318
 330  314
 330  313
 331  312
 331  311
 333  309
 333  308
 334  307
 334  306
 337  303
 337  302
 338  301
 338  300
 339  299
 339  298
 340  297
 340  296
 342  294
 342  293
 343  292
 343  291
 344  290
 344  289
 345  288
 345  285
 346  284
 346  283
 347  282
 347  280
 348  279
 348  277
 349  276
 349  274
 350  273
 350  272
 351  271
 351  269
 352  268
 352  264
 353  263
 353  260
 354  259
 354  256
 355  255
 355  247
 356  246
 356  241
 357  240
 357  236
 358  235
 358  230
 359  229
 359  223
 360  222
 360  210
 359  209
 359  200
 358  199
 358  193
 357  192
 357  191
 356  190
 356  188
 355  187
 355  184
 354  183
 354  182
 352  180
 352  179
 351  178
 351  177
 350  176
 350  175
 344  169
 344  168
 340  164
 339  164
 335  160
 334  160
 333  159
 332  159
 331  158
 330  158
 329  157
 327  157
 326  156
 323  156
 322  155
