 328  146
 327  147
 323  147
 322  148
 318  148
 317  149
 315  149
 314  150
 312  150
 311  151
 308  151
 307  152
 305  152
 304  153
 302  153
 301  154
 300  154
 299  155
 297  155
 296  156
 295  156
 294  157
 293  157
 292  158
 291  158
 290  159
 289  159
 288  160
 286  160
 284  162
 282  162
 281  163
 280  163
 279  164
 278  164
 276  166
 275  166
 274  167
 273  167
 272  168
 271  168
 269  170
 268  170
 267  171
 266  171
 264  173
 263  173
 261  175
 260  175
 258  177
 257  177
 254  180
 253  180
 252  181
 251  181
 249  183
 248  183
 247  184
 246  184
 243  187
 242  187
 240  189
 239  189
 236  192
 235  192
 233  194
 232  194
 229  197
 228  197
 225  200
 224  200
 221  203
 220  203
 216  207
 215  207
 212  210
 211  210
 205  216
 204  216
 199  221
 198  221
 186  233
 185  233
 176  242
 175  242
 149  268
 149  269
 144  274
 144  275
 141  278
 141  279
 138  282
 138  283
 136  285
 136  286
 134  288
 134  289
 131  292
 131  293
 129  295
 129  296
 128  297
 128  298
 127  299
 127  300
 125  302
 125  303
 124  304
 124  305
 122  307
 122  308
 121  309
 121  310
 118  313
 118  314
 117  315
 117  316
 116  317
 116  318
 115  319
 115  320
 114  321
 114  322
 112  324
 112  325
 111  326
 111  327
 109  329
 108  329
 107  330
 106  330
 105  331
 104  331
 104  355
 105  356
 108  356
 109  357
 109  372
 108  373
 108  377
 107  378
 107  385
 108  386
 108  389
 109  390
 109  391
 110  392
 110  393
 111  394
 111  396
 112  397
 112  398
 114  400
 114  401
 115  402
 115  403
 116  404
 116  405
 118  407
 118  409
 119  410
 119  411
 120  412
 120  413
 121  414
 121  417
 122  418
 122  420
 123  421
 123  422
 124  423
 124  424
 125  425
 125  426
 126  427
 126  428
 128  430
 128  431
 129  432
 129  433
 132  436
 132  437
 135  440
 135  441
 139  445
 139  446
 165  472
 165  473
 177  485
 177  486
 178  487
 178  489
 179  490
 179  491
 181  493
 181  498
 182  499
 182  500
 183  501
 183  502
 184  503
 185  503
 187  505
 188  505
 191  508
 191  509
 192  510
 192  516
 193  517
 193  518
 194  519
 194  520
 195  521
 195  522
 197  524
 197  525
 198  526
 198  527
 199  528
 199  529
 201  531
 201  532
 202  533
 202  534
 205  537
 206  536
 206  525
 207  524
 207  521
 209  519
 210  519
 212  517
 229  517
 232  520
 232  522
 235  525
 235  526
 246  537
 246  538
 247  538
 247  537
 246  536
 246  535
 244  533
 244  530
 243  529
 243  513
 245  511
 246  511
 247  510
 248  510
 249  509
 267  509
 268  510
 269  510
 278  519
 278  520
 281  523
 281  524
 285  528
 285  529
 287  531
 288  531
 290  533
 291  533
 293  535
 295  535
 296  536
 297  536
 298  537
 299  536
 300  536
 300  535
 301  534
 301  533
 294  526
 293  526
 291  524
 290  524
 289  523
 288  523
 287  522
 286  522
 284  520
 283  520
 282  519
 281  519
 276  514
 275  514
 265  504
 265  503
 264  502
 264  485
 267  482
 286  482
 287  481
 284  478
 284  477
 277  470
 277  469
 274  466
 274  447
 275  446
 277  446
 278  445
 287  445
 288  444
 290  444
 291  443
 291  442
 285  436
 284  436
 282  434
 281  434
 277  430
 276  430
 274  428
 274  427
 271  424
 271  408
 275  404
 276  404
 277  403
 277  402
 274  399
 274  398
 262  386
 261  386
 259  384
 258  384
 256  382
 255  382
 253  380
 252  380
 251  379
 251  365
 252  364
 260  364
 261  363
 283  363
 284  362
 285  362
 291  356
 296  356
 298  354
 298  353
 301  350
 301  349
 304  346
 304  344
 306  342
 306  341
 310  337
 311  337
 317  331
 317  330
 320  327
 320  326
 321  325
 321  324
 322  323
 322  321
 323  320
 323  317
 324  316
 324  314
 325  313
 325  312
 326  311
 326  310
 329  307
 329  306
 331  304
 331  303
 333  301
 333  300
 334  299
 334  298
 335  297
 335  296
 337  294
 337  292
 338  291
 338  290
 339  289
 339  288
 340  287
 340  285
 341  284
 341  279
 348  272
 348  271
 350  269
 350  268
 351  267
 351  265
 352  264
 352  263
 353  262
 353  261
 354  260
 354  258
 355  257
 355  251
 356  250
 356  249
 359  246
 359  245
 361  243
 361  242
 363  240
 363  239
 364  238
 364  236
 365  235
 365  234
 366  233
 366  232
 367  231
 367  229
 368  228
 368  226
 369  225
 369  223
 370  222
 370  220
 371  219
 371  216
 372  215
 372  212
 373  211
 373  209
 374  208
 374  203
 375  202
 375  193
 376  192
 376  187
 377  186
 377  185
 376  184
 376  177
 375  176
 375  172
 374  171
 374  168
 373  167
 373  166
 372  165
 372  164
 371  163
 371  161
 367  157
 367  156
 366  156
 363  153
 362  153
 361  152
 360  152
 359  151
 357  151
 356  150
 355  150
 354  149
 352  149
 351  148
 348  148
 347  147
 344  147
 343  146
