 341  135
 340  136
 335  136
 334  137
 329  137
 328  138
 326  138
 325  139
 322  139
 321  140
 319  140
 318  141
 317  141
 316  142
 314  142
 313  143
 312  143
 311  144
 310  144
 309  145
 308  145
 307  146
 305  146
 304  147
 303  147
 302  148
 301  148
 300  149
 299  149
 297  151
 296  151
 295  152
 294  152
 293  153
 292  153
 291  154
 290  154
 289  155
 288  155
 286  157
 285  157
 284  158
 283  158
 282  159
 281  159
 280  160
 279  160
 277  162
 276  162
 274  164
 273  164
 272  165
 271  165
 268  168
 267  168
 265  170
 264  170
 262  172
 261  172
 258  175
 257  175
 256  176
 255  176
 253  178
 252  178
 248  182
 247  182
 245  184
 244  184
 242  186
 241  186
 238  189
 237  189
 234  192
 233  192
 231  194
 230  194
 227  197
 226  197
 223  200
 222  200
 219  203
 218  203
 216  205
 215  205
 212  208
 211  208
 211  209
 210  210
 209  210
 199  220
 198  220
 195  223
 194  223
 185  232
 184  232
 176  240
 175  240
 173  242
 173  243
 169  247
 168  247
 165  250
 164  250
 161  253
 160  253
 158  255
 157  255
 154  258
 153  258
 151  260
 150  260
 149  261
 133  261
 132  262
 129  262
 128  263
 121  263
 120  264
 118  264
 117  265
 116  265
 115  266
 114  266
 112  268
 111  268
 109  270
 108  270
 105  273
 104  273
 100  277
  99  277
  98  278
  98  279
  97  280
  97  325
  99  327
 109  327
 110  328
 110  342
 109  343
 109  354
 108  355
 102  355
 100  357
 100  382
 102  384
 103  384
 106  387
 107  387
 117  397
 117  398
 126  407
 126  408
 127  408
 128  409
 128  410
 131  413
 131  414
 134  417
 134  418
 135  419
 135  420
 138  423
 138  424
 141  427
 141  428
 142  429
 142  430
 145  433
 145  434
 148  437
 148  438
 151  441
 151  442
 152  443
 152  444
 154  446
 154  447
 158  451
 158  452
 161  455
 161  456
 162  457
 162  458
 164  460
 164  461
 165  462
 165  463
 167  465
 167  466
 168  467
 168  468
 169  469
 169  470
 170  471
 170  473
 171  474
 171  476
 172  477
 172  478
 174  480
 174  482
 175  483
 175  484
 176  485
 176  487
 177  488
 177  492
 178  493
 178  495
 179  496
 179  497
 180  498
 180  503
 181  504
 181  507
 182  508
 182  510
 183  511
 183  513
 184  514
 184  516
 185  517
 185  519
 186  520
 186  522
 187  523
 187  524
 188  525
 188  527
 189  528
 189  529
 191  531
 191  532
 192  533
 192  534
 200  542
 201  542
 203  544
 204  544
 205  545
 206  545
 207  546
 208  546
 209  547
 211  547
 212  548
 213  548
 214  549
 216  549
 217  550
 219  550
 220  551
 223  551
 224  552
 230  552
 231  553
 239  553
 240  552
 247  552
 248  551
 254  551
 255  550
 258  550
 259  549
 261  549
 262  548
 264  548
 265  547
 267  547
 268  546
 269  546
 270  545
 272  545
 273  544
 274  544
 275  543
 276  543
 277  542
 278  542
 279  541
 280  541
 281  540
 282  540
 283  539
 284  539
 286  537
 287  537
 288  536
 289  536
 291  534
 292  534
 294  532
 295  532
 298  529
 299  529
 308  520
 308  519
 317  510
 317  509
 322  504
 322  503
 323  502
 323  501
 325  499
 325  498
 326  497
 326  496
 327  495
 327  492
 328  491
 328  490
 329  489
 329  487
 330  486
 330  484
 331  483
 331  481
 332  480
 332  479
 333  478
 333  477
 334  476
 334  474
 335  473
 335  472
 336  471
 336  469
 337  468
 337  464
 338  463
 338  458
 339  457
 339  456
 338  455
 338  445
 337  444
 337  437
 336  436
 336  435
 335  434
 335  433
 334  432
 334  430
 333  429
 333  428
 331  426
 331  425
 329  423
 329  422
 325  418
 325  417
 320  412
 320  411
 306  397
 305  397
 300  392
 300  391
 299  390
 298  390
 294  386
 293  386
 291  384
 290  384
 288  382
 287  382
 284  379
 283  379
 278  374
 277  374
 274  371
 274  370
 271  367
 271  352
 273  350
 277  350
 277  347
 278  346
 280  346
 281  345
 291  345
 292  344
 294  344
 295  343
 297  343
 298  342
 302  342
 303  341
 313  341
 314  340
 315  340
 316  339
 317  339
 323  333
 324  333
 325  332
 327  332
 328  331
 328  330
 331  327
 334  327
 338  323
 339  323
 345  317
 346  317
 347  316
 347  315
 353  309
 353  308
 355  306
 355  305
 357  303
 357  302
 358  301
 358  300
 359  299
 359  298
 360  297
 360  296
 362  294
 362  293
 363  292
 363  291
 364  290
 364  289
 366  287
 366  286
 367  285
 367  283
 368  282
 368  281
 369  280
 369  279
 370  278
 370  276
 371  275
 371  272
 372  271
 372  270
 373  269
 373  267
 374  266
 374  262
 375  261
 375  258
 376  257
 376  255
 377  254
 377  250
 378  249
 378  245
 379  244
 379  242
 380  241
 380  235
 381  234
 381  223
 382  222
 382  217
 383  216
 383  207
 384  206
 384  183
 383  182
 383  176
 382  175
 382  172
 381  171
 381  167
 380  166
 380  163
 379  162
 379  161
 378  160
 378  158
 377  157
 377  155
 376  154
 376  153
 374  151
 374  150
 366  142
 365  142
 363  140
 362  140
 361  139
 360  139
 359  138
 357  138
 356  137
 354  137
 353  136
 349  136
 348  135
