 320  181
 319  182
 316  182
 315  183
 311  183
 310  184
 307  184
 306  185
 304  185
 303  186
 301  186
 300  187
 299  187
 298  188
 296  188
 295  189
 294  189
 293  190
 291  190
 290  191
 289  191
 288  192
 286  192
 284  194
 282  194
 280  196
 279  196
 278  197
 277  197
 276  198
 275  198
 274  199
 273  199
 271  201
 270  201
 269  202
 268  202
 267  203
 266  203
 265  204
 264  204
 263  205
 262  205
 261  206
 260  206
 259  207
 258  207
 257  208
 256  208
 254  210
 252  210
 250  212
 249  212
 247  214
 246  214
 245  215
 244  215
 243  216
 242  216
 240  218
 239  218
 238  219
 237  219
 236  220
 235  220
 233  222
 232  222
 231  223
 230  223
 228  225
 227  225
 225  227
 224  227
 222  229
 221  229
 220  230
 219  230
 217  232
 216  232
 215  233
 214  233
 212  235
 211  235
 209  237
 208  237
 206  239
 205  239
 203  241
 202  241
 200  243
 199  243
 197  245
 196  245
 193  248
 192  248
 189  251
 188  251
 187  252
 186  252
 185  253
 177  253
 176  254
 175  254
 171  258
 170  258
 160  268
 159  268
 154  273
 153  273
 144  282
 143  282
 138  287
 138  288
 136  290
 136  291
 131  296
 130  296
 129  297
 128  297
 126  299
 126  333
 127  334
 139  334
 140  335
 140  349
 136  353
 127  353
 126  354
 126  369
 127  370
 127  371
 129  373
 129  374
 131  376
 131  377
 132  378
 132  379
 133  380
 133  381
 135  383
 135  384
 136  385
 136  386
 138  388
 138  389
 139  390
 139  391
 140  392
 140  393
 141  394
 141  395
 142  396
 142  399
 143  400
 143  401
 145  403
 145  405
 146  406
 146  408
 147  409
 147  410
 149  412
 149  413
 150  414
 150  415
 151  416
 151  417
 152  418
 152  419
 153  420
 153  421
 155  423
 155  424
 156  425
 156  427
 157  428
 157  429
 158  430
 158  431
 159  432
 159  434
 160  435
 160  437
 161  438
 161  441
 162  442
 162  444
 163  445
 163  448
 164  449
 164  452
 165  453
 165  456
 166  457
 166  460
 167  461
 167  463
 168  464
 168  469
 169  470
 169  474
 170  475
 170  477
 171  478
 171  479
 172  480
 172  481
 173  482
 173  484
 175  486
 175  487
 186  498
 187  498
 190  501
 191  501
 193  503
 194  503
 195  504
 197  504
 198  505
 201  505
 202  506
 206  506
 207  507
 209  507
 210  506
 216  506
 217  505
 222  505
 223  504
 226  504
 227  503
 230  503
 231  502
 232  502
 233  501
 234  501
 235  500
 236  500
 237  499
 238  499
 239  498
 240  498
 241  497
 242  497
 243  496
 245  496
 246  495
 247  495
 248  494
 250  494
 251  493
 252  493
 253  492
 255  492
 256  491
 257  491
 259  489
 260  489
 262  487
 263  487
 271  479
 272  479
 274  477
 275  477
 277  475
 278  475
 285  468
 285  467
 287  465
 287  463
 288  462
 288  461
 289  460
 289  459
 290  458
 290  456
 291  455
 291  454
 292  453
 292  449
 293  448
 293  446
 294  445
 294  443
 295  442
 295  439
 296  438
 296  432
 297  431
 296  430
 296  423
 295  422
 295  419
 294  418
 294  417
 293  416
 293  415
 292  414
 292  412
 291  411
 291  410
 290  409
 290  408
 288  406
 288  405
 287  404
 287  403
 285  401
 285  400
 284  399
 284  398
 283  397
 283  396
 281  394
 281  393
 278  390
 278  389
 256  367
 255  367
 253  365
 253  364
 252  364
 250  362
 249  362
 246  359
 245  359
 243  357
 243  342
 244  341
 261  341
 262  342
 264  342
 265  343
 267  343
 268  344
 271  344
 272  345
 278  345
 279  344
 284  344
 285  343
 286  343
 288  341
 293  341
 294  340
 298  340
 299  339
 301  339
 302  338
 303  338
 303  337
 305  335
 306  335
 307  334
 309  334
 310  333
 311  333
 312  332
 313  332
 315  330
 316  330
 319  327
 320  327
 322  325
 322  324
 325  321
 325  320
 331  314
 331  313
 334  310
 334  309
 335  308
 335  307
 337  305
 337  304
 338  303
 338  302
 339  301
 339  299
 340  298
 340  296
 341  295
 341  293
 342  292
 342  290
 343  289
 343  288
 344  287
 344  286
 345  285
 345  282
 346  281
 346  278
 347  277
 347  275
 348  274
 348  269
 349  268
 349  262
 350  261
 350  256
 351  255
 351  249
 352  248
 352  244
 353  243
 353  240
 354  239
 354  234
 355  233
 355  208
 354  207
 354  205
 353  204
 353  203
 352  202
 352  199
 351  198
 351  197
 350  196
 350  195
 348  193
 348  192
 341  185
 340  185
 339  184
 338  184
 337  183
 335  183
 334  182
 332  182
 331  181
