 313  186
 312  187
 303  187
 302  188
 299  188
 298  189
 294  189
 293  190
 292  190
 291  191
 289  191
 288  192
 286  192
 285  193
 284  193
 283  194
 281  194
 280  195
 279  195
 278  196
 276  196
 275  197
 274  197
 273  198
 272  198
 271  199
 270  199
 269  200
 268  200
 267  201
 266  201
 265  202
 264  202
 263  203
 262  203
 261  204
 260  204
 259  205
 258  205
 256  207
 255  207
 254  208
 253  208
 252  209
 251  209
 249  211
 248  211
 245  214
 244  214
 243  215
 242  215
 239  218
 238  218
 236  220
 235  220
 231  224
 230  224
 227  227
 226  227
 222  231
 221  231
 218  234
 217  234
 215  236
 203  236
 202  237
 199  237
 198  238
 197  238
 196  239
 195  239
 194  240
 193  240
 192  241
 191  241
 189  243
 188  243
 183  248
 182  248
 182  249
 179  252
 179  253
 175  257
 175  258
 169  264
 169  265
 159  275
 159  276
 155  280
 156  280
 157  281
 157  296
 155  298
 155  299
 153  301
 153  302
 151  304
 151  305
 150  306
 150  308
 148  310
 148  311
 147  312
 147  313
 145  315
 145  316
 144  317
 144  318
 143  319
 143  320
 140  323
 140  324
 139  325
 139  326
 138  327
 137  327
 136  328
 132  328
 131  329
 131  355
 132  356
 134  356
 135  357
 135  371
 134  372
 134  374
 133  375
 133  377
 131  379
 129  379
 128  380
 128  385
 130  387
 130  389
 131  390
 131  393
 132  394
 132  395
 133  396
 133  397
 134  398
 134  401
 135  402
 135  403
 137  405
 137  408
 138  409
 138  410
 140  412
 140  413
 141  414
 141  415
 142  416
 142  417
 144  419
 144  421
 147  424
 147  425
 149  427
 149  428
 152  431
 152  432
 154  434
 154  435
 157  438
 157  439
 159  441
 159  442
 161  444
 161  445
 164  448
 164  449
 167  452
 167  453
 168  454
 168  455
 171  458
 171  459
 174  462
 174  463
 178  467
 178  468
 188  478
 188  479
 189  480
 190  480
 191  481
 199  481
 200  482
 200  483
 201  484
 201  487
 202  488
 202  489
 204  491
 204  492
 205  493
 205  494
 211  500
 213  500
 214  499
 214  498
 215  497
 215  495
 216  494
 216  492
 220  488
 221  488
 222  487
 239  487
 244  492
 246  492
 248  490
 248  488
 249  487
 249  482
 250  481
 250  479
 254  475
 272  475
 274  473
 274  472
 273  471
 273  454
 275  452
 276  452
 277  451
 283  451
 284  450
 285  450
 286  449
 287  449
 289  447
 288  446
 288  445
 287  444
 287  443
 283  439
 282  439
 280  437
 280  421
 281  420
 282  420
 283  419
 284  419
 285  418
 286  418
 287  417
 288  417
 289  416
 289  415
 287  413
 287  412
 285  410
 284  410
 281  407
 280  407
 278  405
 277  405
 276  404
 275  404
 272  401
 272  390
 271  389
 271  388
 270  387
 270  386
 269  385
 268  385
 264  381
 264  367
 265  366
 283  366
 284  365
 286  365
 287  364
 288  364
 292  360
 293  360
 297  356
 299  356
 300  355
 300  354
 302  352
 302  351
 303  350
 303  349
 306  346
 307  346
 308  345
 309  345
 315  339
 315  338
 316  337
 316  336
 317  335
 317  332
 318  331
 318  324
 319  323
 319  322
 327  314
 327  313
 329  311
 329  294
 335  288
 335  287
 336  286
 336  284
 337  283
 337  270
 340  267
 341  267
 342  266
 343  266
 344  265
 344  264
 346  262
 346  260
 347  259
 347  245
 350  242
 350  239
 351  238
 351  227
 352  226
 352  224
 351  223
 351  222
 349  220
 349  210
 348  209
 348  208
 347  207
 347  206
 346  205
 346  204
 343  201
 343  200
 342  199
 342  198
 341  197
 341  196
 340  195
 340  194
 336  190
 335  190
 334  189
 332  189
 331  188
 329  188
 328  187
 323  187
 322  186
