 308  146
 307  147
 302  147
 301  148
 296  148
 295  149
 291  149
 290  150
 288  150
 287  151
 284  151
 283  152
 281  152
 280  153
 278  153
 277  154
 275  154
 274  155
 272  155
 271  156
 270  156
 269  157
 268  157
 267  158
 265  158
 264  159
 263  159
 262  160
 261  160
 260  161
 259  161
 258  162
 257  162
 255  164
 254  164
 252  166
 251  166
 250  167
 249  167
 247  169
 246  169
 243  172
 242  172
 240  174
 239  174
 237  176
 236  176
 234  178
 233  178
 230  181
 229  181
 226  184
 225  184
 223  186
 222  186
 214  194
 213  194
 213  195
 208  200
 207  200
 196  211
 196  212
 190  218
 190  219
 186  223
 186  224
 182  228
 182  229
 177  234
 177  235
 176  236
 176  237
 173  240
 173  241
 168  246
 168  247
 165  250
 165  251
 161  255
 161  256
 160  257
 160  285
 159  286
 159  288
 158  289
 158  290
 157  291
 157  293
 156  294
 156  296
 155  297
 155  300
 154  301
 154  311
 153  312
 148  312
 147  313
 147  314
 146  315
 146  316
 147  317
 147  318
 148  319
 150  319
 154  323
 154  325
 155  326
 155  329
 156  330
 156  331
 157  332
 157  334
 158  335
 158  338
 159  339
 159  343
 160  344
 160  346
 161  347
 161  351
 162  352
 162  356
 163  357
 163  358
 164  359
 164  361
 165  362
 165  366
 166  367
 166  369
 167  370
 167  372
 168  373
 168  375
 169  376
 169  379
 170  380
 170  382
 171  383
 171  386
 172  387
 172  390
 173  391
 173  393
 174  394
 174  400
 175  401
 175  406
 176  407
 176  411
 177  412
 177  414
 178  415
 178  417
 179  418
 179  419
 185  425
 187  425
 188  426
 197  426
 198  427
 198  442
 197  443
 197  444
 196  445
 196  448
 195  449
 195  454
 196  455
 196  456
 197  456
 199  458
 204  458
 205  457
 225  457
 226  458
 226  459
 227  460
 227  462
 228  463
 228  464
 229  465
 230  465
 231  466
 252  466
 259  473
 259  474
 260  475
 260  476
 263  479
 263  480
 264  481
 264  482
 265  483
 265  484
 267  486
 267  487
 270  490
 270  491
 271  492
 271  493
 272  494
 272  495
 273  496
 273  497
 274  498
 274  499
 275  500
 276  500
 277  501
 275  499
 275  497
 274  496
 274  495
 272  493
 272  492
 271  491
 271  490
 269  488
 269  487
 268  486
 268  485
 267  484
 267  483
 265  481
 265  480
 264  479
 264  478
 260  474
 260  473
 258  471
 258  470
 256  468
 256  467
 254  465
 254  464
 251  461
 251  458
 250  457
 250  439
 251  438
 251  437
 256  432
 257  432
 259  430
 260  430
 260  429
 259  429
 256  426
 250  426
 249  425
 249  411
 250  410
 252  410
 253  409
 254  409
 255  408
 255  404
 256  403
 256  401
 257  400
 257  398
 260  395
 262  395
 263  394
 264  394
 265  393
 267  393
 268  392
 268  391
 267  390
 267  372
 271  368
 272  368
 273  367
 275  367
 276  366
 278  366
 276  364
 276  363
 275  362
 275  342
 276  341
 276  340
 277  339
 277  338
 274  335
 274  334
 261  321
 260  321
 256  317
 256  303
 257  302
 271  302
 272  301
 276  301
 277  300
 279  300
 280  299
 281  299
 287  293
 287  292
 288  291
 288  290
 290  288
 290  287
 291  286
 291  284
 293  282
 293  281
 294  280
 294  278
 295  277
 295  275
 296  274
 296  273
 297  272
 297  270
 298  269
 298  267
 300  265
 300  264
 301  263
 301  261
 302  260
 302  259
 303  258
 303  257
 304  256
 304  254
 305  253
 305  249
 306  248
 306  247
 307  246
 307  244
 308  243
 308  240
 309  239
 309  238
 310  237
 310  235
 311  234
 311  232
 312  231
 312  228
 313  227
 313  226
 314  225
 314  223
 315  222
 315  219
 316  218
 316  216
 317  215
 317  214
 318  213
 318  211
 319  210
 319  209
 320  208
 320  207
 321  206
 321  205
 322  204
 322  202
 323  201
 323  200
 324  199
 324  197
 325  196
 325  193
 326  192
 326  191
 327  190
 327  189
 328  188
 328  185
 329  184
 329  183
 330  182
 330  180
 331  179
 331  175
 332  174
 332  169
 333  168
 333  167
 334  166
 334  161
 335  160
 335  159
 334  158
 334  156
 333  155
 333  154
 330  151
 329  151
 327  149
 325  149
 324  148
 322  148
 321  147
 318  147
 317  146
