 317  201
 316  202
 311  202
 310  203
 306  203
 305  204
 303  204
 302  205
 300  205
 299  206
 297  206
 296  207
 295  207
 294  208
 292  208
 291  209
 290  209
 289  210
 287  210
 286  211
 285  211
 284  212
 283  212
 282  213
 281  213
 280  214
 278  214
 277  215
 276  215
 275  216
 274  216
 273  217
 272  217
 271  218
 270  218
 269  219
 268  219
 267  220
 266  220
 265  221
 264  221
 263  222
 262  222
 261  223
 260  223
 259  224
 258  224
 257  225
 256  225
 255  226
 254  226
 253  227
 252  227
 251  228
 250  228
 249  229
 247  229
 245  231
 244  231
 243  232
 241  232
 240  233
 239  233
 237  235
 236  235
 235  236
 233  236
 231  238
 230  238
 229  239
 228  239
 226  241
 225  241
 224  242
 223  242
 221  244
 220  244
 219  245
 218  245
 216  247
 215  247
 214  248
 213  248
 211  250
 210  250
 209  251
 208  251
 206  253
 205  253
 204  254
 203  254
 202  255
 201  255
 199  257
 198  257
 195  260
 194  260
 192  262
 191  262
 189  264
 188  264
 186  266
 185  266
 183  268
 182  268
 180  270
 179  270
 176  273
 175  273
 170  278
 169  278
 166  281
 165  281
 162  284
 161  284
 157  288
 156  288
 151  293
 150  293
 138  305
 138  306
 135  309
 135  310
 134  311
 134  312
 132  314
 132  315
 131  316
 131  334
 132  335
 143  335
 144  336
 144  350
 142  352
 141  352
 140  353
 140  354
 139  355
 133  355
 132  356
 132  366
 135  369
 135  370
 138  373
 138  374
 151  387
 151  388
 163  400
 163  401
 170  408
 170  409
 172  411
 172  412
 175  415
 175  416
 176  417
 176  418
 177  419
 177  420
 178  421
 178  422
 180  424
 180  425
 181  426
 181  428
 182  429
 182  431
 183  432
 183  441
 184  442
 184  451
 185  452
 185  455
 186  456
 186  458
 187  459
 187  462
 188  463
 188  464
 189  465
 189  466
 191  468
 191  469
 194  472
 194  473
 195  474
 196  474
 199  477
 200  477
 203  480
 204  480
 207  483
 208  483
 209  484
 210  484
 211  485
 213  485
 214  486
 218  486
 219  487
 232  487
 233  486
 239  486
 240  485
 242  485
 243  484
 245  484
 246  483
 247  483
 248  482
 250  482
 251  481
 252  481
 253  480
 254  480
 255  479
 256  479
 257  478
 258  478
 259  477
 260  477
 261  476
 262  476
 263  475
 264  475
 266  473
 267  473
 269  471
 269  470
 278  461
 279  461
 280  460
 280  459
 281  458
 282  458
 286  454
 286  453
 289  450
 289  449
 290  448
 290  446
 292  444
 292  443
 293  442
 293  440
 294  439
 294  437
 295  436
 295  435
 296  434
 296  432
 297  431
 297  425
 298  424
 298  420
 299  419
 298  418
 298  411
 297  410
 297  405
 296  404
 296  403
 295  402
 295  401
 293  399
 293  396
 291  394
 291  393
 290  392
 290  391
 289  390
 289  389
 287  387
 287  386
 285  384
 285  383
 282  380
 282  379
 270  367
 269  367
 267  365
 267  364
 264  361
 264  347
 265  346
 270  346
 271  345
 278  345
 279  344
 283  344
 284  343
 286  343
 287  342
 289  342
 293  338
 295  338
 296  337
 298  337
 300  335
 306  335
 308  333
 309  333
 309  332
 311  330
 312  330
 313  329
 313  328
 315  326
 316  326
 316  325
 323  318
 323  317
 326  314
 326  313
 327  312
 327  311
 328  310
 328  309
 329  308
 329  307
 330  306
 330  304
 332  302
 332  301
 333  300
 333  299
 334  298
 334  297
 335  296
 335  294
 336  293
 336  292
 337  291
 337  288
 338  287
 338  286
 339  285
 339  283
 340  282
 340  280
 341  279
 341  278
 342  277
 342  276
 343  275
 343  273
 344  272
 344  270
 345  269
 345  268
 346  267
 346  264
 347  263
 347  259
 348  258
 348  253
 349  252
 349  248
 350  247
 350  232
 349  231
 349  228
 348  227
 348  226
 347  225
 347  223
 346  222
 346  221
 345  220
 345  219
 344  218
 344  217
 343  216
 343  215
 342  214
 342  213
 339  210
 339  209
 336  206
 335  206
 334  205
 333  205
 332  204
 331  204
 330  203
 327  203
 326  202
 322  202
 321  201
