 309  144
 308  145
 297  145
 296  146
 294  146
 293  147
 289  147
 288  148
 286  148
 285  149
 282  149
 281  150
 279  150
 278  151
 276  151
 275  152
 273  152
 272  153
 271  153
 270  154
 268  154
 267  155
 266  155
 265  156
 263  156
 262  157
 261  157
 260  158
 259  158
 258  159
 257  159
 256  160
 255  160
 254  161
 252  161
 250  163
 249  163
 248  164
 247  164
 246  165
 245  165
 244  166
 243  166
 242  167
 241  167
 239  169
 238  169
 237  170
 236  170
 234  172
 233  172
 232  173
 231  173
 229  175
 228  175
 225  178
 224  178
 223  179
 222  179
 219  182
 218  182
 215  185
 214  185
 211  188
 210  188
 207  191
 206  191
 201  196
 200  196
 191  205
 190  205
 183  212
 183  213
 182  214
 181  214
 181  215
 174  222
 174  223
 170  227
 170  228
 167  231
 167  232
 154  245
 154  246
 153  247
 153  248
 151  250
 151  251
 150  252
 150  253
 147  256
 146  256
 146  257
 145  258
 145  265
 147  267
 153  267
 154  268
 154  282
 153  283
 153  284
 152  285
 152  286
 151  287
 151  288
 150  289
 150  292
 149  293
 149  298
 150  299
 150  300
 151  301
 151  302
 153  304
 153  305
 154  306
 154  307
 155  308
 155  309
 156  310
 156  312
 157  313
 157  314
 158  315
 158  316
 159  317
 159  319
 160  320
 160  324
 161  325
 161  326
 162  327
 162  329
 163  330
 163  336
 164  337
 164  340
 165  341
 165  342
 166  343
 166  348
 167  349
 167  353
 168  354
 168  356
 169  357
 169  359
 170  360
 170  363
 171  364
 171  365
 172  366
 172  367
 173  368
 173  371
 174  372
 174  374
 175  375
 175  376
 176  377
 176  379
 177  380
 177  382
 178  383
 178  385
 179  386
 179  389
 180  390
 180  394
 181  395
 181  396
 182  397
 182  401
 183  402
 183  404
 184  405
 184  406
 186  408
 186  409
 188  411
 188  412
 189  412
 190  413
 192  413
 193  414
 205  414
 206  415
 206  429
 205  430
 205  431
 204  432
 204  434
 203  435
 203  439
 202  440
 202  441
 201  442
 202  443
 202  444
 204  446
 206  446
 207  445
 208  445
 209  444
 211  444
 212  443
 216  443
 217  442
 232  442
 234  444
 234  446
 235  447
 235  448
 236  449
 236  451
 237  452
 238  452
 239  451
 241  451
 242  450
 259  450
 261  452
 261  453
 267  459
 267  460
 270  463
 270  464
 273  467
 273  468
 275  470
 275  471
 277  473
 277  474
 280  477
 280  478
 281  479
 281  480
 284  483
 284  484
 285  485
 285  486
 288  489
 288  490
 290  492
 290  493
 292  495
 292  496
 293  497
 293  496
 291  494
 291  493
 289  491
 289  490
 286  487
 286  486
 285  485
 285  484
 284  483
 284  482
 283  481
 283  479
 282  478
 282  477
 281  476
 281  475
 279  473
 279  472
 277  470
 277  469
 275  467
 275  466
 273  464
 273  463
 270  460
 270  459
 268  457
 268  456
 263  451
 263  450
 262  449
 262  448
 261  447
 261  446
 260  445
 260  444
 259  443
 259  442
 258  441
 258  421
 259  420
 259  419
 263  415
 264  415
 265  414
 266  414
 267  413
 268  413
 268  412
 267  411
 266  411
 265  410
 264  410
 263  409
 257  409
 256  408
 256  394
 257  393
 259  393
 261  391
 261  381
 264  378
 266  378
 267  377
 269  377
 270  376
 272  376
 272  375
 271  374
 271  373
 270  372
 270  356
 272  354
 272  353
 273  352
 274  352
 275  351
 276  351
 278  349
 279  349
 280  348
 279  347
 279  346
 278  345
 278  344
 276  342
 276  322
 278  320
 278  319
 272  319
 270  317
 269  317
 268  316
 265  316
 264  315
 264  301
 266  299
 268  299
 278  289
 278  288
 280  286
 280  284
 283  281
 283  280
 285  278
 285  277
 286  276
 286  273
 287  272
 287  271
 289  269
 289  267
 290  266
 290  265
 291  264
 291  263
 292  262
 292  261
 293  260
 293  258
 294  257
 294  256
 296  254
 296  252
 297  251
 297  250
 298  249
 298  248
 299  247
 299  246
 300  245
 300  243
 301  242
 301  241
 302  240
 302  239
 303  238
 303  236
 304  235
 304  234
 306  232
 306  229
 307  228
 307  226
 308  225
 308  224
 309  223
 309  221
 310  220
 310  219
 311  218
 311  217
 312  216
 312  215
 313  214
 313  212
 314  211
 314  210
 315  209
 315  208
 316  207
 316  206
 317  205
 317  203
 319  201
 319  199
 320  198
 320  197
 321  196
 321  195
 323  193
 323  191
 325  189
 325  188
 326  187
 326  185
 327  184
 327  183
 328  182
 328  181
 329  180
 329  178
 330  177
 330  174
 331  173
 331  172
 332  171
 332  168
 333  167
 333  164
 334  163
 334  157
 333  156
 333  155
 332  154
 332  153
 331  152
 331  151
 330  150
 329  150
 328  149
 327  149
 326  148
 325  148
 324  147
 322  147
 321  146
 320  146
 319  145
 312  145
 311  144
