 336  129
 335  130
 331  130
 330  131
 326  131
 325  132
 323  132
 322  133
 320  133
 319  134
 317  134
 316  135
 314  135
 313  136
 310  136
 309  137
 308  137
 307  138
 305  138
 304  139
 302  139
 301  140
 299  140
 298  141
 297  141
 296  142
 294  142
 293  143
 292  143
 291  144
 290  144
 289  145
 288  145
 287  146
 286  146
 285  147
 284  147
 283  148
 282  148
 281  149
 280  149
 279  150
 278  150
 277  151
 276  151
 275  152
 274  152
 273  153
 272  153
 270  155
 269  155
 268  156
 267  156
 266  157
 265  157
 263  159
 262  159
 261  160
 260  160
 258  162
 257  162
 255  164
 254  164
 252  166
 251  166
 249  168
 248  168
 246  170
 245  170
 242  173
 241  173
 239  175
 238  175
 235  178
 234  178
 231  181
 230  181
 227  184
 226  184
 219  191
 218  191
 209  200
 208  200
 202  206
 201  206
 194  213
 193  213
 188  218
 187  218
 171  234
 171  235
 167  239
 167  240
 158  249
 158  250
 154  254
 154  255
 151  258
 151  259
 147  263
 147  264
 146  265
 146  266
 144  268
 144  269
 143  270
 143  271
 141  273
 141  274
 140  275
 140  276
 139  277
 139  278
 138  279
 138  280
 135  283
 135  284
 134  285
 134  286
 131  289
 131  290
 130  291
 130  292
 128  294
 128  295
 125  298
 125  299
 123  301
 122  301
 120  303
 120  314
 122  316
 126  316
 127  317
 127  331
 126  332
 126  333
 125  334
 125  337
 124  338
 124  346
 123  347
 123  363
 122  364
 119  364
 118  365
 117  365
 117  384
 118  385
 118  386
 120  388
 120  389
 122  391
 122  392
 123  393
 123  395
 124  396
 124  398
 125  399
 125  402
 126  403
 126  406
 127  407
 127  408
 128  409
 128  410
 129  411
 129  413
 130  414
 130  417
 131  418
 131  420
 132  421
 132  422
 133  423
 133  424
 134  425
 134  428
 135  429
 135  430
 136  431
 136  434
 137  435
 137  438
 138  439
 138  441
 139  442
 139  443
 140  444
 140  446
 141  447
 141  449
 142  450
 142  451
 144  453
 144  456
 146  458
 146  459
 147  460
 147  461
 150  464
 150  465
 152  467
 152  468
 154  470
 154  471
 158  475
 158  476
 162  480
 162  481
 165  484
 166  484
 167  485
 169  485
 172  488
 172  489
 173  490
 173  491
 174  492
 174  494
 175  495
 175  498
 176  499
 176  500
 177  501
 177  502
 179  504
 179  505
 180  506
 180  507
 181  508
 181  509
 182  510
 182  511
 184  513
 184  514
 185  515
 185  516
 187  518
 187  519
 189  521
 189  522
 192  525
 194  525
 195  524
 210  524
 214  528
 214  529
 216  531
 218  531
 219  530
 220  530
 221  529
 237  529
 241  533
 241  535
 242  536
 242  537
 243  538
 243  539
 244  540
 244  542
 246  544
 246  545
 247  546
 247  547
 249  549
 249  550
 257  558
 259  558
 260  557
 261  557
 262  556
 262  555
 263  554
 263  550
 262  549
 262  548
 261  547
 261  546
 260  545
 260  543
 258  541
 258  540
 257  539
 257  537
 256  536
 256  535
 254  533
 254  531
 253  530
 253  528
 252  527
 252  526
 251  525
 251  524
 250  523
 250  519
 249  518
 249  500
 250  499
 250  497
 253  494
 254  494
 255  493
 259  493
 260  492
 262  492
 263  491
 264  491
 266  489
 266  485
 265  484
 265  483
 264  482
 264  479
 263  478
 263  461
 266  458
 267  458
 268  457
 269  457
 270  456
 271  456
 272  455
 273  455
 276  452
 275  451
 275  434
 276  433
 276  432
 283  425
 283  424
 281  422
 281  421
 280  420
 280  419
 279  418
 279  417
 278  416
 278  397
 279  396
 277  394
 277  393
 273  389
 273  388
 272  388
 267  383
 266  383
 262  379
 261  379
 259  377
 258  377
 256  375
 255  375
 253  373
 252  373
 247  368
 247  351
 248  350
 268  350
 269  349
 272  349
 280  341
 281  341
 284  338
 284  337
 289  332
 290  332
 293  329
 293  328
 294  327
 294  326
 295  325
 295  324
 301  318
 301  317
 303  315
 303  312
 304  311
 304  306
 305  305
 305  303
 306  302
 306  301
 307  300
 307  299
 309  297
 309  296
 310  295
 310  294
 312  292
 312  291
 313  290
 313  288
 312  287
 312  271
 313  270
 313  268
 314  267
 314  266
 315  265
 315  264
 316  263
 316  262
 317  261
 317  258
 316  257
 316  242
 317  241
 317  240
 318  239
 318  238
 320  236
 320  235
 321  234
 321  233
 323  231
 323  229
 324  228
 324  226
 325  225
 325  224
 326  223
 326  219
 327  218
 327  215
 330  212
 330  211
 343  198
 343  197
 346  194
 346  193
 347  192
 347  190
 349  188
 349  187
 350  186
 350  184
 351  183
 351  182
 352  181
 352  180
 353  179
 353  178
 354  177
 354  175
 355  174
 355  173
 356  172
 356  171
 357  170
 357  167
 358  166
 358  165
 359  164
 359  162
 360  161
 360  159
 361  158
 361  156
 362  155
 362  153
 363  152
 363  147
 364  146
 364  144
 363  143
 363  138
 362  137
 362  136
 358  132
 357  132
 356  131
 354  131
 353  130
 351  130
 350  129
