 306  206
 305  207
 300  207
 299  208
 297  208
 296  209
 294  209
 293  210
 292  210
 291  211
 290  211
 289  212
 288  212
 287  213
 286  213
 285  214
 284  214
 283  215
 282  215
 281  216
 280  216
 278  218
 277  218
 274  221
 273  221
 271  223
 270  223
 269  224
 268  224
 267  225
 266  225
 265  226
 264  226
 262  228
 261  228
 258  231
 257  231
 256  232
 255  232
 254  233
 253  233
 251  235
 250  235
 249  236
 248  236
 247  237
 246  237
 244  239
 243  239
 241  241
 240  241
 238  243
 237  243
 234  246
 233  246
 231  248
 230  248
 227  251
 226  251
 223  254
 222  254
 218  258
 217  258
 214  261
 213  261
 210  264
 209  264
 206  267
 205  267
 202  270
 201  270
 197  274
 197  275
 194  278
 193  278
 190  281
 189  281
 189  282
 188  283
 187  283
 186  284
 185  284
 183  286
 182  286
 181  287
 180  287
 178  289
 177  289
 175  291
 174  291
 172  293
 171  293
 170  294
 159  294
 158  295
 157  295
 149  303
 149  304
 148  305
 148  329
 149  330
 152  330
 153  331
 153  349
 152  350
 152  359
 151  360
 151  413
 153  415
 165  415
 166  416
 167  416
 169  418
 169  419
 175  425
 175  426
 176  427
 176  428
 179  431
 179  432
 180  433
 180  434
 181  435
 181  436
 182  437
 182  438
 183  439
 183  441
 184  442
 184  443
 185  444
 185  445
 186  446
 186  449
 187  450
 187  452
 188  453
 188  455
 189  456
 189  460
 190  461
 190  463
 192  465
 192  466
 193  467
 193  468
 194  468
 201  475
 202  475
 204  477
 205  477
 206  478
 207  478
 208  479
 218  479
 219  480
 224  480
 225  481
 228  481
 229  482
 233  482
 234  481
 235  481
 236  480
 236  479
 239  476
 239  475
 240  474
 241  474
 242  473
 254  473
 255  472
 257  472
 259  470
 260  470
 261  469
 261  468
 262  467
 262  466
 263  465
 263  464
 264  463
 264  462
 265  461
 265  460
 269  456
 270  456
 271  455
 272  455
 273  454
 274  454
 275  453
 276  453
 279  450
 279  447
 280  446
 280  442
 281  441
 281  436
 282  435
 282  434
 283  433
 283  432
 287  428
 287  427
 288  426
 287  425
 287  424
 286  423
 286  422
 285  421
 285  419
 284  418
 284  401
 285  400
 283  398
 282  398
 274  390
 274  389
 271  386
 271  385
 269  383
 269  382
 268  381
 268  380
 267  379
 267  378
 266  378
 265  377
 265  376
 261  372
 261  371
 260  370
 260  369
 257  366
 257  365
 256  364
 256  349
 257  348
 267  348
 268  347
 276  347
 277  346
 280  346
 281  345
 283  345
 284  344
 286  344
 287  343
 288  343
 290  341
 292  341
 293  340
 294  340
 299  335
 300  335
 306  329
 307  329
 308  328
 310  328
 314  324
 314  323
 317  320
 317  319
 318  318
 318  316
 319  315
 319  309
 325  303
 325  302
 326  301
 326  300
 327  299
 327  298
 328  297
 328  294
 329  293
 329  281
 331  279
 331  278
 332  277
 332  262
 333  261
 332  260
 332  240
 331  239
 331  237
 330  236
 330  230
 329  229
 329  225
 328  224
 328  223
 327  222
 327  221
 325  219
 324  219
 321  216
 321  215
 319  213
 319  212
 318  211
 318  210
 316  208
 315  208
 314  207
 313  207
 312  206
