 314  207
 313  208
 307  208
 306  209
 304  209
 303  210
 300  210
 299  211
 296  211
 295  212
 294  212
 293  213
 291  213
 290  214
 289  214
 288  215
 286  215
 285  216
 284  216
 283  217
 281  217
 280  218
 279  218
 278  219
 277  219
 276  220
 274  220
 272  222
 271  222
 270  223
 269  223
 268  224
 267  224
 266  225
 265  225
 264  226
 263  226
 261  228
 259  228
 258  229
 257  229
 255  231
 253  231
 251  233
 250  233
 248  235
 247  235
 245  237
 244  237
 243  238
 242  238
 240  240
 239  240
 238  241
 237  241
 235  243
 234  243
 233  244
 232  244
 229  247
 228  247
 226  249
 225  249
 223  251
 222  251
 220  253
 219  253
 216  256
 215  256
 213  258
 212  258
 210  260
 209  260
 206  263
 205  263
 201  267
 200  267
 196  271
 195  271
 191  275
 190  275
 187  278
 186  278
 182  282
 181  282
 179  284
 178  284
 177  285
 176  285
 175  286
 174  286
 173  287
 171  287
 170  288
 159  288
 156  291
 156  292
 154  294
 153  294
 150  297
 149  297
 146  300
 145  300
 142  303
 141  303
 138  306
 137  306
 132  311
 132  341
 133  342
 139  342
 140  343
 140  357
 139  358
 139  373
 142  376
 143  376
 145  378
 146  378
 150  382
 151  382
 156  387
 157  387
 160  390
 161  390
 166  395
 167  395
 180  408
 180  409
 187  416
 187  417
 192  422
 192  423
 193  424
 193  425
 196  428
 196  429
 198  431
 198  433
 199  434
 199  436
 200  437
 200  439
 201  440
 201  442
 202  443
 202  445
 203  446
 203  448
 204  449
 204  450
 205  451
 205  452
 206  453
 206  456
 207  457
 207  458
 209  460
 209  461
 210  462
 210  463
 211  464
 211  465
 218  472
 219  472
 221  474
 222  474
 225  477
 226  477
 227  478
 228  478
 229  479
 230  479
 231  480
 233  480
 234  481
 241  481
 242  482
 247  482
 248  481
 255  481
 256  480
 258  480
 259  479
 261  479
 262  478
 263  478
 265  476
 266  476
 267  475
 268  475
 270  473
 271  473
 277  467
 278  467
 281  464
 281  463
 284  460
 284  459
 285  458
 285  457
 288  454
 288  453
 289  452
 289  451
 290  450
 290  449
 292  447
 292  446
 294  444
 294  443
 295  442
 295  441
 297  439
 297  438
 298  437
 298  436
 299  435
 299  434
 301  432
 301  431
 302  430
 302  428
 303  427
 303  425
 304  424
 304  422
 305  421
 305  399
 304  398
 304  396
 303  395
 303  394
 302  393
 302  391
 301  390
 301  389
 300  388
 300  387
 299  386
 299  385
 298  384
 298  383
 295  380
 295  379
 292  376
 291  376
 290  375
 290  374
 289  373
 288  373
 286  371
 285  371
 281  367
 280  367
 278  365
 278  364
 277  363
 277  348
 278  347
 280  347
 281  346
 286  346
 287  345
 290  345
 293  342
 299  342
 300  341
 301  341
 304  338
 305  338
 321  322
 321  321
 325  317
 325  316
 326  315
 326  314
 328  312
 328  311
 329  310
 329  309
 331  307
 331  306
 332  305
 332  303
 334  301
 334  300
 335  299
 335  298
 336  297
 336  294
 337  293
 337  291
 338  290
 338  288
 339  287
 339  280
 340  279
 340  276
 341  275
 341  272
 342  271
 342  267
 343  266
 343  263
 344  262
 344  261
 345  260
 345  257
 346  256
 346  251
 347  250
 347  246
 348  245
 348  233
 347  232
 347  230
 346  229
 346  226
 345  225
 345  224
 344  223
 344  222
 342  220
 342  219
 341  218
 341  217
 338  214
 338  213
 337  212
 336  212
 335  211
 334  211
 333  210
 332  210
 331  209
 330  209
 329  208
 326  208
 325  207
