 312  205
 311  206
 306  206
 305  207
 300  207
 299  208
 297  208
 296  209
 293  209
 292  210
 290  210
 289  211
 287  211
 286  212
 283  212
 282  213
 281  213
 280  214
 278  214
 277  215
 275  215
 274  216
 272  216
 271  217
 270  217
 269  218
 267  218
 266  219
 264  219
 263  220
 262  220
 261  221
 259  221
 258  222
 257  222
 256  223
 254  223
 253  224
 252  224
 251  225
 250  225
 249  226
 248  226
 247  227
 246  227
 245  228
 244  228
 243  229
 242  229
 241  230
 240  230
 238  232
 237  232
 236  233
 235  233
 234  234
 233  234
 231  236
 230  236
 228  238
 227  238
 226  239
 225  239
 224  240
 223  240
 221  242
 220  242
 218  244
 217  244
 215  246
 214  246
 212  248
 211  248
 209  250
 208  250
 206  252
 205  252
 204  253
 203  253
 200  256
 199  256
 196  259
 195  259
 193  261
 192  261
 189  264
 188  264
 181  271
 180  271
 160  291
 159  291
 159  292
 157  294
 156  294
 153  297
 153  298
 142  309
 142  310
 138  314
 138  315
 135  318
 134  318
 133  319
 132  319
 130  321
 130  329
 131  330
 131  331
 133  331
 134  332
 134  347
 133  348
 133  359
 132  360
 132  367
 131  368
 129  368
 128  369
 128  394
 129  395
 129  400
 130  401
 130  402
 131  403
 131  406
 132  407
 132  412
 133  413
 133  414
 134  415
 134  417
 135  418
 135  421
 136  422
 136  424
 137  425
 137  426
 138  427
 138  429
 139  430
 139  433
 141  435
 141  436
 142  437
 142  439
 143  440
 143  441
 144  442
 144  443
 145  444
 145  446
 146  447
 146  449
 148  451
 148  453
 149  454
 149  457
 150  458
 150  459
 151  460
 151  461
 152  462
 152  463
 155  466
 158  466
 159  467
 167  467
 172  472
 172  475
 173  476
 173  477
 175  479
 175  480
 176  481
 177  481
 180  478
 181  478
 182  477
 197  477
 199  479
 200  479
 201  478
 201  476
 203  474
 203  473
 204  472
 220  472
 221  473
 223  473
 223  455
 225  453
 226  453
 227  452
 229  452
 230  451
 231  451
 232  450
 233  450
 234  449
 234  448
 235  447
 235  427
 238  424
 239  424
 241  422
 242  422
 245  419
 245  415
 244  414
 244  413
 242  411
 242  408
 241  407
 241  401
 240  400
 240  392
 239  391
 239  389
 238  388
 238  386
 235  383
 235  382
 231  378
 231  377
 230  376
 229  376
 228  375
 228  374
 227  373
 226  373
 224  371
 224  357
 225  356
 268  356
 269  355
 272  355
 273  354
 274  354
 281  347
 281  346
 282  345
 282  344
 285  341
 285  340
 287  338
 287  337
 288  336
 288  335
 289  334
 289  333
 291  331
 291  330
 292  329
 292  328
 294  326
 294  325
 295  324
 295  323
 297  321
 297  320
 299  318
 299  317
 301  315
 301  314
 302  313
 302  312
 305  309
 305  308
 307  306
 307  305
 308  304
 308  303
 310  301
 310  300
 311  299
 311  298
 312  297
 312  296
 315  293
 315  292
 318  289
 318  288
 319  287
 319  286
 321  284
 321  283
 323  281
 323  280
 324  279
 324  278
 325  277
 325  276
 326  275
 326  274
 328  272
 328  271
 329  270
 329  269
 330  268
 330  267
 332  265
 332  264
 333  263
 333  262
 335  260
 335  258
 338  255
 338  254
 340  252
 340  251
 342  249
 342  248
 343  247
 343  246
 345  244
 345  243
 346  242
 346  241
 348  239
 348  237
 349  236
 349  235
 350  234
 350  233
 351  232
 351  231
 352  230
 352  225
 353  224
 352  223
 352  218
 350  216
 350  215
 346  211
 345  211
 344  210
 343  210
 342  209
 341  209
 340  208
 339  208
 338  207
 335  207
 334  206
 332  206
 331  205
