 322  152
 321  153
 306  153
 305  154
 302  154
 300  156
 299  156
 299  157
 296  160
 295  160
 294  161
 289  161
 288  162
 286  162
 280  168
 278  168
 277  169
 274  169
 273  170
 272  170
 268  174
 268  175
 266  177
 263  177
 262  178
 260  178
 259  179
 258  179
 252  185
 251  185
 249  187
 248  187
 248  188
 242  194
 241  194
 239  196
 239  197
 235  201
 234  201
 232  203
 231  203
 230  204
 230  205
 227  208
 226  208
 225  209
 224  209
 223  210
 222  210
 220  212
 219  212
 219  213
 214  218
 213  218
 209  222
 209  223
 208  224
 207  224
 204  227
 203  227
 203  228
 194  237
 194  238
 191  241
 190  241
 187  244
 187  245
 180  252
 180  253
 179  254
 179  255
 177  257
 177  258
 173  262
 173  263
 172  264
 172  265
 171  266
 171  268
 170  269
 170  270
 168  272
 167  272
 164  275
 164  276
 163  277
 163  278
 160  281
 159  281
 157  283
 157  284
 156  285
 156  286
 155  287
 155  288
 152  291
 152  292
 150  294
 150  296
 149  297
 149  300
 148  301
 148  305
 147  306
 147  307
 148  308
 148  310
 149  311
 149  312
 151  314
 151  330
 149  332
 148  332
 146  334
 146  335
 145  336
 145  339
 144  340
 144  342
 143  343
 143  346
 142  347
 142  351
 141  352
 141  358
 140  359
 140  378
 141  379
 141  386
 142  387
 142  389
 143  390
 143  392
 144  393
 144  404
 145  405
 145  413
 146  414
 146  420
 147  421
 147  425
 148  426
 148  429
 149  430
 149  436
 150  437
 150  446
 151  447
 151  453
 152  454
 152  458
 153  459
 153  461
 154  462
 154  466
 155  467
 155  470
 156  471
 156  474
 157  475
 157  476
 159  478
 159  479
 160  480
 160  481
 161  482
 161  483
 162  484
 162  485
 166  489
 166  490
 167  491
 167  492
 170  495
 170  496
 172  498
 172  499
 173  500
 173  501
 174  502
 174  503
 175  504
 175  506
 176  507
 176  509
 178  511
 178  512
 179  513
 179  514
 180  515
 180  517
 182  519
 182  520
 184  522
 184  523
 186  525
 186  526
 187  527
 188  527
 190  529
 191  529
 192  530
 192  531
 193  532
 194  532
 197  535
 198  535
 199  536
 213  536
 214  535
 216  535
 220  531
 220  530
 222  528
 222  527
 224  525
 224  524
 225  523
 225  519
 226  518
 226  507
 227  506
 227  504
 228  503
 228  502
 230  500
 230  499
 235  494
 235  493
 240  488
 240  487
 242  485
 242  484
 243  483
 243  481
 244  480
 244  475
 245  474
 245  465
 246  464
 246  461
 247  460
 247  458
 248  457
 248  456
 251  453
 251  451
 252  450
 252  448
 253  447
 253  446
 254  445
 254  444
 255  443
 255  442
 256  441
 256  439
 257  438
 257  435
 258  434
 258  432
 259  431
 259  430
 260  429
 260  428
 261  427
 261  426
 262  425
 262  421
 263  420
 263  417
 264  416
 264  415
 265  414
 265  410
 266  409
 266  400
 265  399
 265  398
 263  396
 263  394
 262  393
 262  391
 261  390
 261  389
 259  387
 259  386
 253  380
 252  380
 244  372
 243  372
 242  371
 241  371
 240  370
 240  356
 241  355
 262  355
 263  354
 270  354
 271  353
 274  353
 277  350
 277  349
 282  344
 283  344
 283  343
 285  341
 285  339
 287  337
 287  336
 290  333
 290  332
 291  331
 291  330
 292  329
 292  327
 293  326
 293  322
 295  320
 295  319
 296  318
 296  317
 298  315
 298  314
 299  313
 299  311
 300  310
 300  305
 301  304
 301  299
 302  298
 302  297
 304  295
 304  294
 305  293
 305  292
 306  291
 306  288
 307  287
 307  281
 308  280
 308  267
 309  266
 309  262
 310  261
 310  259
 311  258
 311  257
 312  256
 312  254
 313  253
 313  251
 314  250
 314  247
 315  246
 315  237
 316  236
 316  231
 317  230
 317  229
 318  228
 319  228
 320  227
 320  226
 321  225
 321  224
 322  223
 322  222
 323  221
 323  217
 324  216
 324  214
 329  209
 329  208
 330  207
 330  203
 331  202
 331  198
 332  197
 332  196
 336  192
 336  191
 337  190
 337  184
 338  183
 338  170
 339  169
 339  164
 340  163
 340  161
 339  160
 339  158
 338  157
 338  156
 336  154
 335  154
 334  153
 331  153
 330  152
