 354  161
 353  162
 347  162
 346  163
 336  163
 335  164
 332  164
 331  165
 325  165
 324  166
 321  166
 320  167
 317  167
 316  168
 313  168
 312  169
 310  169
 309  170
 307  170
 306  171
 304  171
 303  172
 301  172
 300  173
 298  173
 297  174
 295  174
 294  175
 292  175
 291  176
 289  176
 288  177
 287  177
 286  178
 285  178
 284  179
 282  179
 281  180
 280  180
 279  181
 277  181
 276  182
 275  182
 274  183
 273  183
 272  184
 270  184
 269  185
 268  185
 267  186
 266  186
 265  187
 264  187
 263  188
 262  188
 261  189
 260  189
 259  190
 258  190
 257  191
 256  191
 255  192
 254  192
 253  193
 252  193
 251  194
 250  194
 249  195
 248  195
 247  196
 245  196
 243  198
 241  198
 239  200
 238  200
 237  201
 236  201
 234  203
 232  203
 230  205
 228  205
 227  206
 226  206
 225  207
 224  207
 223  208
 222  208
 220  210
 219  210
 217  212
 216  212
 215  213
 214  213
 213  214
 212  214
 210  216
 209  216
 208  217
 207  217
 206  218
 205  218
 203  220
 202  220
 200  222
 199  222
 198  223
 197  223
 195  225
 194  225
 191  228
 190  228
 187  231
 186  231
 184  233
 183  233
 180  236
 179  236
 176  239
 175  239
 172  242
 171  242
 167  246
 166  246
 162  250
 161  250
 157  254
 156  254
 151  259
 150  259
 146  263
 145  263
 140  268
 139  268
 133  274
 132  274
 103  303
 102  303
 101  304
 101  305
  93  313
  92  313
  90  315
  90  326
  91  327
  98  327
  99  328
  99  342
  96  345
  96  346
  95  347
  95  349
  94  350
  94  354
  93  355
  93  363
  92  364
  92  367
  91  368
  88  368
  87  369
  87  391
  88  392
  88  393
  89  394
  89  395
  90  396
  90  397
  91  398
  91  400
  92  401
  92  402
  93  403
  93  405
  94  406
  94  408
  95  409
  95  410
  96  411
  96  413
  97  414
  97  416
  98  417
  98  419
 101  422
 101  423
 102  424
 102  425
 105  428
 105  429
 108  432
 108  433
 112  437
 112  438
 115  441
 115  442
 116  443
 116  444
 117  445
 117  446
 118  447
 118  448
 119  449
 119  450
 121  452
 121  453
 122  454
 122  455
 124  457
 124  458
 126  460
 126  461
 128  463
 128  464
 135  471
 135  472
 136  473
 136  474
 138  476
 138  477
 139  478
 139  479
 142  482
 142  483
 148  489
 148  490
 154  496
 154  497
 159  502
 160  502
 161  503
 170  503
 172  505
 172  507
 173  508
 173  509
 174  510
 174  514
 175  515
 175  520
 177  522
 177  523
 178  524
 179  524
 180  525
 182  525
 184  523
 184  522
 185  521
 185  520
 189  516
 190  516
 191  515
 209  515
 211  517
 213  515
 213  514
 214  513
 214  511
 218  507
 219  507
 221  505
 222  505
 223  504
 226  504
 227  503
 247  503
 250  500
 250  488
 251  487
 251  485
 254  482
 255  482
 256  481
 259  481
 260  480
 266  480
 267  479
 268  479
 271  476
 271  473
 270  472
 270  470
 269  469
 269  453
 270  452
 270  451
 271  450
 272  450
 273  449
 274  449
 275  448
 277  448
 278  447
 279  447
 282  444
 282  442
 281  441
 281  439
 278  436
 278  435
 276  433
 276  417
 277  416
 277  415
 278  414
 279  414
 280  413
 280  410
 277  407
 277  406
 264  393
 264  392
 263  391
 263  390
 261  388
 261  387
 255  381
 255  367
 256  366
 265  366
 266  365
 271  365
 272  364
 273  364
 274  363
 275  363
 275  355
 276  354
 278  354
 279  353
 280  353
 283  350
 283  349
 284  348
 284  347
 285  346
 285  345
 288  342
 289  342
 293  338
 293  337
 294  336
 294  334
 295  333
 295  330
 296  329
 296  328
 297  327
 299  327
 301  325
 301  324
 308  317
 308  316
 310  314
 310  313
 311  312
 311  311
 313  309
 313  308
 314  307
 314  305
 315  304
 315  302
 317  300
 317  299
 318  298
 318  297
 323  292
 323  291
 327  287
 327  286
 328  285
 328  283
 330  281
 330  279
 331  278
 331  276
 333  274
 333  273
 334  272
 334  271
 335  270
 335  269
 338  266
 338  265
 344  259
 344  258
 345  257
 345  256
 348  253
 348  252
 355  245
 355  244
 359  240
 360  240
 360  239
 364  235
 364  234
 367  231
 367  230
 372  225
 372  224
 374  222
 374  221
 377  218
 377  217
 378  216
 378  215
 379  214
 379  213
 381  211
 381  210
 382  209
 382  208
 384  206
 384  205
 386  203
 386  202
 387  201
 387  199
 388  198
 388  196
 389  195
 389  192
 390  191
 390  189
 391  188
 391  184
 392  183
 392  181
 393  180
 393  175
 392  174
 392  173
 391  172
 391  171
 387  167
 386  167
 385  166
 384  166
 383  165
 382  165
 381  164
 379  164
 378  163
 374  163
 373  162
 368  162
 367  161
