 323  162
 322  163
 318  163
 317  164
 313  164
 312  165
 310  165
 309  166
 307  166
 306  167
 304  167
 303  168
 302  168
 301  169
 299  169
 298  170
 297  170
 296  171
 293  171
 292  172
 291  172
 290  173
 289  173
 288  174
 287  174
 286  175
 285  175
 284  176
 283  176
 282  177
 281  177
 279  179
 278  179
 277  180
 276  180
 275  181
 274  181
 272  183
 271  183
 270  184
 269  184
 267  186
 266  186
 264  188
 263  188
 261  190
 260  190
 258  192
 257  192
 255  194
 254  194
 252  196
 251  196
 248  199
 247  199
 245  201
 244  201
 242  203
 241  203
 239  205
 238  205
 236  207
 235  207
 231  211
 230  211
 227  214
 226  214
 226  215
 225  216
 224  216
 222  218
 221  218
 220  219
 219  219
 217  221
 216  221
 214  223
 213  223
 211  225
 211  226
 210  227
 209  227
 208  228
 207  228
 203  232
 202  232
 198  236
 197  236
 184  249
 183  249
 182  250
 182  251
 178  255
 177  255
 167  265
 166  265
 166  266
 165  267
 164  267
 162  269
 162  270
 160  272
 159  272
 159  273
 157  275
 156  275
 156  276
 153  279
 152  279
 150  281
 150  282
 147  285
 146  285
 146  286
 139  293
 139  294
 135  298
 135  299
 134  300
 133  300
 132  301
 132  302
 125  309
 124  309
 122  311
 118  311
 117  312
 116  312
 114  314
 114  331
 116  333
 126  333
 127  334
 127  350
 126  351
 126  357
 125  358
 122  358
 121  359
 121  360
 120  361
 120  397
 121  398
 121  399
 122  400
 127  400
 128  401
 130  401
 131  402
 132  402
 133  403
 135  403
 136  404
 137  404
 139  406
 140  406
 142  408
 143  408
 146  411
 146  412
 150  416
 150  417
 163  430
 163  431
 166  434
 166  435
 169  438
 169  439
 171  441
 171  442
 173  444
 173  445
 175  447
 175  448
 176  449
 176  451
 178  453
 178  454
 179  455
 179  457
 180  458
 180  459
 181  460
 181  461
 182  462
 182  465
 183  466
 183  473
 184  474
 184  477
 185  478
 185  481
 186  482
 186  484
 187  485
 187  487
 189  489
 189  490
 190  491
 190  493
 191  494
 191  495
 192  496
 192  498
 193  499
 193  501
 195  503
 195  504
 197  506
 197  507
 205  515
 206  515
 208  517
 209  517
 212  520
 213  520
 215  522
 216  522
 217  523
 218  523
 219  524
 221  524
 222  525
 225  525
 226  526
 233  526
 234  525
 239  525
 240  524
 249  524
 250  523
 253  523
 254  522
 256  522
 257  521
 259  521
 260  520
 262  520
 263  519
 264  519
 265  518
 266  518
 268  516
 269  516
 270  515
 271  515
 273  513
 274  513
 275  512
 276  512
 277  511
 278  511
 280  509
 281  509
 282  508
 283  508
 285  506
 286  506
 292  500
 293  500
 295  498
 295  497
 308  484
 308  483
 309  482
 309  481
 311  479
 311  478
 314  475
 314  474
 315  473
 315  472
 317  470
 317  469
 318  468
 318  467
 319  466
 319  464
 320  463
 320  462
 321  461
 321  456
 322  455
 322  443
 323  442
 323  439
 322  438
 322  429
 321  428
 321  424
 320  423
 320  421
 319  420
 319  419
 318  418
 318  416
 317  415
 317  413
 315  411
 315  410
 314  409
 314  408
 313  407
 313  406
 311  404
 311  403
 309  401
 309  400
 306  397
 306  396
 298  388
 298  387
 296  385
 295  385
 294  384
 294  383
 293  382
 292  382
 289  379
 288  379
 285  376
 284  376
 283  375
 282  375
 279  372
 278  372
 277  371
 276  371
 272  367
 272  366
 270  364
 270  348
 272  346
 288  346
 289  345
 297  345
 298  344
 302  344
 303  343
 304  343
 305  342
 306  342
 307  341
 308  341
 310  339
 311  339
 314  336
 315  336
 319  332
 320  332
 321  331
 322  331
 322  330
 327  325
 328  325
 330  323
 330  322
 335  317
 335  316
 338  313
 338  312
 339  311
 339  310
 341  308
 341  307
 342  306
 342  305
 344  303
 344  302
 345  301
 345  300
 346  299
 346  298
 348  296
 348  294
 349  293
 349  292
 351  290
 351  288
 352  287
 352  284
 353  283
 353  282
 354  281
 354  279
 355  278
 355  275
 356  274
 356  273
 357  272
 357  271
 358  270
 358  267
 359  266
 359  263
 360  262
 360  261
 361  260
 361  257
 362  256
 362  249
 363  248
 363  245
 364  244
 364  240
 365  239
 365  226
 366  225
 366  211
 367  210
 367  208
 366  207
 366  198
 365  197
 365  193
 364  192
 364  190
 363  189
 363  188
 362  187
 362  185
 361  184
 361  182
 360  181
 360  180
 358  178
 358  177
 356  175
 356  174
 352  170
 351  170
 348  167
 347  167
 346  166
 345  166
 344  165
 343  165
 342  164
 340  164
 339  163
 337  163
 336  162
