 336  167
 335  168
 328  168
 327  169
 322  169
 321  170
 318  170
 317  171
 313  171
 312  172
 310  172
 309  173
 306  173
 305  174
 303  174
 302  175
 300  175
 299  176
 298  176
 297  177
 295  177
 294  178
 292  178
 291  179
 290  179
 289  180
 287  180
 286  181
 285  181
 284  182
 282  182
 281  183
 280  183
 279  184
 278  184
 277  185
 276  185
 275  186
 273  186
 272  187
 271  187
 270  188
 269  188
 268  189
 267  189
 266  190
 265  190
 264  191
 262  191
 260  193
 258  193
 257  194
 256  194
 255  195
 254  195
 253  196
 252  196
 250  198
 248  198
 247  199
 246  199
 245  200
 244  200
 243  201
 242  201
 241  202
 240  202
 238  204
 237  204
 236  205
 235  205
 233  207
 232  207
 231  208
 230  208
 229  209
 228  209
 226  211
 225  211
 224  212
 223  212
 221  214
 220  214
 219  215
 218  215
 216  217
 215  217
 213  219
 212  219
 210  221
 209  221
 207  223
 206  223
 204  225
 203  225
 201  227
 200  227
 197  230
 196  230
 194  232
 193  232
 190  235
 189  235
 187  237
 186  237
 183  240
 182  240
 179  243
 178  243
 175  246
 174  246
 171  249
 170  249
 166  253
 165  253
 161  257
 160  257
 156  261
 155  261
 150  266
 149  266
 131  284
 130  284
 122  292
 122  293
 118  297
 118  298
 112  304
 110  304
 108  306
 108  320
 110  322
 115  322
 116  323
 116  337
 115  338
 115  339
 114  340
 114  343
 113  344
 113  349
 112  350
 112  363
 111  364
 107  364
 106  365
 106  404
 107  405
 107  407
 108  408
 108  410
 109  411
 109  413
 110  414
 110  415
 111  416
 111  418
 112  419
 112  420
 115  423
 115  424
 117  426
 117  427
 121  431
 121  432
 123  434
 123  435
 125  437
 125  438
 129  442
 129  443
 136  450
 136  451
 140  455
 141  455
 142  456
 149  456
 150  457
 152  457
 155  460
 155  461
 158  464
 158  465
 159  466
 159  467
 160  468
 160  469
 161  470
 161  471
 162  472
 162  473
 163  474
 163  475
 165  477
 165  478
 166  479
 166  481
 167  482
 167  483
 168  484
 168  488
 169  489
 169  492
 170  493
 170  506
 171  507
 171  512
 172  513
 172  515
 176  519
 178  519
 180  517
 180  516
 186  510
 202  510
 203  509
 203  508
 204  507
 204  505
 205  504
 205  502
 206  501
 206  500
 212  494
 213  494
 214  493
 215  493
 216  492
 231  492
 232  491
 232  490
 233  489
 233  486
 234  485
 234  478
 235  477
 235  476
 239  472
 241  472
 242  471
 252  471
 253  470
 254  470
 255  469
 256  469
 255  468
 255  451
 257  449
 257  448
 258  447
 259  447
 260  446
 262  446
 263  445
 266  445
 267  444
 269  444
 271  442
 271  439
 270  438
 270  437
 269  436
 269  435
 268  434
 268  418
 271  415
 272  415
 273  414
 274  414
 275  413
 276  413
 279  410
 279  409
 278  408
 278  407
 277  406
 277  405
 275  403
 275  402
 271  398
 271  397
 268  394
 268  393
 267  392
 267  391
 266  390
 266  389
 265  388
 265  387
 264  386
 264  385
 261  382
 261  381
 250  370
 249  370
 245  366
 245  352
 246  351
 267  351
 268  350
 274  350
 275  349
 276  349
 281  344
 283  344
 285  342
 286  342
 288  340
 288  339
 291  336
 292  336
 294  334
 294  333
 295  332
 295  331
 297  329
 297  328
 298  327
 298  325
 299  324
 299  323
 300  322
 301  322
 302  321
 302  320
 304  318
 304  316
 305  315
 305  313
 308  310
 308  309
 311  306
 311  305
 312  304
 312  303
 314  301
 314  300
 315  299
 315  298
 317  296
 317  295
 318  294
 318  292
 320  290
 320  289
 321  288
 321  287
 322  286
 322  285
 325  282
 325  281
 327  279
 327  278
 328  277
 328  276
 330  274
 330  273
 331  272
 331  270
 333  268
 333  267
 334  266
 334  265
 335  264
 335  263
 338  260
 338  259
 341  256
 341  255
 345  251
 345  250
 347  248
 347  247
 350  244
 350  243
 354  239
 354  238
 358  234
 358  233
 359  232
 359  231
 360  230
 360  229
 362  227
 362  226
 364  224
 364  223
 365  222
 365  220
 366  219
 366  218
 367  217
 367  216
 368  215
 368  213
 369  212
 369  211
 370  210
 370  208
 371  207
 371  205
 372  204
 372  200
 373  199
 373  196
 374  195
 374  191
 375  190
 375  186
 374  185
 374  181
 373  180
 373  179
 372  178
 372  177
 371  176
 371  175
 368  172
 367  172
 366  171
 365  171
 364  170
 363  170
 362  169
 359  169
 358  168
 353  168
 352  167
