 315  192
 314  193
 310  193
 309  194
 303  194
 302  195
 300  195
 299  196
 295  196
 294  197
 291  197
 290  198
 289  198
 288  199
 285  199
 284  200
 282  200
 281  201
 279  201
 278  202
 276  202
 275  203
 273  203
 272  204
 270  204
 269  205
 267  205
 266  206
 264  206
 263  207
 262  207
 261  208
 259  208
 258  209
 257  209
 256  210
 254  210
 252  212
 250  212
 249  213
 248  213
 247  214
 246  214
 245  215
 244  215
 243  216
 242  216
 241  217
 240  217
 239  218
 238  218
 236  220
 235  220
 234  221
 233  221
 230  224
 229  224
 228  225
 227  225
 225  227
 224  227
 222  229
 221  229
 220  230
 219  230
 216  233
 215  233
 214  234
 213  234
 211  236
 210  236
 207  239
 206  239
 204  241
 203  241
 200  244
 199  244
 193  250
 192  250
 190  252
 189  252
 187  254
 186  254
 184  256
 183  256
 182  257
 181  257
 178  260
 177  260
 172  265
 171  265
 167  269
 166  269
 160  275
 159  275
 155  279
 155  280
 149  286
 149  287
 146  290
 146  291
 136  301
 136  302
 125  313
 123  313
 121  315
 121  327
 122  328
 127  328
 128  329
 128  344
 126  346
 126  347
 125  348
 125  349
 124  350
 124  354
 123  355
 123  362
 122  363
 122  370
 121  371
 121  375
 119  377
 119  382
 120  383
 120  385
 121  386
 121  387
 122  388
 122  390
 123  391
 123  392
 124  393
 124  394
 125  395
 125  396
 126  397
 126  398
 127  399
 127  400
 128  401
 128  402
 129  403
 129  404
 130  405
 130  406
 132  408
 132  411
 133  412
 133  413
 134  414
 134  415
 135  416
 135  420
 136  421
 136  422
 137  423
 137  424
 138  425
 138  427
 139  428
 139  430
 141  432
 141  434
 142  435
 142  438
 143  439
 143  440
 144  441
 144  442
 145  443
 145  445
 147  447
 147  448
 149  450
 149  451
 151  453
 151  454
 152  455
 152  456
 153  457
 153  458
 155  460
 155  462
 156  463
 156  464
 158  466
 158  467
 162  471
 163  471
 166  474
 167  474
 169  476
 172  476
 173  477
 182  477
 184  479
 184  480
 185  481
 185  484
 186  485
 186  486
 189  489
 189  490
 191  492
 192  492
 194  494
 196  494
 197  493
 198  493
 203  488
 220  488
 221  489
 222  489
 224  491
 225  491
 226  492
 228  492
 231  489
 231  487
 232  486
 232  485
 233  484
 233  483
 236  480
 252  480
 256  476
 256  463
 258  461
 259  461
 260  460
 263  460
 264  459
 267  459
 268  458
 270  458
 271  457
 271  456
 272  455
 272  452
 271  451
 271  448
 270  447
 270  431
 272  429
 273  429
 275  427
 276  427
 278  425
 278  424
 276  422
 276  421
 275  420
 275  418
 267  410
 267  409
 265  407
 265  393
 264  392
 264  390
 262  388
 262  387
 261  386
 261  372
 262  371
 269  371
 270  370
 274  370
 274  365
 276  363
 284  363
 285  362
 289  362
 293  358
 294  358
 296  356
 297  356
 298  355
 299  355
 305  349
 306  349
 307  348
 308  348
 310  346
 310  344
 311  343
 311  341
 312  340
 312  339
 319  332
 319  329
 320  328
 323  328
 324  327
 324  326
 325  325
 325  323
 326  322
 326  320
 327  319
 327  314
 328  313
 328  310
 332  306
 333  306
 336  303
 336  302
 338  300
 338  299
 340  297
 340  296
 341  295
 341  294
 342  293
 342  287
 343  286
 343  284
 351  276
 351  275
 352  274
 352  272
 353  271
 353  267
 354  266
 354  265
 355  264
 355  259
 356  258
 356  249
 357  248
 357  247
 360  244
 360  243
 361  242
 361  240
 360  239
 360  222
 359  221
 359  218
 358  217
 358  215
 355  212
 355  211
 354  210
 354  209
 353  208
 353  206
 351  204
 351  203
 350  203
 348  201
 347  201
 345  199
 344  199
 343  198
 342  198
 341  197
 340  197
 339  196
 338  196
 337  195
 335  195
 334  194
 329  194
 328  193
 324  193
 323  192
