 320  170
 319  171
 317  171
 316  172
 312  172
 311  173
 309  173
 308  174
 307  174
 306  175
 304  175
 303  176
 302  176
 301  177
 300  177
 299  178
 298  178
 297  179
 296  179
 295  180
 294  180
 292  182
 291  182
 290  183
 289  183
 287  185
 286  185
 285  186
 284  186
 282  188
 281  188
 280  189
 279  189
 277  191
 276  191
 273  194
 272  194
 268  198
 267  198
 264  201
 263  201
 260  204
 259  204
 253  210
 252  210
 243  219
 242  219
 239  222
 238  222
 232  228
 231  228
 226  233
 225  233
 219  239
 218  239
 212  245
 211  245
 199  257
 198  257
 189  266
 188  266
 171  283
 171  284
 158  297
 158  298
 142  314
 141  314
 132  323
 128  323
 126  325
 126  351
 127  352
 135  352
 136  353
 136  384
 137  385
 137  386
 138  386
 141  389
 142  389
 148  395
 149  395
 165  411
 165  412
 170  417
 170  418
 173  421
 173  422
 175  424
 175  425
 178  428
 178  429
 181  432
 181  433
 183  435
 183  436
 185  438
 185  439
 189  443
 189  444
 193  448
 193  449
 194  450
 194  451
 195  452
 195  453
 196  454
 196  455
 198  457
 198  458
 199  459
 199  460
 201  462
 201  463
 202  464
 202  465
 204  467
 204  469
 205  470
 205  472
 206  473
 206  474
 207  475
 207  476
 208  477
 208  478
 209  479
 209  480
 210  481
 210  482
 211  483
 211  484
 212  485
 212  487
 213  488
 213  489
 214  490
 214  491
 215  492
 215  494
 216  495
 216  496
 217  497
 217  498
 219  500
 219  501
 222  504
 222  505
 225  508
 226  508
 229  511
 230  511
 231  512
 232  512
 233  513
 234  513
 235  514
 237  514
 238  515
 240  515
 241  516
 250  516
 251  517
 254  517
 255  518
 259  518
 260  517
 266  517
 267  516
 271  516
 272  515
 273  515
 274  514
 276  514
 277  513
 279  513
 280  512
 281  512
 282  511
 283  511
 284  510
 285  510
 287  508
 288  508
 290  506
 291  506
 292  505
 293  505
 296  502
 297  502
 300  499
 301  499
 304  496
 304  495
 306  493
 307  493
 309  491
 309  490
 313  486
 313  485
 315  483
 315  482
 317  480
 317  479
 318  478
 318  477
 320  475
 320  473
 321  472
 321  471
 322  470
 322  468
 323  467
 323  464
 324  463
 324  460
 325  459
 325  458
 326  457
 326  454
 327  453
 327  450
 328  449
 328  446
 329  445
 329  431
 328  430
 328  421
 327  420
 327  416
 326  415
 326  413
 325  412
 325  411
 324  410
 324  409
 323  408
 323  407
 322  406
 322  405
 318  401
 318  400
 310  392
 310  391
 309  391
 306  388
 305  388
 302  385
 301  385
 293  377
 292  377
 290  375
 289  375
 287  373
 286  373
 283  370
 282  370
 281  369
 280  369
 277  366
 276  366
 275  365
 274  365
 273  364
 273  350
 274  349
 287  349
 288  348
 297  348
 298  347
 301  347
 302  346
 303  346
 304  345
 306  345
 307  344
 308  344
 309  343
 310  343
 311  342
 312  342
 315  339
 316  339
 316  338
 319  335
 320  335
 323  332
 323  331
 324  330
 324  329
 325  328
 326  328
 326  327
 333  320
 333  319
 335  317
 335  316
 336  315
 336  314
 337  313
 337  312
 338  311
 338  310
 340  308
 340  306
 341  305
 341  304
 342  303
 342  302
 343  301
 343  299
 344  298
 344  297
 345  296
 345  295
 346  294
 346  292
 347  291
 347  289
 348  288
 348  284
 349  283
 349  281
 350  280
 350  275
 351  274
 351  271
 352  270
 352  268
 353  267
 353  263
 354  262
 354  244
 355  243
 355  219
 354  218
 354  201
 353  200
 353  198
 352  197
 352  196
 351  195
 351  194
 350  193
 350  189
 348  187
 348  186
 347  185
 347  183
 346  182
 346  181
 344  179
 344  178
 342  176
 342  175
 341  174
 340  174
 339  173
 338  173
 337  172
 336  172
 335  171
 334  171
 333  170
