 330  168
 329  169
 322  169
 321  170
 318  170
 317  171
 312  171
 311  172
 309  172
 308  173
 305  173
 304  174
 302  174
 301  175
 299  175
 298  176
 296  176
 295  177
 293  177
 292  178
 291  178
 290  179
 289  179
 288  180
 286  180
 285  181
 284  181
 283  182
 282  182
 281  183
 280  183
 278  185
 277  185
 276  186
 275  186
 274  187
 273  187
 271  189
 270  189
 269  190
 268  190
 266  192
 265  192
 264  193
 263  193
 261  195
 260  195
 258  197
 257  197
 255  199
 254  199
 253  200
 252  200
 251  201
 250  201
 248  203
 247  203
 245  205
 244  205
 243  206
 242  206
 240  208
 239  208
 237  210
 236  210
 234  212
 233  212
 231  214
 230  214
 227  217
 226  217
 221  222
 220  222
 216  226
 215  226
 211  230
 210  230
 205  235
 204  235
 198  241
 197  241
 188  250
 187  250
 182  255
 181  255
 174  262
 173  262
 166  269
 165  269
 160  274
 159  274
 157  276
 156  276
 153  279
 152  279
 149  282
 148  282
 142  288
 141  288
 133  296
 132  296
 127  301
 126  301
 125  302
 117  302
 116  303
 115  303
 115  305
 114  306
 114  339
 116  341
 135  341
 136  342
 136  357
 135  358
 129  358
 127  360
 127  376
 128  377
 128  378
 129  379
 129  380
 130  381
 130  382
 131  383
 131  384
 133  386
 133  387
 135  389
 135  390
 137  392
 137  393
 140  396
 140  397
 143  400
 143  401
 144  402
 144  403
 147  406
 147  407
 148  408
 148  409
 151  412
 151  413
 154  416
 154  417
 157  420
 157  421
 158  422
 158  423
 161  426
 161  427
 164  430
 164  431
 166  433
 166  434
 167  435
 167  436
 169  438
 169  439
 170  440
 170  441
 172  443
 172  444
 173  445
 173  446
 176  449
 176  450
 177  451
 177  452
 178  453
 178  457
 179  458
 179  464
 180  465
 180  470
 181  471
 181  473
 182  474
 182  479
 183  480
 183  483
 184  484
 184  485
 185  486
 185  487
 186  488
 186  489
 187  490
 187  491
 189  493
 189  494
 190  495
 191  495
 197  501
 197  502
 199  504
 199  505
 201  507
 201  508
 202  508
 204  510
 205  510
 208  513
 209  513
 210  514
 211  514
 212  515
 215  515
 216  516
 218  516
 219  517
 223  517
 224  518
 229  518
 230  519
 237  519
 238  520
 239  519
 244  519
 245  518
 246  518
 247  517
 248  517
 249  516
 251  516
 252  515
 254  515
 255  514
 256  514
 257  513
 258  513
 259  512
 261  512
 262  511
 264  511
 265  510
 267  510
 268  509
 270  509
 271  508
 272  508
 273  507
 274  507
 275  506
 276  506
 278  504
 279  504
 287  496
 288  496
 292  492
 293  492
 296  489
 297  489
 300  486
 300  485
 302  483
 302  482
 303  481
 303  480
 305  478
 305  476
 306  475
 306  474
 307  473
 307  472
 308  471
 308  470
 309  469
 309  467
 310  466
 310  465
 311  464
 311  463
 315  459
 315  457
 316  456
 316  454
 317  453
 317  450
 318  449
 318  447
 319  446
 319  443
 320  442
 320  438
 321  437
 321  435
 322  434
 322  430
 323  429
 323  427
 322  426
 322  424
 321  423
 321  421
 319  419
 319  418
 318  417
 318  416
 316  414
 316  412
 315  411
 315  410
 314  409
 314  408
 313  407
 313  406
 312  405
 312  404
 310  402
 310  401
 307  398
 307  397
 304  394
 304  393
 303  392
 303  391
 302  390
 302  389
 295  382
 295  381
 294  381
 292  379
 292  378
 290  376
 289  376
 282  369
 281  369
 278  366
 277  366
 271  360
 271  346
 272  345
 295  345
 296  344
 298  344
 299  343
 300  343
 301  342
 302  342
 303  341
 304  341
 305  340
 306  340
 309  337
 310  337
 311  336
 313  336
 314  335
 316  335
 317  334
 318  334
 319  333
 322  333
 324  331
 325  331
 326  330
 326  329
 328  327
 328  326
 331  323
 331  322
 334  319
 334  318
 338  314
 339  314
 344  309
 344  308
 345  307
 345  306
 346  305
 346  304
 347  303
 347  302
 349  300
 349  299
 350  298
 350  296
 351  295
 351  294
 352  293
 352  292
 354  290
 354  289
 356  287
 356  286
 357  285
 357  284
 358  283
 358  282
 359  281
 359  278
 360  277
 360  275
 361  274
 361  272
 362  271
 362  268
 363  267
 363  261
 364  260
 364  258
 365  257
 365  255
 366  254
 366  237
 365  236
 365  235
 364  234
 364  216
 363  215
 363  198
 362  197
 362  195
 361  194
 361  193
 360  192
 360  191
 359  190
 359  189
 358  188
 358  187
 355  184
 355  183
 353  181
 353  180
 348  175
 348  174
 347  173
 346  173
 345  172
 344  172
 343  171
 342  171
 341  170
 340  170
 339  169
 335  169
 334  168
