 333  130
 332  131
 329  131
 328  132
 325  132
 324  133
 321  133
 320  134
 319  134
 318  135
 315  135
 314  136
 313  136
 312  137
 309  137
 308  138
 307  138
 306  139
 304  139
 303  140
 302  140
 301  141
 300  141
 299  142
 297  142
 295  144
 293  144
 291  146
 290  146
 289  147
 288  147
 287  148
 286  148
 284  150
 283  150
 282  151
 281  151
 280  152
 279  152
 277  154
 276  154
 275  155
 274  155
 272  157
 271  157
 270  158
 269  158
 267  160
 266  160
 264  162
 263  162
 261  164
 260  164
 257  167
 256  167
 254  169
 253  169
 250  172
 249  172
 246  175
 245  175
 242  178
 241  178
 238  181
 237  181
 233  185
 232  185
 229  188
 228  188
 225  191
 224  191
 221  194
 220  194
 217  197
 216  197
 212  201
 211  201
 206  206
 205  206
 199  212
 198  212
 190  220
 189  220
 184  225
 183  225
 179  229
 178  229
 170  237
 169  237
 152  254
 152  255
 145  262
 145  263
 141  267
 141  268
 138  271
 138  272
 134  276
 134  277
 129  282
 129  283
 125  287
 125  288
 124  289
 124  290
 121  293
 121  294
 119  296
 119  297
 118  298
 118  299
 115  302
 115  303
 111  307
 111  309
 108  312
 108  314
 106  316
 106  317
 105  318
 105  319
 104  320
 104  325
 105  326
 109  326
 111  328
 111  342
 110  343
 110  344
 109  345
 109  346
 108  347
 108  349
 107  350
 107  353
 106  354
 106  358
 105  359
 102  359
 100  361
 100  398
 102  400
 105  400
 108  403
 108  406
 109  407
 109  408
 111  410
 111  412
 112  413
 123  413
 124  414
 124  415
 125  416
 125  417
 127  419
 127  420
 128  421
 128  422
 131  425
 131  427
 134  430
 134  432
 135  433
 135  434
 137  436
 137  437
 138  438
 138  440
 140  442
 140  443
 141  444
 141  446
 142  447
 142  448
 143  449
 143  450
 144  451
 144  452
 145  453
 145  454
 146  455
 146  456
 148  458
 148  460
 151  463
 151  464
 152  465
 152  466
 154  468
 154  469
 155  470
 155  471
 158  474
 158  475
 161  478
 161  479
 164  482
 164  484
 166  486
 166  487
 168  489
 168  492
 169  493
 169  494
 170  495
 170  496
 171  497
 171  499
 174  502
 174  504
 175  505
 175  507
 177  509
 177  510
 178  511
 178  513
 179  514
 179  515
 181  517
 181  519
 182  520
 182  521
 184  523
 184  524
 185  525
 185  526
 187  528
 187  529
 188  530
 188  531
 190  533
 190  534
 192  536
 192  537
 196  541
 196  542
 200  546
 201  546
 203  548
 204  548
 205  549
 207  549
 208  550
 209  550
 210  549
 227  549
 229  551
 230  551
 231  552
 232  552
 234  554
 235  554
 237  556
 238  556
 239  557
 243  557
 245  555
 246  555
 252  549
 253  549
 256  546
 258  546
 259  545
 280  545
 281  546
 282  545
 283  545
 285  543
 285  541
 284  540
 284  536
 283  535
 283  534
 281  532
 281  531
 280  530
 280  529
 279  528
 279  527
 278  526
 278  525
 277  524
 277  522
 276  521
 276  503
 277  502
 277  500
 278  499
 278  498
 282  494
 283  494
 287  490
 287  489
 288  488
 288  485
 287  484
 287  481
 286  480
 286  479
 284  477
 284  475
 281  472
 281  471
 280  470
 280  469
 278  467
 278  466
 277  465
 277  447
 278  446
 278  445
 283  440
 283  439
 284  438
 284  433
 283  432
 283  431
 280  428
 280  427
 270  417
 270  416
 264  410
 264  408
 263  407
 263  406
 262  405
 262  404
 261  403
 261  392
 260  391
 260  388
 258  386
 258  385
 257  384
 257  383
 252  378
 251  378
 248  375
 247  375
 245  373
 244  373
 242  371
 241  371
 240  370
 239  370
 237  368
 236  368
 233  365
 232  365
 230  363
 229  363
 228  362
 228  348
 229  347
 245  347
 246  348
 248  348
 249  349
 251  349
 252  350
 261  350
 262  349
 263  349
 264  348
 265  348
 266  347
 267  347
 268  346
 271  346
 272  345
 274  345
 275  344
 276  344
 280  340
 281  340
 287  334
 287  333
 289  331
 289  330
 290  329
 291  329
 297  323
 297  322
 301  318
 301  317
 302  316
 302  315
 304  313
 304  312
 305  311
 305  310
 307  308
 307  307
 308  306
 308  305
 310  303
 310  302
 311  301
 311  299
 313  297
 313  296
 314  295
 314  294
 317  291
 317  289
 319  287
 319  286
 320  285
 320  284
 321  283
 321  281
 323  279
 323  278
 324  277
 324  275
 326  273
 326  272
 327  271
 327  270
 328  269
 328  268
 329  267
 329  266
 330  265
 330  264
 331  263
 331  261
 333  259
 333  258
 334  257
 334  256
 337  253
 337  252
 338  251
 338  250
 339  249
 339  248
 340  247
 340  246
 342  244
 342  243
 344  241
 344  240
 346  238
 346  237
 347  236
 347  235
 349  233
 349  232
 350  231
 350  230
 351  229
 351  228
 354  225
 354  224
 355  223
 355  222
 357  220
 357  219
 358  218
 358  217
 360  215
 360  214
 361  213
 361  212
 362  211
 362  210
 363  209
 363  208
 364  207
 364  205
 365  204
 365  202
 367  200
 367  198
 368  197
 368  196
 369  195
 369  194
 370  193
 370  191
 371  190
 371  187
 372  186
 372  185
 374  183
 374  181
 375  180
 375  178
 376  177
 376  175
 377  174
 377  172
 378  171
 378  165
 379  164
 379  161
 380  160
 380  159
 379  158
 379  156
 378  155
 378  150
 377  149
 377  147
 375  145
 375  144
 374  143
 374  141
 368  135
 367  135
 365  133
 363  133
 362  132
 359  132
 358  131
 355  131
 354  130
