 315  184
 314  185
 309  185
 308  186
 305  186
 304  187
 301  187
 300  188
 298  188
 297  189
 296  189
 295  190
 293  190
 292  191
 289  191
 288  192
 287  192
 286  193
 284  193
 283  194
 282  194
 281  195
 280  195
 279  196
 278  196
 277  197
 276  197
 275  198
 274  198
 273  199
 272  199
 271  200
 270  200
 269  201
 267  201
 265  203
 264  203
 263  204
 262  204
 261  205
 260  205
 258  207
 257  207
 255  209
 254  209
 253  210
 252  210
 249  213
 248  213
 246  215
 245  215
 243  217
 242  217
 240  219
 239  219
 236  222
 235  222
 233  224
 232  224
 228  228
 227  228
 222  233
 221  233
 218  236
 217  236
 212  241
 211  241
 201  251
 200  251
 195  256
 194  256
 187  263
 186  263
 167  282
 166  282
 164  284
 162  284
 161  285
 160  285
 158  287
 157  287
 156  288
 155  288
 152  291
 151  291
 146  296
 146  298
 145  299
 145  302
 141  306
 141  307
 140  308
 140  309
 138  311
 138  312
 137  313
 137  314
 133  318
 130  318
 129  319
 129  328
 130  329
 139  329
 140  330
 140  344
 139  345
 139  346
 138  347
 138  348
 137  349
 137  350
 136  351
 136  355
 135  356
 135  360
 134  361
 131  361
 130  362
 129  362
 129  387
 130  388
 136  388
 140  392
 140  393
 141  394
 141  395
 142  396
 142  397
 144  399
 144  400
 147  403
 147  404
 150  407
 150  408
 153  411
 153  412
 154  413
 154  414
 158  418
 158  419
 160  421
 160  422
 163  425
 163  426
 165  428
 165  429
 168  432
 168  433
 171  436
 171  437
 174  440
 174  441
 177  444
 177  445
 181  449
 181  450
 182  450
 186  454
 187  454
 190  457
 192  457
 193  458
 195  458
 199  462
 199  463
 200  464
 200  465
 201  466
 201  467
 202  468
 202  469
 203  470
 203  473
 204  474
 204  476
 205  477
 205  480
 206  481
 206  492
 207  493
 207  495
 208  496
 208  497
 210  499
 210  500
 211  501
 212  501
 214  503
 215  503
 222  496
 237  496
 239  498
 239  499
 241  501
 243  499
 243  498
 244  497
 244  495
 245  494
 245  493
 249  489
 250  489
 252  487
 266  487
 270  483
 270  476
 271  475
 271  473
 272  472
 272  470
 280  462
 281  462
 281  461
 283  459
 283  458
 284  457
 284  456
 285  455
 285  454
 286  453
 286  446
 287  445
 287  441
 288  440
 288  438
 289  437
 289  436
 294  431
 295  431
 295  430
 297  428
 297  427
 296  426
 296  421
 294  419
 294  418
 290  414
 290  413
 289  412
 289  409
 288  408
 288  406
 287  405
 287  401
 286  400
 286  392
 283  389
 283  388
 272  377
 271  377
 269  375
 268  375
 266  373
 265  373
 263  371
 262  371
 258  367
 258  366
 257  365
 257  350
 258  349
 271  349
 272  348
 276  348
 277  347
 278  347
 283  342
 285  342
 298  329
 299  329
 303  325
 303  324
 304  323
 304  322
 305  321
 305  320
 306  319
 306  318
 307  317
 307  316
 308  315
 308  314
 309  313
 309  312
 312  309
 312  308
 316  304
 316  303
 317  302
 317  300
 318  299
 318  297
 319  296
 319  293
 320  292
 320  290
 321  289
 321  288
 322  287
 322  286
 323  285
 323  284
 326  281
 326  280
 327  279
 327  277
 328  276
 328  273
 329  272
 329  268
 330  267
 330  265
 331  264
 331  263
 332  262
 332  261
 333  260
 333  259
 336  256
 336  254
 337  253
 337  249
 338  248
 338  246
 339  245
 339  243
 341  241
 341  240
 343  238
 343  237
 344  236
 344  234
 345  233
 345  231
 346  230
 346  227
 349  224
 349  221
 350  220
 350  212
 351  211
 351  202
 350  201
 350  198
 349  197
 349  196
 348  195
 347  195
 345  193
 344  193
 343  192
 342  192
 341  191
 340  191
 339  190
 338  190
 337  189
 335  189
 333  187
 332  187
 331  186
 329  186
 328  185
 324  185
 323  184
