 300  182
 299  183
 297  183
 296  184
 293  184
 292  185
 290  185
 289  186
 287  186
 286  187
 285  187
 284  188
 282  188
 281  189
 279  189
 278  190
 276  190
 275  191
 274  191
 273  192
 272  192
 271  193
 269  193
 267  195
 266  195
 265  196
 264  196
 262  198
 261  198
 259  200
 258  200
 257  201
 256  201
 253  204
 252  204
 250  206
 249  206
 247  208
 246  208
 243  211
 242  211
 239  214
 238  214
 234  218
 233  218
 222  229
 221  229
 196  254
 196  255
 186  265
 186  266
 176  276
 176  277
 172  281
 172  282
 168  286
 168  287
 163  292
 163  293
 160  296
 160  297
 158  299
 158  300
 156  302
 156  303
 155  304
 155  305
 154  306
 154  307
 152  309
 152  310
 151  311
 151  312
 150  313
 150  314
 148  316
 148  319
 146  321
 146  322
 145  323
 145  325
 144  326
 144  327
 143  328
 143  329
 142  330
 142  332
 141  333
 141  334
 139  336
 139  337
 138  338
 138  339
 134  343
 134  350
 135  351
 146  351
 147  352
 147  366
 146  367
 146  368
 145  369
 145  370
 142  373
 142  375
 141  376
 141  377
 140  378
 134  378
 134  379
 133  380
 133  403
 135  405
 137  405
 138  406
 139  406
 141  408
 141  409
 148  416
 148  417
 149  418
 149  419
 151  421
 151  422
 152  423
 152  424
 154  426
 154  427
 155  428
 155  429
 158  432
 158  433
 159  434
 159  435
 162  438
 162  439
 166  443
 166  444
 169  447
 169  448
 173  452
 173  453
 179  459
 179  460
 188  469
 189  469
 193  473
 194  473
 196  475
 197  475
 198  476
 200  476
 201  477
 204  477
 211  484
 211  487
 212  488
 212  492
 213  493
 213  494
 214  495
 214  496
 215  497
 215  498
 221  504
 222  504
 224  506
 225  505
 226  505
 227  504
 227  503
 228  502
 228  497
 229  496
 229  495
 230  494
 230  493
 234  489
 250  489
 255  494
 256  494
 257  493
 258  493
 258  492
 259  491
 259  490
 260  489
 260  481
 261  480
 261  479
 265  475
 282  475
 283  474
 284  474
 284  473
 285  472
 285  471
 283  469
 283  468
 282  467
 282  452
 284  450
 291  450
 292  449
 295  449
 296  448
 297  448
 299  446
 298  445
 298  443
 295  440
 294  440
 293  439
 292  439
 289  436
 289  421
 290  420
 291  420
 292  419
 293  419
 294  418
 295  418
 296  417
 298  417
 299  416
 298  415
 298  414
 292  408
 291  408
 289  406
 287  406
 286  405
 285  405
 284  404
 283  404
 282  403
 281  403
 280  402
 280  390
 278  388
 278  387
 277  386
 276  386
 272  382
 271  382
 270  381
 269  381
 268  380
 268  366
 269  365
 279  365
 280  364
 286  364
 287  363
 289  363
 294  358
 295  358
 296  357
 297  357
 303  351
 304  351
 305  350
 305  349
 306  348
 306  346
 307  345
 307  344
 310  341
 311  341
 312  340
 313  340
 316  337
 316  336
 318  334
 318  333
 319  332
 319  330
 320  329
 320  321
 321  320
 321  317
 323  315
 324  315
 326  313
 327  313
 328  312
 328  311
 330  309
 330  308
 331  307
 331  302
 330  301
 330  285
 331  284
 332  284
 333  283
 334  283
 335  282
 335  281
 336  280
 336  279
 337  278
 337  277
 336  276
 336  262
 338  260
 339  260
 340  259
 341  259
 342  258
 342  257
 344  255
 344  253
 345  252
 345  235
 347  233
 346  232
 346  218
 345  217
 345  215
 342  212
 342  205
 341  204
 341  202
 339  200
 339  199
 337  197
 337  196
 336  196
 333  193
 333  192
 331  190
 331  189
 330  188
 329  188
 328  187
 327  187
 326  186
 324  186
 323  185
 322  185
 321  184
 318  184
 317  183
 315  183
 314  182
