 317  158
 316  159
 309  159
 308  160
 305  160
 304  161
 301  161
 300  162
 298  162
 297  163
 295  163
 294  164
 292  164
 291  165
 289  165
 288  166
 286  166
 285  167
 284  167
 283  168
 282  168
 281  169
 280  169
 279  170
 278  170
 277  171
 276  171
 275  172
 274  172
 272  174
 271  174
 270  175
 269  175
 268  176
 267  176
 265  178
 264  178
 263  179
 262  179
 260  181
 259  181
 257  183
 256  183
 254  185
 253  185
 250  188
 249  188
 247  190
 246  190
 243  193
 242  193
 239  196
 238  196
 235  199
 234  199
 231  202
 230  202
 227  205
 226  205
 221  210
 220  210
 211  219
 210  219
 205  224
 204  224
 200  228
 199  228
 194  233
 193  233
 186  240
 185  240
 177  248
 176  248
 172  252
 171  252
 166  257
 166  258
 163  261
 163  262
 161  264
 161  265
 156  270
 156  271
 152  275
 152  276
 151  277
 151  278
 149  280
 149  281
 148  282
 148  283
 146  285
 146  286
 143  289
 143  290
 141  292
 141  293
 139  295
 139  297
 136  300
 136  301
 135  302
 135  307
 136  308
 144  308
 145  309
 145  323
 143  325
 143  327
 142  328
 142  329
 141  330
 141  332
 140  333
 140  341
 139  342
 139  349
 138  350
 138  364
 141  367
 141  368
 143  370
 143  371
 145  373
 145  374
 147  376
 147  377
 149  379
 149  380
 152  383
 152  384
 153  385
 153  386
 155  388
 155  389
 156  390
 156  392
 158  394
 158  395
 159  396
 159  399
 160  400
 160  402
 161  403
 161  404
 162  405
 162  408
 163  409
 163  411
 164  412
 164  413
 165  414
 165  416
 166  417
 166  420
 167  421
 167  423
 168  424
 168  428
 169  429
 169  435
 170  436
 170  439
 171  440
 171  441
 172  442
 172  447
 173  448
 173  453
 174  454
 174  457
 175  458
 175  461
 176  462
 176  463
 177  464
 177  465
 178  465
 181  468
 182  468
 184  470
 186  470
 187  471
 189  471
 190  472
 190  473
 191  474
 191  489
 192  490
 192  497
 193  498
 193  501
 194  502
 194  503
 195  504
 195  505
 196  506
 196  507
 201  512
 202  512
 205  509
 205  506
 210  501
 229  501
 230  502
 230  504
 231  505
 231  508
 232  509
 232  511
 233  512
 233  513
 235  515
 235  516
 239  520
 241  520
 242  519
 242  508
 244  506
 244  505
 246  503
 248  503
 249  502
 251  502
 252  501
 267  501
 268  502
 269  502
 270  503
 271  503
 273  505
 273  506
 274  507
 274  508
 276  510
 276  511
 284  519
 284  520
 285  520
 291  526
 292  526
 294  528
 295  528
 296  529
 298  529
 298  528
 297  527
 297  526
 296  525
 296  524
 295  523
 295  522
 287  514
 286  514
 284  512
 283  512
 280  509
 279  509
 270  500
 269  500
 262  493
 262  492
 261  491
 261  490
 259  488
 259  469
 265  463
 266  463
 267  462
 283  462
 284  461
 284  460
 282  458
 282  457
 277  452
 276  452
 274  450
 273  450
 272  449
 272  448
 271  447
 271  431
 272  430
 272  429
 273  428
 274  428
 277  425
 278  425
 279  424
 280  424
 281  423
 291  423
 292  422
 293  422
 292  421
 292  420
 291  419
 291  418
 287  414
 286  414
 283  411
 282  411
 281  410
 280  410
 279  409
 278  409
 277  408
 275  408
 274  407
 273  407
 272  406
 272  388
 273  387
 274  387
 275  386
 276  386
 277  385
 278  385
 278  384
 276  382
 276  381
 272  377
 272  376
 270  374
 269  374
 266  371
 265  371
 264  370
 263  370
 260  367
 260  359
 259  358
 259  356
 256  353
 256  338
 257  337
 273  337
 274  336
 282  336
 283  335
 285  335
 286  334
 287  334
 291  330
 292  330
 293  329
 295  329
 299  325
 299  324
 300  323
 300  322
 301  321
 301  320
 305  316
 305  315
 307  313
 307  309
 310  306
 310  305
 311  304
 311  302
 312  301
 312  297
 313  296
 313  295
 315  293
 315  292
 316  291
 316  290
 318  288
 318  286
 319  285
 319  282
 320  281
 320  279
 321  278
 321  275
 322  274
 322  270
 323  269
 323  267
 324  266
 324  265
 325  264
 325  263
 326  262
 326  260
 327  259
 327  258
 328  257
 328  253
 329  252
 329  248
 330  247
 330  245
 331  244
 331  243
 332  242
 332  240
 334  238
 334  237
 335  236
 335  234
 336  233
 336  232
 337  231
 337  230
 338  229
 338  225
 339  224
 339  219
 340  218
 340  217
 341  216
 341  215
 342  214
 342  213
 343  212
 343  210
 344  209
 344  207
 345  206
 345  198
 346  197
 346  183
 345  182
 345  179
 344  178
 344  176
 343  175
 343  174
 342  173
 342  172
 341  171
 341  170
 340  169
 340  168
 339  167
 339  166
 338  165
 338  164
 336  162
 335  162
 333  160
 331  160
 330  159
 327  159
 326  158
