 318  188
 317  189
 310  189
 309  190
 306  190
 305  191
 303  191
 302  192
 299  192
 298  193
 296  193
 295  194
 292  194
 291  195
 290  195
 289  196
 287  196
 286  197
 284  197
 283  198
 282  198
 281  199
 280  199
 279  200
 277  200
 276  201
 275  201
 274  202
 273  202
 272  203
 271  203
 270  204
 269  204
 268  205
 266  205
 265  206
 264  206
 263  207
 262  207
 261  208
 260  208
 259  209
 258  209
 257  210
 256  210
 255  211
 254  211
 253  212
 252  212
 251  213
 250  213
 249  214
 248  214
 246  216
 245  216
 244  217
 243  217
 241  219
 240  219
 239  220
 238  220
 236  222
 235  222
 234  223
 233  223
 232  224
 231  224
 229  226
 228  226
 227  227
 226  227
 224  229
 223  229
 221  231
 220  231
 218  233
 217  233
 214  236
 213  236
 210  239
 209  239
 207  241
 206  241
 204  243
 203  243
 200  246
 199  246
 197  248
 196  248
 194  250
 193  250
 191  252
 190  252
 187  255
 186  255
 184  257
 183  257
 180  260
 179  260
 172  267
 171  267
 167  271
 167  272
 151  288
 151  289
 147  293
 147  294
 143  298
 143  299
 140  302
 140  304
 137  307
 137  308
 134  311
 134  312
 133  313
 133  314
 129  318
 129  319
 125  323
 123  323
 121  325
 121  337
 122  338
 125  338
 126  339
 126  354
 125  355
 125  357
 124  358
 124  360
 123  361
 123  364
 122  365
 122  375
 121  376
 117  376
 116  377
 116  381
 117  382
 117  384
 118  385
 118  387
 119  388
 119  389
 124  394
 124  395
 125  396
 125  397
 126  398
 126  399
 127  400
 127  404
 129  406
 129  408
 130  409
 130  412
 131  413
 131  414
 132  415
 132  416
 133  417
 133  418
 134  419
 134  421
 136  423
 136  424
 137  425
 137  427
 138  428
 138  429
 140  431
 140  433
 141  434
 141  435
 143  437
 143  439
 144  440
 144  441
 146  443
 146  444
 147  445
 147  447
 150  450
 150  452
 152  454
 152  455
 154  457
 154  458
 157  461
 157  462
 163  468
 164  468
 171  475
 172  475
 173  476
 175  476
 179  480
 179  481
 180  482
 180  485
 181  486
 181  488
 182  489
 182  490
 183  491
 183  493
 184  494
 184  495
 188  499
 191  499
 196  494
 196  493
 197  492
 213  492
 217  496
 218  496
 219  497
 220  496
 221  496
 223  494
 223  492
 224  491
 224  489
 228  485
 230  485
 231  484
 247  484
 249  482
 249  480
 250  479
 250  465
 252  463
 253  463
 254  462
 256  462
 257  461
 261  461
 262  460
 265  460
 270  455
 269  454
 269  452
 267  450
 267  449
 266  448
 266  447
 265  446
 265  432
 268  429
 270  429
 271  428
 272  428
 274  426
 275  426
 276  425
 273  422
 273  421
 272  420
 272  419
 270  417
 270  416
 265  411
 264  411
 261  408
 261  393
 260  392
 260  391
 257  388
 257  387
 252  382
 251  382
 250  381
 250  367
 251  366
 265  366
 266  365
 269  365
 270  364
 274  364
 275  363
 281  363
 282  362
 283  362
 288  357
 289  357
 294  352
 295  352
 297  350
 298  350
 301  347
 302  347
 305  344
 305  343
 310  338
 310  336
 311  335
 311  334
 312  333
 312  332
 313  331
 313  329
 317  325
 317  324
 320  321
 320  319
 323  316
 323  314
 324  313
 324  311
 326  309
 326  307
 327  306
 327  304
 329  302
 329  301
 334  296
 334  295
 336  293
 336  292
 337  291
 337  290
 340  287
 340  285
 341  284
 341  282
 342  281
 342  280
 343  279
 343  278
 344  277
 344  276
 349  271
 349  270
 350  269
 350  267
 351  266
 351  264
 352  263
 352  262
 353  261
 353  257
 354  256
 354  253
 356  251
 356  250
 358  248
 358  247
 360  245
 360  241
 361  240
 361  237
 362  236
 362  234
 363  233
 363  232
 364  231
 364  216
 363  215
 363  213
 362  212
 362  211
 361  210
 361  209
 360  208
 360  206
 355  201
 354  201
 353  200
 352  200
 351  199
 350  199
 348  197
 347  197
 346  196
 345  196
 343  194
 341  194
 340  193
 339  193
 338  192
 337  192
 336  191
 334  191
 333  190
 331  190
 330  189
 321  189
 320  188
