 330  153
 329  154
 325  154
 324  155
 320  155
 319  156
 317  156
 316  157
 314  157
 313  158
 311  158
 310  159
 309  159
 308  160
 305  160
 304  161
 303  161
 302  162
 300  162
 299  163
 298  163
 297  164
 296  164
 295  165
 294  165
 293  166
 292  166
 291  167
 289  167
 288  168
 287  168
 286  169
 285  169
 284  170
 283  170
 282  171
 281  171
 280  172
 279  172
 277  174
 276  174
 275  175
 274  175
 273  176
 272  176
 271  177
 270  177
 269  178
 268  178
 267  179
 266  179
 264  181
 263  181
 261  183
 260  183
 259  184
 258  184
 256  186
 255  186
 253  188
 252  188
 251  189
 250  189
 248  191
 247  191
 246  192
 245  192
 243  194
 242  194
 240  196
 239  196
 237  198
 236  198
 234  200
 233  200
 231  202
 230  202
 227  205
 226  205
 223  208
 222  208
 220  210
 219  210
 217  212
 216  212
 212  216
 211  216
 208  219
 207  219
 202  224
 201  224
 201  225
 200  226
 199  226
 197  228
 196  228
 194  230
 193  230
 190  233
 189  233
 184  238
 183  238
 179  242
 178  242
 178  243
 177  244
 176  244
 172  248
 171  248
 168  251
 167  251
 166  252
 164  252
 163  253
 159  253
 158  254
 155  254
 153  256
 152  256
 144  264
 143  264
 139  268
 138  268
 135  271
 134  271
 130  275
 129  275
 126  278
 125  278
 123  280
 122  280
 120  282
 119  282
 118  283
 117  283
 115  285
 114  285
 112  287
 111  287
 108  290
 107  290
 107  292
 106  293
 106  318
 108  320
 119  320
 120  321
 120  335
 117  338
 117  341
 116  342
 116  349
 115  350
 115  358
 114  359
 109  359
 108  360
 108  378
 110  380
 111  380
 116  385
 116  386
 123  393
 123  394
 127  398
 127  399
 129  401
 129  402
 130  403
 130  404
 132  406
 132  407
 133  408
 133  409
 135  411
 135  412
 136  413
 136  414
 137  415
 137  416
 138  417
 138  419
 139  420
 139  421
 140  422
 140  423
 141  424
 141  425
 142  426
 142  428
 143  429
 143  430
 145  432
 145  433
 146  434
 146  435
 148  437
 148  438
 149  439
 149  440
 151  442
 151  443
 152  444
 152  445
 153  446
 153  447
 155  449
 155  450
 156  451
 156  452
 157  453
 157  454
 159  456
 159  457
 162  460
 162  462
 163  463
 163  464
 164  465
 164  466
 165  467
 165  471
 166  472
 166  476
 167  477
 167  478
 168  479
 168  483
 169  484
 169  487
 170  488
 170  491
 171  492
 171  494
 172  495
 172  499
 173  500
 173  501
 175  503
 175  505
 176  506
 176  507
 177  508
 177  509
 179  511
 179  512
 181  514
 181  515
 187  521
 188  521
 189  522
 190  522
 192  524
 193  524
 195  526
 196  526
 197  527
 198  527
 199  528
 200  528
 201  529
 203  529
 204  530
 205  530
 206  531
 208  531
 209  532
 210  532
 211  533
 215  533
 216  534
 220  534
 221  535
 223  535
 224  534
 231  534
 232  533
 239  533
 240  532
 242  532
 243  531
 248  531
 249  530
 251  530
 252  529
 254  529
 255  528
 256  528
 257  527
 258  527
 260  525
 261  525
 262  524
 263  524
 265  522
 266  522
 268  520
 269  520
 271  518
 272  518
 284  506
 285  506
 288  503
 288  502
 298  492
 298  491
 304  485
 304  484
 307  481
 307  480
 308  479
 308  478
 310  476
 310  475
 311  474
 311  473
 312  472
 312  470
 313  469
 313  468
 314  467
 314  466
 315  465
 315  462
 316  461
 316  459
 317  458
 317  455
 318  454
 318  432
 317  431
 317  428
 316  427
 316  425
 315  424
 315  420
 314  419
 314  418
 312  416
 312  415
 311  414
 311  413
 310  412
 310  411
 308  409
 308  408
 307  407
 307  406
 305  404
 305  403
 304  402
 304  401
 290  387
 289  387
 285  383
 284  383
 279  378
 278  378
 274  374
 273  374
 270  371
 269  371
 266  368
 265  368
 263  366
 263  352
 264  351
 277  351
 278  350
 286  350
 287  349
 291  349
 292  348
 294  348
 295  347
 297  347
 298  346
 308  346
 309  345
 312  345
 313  344
 314  344
 315  343
 315  342
 318  339
 319  339
 320  338
 321  338
 322  337
 323  337
 324  336
 325  336
 325  335
 330  330
 332  330
 333  329
 334  329
 335  328
 335  327
 336  326
 336  325
 341  320
 342  320
 343  319
 344  319
 344  318
 347  315
 347  314
 348  313
 348  312
 351  309
 351  308
 354  305
 354  304
 355  303
 355  302
 357  300
 357  299
 358  298
 358  297
 359  296
 359  295
 361  293
 361  292
 362  291
 362  289
 363  288
 363  287
 364  286
 364  285
 365  284
 365  279
 366  278
 366  275
 367  274
 367  272
 368  271
 368  267
 369  266
 369  261
 370  260
 370  257
 371  256
 371  247
 372  246
 372  235
 373  234
 373  227
 374  226
 374  207
 373  206
 373  201
 372  200
 372  194
 371  193
 371  191
 370  190
 370  189
 369  188
 369  185
 368  184
 368  182
 366  180
 366  179
 365  178
 365  177
 364  176
 364  175
 361  172
 361  171
 360  170
 360  169
 355  164
 355  163
 354  162
 353  162
 350  159
 349  159
 347  157
 346  157
 345  156
 343  156
 342  155
 341  155
 340  154
 336  154
 335  153
