 333  152
 332  153
 326  153
 325  154
 322  154
 321  155
 318  155
 317  156
 314  156
 313  157
 311  157
 310  158
 306  158
 305  159
 304  159
 303  160
 300  160
 299  161
 298  161
 297  162
 295  162
 294  163
 293  163
 292  164
 290  164
 289  165
 288  165
 287  166
 286  166
 285  167
 283  167
 281  169
 280  169
 279  170
 278  170
 277  171
 276  171
 275  172
 274  172
 272  174
 271  174
 270  175
 269  175
 268  176
 267  176
 266  177
 265  177
 263  179
 262  179
 261  180
 260  180
 259  181
 258  181
 256  183
 255  183
 254  184
 252  184
 251  185
 250  185
 248  187
 247  187
 246  188
 245  188
 244  189
 243  189
 241  191
 240  191
 238  193
 237  193
 235  195
 234  195
 232  197
 231  197
 229  199
 228  199
 226  201
 225  201
 223  203
 222  203
 220  205
 219  205
 217  207
 216  207
 214  209
 213  209
 211  211
 210  211
 208  213
 207  213
 206  214
 205  214
 203  216
 202  216
 199  219
 198  219
 194  223
 193  223
 188  228
 187  228
 185  230
 184  230
 180  234
 179  234
 176  237
 175  237
 170  242
 169  242
 164  247
 163  247
 160  250
 159  250
 153  256
 152  256
 146  262
 145  262
 145  263
 144  264
 143  264
 138  269
 137  269
 133  273
 132  273
 129  276
 128  276
 127  277
 125  277
 124  278
 123  278
 122  279
 121  279
 120  280
 119  280
 118  281
 117  281
 115  283
 113  283
 111  285
 111  302
 113  304
 115  304
 116  305
 116  320
 115  321
 115  322
 114  323
 114  334
 113  335
 113  350
 112  351
 109  351
 107  353
 107  383
 108  384
 108  385
 110  387
 110  388
 112  390
 112  391
 113  392
 113  393
 114  394
 114  395
 115  396
 115  398
 116  399
 116  401
 118  403
 118  405
 119  406
 119  408
 120  409
 120  410
 121  411
 121  412
 122  413
 122  414
 123  415
 123  416
 124  417
 124  420
 125  421
 125  424
 126  425
 126  428
 127  429
 127  433
 128  434
 128  441
 129  442
 129  447
 130  448
 130  452
 131  453
 131  469
 132  470
 132  481
 133  482
 133  486
 134  487
 134  491
 135  492
 135  494
 136  495
 136  496
 137  497
 137  498
 138  499
 138  500
 140  502
 140  503
 142  505
 142  506
 145  509
 145  510
 146  511
 146  512
 147  513
 147  515
 148  516
 148  517
 150  519
 151  519
 153  521
 154  521
 155  522
 156  522
 157  523
 158  523
 159  524
 160  524
 161  525
 162  525
 163  526
 164  526
 165  527
 166  527
 167  528
 168  528
 169  529
 171  529
 172  530
 173  530
 174  531
 176  531
 177  532
 179  532
 180  533
 183  533
 184  534
 185  534
 186  535
 188  535
 189  536
 196  536
 197  535
 205  535
 206  534
 216  534
 217  533
 222  533
 224  531
 225  531
 226  530
 227  530
 228  529
 229  529
 230  528
 231  528
 232  527
 234  527
 235  526
 236  526
 237  525
 238  525
 239  524
 240  524
 241  523
 242  523
 243  522
 244  522
 245  521
 246  521
 247  520
 248  520
 249  519
 250  519
 251  518
 252  518
 255  515
 256  515
 256  514
 259  511
 259  510
 261  508
 261  507
 264  504
 264  503
 266  501
 266  500
 268  498
 268  497
 271  494
 271  493
 274  490
 274  489
 277  486
 277  485
 279  483
 279  482
 280  481
 280  480
 281  479
 281  476
 282  475
 282  473
 283  472
 283  470
 284  469
 284  466
 285  465
 285  464
 286  463
 286  462
 287  461
 287  458
 288  457
 288  455
 289  454
 289  453
 290  452
 290  443
 289  442
 289  440
 288  439
 288  438
 287  437
 287  435
 286  434
 286  432
 285  431
 285  430
 284  429
 284  426
 283  425
 283  423
 282  422
 282  421
 281  420
 281  419
 280  418
 280  416
 279  415
 279  414
 278  413
 278  412
 277  411
 277  409
 276  408
 276  407
 274  405
 274  404
 270  400
 270  399
 269  398
 269  397
 267  395
 267  394
 266  393
 266  392
 263  389
 263  388
 262  387
 261  387
 257  383
 257  382
 256  382
 254  380
 254  379
 253  378
 253  377
 251  375
 250  375
 249  374
 249  373
 248  373
 244  369
 244  368
 243  367
 242  367
 235  360
 234  360
 231  357
 231  356
 230  355
 230  354
 229  353
 229  339
 230  338
 252  338
 253  339
 255  339
 256  340
 258  340
 259  341
 262  341
 263  342
 271  342
 272  341
 274  341
 275  340
 277  340
 278  339
 280  339
 281  338
 286  338
 287  337
 293  337
 294  336
 297  336
 298  335
 300  335
 301  334
 302  334
 303  333
 304  333
 305  332
 306  332
 307  331
 309  331
 310  330
 313  330
 315  328
 316  328
 323  321
 324  321
 327  318
 327  317
 328  316
 328  315
 334  309
 335  309
 336  308
 336  307
 339  304
 341  304
 342  303
 343  303
 343  302
 344  301
 344  300
 345  299
 345  298
 346  297
 346  296
 347  295
 347  294
 348  293
 348  291
 350  289
 350  288
 351  287
 351  286
 352  285
 352  284
 354  282
 354  281
 355  280
 355  279
 357  277
 357  275
 358  274
 358  269
 359  268
 359  266
 360  265
 360  263
 361  262
 361  261
 362  260
 362  259
 364  257
 364  256
 365  255
 365  253
 366  252
 366  251
 367  250
 367  246
 368  245
 368  238
 369  237
 369  234
 370  233
 370  232
 371  231
 371  227
 372  226
 372  223
 373  222
 373  214
 374  213
 374  194
 373  193
 373  187
 372  186
 372  182
 371  181
 371  178
 370  177
 370  176
 368  174
 368  173
 367  172
 367  171
 361  165
 361  164
 359  162
 358  162
 355  159
 354  159
 350  155
 349  155
 348  154
 347  154
 346  153
 344  153
 343  152
