 321  188
 320  189
 314  189
 313  190
 310  190
 309  191
 307  191
 306  192
 304  192
 303  193
 302  193
 301  194
 300  194
 299  195
 298  195
 297  196
 296  196
 295  197
 294  197
 293  198
 292  198
 291  199
 290  199
 289  200
 288  200
 287  201
 286  201
 285  202
 284  202
 283  203
 282  203
 280  205
 279  205
 278  206
 277  206
 276  207
 275  207
 273  209
 272  209
 270  211
 269  211
 267  213
 266  213
 263  216
 262  216
 260  218
 259  218
 257  220
 256  220
 253  223
 252  223
 251  224
 250  224
 247  227
 246  227
 243  230
 242  230
 239  233
 238  233
 236  235
 235  235
 231  239
 230  239
 228  241
 227  241
 223  245
 222  245
 218  249
 217  249
 214  252
 213  252
 210  255
 209  255
 205  259
 204  259
 201  262
 200  262
 197  265
 196  265
 193  268
 192  268
 187  273
 186  273
 181  278
 180  278
 177  281
 176  281
 173  284
 172  284
 169  287
 168  287
 163  292
 162  292
 160  294
 159  294
 158  295
 157  295
 156  296
 155  296
 154  297
 153  297
 152  298
 149  298
 148  299
 147  299
 146  300
 145  300
 144  301
 143  301
 141  303
 140  303
 136  307
 135  307
 135  308
 134  309
 134  337
 136  339
 143  339
 144  340
 144  354
 143  355
 142  355
 141  356
 141  357
 140  358
 140  359
 138  361
 134  361
 133  362
 133  373
 134  374
 134  375
 136  377
 136  378
 138  380
 138  381
 140  383
 140  384
 144  388
 144  389
 147  392
 147  393
 150  396
 150  397
 153  400
 153  401
 156  404
 156  405
 159  408
 159  409
 165  415
 165  416
 169  420
 169  421
 170  422
 170  423
 172  425
 172  426
 175  429
 175  430
 176  431
 176  432
 178  434
 178  435
 179  436
 179  438
 180  439
 180  440
 181  441
 181  442
 182  443
 182  445
 183  446
 183  447
 185  449
 185  451
 186  452
 186  453
 187  454
 187  456
 188  457
 188  460
 189  461
 189  464
 190  465
 190  467
 191  468
 191  470
 192  471
 192  474
 193  475
 193  476
 194  477
 194  478
 195  479
 195  480
 196  481
 196  482
 197  483
 197  484
 201  488
 202  488
 206  492
 207  492
 210  495
 211  495
 213  497
 214  497
 215  498
 218  498
 219  499
 221  499
 222  500
 235  500
 236  499
 239  499
 240  498
 243  498
 244  497
 245  497
 246  496
 247  496
 248  495
 249  495
 250  494
 252  494
 253  493
 254  493
 255  492
 256  492
 258  490
 259  490
 260  489
 261  489
 262  488
 263  488
 264  487
 266  487
 268  485
 269  485
 270  484
 271  484
 271  483
 273  481
 273  480
 279  474
 279  473
 283  469
 283  468
 284  467
 285  467
 285  466
 287  464
 287  463
 288  462
 288  461
 289  460
 289  458
 290  457
 290  455
 291  454
 291  452
 292  451
 292  449
 293  448
 293  446
 294  445
 294  444
 295  443
 295  441
 296  440
 296  438
 298  436
 298  435
 299  434
 299  432
 300  431
 300  420
 299  419
 299  415
 298  414
 298  408
 297  407
 297  405
 296  404
 296  403
 295  402
 295  401
 291  397
 291  396
 290  396
 289  395
 289  394
 288  393
 287  393
 285  391
 285  390
 283  388
 283  387
 282  386
 282  385
 281  384
 281  383
 279  381
 279  380
 265  366
 265  352
 266  351
 271  351
 272  350
 279  350
 280  349
 286  349
 287  348
 288  348
 289  347
 291  347
 295  343
 296  343
 297  342
 298  342
 299  341
 300  341
 302  339
 306  339
 309  336
 310  336
 310  335
 319  326
 319  325
 323  321
 324  321
 324  320
 325  319
 325  318
 326  317
 326  316
 327  315
 327  314
 328  313
 328  312
 329  311
 329  310
 330  309
 330  308
 331  307
 331  306
 334  303
 334  301
 335  300
 335  299
 336  298
 336  297
 337  296
 337  295
 338  294
 338  292
 340  290
 340  287
 341  286
 341  283
 342  282
 342  277
 343  276
 343  273
 344  272
 344  271
 345  270
 345  264
 346  263
 346  254
 347  253
 347  249
 348  248
 348  231
 347  230
 347  219
 346  218
 346  215
 345  214
 345  212
 344  211
 344  210
 342  208
 342  207
 341  206
 341  204
 338  201
 338  199
 336  197
 336  196
 334  194
 334  193
 332  191
 331  191
 330  190
 329  190
 328  189
 325  189
 324  188
