 313  216
 312  217
 306  217
 305  218
 301  218
 300  219
 296  219
 295  220
 291  220
 290  221
 286  221
 285  222
 283  222
 282  223
 278  223
 277  224
 275  224
 274  225
 271  225
 270  226
 268  226
 267  227
 264  227
 263  228
 261  228
 260  229
 259  229
 258  230
 257  230
 256  231
 255  231
 254  232
 253  232
 251  234
 250  234
 249  235
 248  235
 246  237
 245  237
 244  238
 243  238
 241  240
 240  240
 238  242
 237  242
 235  244
 234  244
 232  246
 231  246
 229  248
 228  248
 226  250
 225  250
 222  253
 221  253
 220  254
 219  254
 217  256
 216  256
 213  259
 212  259
 208  263
 207  263
 203  267
 202  267
 197  272
 196  272
 191  277
 190  277
 185  282
 184  282
 177  289
 176  289
 152  313
 152  314
 144  322
 142  322
 140  324
 140  355
 139  356
 139  368
 138  369
 139  370
 139  373
 140  374
 140  375
 141  376
 141  378
 142  379
 142  382
 143  383
 143  385
 144  386
 144  388
 145  389
 145  393
 146  394
 146  397
 147  398
 147  399
 148  400
 148  402
 149  403
 149  405
 150  406
 150  407
 151  408
 151  409
 152  410
 152  414
 153  415
 153  417
 154  418
 154  420
 155  421
 155  423
 156  424
 156  426
 157  427
 157  428
 158  429
 158  430
 159  431
 159  433
 161  435
 161  436
 163  438
 163  439
 168  444
 169  444
 170  445
 172  445
 173  446
 175  446
 176  447
 177  447
 181  451
 181  452
 182  453
 182  458
 183  459
 183  461
 184  462
 184  463
 185  464
 185  465
 186  466
 186  467
 189  470
 190  470
 191  469
 191  468
 195  464
 212  464
 216  468
 217  467
 217  466
 218  465
 218  463
 220  461
 220  459
 222  457
 236  457
 237  458
 239  458
 240  457
 240  442
 242  440
 243  440
 244  439
 246  439
 247  438
 248  438
 249  437
 250  437
 251  436
 251  435
 252  434
 252  430
 251  429
 251  412
 255  408
 254  407
 254  406
 252  404
 252  403
 251  402
 251  401
 249  399
 249  398
 245  394
 245  393
 244  392
 244  391
 242  389
 242  383
 241  382
 241  379
 238  376
 238  375
 236  373
 235  373
 232  370
 232  356
 233  355
 241  355
 242  354
 264  354
 265  353
 267  353
 271  349
 273  349
 276  346
 277  346
 279  344
 280  344
 285  339
 286  339
 292  333
 292  332
 298  326
 298  325
 302  321
 302  320
 305  317
 305  316
 308  313
 308  312
 311  309
 311  308
 314  305
 314  304
 316  302
 316  301
 317  300
 317  299
 318  298
 318  297
 320  295
 320  294
 322  292
 322  291
 323  290
 323  289
 324  288
 324  287
 325  286
 325  284
 326  283
 326  282
 327  281
 327  280
 328  279
 328  278
 329  277
 329  276
 330  275
 330  274
 331  273
 331  271
 332  270
 332  269
 333  268
 333  267
 334  266
 334  265
 335  264
 335  263
 336  262
 336  261
 337  260
 337  259
 338  258
 338  256
 339  255
 339  252
 340  251
 340  249
 341  248
 341  245
 342  244
 342  232
 341  231
 341  229
 340  228
 340  227
 339  226
 339  225
 338  224
 338  223
 333  218
 331  218
 330  217
 328  217
 327  216
