 317  208
 316  209
 305  209
 304  210
 300  210
 299  211
 295  211
 294  212
 293  212
 292  213
 289  213
 288  214
 287  214
 286  215
 284  215
 283  216
 281  216
 280  217
 279  217
 278  218
 277  218
 276  219
 275  219
 274  220
 273  220
 272  221
 271  221
 270  222
 268  222
 267  223
 266  223
 265  224
 264  224
 263  225
 262  225
 261  226
 260  226
 259  227
 257  227
 256  228
 255  228
 254  229
 253  229
 252  230
 251  230
 250  231
 249  231
 248  232
 247  232
 246  233
 245  233
 244  234
 243  234
 242  235
 241  235
 240  236
 239  236
 238  237
 237  237
 235  239
 234  239
 233  240
 232  240
 231  241
 230  241
 229  242
 228  242
 226  244
 225  244
 224  245
 223  245
 222  246
 221  246
 219  248
 218  248
 217  249
 216  249
 215  250
 214  250
 212  252
 211  252
 210  253
 209  253
 208  254
 207  254
 205  256
 204  256
 203  257
 202  257
 201  258
 200  258
 199  259
 198  259
 197  260
 196  260
 194  262
 193  262
 191  264
 190  264
 189  265
 188  265
 186  267
 185  267
 184  268
 183  268
 182  269
 180  269
 178  271
 177  271
 176  272
 175  272
 174  273
 173  273
 172  274
 171  274
 170  275
 169  275
 167  277
 166  277
 165  278
 164  278
 163  279
 161  279
 160  280
 158  280
 157  281
 153  281
 152  282
 141  282
 139  284
 139  316
 141  318
 141  345
 140  346
 140  356
 139  357
 138  357
 136  359
 136  367
 137  368
 137  369
 147  379
 147  380
 149  382
 149  383
 150  384
 150  385
 151  386
 151  387
 152  388
 152  389
 153  390
 153  391
 157  395
 157  396
 159  398
 159  399
 160  400
 160  401
 161  402
 161  403
 162  404
 162  406
 163  407
 163  410
 164  411
 164  416
 165  417
 165  454
 166  455
 166  456
 167  457
 167  458
 169  460
 169  461
 176  468
 176  469
 177  470
 178  470
 180  472
 181  472
 183  474
 184  474
 185  475
 187  475
 188  476
 189  476
 190  477
 193  477
 194  478
 199  478
 200  479
 215  479
 216  478
 219  478
 220  477
 223  477
 224  476
 226  476
 227  475
 228  475
 229  474
 230  474
 231  473
 232  473
 233  472
 235  472
 236  471
 237  471
 238  470
 239  470
 240  469
 241  469
 243  467
 244  467
 245  466
 246  466
 248  464
 249  464
 251  462
 252  462
 258  456
 258  455
 264  449
 264  448
 267  445
 267  444
 268  443
 268  442
 271  439
 271  438
 272  437
 272  435
 273  434
 273  433
 274  432
 274  430
 275  429
 275  426
 276  425
 276  424
 277  423
 277  422
 278  421
 278  419
 279  418
 279  413
 280  412
 280  411
 279  410
 279  405
 278  404
 278  402
 274  398
 274  397
 273  396
 273  395
 272  394
 272  393
 271  392
 271  391
 270  390
 270  389
 269  388
 269  387
 268  386
 268  385
 267  384
 267  383
 265  381
 265  380
 261  376
 261  375
 253  367
 253  353
 254  352
 266  352
 266  350
 268  348
 271  348
 272  347
 273  347
 274  346
 280  346
 281  345
 285  345
 286  344
 287  344
 291  340
 292  340
 293  339
 295  339
 300  334
 301  334
 302  333
 303  333
 303  332
 304  331
 304  330
 305  329
 306  329
 307  328
 308  328
 309  327
 310  327
 311  326
 311  325
 312  324
 312  322
 313  321
 313  320
 315  318
 318  318
 321  315
 321  314
 322  313
 322  312
 324  310
 324  309
 325  308
 325  307
 327  305
 327  304
 328  303
 328  301
 329  300
 329  298
 330  297
 330  295
 331  294
 331  293
 332  292
 332  290
 333  289
 333  288
 334  287
 334  286
 335  285
 335  283
 336  282
 336  279
 337  278
 337  277
 338  276
 338  274
 339  273
 339  270
 340  269
 340  266
 341  265
 341  263
 342  262
 342  257
 343  256
 343  249
 344  248
 344  234
 343  233
 343  230
 342  229
 342  226
 341  225
 341  223
 339  221
 339  219
 333  213
 332  213
 330  211
 328  211
 327  210
 325  210
 324  209
 318  209
