 311  202
 310  203
 307  203
 306  204
 301  204
 300  205
 298  205
 297  206
 295  206
 294  207
 292  207
 291  208
 290  208
 289  209
 287  209
 286  210
 285  210
 284  211
 283  211
 282  212
 281  212
 280  213
 278  213
 277  214
 276  214
 275  215
 274  215
 273  216
 272  216
 271  217
 270  217
 268  219
 267  219
 266  220
 265  220
 264  221
 263  221
 262  222
 261  222
 260  223
 259  223
 257  225
 256  225
 255  226
 254  226
 253  227
 252  227
 251  228
 250  228
 248  230
 247  230
 246  231
 245  231
 243  233
 242  233
 241  234
 240  234
 238  236
 237  236
 235  238
 234  238
 232  240
 231  240
 228  243
 227  243
 226  244
 225  244
 223  246
 222  246
 219  249
 218  249
 216  251
 215  251
 213  253
 212  253
 210  255
 209  255
 206  258
 205  258
 203  260
 202  260
 198  264
 197  264
 194  267
 193  267
 191  269
 190  269
 187  272
 186  272
 184  274
 183  274
 181  276
 180  276
 177  279
 176  279
 172  283
 171  283
 168  286
 167  286
 165  288
 164  288
 162  290
 161  290
 159  292
 158  292
 157  293
 156  293
 155  294
 154  294
 153  295
 152  295
 151  296
 150  296
 148  298
 145  298
 144  299
 143  299
 143  300
 142  301
 142  329
 143  330
 144  330
 145  331
 145  348
 144  349
 144  350
 143  351
 143  355
 140  358
 140  370
 143  373
 144  373
 152  381
 152  382
 157  387
 157  388
 159  390
 159  391
 161  393
 161  394
 164  397
 164  398
 166  400
 166  401
 168  403
 168  404
 170  406
 170  407
 172  409
 172  410
 175  413
 175  415
 176  416
 176  417
 177  418
 177  419
 178  420
 178  424
 179  425
 179  427
 180  428
 180  460
 181  461
 181  465
 182  466
 182  467
 184  469
 184  470
 192  478
 193  478
 196  481
 197  481
 198  482
 199  482
 200  483
 201  483
 202  484
 205  484
 206  485
 210  485
 211  486
 216  486
 217  485
 227  485
 228  484
 233  484
 234  483
 236  483
 237  482
 239  482
 240  481
 241  481
 242  480
 243  480
 244  479
 245  479
 246  478
 247  478
 248  477
 249  477
 251  475
 253  475
 255  473
 256  473
 257  472
 258  472
 259  471
 260  471
 261  470
 262  470
 265  467
 266  467
 274  459
 274  458
 277  455
 277  454
 278  453
 278  452
 280  450
 280  449
 281  448
 281  447
 283  445
 283  444
 284  443
 284  439
 285  438
 285  436
 286  435
 286  434
 287  433
 287  426
 288  425
 288  421
 289  420
 289  417
 290  416
 290  414
 289  413
 289  410
 288  409
 288  405
 287  404
 287  403
 286  402
 286  401
 284  399
 284  397
 282  395
 282  394
 281  393
 281  391
 280  390
 280  389
 278  387
 278  386
 277  385
 277  384
 273  380
 273  379
 269  375
 268  375
 260  367
 260  353
 261  352
 266  352
 267  351
 273  351
 274  350
 274  347
 275  346
 276  346
 277  345
 279  345
 280  344
 283  344
 284  343
 286  343
 287  342
 288  342
 290  340
 291  340
 292  339
 294  339
 295  338
 297  338
 298  337
 299  337
 303  333
 304  333
 305  332
 306  332
 308  330
 309  330
 316  323
 316  322
 318  320
 318  319
 320  317
 320  316
 321  315
 321  314
 322  313
 322  312
 324  310
 324  309
 325  308
 325  307
 327  305
 327  304
 328  303
 328  300
 329  299
 329  297
 330  296
 330  294
 331  293
 331  290
 332  289
 332  286
 333  285
 333  284
 334  283
 334  281
 335  280
 335  277
 336  276
 336  274
 337  273
 337  270
 338  269
 338  261
 339  260
 339  254
 340  253
 340  246
 341  245
 341  243
 340  242
 340  232
 339  231
 339  228
 338  227
 338  223
 337  222
 337  220
 336  219
 336  218
 335  217
 335  215
 334  214
 334  213
 333  212
 333  211
 328  206
 327  206
 325  204
 323  204
 322  203
 319  203
 318  202
