 375   42
 374   43
 366   43
 365   44
 360   44
 359   45
 356   45
 355   46
 352   46
 351   47
 348   47
 347   48
 345   48
 344   49
 341   49
 340   50
 339   50
 338   51
 335   51
 334   52
 333   52
 332   53
 330   53
 329   54
 328   54
 327   55
 325   55
 324   56
 323   56
 322   57
 321   57
 320   58
 318   58
 317   59
 316   59
 315   60
 314   60
 313   61
 312   61
 311   62
 310   62
 309   63
 308   63
 307   64
 305   64
 304   65
 303   65
 302   66
 301   66
 300   67
 299   67
 298   68
 297   68
 296   69
 295   69
 293   71
 292   71
 291   72
 290   72
 288   74
 287   74
 286   75
 285   75
 283   77
 282   77
 280   79
 279   79
 276   82
 275   82
 273   84
 272   84
 270   86
 269   86
 267   88
 266   88
 263   91
 262   91
 259   94
 258   94
 254   98
 253   98
 249  102
 248  102
 239  111
 238  111
 215  134
 215  135
 209  141
 208  141
 208  142
 201  149
 201  150
 192  159
 192  160
 187  165
 187  166
 181  172
 181  173
 175  179
 175  180
 164  191
 164  192
 159  197
 159  198
 157  200
 157  201
 154  204
 154  205
 152  207
 152  208
 150  210
 150  211
 147  214
 147  215
 146  216
 146  217
 144  219
 144  220
 142  222
 142  223
 140  225
 140  226
 137  229
 137  230
 135  232
 135  233
 134  234
 134  235
 131  238
 131  239
 130  240
 130  241
 127  244
 127  245
 124  248
 124  249
 120  253
 120  254
 117  257
 117  258
 114  261
 114  262
 110  266
 110  267
 107  270
 107  271
 106  272
 106  273
 104  275
 104  276
 103  277
 103  279
 101  281
 101  282
 100  283
 100  285
  99  286
  99  287
  98  288
  98  289
  97  290
  97  292
  95  294
  95  295
  94  296
  94  297
  93  298
  93  299
  91  301
  91  302
  90  303
  90  304
  88  306
  88  307
  87  308
  87  309
  84  312
  84  313
  83  314
  83  315
  82  316
  82  317
  81  318
  81  319
  80  320
  80  322
  79  323
  79  325
  78  326
  78  329
  77  330
  77  333
  76  334
  76  336
  75  337
  75  338
  74  339
  74  355
  75  356
  77  356
  78  357
  78  373
  77  374
  77  375
  76  376
  76  381
  75  382
  75  394
  74  395
  67  395
  66  396
  66  443
  67  444
  67  445
  68  446
  68  447
  69  448
  69  450
  70  451
  70  454
  71  455
  71  457
  72  458
  72  459
  73  460
  73  463
  74  464
  74  466
  75  467
  75  468
  76  469
  76  471
  77  472
  77  475
  78  476
  78  477
  79  478
  79  479
  80  480
  80  482
  81  483
  81  485
  83  487
  83  489
  84  490
  84  492
  85  493
  85  494
  86  495
  86  496
  87  497
  87  499
  88  500
  88  501
  89  502
  89  503
  90  504
  90  506
  91  507
  91  509
  92  510
  92  511
  93  512
  93  513
  94  514
  94  517
  95  518
  95  519
  96  520
  96  521
  97  522
  97  524
  98  525
  98  527
 100  529
 100  531
 101  532
 101  533
 102  534
 102  535
 103  536
 103  537
 104  538
 104  540
 105  541
 105  542
 107  544
 107  546
 108  547
 108  548
 109  549
 109  550
 110  551
 110  552
 111  553
 111  554
 112  555
 112  556
 114  558
 114  560
 116  562
 116  563
 117  564
 117  565
 118  566
 118  567
 120  569
 120  570
 121  571
 121  572
 124  575
 124  576
 127  579
 127  580
 130  583
 130  584
 132  586
 132  587
 133  588
 133  593
 134  594
 134  599
 135  600
 135  601
 142  608
 150  608
 151  609
 152  609
 156  613
 156  614
 157  615
 157  632
 158  633
 158  634
 161  637
 161  638
 164  641
 165  641
 167  643
 168  643
 169  644
 171  644
 172  645
 173  645
 174  644
 176  644
 178  642
 178  641
 179  640
 179  636
 180  635
 181  635
 182  634
 184  634
 185  633
 189  633
 190  632
 208  632
 210  634
 210  635
 211  636
 211  637
 213  639
 214  639
 215  640
 216  640
 217  641
 218  641
 219  642
 221  642
 222  643
 223  643
 224  644
 226  644
 227  643
 228  643
 229  642
 230  642
 231  641
 232  641
 233  640
 233  639
 235  637
 235  636
 236  635
 236  631
 237  630
 237  628
 240  625
 241  625
 242  624
 264  624
 265  625
 267  625
 268  626
 270  626
 271  627
 272  627
 273  626
 274  626
 277  623
 277  619
 278  618
 278  606
 279  605
 279  594
 280  593
 280  591
 285  586
 301  586
 301  568
 303  566
 304  566
 304  558
 303  557
 303  540
 308  535
 309  535
 310  534
 311  534
 312  533
 313  533
 315  531
 317  531
 318  530
 319  530
 321  528
 322  528
 325  525
 325  523
 324  522
 324  519
 323  518
 323  517
 321  515
 321  514
 320  513
 320  511
 317  508
 317  506
 316  505
 316  504
 315  503
 315  502
 314  501
 314  500
 313  499
 313  498
 312  497
 312  481
 316  477
 317  477
 320  474
 320  472
 318  470
 318  469
 304  455
 303  455
 299  451
 298  451
 296  449
 295  449
 291  445
 290  445
 282  437
 281  437
 277  433
 276  433
 271  428
 271  427
 270  426
 270  425
 263  418
 262  418
 258  414
 257  414
 255  412
 254  412
 252  410
 251  410
 249  408
 248  408
 247  407
 246  407
 244  405
 243  405
 242  404
 241  404
 240  403
 239  403
 238  402
 237  402
 236  401
 236  387
 237  386
 252  386
 253  387
 260  387
 261  388
 271  388
 272  387
 277  387
 278  386
 286  386
 287  385
 289  385
 290  384
 291  384
 294  381
 295  381
 297  379
 299  379
 300  378
 302  378
 303  377
 307  377
 308  376
 311  376
 313  374
 314  374
 317  371
 317  370
 319  368
 319  367
 321  365
 322  365
 324  363
 325  363
 326  362
 326  361
 327  360
 327  358
 328  357
 328  356
 329  355
 329  354
 330  353
 330  352
 333  349
 333  348
 334  347
 334  343
 336  341
 336  340
 337  339
 337  336
 338  335
 338  334
 340  332
 340  331
 344  327
 345  327
 347  325
 347  324
 350  321
 350  320
 351  319
 351  317
 352  316
 352  313
 353  312
 353  299
 354  298
 354  295
 357  292
 357  291
 358  290
 359  290
 360  289
 360  288
 365  283
 365  282
 366  281
 366  280
 367  279
 367  275
 368  274
 368  248
 369  247
 369  246
 370  245
 370  243
 372  241
 372  240
 373  239
 373  238
 376  235
 376  234
 377  233
 377  232
 379  230
 379  228
 380  227
 380  201
 381  200
 381  196
 383  194
 383  193
 389  187
 389  186
 390  185
 390  184
 392  182
 392  181
 393  180
 393  178
 394  177
 394  167
 395  166
 395  159
 396  158
 396  157
 397  156
 397  154
 398  153
 398  152
 401  149
 401  148
 402  147
 402  146
 403  145
 403  144
 404  143
 404  142
 405  141
 405  140
 406  139
 406  137
 407  136
 407  127
 408  126
 408  123
 409  122
 409  120
 410  119
 410  117
 412  115
 412  114
 413  113
 413  112
 414  111
 414  104
 415  103
 415   78
 414   77
 414   68
 413   67
 413   64
 412   63
 412   61
 411   60
 411   56
 410   55
 410   53
 406   49
 405   49
 404   48
 403   48
 402   47
 401   47
 400   46
 398   46
 397   45
 395   45
 394   44
 389   44
 388   43
 381   43
 380   42
