 325  175
 324  176
 320  176
 319  177
 314  177
 313  178
 311  178
 310  179
 307  179
 306  180
 305  180
 304  181
 302  181
 301  182
 299  182
 298  183
 297  183
 296  184
 295  184
 294  185
 293  185
 292  186
 291  186
 290  187
 289  187
 288  188
 287  188
 285  190
 284  190
 282  192
 281  192
 278  195
 277  195
 275  197
 274  197
 272  199
 271  199
 268  202
 267  202
 264  205
 263  205
 260  208
 259  208
 258  209
 257  209
 255  211
 254  211
 251  214
 250  214
 247  217
 246  217
 244  219
 243  219
 240  222
 239  222
 236  225
 235  225
 233  227
 232  227
 230  229
 229  229
 227  231
 226  231
 223  234
 222  234
 219  237
 218  237
 214  241
 213  241
 210  244
 209  244
 206  247
 205  247
 203  249
 202  249
 198  253
 197  253
 194  256
 193  256
 191  258
 190  258
 187  261
 186  261
 181  266
 180  266
 177  269
 176  269
 170  275
 169  275
 160  284
 159  284
 156  287
 155  287
 150  292
 149  292
 145  296
 144  296
 143  297
 141  297
 140  298
 132  298
 131  299
 130  299
 130  300
 129  301
 129  336
 130  336
 131  337
 143  337
 144  338
 144  353
 143  354
 136  354
 134  356
 134  372
 135  373
 135  374
 136  375
 136  376
 139  379
 139  380
 142  383
 142  384
 143  385
 143  386
 146  389
 146  390
 147  391
 147  392
 149  394
 149  395
 151  397
 151  398
 154  401
 154  402
 155  403
 155  404
 157  406
 157  407
 159  409
 159  410
 161  412
 161  413
 162  414
 162  415
 163  416
 163  417
 165  419
 165  420
 167  422
 167  423
 169  425
 169  426
 170  427
 170  428
 172  430
 172  432
 173  433
 173  434
 174  435
 174  436
 175  437
 175  438
 176  439
 176  440
 177  441
 177  442
 178  443
 178  444
 179  445
 179  447
 180  448
 180  450
 181  451
 181  452
 182  453
 182  457
 183  458
 183  460
 184  461
 184  462
 185  463
 185  464
 186  465
 186  466
 187  467
 187  469
 188  470
 188  474
 189  475
 189  479
 190  480
 190  482
 191  483
 191  484
 192  485
 192  486
 193  487
 193  489
 194  490
 194  491
 195  492
 195  493
 197  495
 197  496
 198  497
 199  497
 204  502
 205  502
 208  505
 209  505
 210  506
 211  506
 212  507
 213  507
 214  508
 215  508
 216  509
 217  509
 218  510
 221  510
 222  511
 225  511
 226  512
 243  512
 244  511
 247  511
 248  510
 251  510
 252  509
 254  509
 255  508
 256  508
 257  507
 259  507
 260  506
 261  506
 262  505
 263  505
 264  504
 265  504
 266  503
 267  503
 268  502
 269  502
 271  500
 272  500
 276  496
 277  496
 281  492
 282  492
 291  483
 292  483
 292  482
 293  481
 294  481
 294  480
 295  479
 295  478
 297  476
 297  474
 298  473
 298  472
 299  471
 299  470
 300  469
 300  468
 301  467
 301  465
 302  464
 302  463
 303  462
 303  460
 304  459
 304  457
 305  456
 305  451
 306  450
 306  443
 307  442
 307  440
 308  439
 308  437
 307  436
 307  431
 306  430
 306  428
 305  427
 305  425
 304  424
 304  422
 303  422
 302  421
 302  420
 300  418
 300  417
 298  415
 298  414
 297  413
 297  412
 296  411
 295  411
 288  404
 288  402
 287  401
 287  400
 286  399
 286  398
 285  397
 285  396
 281  392
 281  391
 280  391
 278  389
 278  388
 274  384
 274  383
 268  377
 267  377
 266  376
 265  376
 262  373
 261  373
 257  369
 257  368
 256  367
 255  367
 252  364
 251  364
 250  363
 249  363
 247  361
 247  347
 248  346
 250  346
 251  345
 258  345
 259  344
 264  344
 265  343
 267  343
 268  342
 272  342
 273  341
 277  341
 278  340
 279  340
 280  339
 282  339
 283  338
 284  338
 285  337
 286  337
 287  336
 288  336
 290  334
 291  334
 292  333
 293  333
 296  330
 297  330
 300  327
 301  327
 310  318
 311  318
 311  317
 314  314
 314  313
 315  312
 315  311
 318  308
 318  307
 319  306
 319  305
 321  303
 321  302
 324  299
 324  297
 325  296
 325  295
 327  293
 327  292
 328  291
 328  290
 329  289
 329  288
 330  287
 330  286
 331  285
 331  284
 332  283
 332  281
 334  279
 334  278
 335  277
 335  275
 336  274
 336  273
 337  272
 337  271
 338  270
 338  268
 339  267
 339  265
 340  264
 340  263
 341  262
 341  261
 342  260
 342  257
 343  256
 343  254
 344  253
 344  252
 345  251
 345  247
 346  246
 346  240
 347  239
 347  236
 348  235
 348  229
 349  228
 349  221
 350  220
 350  217
 351  216
 351  210
 352  209
 352  199
 351  198
 351  196
 350  195
 350  193
 349  192
 349  190
 348  189
 348  187
 347  186
 347  185
 345  183
 345  182
 344  181
 343  181
 342  180
 341  180
 340  179
 339  179
 338  178
 337  178
 336  177
 333  177
 332  176
 329  176
 328  175
