 314  200
 313  201
 308  201
 307  202
 303  202
 302  203
 298  203
 297  204
 295  204
 294  205
 290  205
 289  206
 287  206
 286  207
 283  207
 282  208
 281  208
 280  209
 277  209
 276  210
 275  210
 274  211
 272  211
 271  212
 269  212
 268  213
 267  213
 266  214
 265  214
 264  215
 263  215
 262  216
 260  216
 259  217
 258  217
 257  218
 254  218
 252  220
 250  220
 249  221
 248  221
 247  222
 246  222
 245  223
 243  223
 242  224
 241  224
 240  225
 239  225
 238  226
 236  226
 235  227
 234  227
 233  228
 232  228
 231  229
 229  229
 228  230
 227  230
 226  231
 225  231
 224  232
 223  232
 222  233
 221  233
 220  234
 219  234
 218  235
 217  235
 216  236
 215  236
 214  237
 213  237
 212  238
 211  238
 210  239
 209  239
 208  240
 207  240
 206  241
 205  241
 204  242
 203  242
 202  243
 201  243
 200  244
 199  244
 198  245
 197  245
 196  246
 195  246
 194  247
 193  247
 192  248
 191  248
 189  250
 188  250
 187  251
 186  251
 184  253
 183  253
 181  255
 180  255
 179  256
 178  256
 176  258
 175  258
 172  261
 171  261
 169  263
 168  263
 164  267
 163  267
 162  268
 161  268
 159  270
 158  270
 157  271
 143  271
 139  275
 138  275
 133  280
 132  280
 129  283
 128  283
 126  285
 125  285
 123  287
 123  288
 122  289
 122  317
 124  319
 132  319
 133  320
 133  334
 132  335
 132  336
 131  337
 131  338
 130  339
 130  340
 129  341
 129  343
 128  344
 128  352
 127  353
 127  354
 126  355
 124  355
 122  357
 122  364
 123  365
 123  366
 124  366
 136  378
 136  379
 137  380
 137  381
 139  383
 139  384
 141  386
 141  387
 147  393
 147  394
 151  398
 151  399
 154  402
 154  403
 157  406
 157  407
 159  409
 159  410
 161  412
 161  413
 163  415
 163  416
 164  417
 164  418
 165  419
 165  420
 167  422
 167  424
 168  425
 168  426
 170  428
 170  429
 171  430
 171  431
 172  432
 172  433
 173  434
 173  435
 174  436
 174  440
 175  441
 175  444
 176  445
 176  449
 177  450
 177  456
 178  457
 178  460
 179  461
 179  463
 181  465
 181  466
 182  467
 182  468
 184  470
 184  471
 187  474
 187  475
 189  477
 190  477
 192  479
 193  479
 195  481
 196  481
 199  484
 200  484
 201  485
 203  485
 204  486
 206  486
 207  487
 211  487
 212  488
 221  488
 222  487
 230  487
 231  486
 235  486
 236  485
 240  485
 241  484
 245  484
 246  483
 250  483
 251  482
 254  482
 255  481
 259  481
 260  480
 261  480
 263  478
 264  478
 267  475
 268  475
 279  464
 280  464
 280  463
 281  462
 281  461
 283  459
 283  458
 284  457
 284  456
 286  454
 286  452
 287  451
 287  449
 288  448
 288  446
 289  445
 289  443
 290  442
 290  438
 291  437
 291  434
 292  433
 292  429
 293  428
 293  421
 292  420
 292  417
 291  416
 291  413
 290  412
 290  411
 289  410
 289  409
 288  408
 288  407
 287  406
 287  405
 286  404
 286  403
 284  401
 284  400
 281  397
 281  396
 279  394
 279  393
 276  390
 276  389
 273  386
 273  385
 268  380
 268  379
 263  374
 263  373
 261  371
 260  371
 259  370
 259  369
 255  365
 255  347
 256  346
 262  346
 263  345
 270  345
 271  344
 280  344
 281  343
 284  343
 285  342
 286  342
 287  341
 288  341
 289  340
 290  340
 291  339
 292  339
 293  338
 295  338
 296  337
 297  337
 300  334
 301  334
 305  330
 306  330
 310  326
 311  326
 317  320
 318  320
 319  319
 320  319
 324  315
 324  314
 327  311
 327  310
 329  308
 329  307
 330  306
 330  305
 333  302
 333  301
 334  300
 334  299
 338  295
 338  293
 339  292
 339  290
 340  289
 340  287
 341  286
 341  285
 342  284
 342  282
 343  281
 343  279
 344  278
 344  277
 346  275
 346  271
 347  270
 347  267
 348  266
 348  265
 350  263
 350  260
 351  259
 351  257
 352  256
 352  255
 353  254
 353  252
 354  251
 354  250
 356  248
 356  245
 357  244
 357  235
 358  234
 358  227
 357  226
 357  220
 356  219
 356  217
 355  216
 355  214
 354  213
 354  212
 353  211
 353  210
 352  209
 352  208
 349  205
 348  205
 347  204
 346  204
 345  203
 343  203
 342  202
 340  202
 339  201
 337  201
 336  200
