 320  149
 319  150
 313  150
 312  151
 307  151
 306  152
 304  152
 303  153
 300  153
 299  154
 298  154
 297  155
 295  155
 294  156
 293  156
 292  157
 290  157
 289  158
 287  158
 286  159
 285  159
 284  160
 282  160
 281  161
 280  161
 279  162
 278  162
 277  163
 276  163
 275  164
 274  164
 272  166
 270  166
 268  168
 267  168
 266  169
 265  169
 263  171
 262  171
 261  172
 260  172
 258  174
 257  174
 256  175
 255  175
 253  177
 252  177
 250  179
 249  179
 247  181
 246  181
 243  184
 242  184
 239  187
 238  187
 232  193
 231  193
 224  200
 223  200
 214  209
 213  209
 204  218
 203  218
 183  238
 183  239
 181  241
 180  241
 180  242
 169  253
 169  254
 168  255
 167  255
 167  256
 165  258
 165  259
 162  262
 162  263
 160  265
 160  266
 159  267
 159  268
 156  271
 156  272
 154  274
 154  275
 153  276
 153  277
 152  278
 152  279
 150  281
 150  282
 149  283
 149  284
 146  287
 146  288
 144  290
 144  291
 142  293
 142  294
 140  296
 140  297
 134  303
 134  308
 135  309
 140  309
 141  310
 141  324
 139  326
 139  327
 138  328
 138  331
 137  332
 137  334
 135  336
 127  336
 126  337
 126  372
 128  374
 131  374
 132  375
 133  375
 139  381
 139  382
 141  384
 141  385
 143  387
 143  389
 145  391
 145  392
 146  393
 146  395
 148  397
 148  398
 149  399
 149  401
 151  403
 151  404
 152  405
 152  406
 153  407
 153  408
 154  409
 154  410
 156  412
 156  414
 159  417
 159  418
 160  419
 160  420
 163  423
 163  424
 164  425
 164  426
 166  428
 166  430
 169  433
 169  435
 170  436
 170  437
 171  438
 171  439
 172  440
 172  441
 174  443
 174  444
 176  446
 176  449
 177  450
 177  451
 179  453
 179  455
 180  456
 180  458
 182  460
 182  461
 185  464
 186  464
 190  468
 190  469
 191  470
 191  477
 192  478
 192  496
 193  497
 193  500
 195  502
 195  503
 196  504
 196  505
 197  506
 199  506
 201  504
 201  503
 203  501
 205  501
 206  500
 222  500
 223  501
 224  501
 225  502
 234  502
 236  504
 236  506
 237  507
 238  506
 240  506
 241  505
 256  505
 257  506
 259  506
 266  513
 266  514
 267  515
 267  516
 269  518
 269  519
 270  520
 270  522
 272  524
 272  525
 273  526
 273  527
 275  529
 275  530
 278  533
 278  534
 279  534
 282  537
 283  537
 284  538
 287  535
 287  534
 286  533
 286  532
 285  531
 285  530
 274  519
 273  519
 272  518
 272  517
 265  510
 265  509
 262  506
 262  505
 259  502
 259  501
 258  500
 258  499
 256  497
 256  496
 255  495
 255  474
 256  473
 256  472
 260  468
 262  468
 263  467
 265  467
 266  466
 269  466
 270  465
 271  465
 272  464
 272  461
 269  458
 269  457
 268  456
 268  439
 269  438
 269  437
 270  436
 271  436
 274  433
 276  433
 277  432
 279  432
 280  431
 281  431
 282  430
 283  430
 285  428
 282  425
 282  424
 275  417
 275  416
 273  414
 273  398
 275  396
 275  395
 279  391
 279  388
 276  385
 276  384
 275  383
 275  382
 266  373
 266  372
 264  370
 264  369
 262  367
 262  363
 261  362
 261  360
 260  359
 260  358
 259  357
 259  356
 256  353
 256  352
 251  347
 251  333
 252  332
 271  332
 272  331
 275  331
 275  326
 277  324
 282  324
 283  323
 288  323
 294  317
 295  317
 298  314
 298  313
 300  311
 300  310
 301  309
 302  309
 305  306
 305  305
 307  303
 307  302
 308  301
 308  300
 309  299
 309  297
 310  296
 310  295
 312  293
 312  291
 315  288
 315  287
 316  286
 316  285
 318  283
 318  282
 319  281
 319  278
 320  277
 320  274
 321  273
 321  270
 322  269
 322  266
 323  265
 323  263
 325  261
 325  259
 326  258
 326  257
 327  256
 327  255
 328  254
 328  253
 329  252
 329  249
 330  248
 330  247
 331  246
 331  244
 332  243
 332  239
 333  238
 333  236
 334  235
 334  233
 335  232
 335  230
 336  229
 336  227
 337  226
 337  225
 338  224
 338  223
 339  222
 339  219
 340  218
 340  217
 341  216
 341  215
 342  214
 342  212
 343  211
 343  209
 345  207
 345  206
 346  205
 346  203
 348  201
 348  200
 349  199
 349  197
 350  196
 350  195
 351  194
 351  192
 352  191
 352  188
 353  187
 353  182
 354  181
 354  178
 355  177
 355  172
 354  171
 354  167
 353  166
 353  164
 352  163
 352  162
 348  158
 347  158
 345  156
 344  156
 343  155
 342  155
 341  154
 340  154
 339  153
 337  153
 336  152
 334  152
 333  151
 330  151
 329  150
 324  150
 323  149
