 323  177
 322  178
 318  178
 317  179
 314  179
 313  180
 311  180
 310  181
 309  181
 308  182
 306  182
 305  183
 304  183
 303  184
 302  184
 301  185
 300  185
 299  186
 298  186
 297  187
 296  187
 295  188
 294  188
 293  189
 292  189
 291  190
 290  190
 289  191
 288  191
 287  192
 286  192
 285  193
 284  193
 283  194
 282  194
 281  195
 280  195
 279  196
 278  196
 277  197
 276  197
 275  198
 274  198
 273  199
 272  199
 271  200
 270  200
 269  201
 268  201
 266  203
 265  203
 264  204
 263  204
 262  205
 261  205
 260  206
 259  206
 258  207
 257  207
 256  208
 255  208
 254  209
 253  209
 252  210
 251  210
 250  211
 249  211
 248  212
 247  212
 246  213
 245  213
 244  214
 243  214
 242  215
 241  215
 240  216
 239  216
 237  218
 236  218
 234  220
 233  220
 232  221
 231  221
 229  223
 228  223
 227  224
 226  224
 224  226
 223  226
 222  227
 221  227
 219  229
 218  229
 215  232
 214  232
 212  234
 211  234
 209  236
 208  236
 206  238
 205  238
 202  241
 201  241
 197  245
 196  245
 192  249
 191  249
 187  253
 186  253
 184  255
 183  255
 180  258
 179  258
 176  261
 175  261
 171  265
 170  265
 165  270
 164  270
 162  272
 161  272
 158  275
 157  275
 154  278
 153  278
 151  280
 150  280
 149  281
 148  281
 146  283
 145  283
 143  285
 142  285
 141  286
 140  286
 139  287
 137  287
 136  288
 135  288
 134  289
 132  289
 131  290
 130  290
 128  292
 127  292
 124  295
 123  295
 121  297
 120  297
 120  298
 119  299
 119  333
 120  334
 120  335
 134  335
 135  336
 135  350
 133  352
 133  353
 132  354
 132  355
 131  356
 131  357
 130  358
 130  359
 129  360
 127  360
 125  362
 125  368
 126  369
 126  370
 129  373
 129  374
 131  376
 131  377
 132  378
 132  379
 133  380
 133  381
 135  383
 135  385
 136  386
 136  387
 138  389
 138  391
 139  392
 139  393
 140  394
 140  395
 142  397
 142  398
 143  399
 143  400
 144  401
 144  402
 146  404
 146  405
 149  408
 149  409
 150  410
 150  411
 152  413
 152  414
 153  415
 153  416
 156  419
 156  420
 157  421
 157  422
 159  424
 159  425
 160  426
 160  427
 161  428
 161  429
 162  430
 162  432
 163  433
 163  434
 164  435
 164  436
 165  437
 165  438
 166  439
 166  440
 167  441
 167  442
 168  443
 168  445
 169  446
 169  448
 170  449
 170  451
 171  452
 171  454
 172  455
 172  457
 173  458
 173  460
 174  461
 174  464
 175  465
 175  469
 176  470
 176  474
 177  475
 177  477
 178  478
 178  479
 179  480
 179  482
 180  483
 180  484
 181  485
 181  486
 183  488
 183  489
 185  491
 185  492
 186  493
 186  494
 189  497
 189  498
 195  504
 196  504
 198  506
 200  506
 201  507
 203  507
 204  508
 207  508
 208  509
 211  509
 212  510
 216  510
 217  511
 218  510
 236  510
 237  509
 240  509
 241  508
 244  508
 245  507
 247  507
 248  506
 249  506
 250  505
 251  505
 252  504
 253  504
 255  502
 256  502
 258  500
 259  500
 261  498
 262  498
 264  496
 265  496
 266  495
 267  495
 269  493
 270  493
 273  490
 273  489
 277  485
 277  484
 281  480
 281  479
 287  473
 287  472
 289  470
 289  469
 290  468
 290  466
 291  465
 291  463
 292  462
 292  460
 293  459
 293  457
 294  456
 294  454
 295  453
 295  452
 296  451
 296  450
 297  449
 297  447
 298  446
 298  445
 299  444
 299  443
 300  442
 300  440
 301  439
 301  435
 300  434
 300  423
 299  422
 299  417
 298  416
 298  411
 297  410
 297  408
 296  407
 296  406
 295  405
 295  404
 294  403
 294  402
 278  386
 277  386
 269  378
 269  360
 271  358
 272  358
 273  357
 275  357
 276  356
 277  356
 278  355
 280  355
 280  349
 281  348
 284  348
 285  347
 290  347
 291  346
 293  346
 295  344
 296  344
 298  342
 299  342
 300  341
 301  341
 302  340
 303  340
 305  338
 306  338
 308  336
 309  336
 310  335
 314  335
 315  334
 316  334
 319  331
 319  330
 321  328
 321  327
 324  324
 324  323
 327  320
 327  319
 336  310
 336  309
 337  308
 337  307
 339  305
 339  304
 340  303
 340  302
 341  301
 341  300
 342  299
 342  297
 343  296
 343  295
 344  294
 344  292
 345  291
 345  289
 346  288
 346  286
 347  285
 347  284
 348  283
 348  281
 349  280
 349  279
 350  278
 350  276
 351  275
 351  273
 352  272
 352  269
 353  268
 353  266
 354  265
 354  261
 355  260
 355  255
 356  254
 356  252
 357  251
 357  247
 358  246
 358  242
 359  241
 359  238
 360  237
 360  234
 361  233
 361  227
 362  226
 362  220
 361  219
 361  212
 360  211
 360  208
 359  207
 359  205
 358  204
 358  202
 357  201
 357  200
 355  198
 355  196
 354  195
 354  194
 353  193
 353  192
 352  191
 352  190
 343  181
 342  181
 340  179
 338  179
 337  178
 335  178
 334  177
