 317  180
 316  181
 313  181
 312  182
 308  182
 307  183
 306  183
 305  184
 302  184
 301  185
 300  185
 299  186
 297  186
 296  187
 295  187
 294  188
 292  188
 291  189
 290  189
 289  190
 288  190
 287  191
 286  191
 285  192
 284  192
 283  193
 282  193
 281  194
 280  194
 279  195
 278  195
 277  196
 276  196
 275  197
 274  197
 273  198
 272  198
 270  200
 269  200
 268  201
 267  201
 265  203
 264  203
 261  206
 260  206
 258  208
 257  208
 254  211
 253  211
 251  213
 250  213
 247  216
 246  216
 242  220
 241  220
 237  224
 236  224
 233  227
 232  227
 226  233
 225  233
 217  241
 216  241
 204  253
 203  253
 196  260
 195  260
 190  265
 189  265
 176  278
 175  278
 162  291
 162  292
 152  302
 152  303
 148  307
 148  308
 145  311
 145  312
 141  316
 141  317
 134  324
 133  324
 131  326
 131  328
 133  330
 137  330
 138  331
 138  345
 137  346
 137  347
 136  348
 136  360
 135  361
 131  361
 130  362
 130  375
 134  379
 134  380
 135  381
 135  382
 136  383
 136  384
 137  385
 137  386
 138  387
 138  389
 139  390
 139  391
 141  393
 141  394
 142  395
 142  397
 144  399
 144  400
 145  401
 145  403
 146  404
 146  405
 148  407
 148  408
 149  409
 149  410
 150  411
 150  412
 151  413
 151  414
 152  415
 152  416
 153  417
 153  418
 155  420
 155  421
 156  422
 156  423
 158  425
 158  426
 159  427
 159  428
 162  431
 162  432
 165  435
 165  436
 169  440
 169  441
 172  444
 172  445
 175  448
 175  450
 177  452
 177  453
 179  455
 179  456
 181  458
 181  459
 184  462
 184  463
 193  472
 193  473
 196  476
 196  478
 197  479
 197  490
 198  491
 198  496
 199  497
 199  499
 202  502
 202  503
 205  506
 206  506
 207  507
 208  507
 209  508
 210  508
 212  506
 213  506
 213  505
 214  504
 214  503
 219  498
 233  498
 236  501
 237  501
 241  497
 241  495
 242  494
 242  493
 245  490
 246  490
 247  489
 248  489
 249  488
 251  488
 252  487
 256  487
 257  486
 259  486
 260  485
 261  485
 265  481
 265  479
 266  478
 266  477
 271  472
 272  472
 273  471
 274  471
 275  470
 276  470
 277  469
 279  469
 283  465
 283  464
 284  463
 284  459
 285  458
 285  450
 286  449
 286  448
 288  446
 288  445
 292  441
 293  441
 293  440
 295  438
 295  429
 294  428
 294  409
 295  408
 295  404
 294  403
 294  402
 292  400
 292  399
 291  398
 291  397
 285  391
 285  390
 283  388
 282  388
 279  385
 278  385
 277  384
 276  384
 264  372
 264  371
 260  367
 260  353
 261  352
 267  352
 269  350
 272  350
 273  349
 276  349
 277  348
 279  348
 280  347
 281  347
 284  344
 285  344
 285  343
 288  340
 288  338
 290  336
 291  336
 294  333
 294  331
 301  324
 301  323
 303  321
 303  320
 304  319
 304  318
 305  317
 305  313
 306  312
 306  310
 307  309
 307  308
 310  305
 311  305
 314  302
 314  300
 315  299
 315  298
 316  297
 316  296
 317  295
 317  293
 318  292
 318  286
 319  285
 319  284
 320  283
 320  282
 324  278
 324  276
 325  275
 325  273
 326  272
 326  268
 327  267
 327  264
 335  256
 335  254
 337  252
 337  250
 338  249
 338  245
 339  244
 339  240
 340  239
 340  237
 341  236
 341  235
 342  234
 342  233
 343  232
 343  231
 344  230
 344  227
 345  226
 345  223
 346  222
 346  221
 348  219
 348  217
 349  216
 349  207
 350  206
 350  201
 349  200
 349  199
 348  198
 348  194
 347  193
 347  191
 341  185
 340  185
 338  183
 337  183
 336  182
 334  182
 333  181
 331  181
 330  180
