 307  198
 306  199
 304  199
 303  200
 302  200
 301  201
 300  201
 299  202
 298  202
 297  203
 296  203
 294  205
 293  205
 291  207
 290  207
 289  208
 288  208
 287  209
 286  209
 285  210
 284  210
 283  211
 282  211
 281  212
 280  212
 279  213
 278  213
 277  214
 276  214
 275  215
 274  215
 273  216
 272  216
 271  217
 270  217
 269  218
 268  218
 267  219
 266  219
 265  220
 264  220
 262  222
 261  222
 259  224
 258  224
 256  226
 255  226
 253  228
 252  228
 249  231
 248  231
 246  233
 245  233
 242  236
 241  236
 238  239
 237  239
 233  243
 232  243
 229  246
 228  246
 225  249
 224  249
 221  252
 220  252
 216  256
 215  256
 210  261
 209  261
 206  264
 205  264
 202  267
 201  267
 195  273
 194  273
 190  277
 189  277
 185  281
 184  281
 180  285
 179  285
 171  293
 170  293
 167  296
 166  296
 163  299
 162  299
 160  301
 149  301
 147  303
 147  328
 150  331
 150  357
 147  360
 147  414
 149  416
 151  416
 152  415
 154  415
 155  414
 170  414
 171  415
 172  415
 173  416
 173  417
 175  419
 175  420
 177  422
 177  423
 178  424
 178  426
 179  427
 179  428
 180  429
 180  431
 181  432
 181  435
 182  436
 182  439
 183  440
 183  441
 184  442
 184  444
 185  445
 185  446
 186  447
 186  448
 187  449
 187  450
 188  451
 188  455
 189  456
 189  465
 190  466
 190  468
 191  469
 191  471
 192  472
 192  473
 193  474
 193  475
 195  477
 195  478
 196  479
 197  479
 202  484
 203  484
 204  485
 205  485
 206  486
 207  486
 208  487
 210  487
 211  488
 214  488
 215  489
 222  489
 223  490
 229  490
 230  489
 232  489
 233  488
 236  488
 237  487
 238  487
 239  486
 241  486
 243  484
 244  484
 245  483
 246  483
 247  482
 248  482
 251  479
 252  479
 254  477
 255  477
 256  476
 257  476
 261  472
 261  471
 266  466
 266  465
 269  462
 269  461
 271  459
 271  458
 275  454
 275  452
 277  450
 277  448
 278  447
 278  446
 279  445
 279  444
 280  443
 280  441
 281  440
 281  439
 282  438
 282  436
 283  435
 283  433
 284  432
 284  429
 285  428
 285  427
 286  426
 286  423
 287  422
 287  419
 288  418
 288  412
 287  411
 287  408
 286  407
 286  405
 285  404
 285  403
 284  402
 284  401
 277  394
 277  393
 276  393
 275  392
 275  391
 267  383
 267  382
 263  378
 262  378
 257  373
 256  373
 254  371
 253  371
 244  362
 244  348
 245  347
 262  347
 263  346
 271  346
 272  345
 275  345
 276  344
 278  344
 279  343
 280  343
 281  342
 282  342
 283  341
 285  341
 286  340
 289  340
 290  339
 291  339
 295  335
 296  335
 297  334
 299  334
 300  333
 301  333
 305  329
 306  329
 308  327
 308  326
 309  325
 309  324
 310  323
 310  322
 312  320
 312  319
 313  318
 313  317
 314  316
 314  314
 317  311
 318  311
 319  310
 320  310
 321  309
 322  309
 322  308
 323  307
 323  305
 324  304
 324  302
 325  301
 325  299
 326  298
 326  295
 327  294
 327  291
 328  290
 328  289
 329  288
 329  287
 331  285
 331  281
 332  280
 332  265
 333  264
 333  263
 334  262
 334  250
 333  249
 333  242
 332  241
 332  224
 327  219
 327  211
 323  207
 323  206
 319  202
 318  202
 316  200
 315  200
 314  199
 312  199
 311  198
