 317  201
 316  202
 312  202
 311  203
 307  203
 306  204
 304  204
 303  205
 301  205
 300  206
 298  206
 297  207
 296  207
 295  208
 293  208
 291  210
 289  210
 288  211
 287  211
 286  212
 284  212
 282  214
 280  214
 279  215
 278  215
 277  216
 276  216
 275  217
 274  217
 273  218
 272  218
 271  219
 270  219
 269  220
 268  220
 267  221
 266  221
 264  223
 263  223
 262  224
 261  224
 260  225
 259  225
 258  226
 257  226
 255  228
 254  228
 252  230
 251  230
 250  231
 249  231
 247  233
 246  233
 245  234
 244  234
 242  236
 241  236
 238  239
 237  239
 235  241
 234  241
 231  244
 230  244
 227  247
 226  247
 222  251
 221  251
 219  253
 218  253
 215  256
 214  256
 212  258
 211  258
 210  259
 209  259
 207  261
 206  261
 204  263
 203  263
 202  264
 201  264
 200  265
 199  265
 198  266
 197  266
 196  267
 195  267
 194  268
 193  268
 192  269
 191  269
 190  270
 179  270
 178  271
 177  271
 175  273
 174  273
 172  275
 171  275
 168  278
 167  278
 165  280
 164  280
 162  282
 161  282
 160  283
 159  283
 157  285
 156  285
 154  287
 153  287
 151  289
 150  289
 147  292
 146  292
 144  294
 143  294
 141  296
 140  296
 136  300
 136  366
 135  367
 135  368
 134  369
 134  373
 133  374
 133  378
 132  379
 129  379
 128  380
 128  409
 129  410
 129  412
 130  413
 130  416
 131  417
 131  425
 132  426
 132  437
 133  438
 133  442
 134  443
 134  445
 135  446
 135  448
 136  449
 136  450
 137  451
 137  453
 139  455
 139  457
 140  458
 140  459
 142  461
 142  462
 143  463
 143  464
 146  467
 146  468
 153  475
 154  475
 155  476
 156  476
 157  477
 159  477
 160  476
 164  476
 165  475
 166  475
 167  474
 170  474
 171  473
 172  473
 173  472
 191  472
 192  473
 192  474
 193  475
 193  476
 196  479
 196  480
 200  484
 200  485
 201  485
 204  482
 205  482
 206  481
 221  481
 223  483
 225  483
 228  480
 228  479
 232  475
 233  475
 234  474
 248  474
 250  472
 250  459
 253  456
 254  456
 255  455
 257  455
 258  454
 259  454
 260  453
 261  453
 262  452
 262  432
 264  430
 265  430
 266  429
 266  426
 265  425
 265  423
 262  420
 262  419
 260  417
 260  401
 261  400
 261  399
 258  396
 258  395
 247  384
 247  370
 248  369
 270  369
 271  368
 275  368
 276  367
 283  367
 284  366
 286  366
 292  360
 292  359
 294  357
 295  357
 297  355
 298  355
 305  348
 305  347
 306  346
 306  345
 307  344
 307  342
 308  341
 308  339
 309  338
 309  337
 315  331
 315  330
 316  329
 316  327
 317  326
 317  324
 318  323
 318  316
 319  315
 319  312
 325  306
 325  305
 326  304
 326  302
 327  301
 327  300
 328  299
 328  295
 329  294
 329  290
 336  283
 336  282
 338  280
 338  279
 339  278
 339  270
 340  269
 340  267
 341  266
 341  265
 342  264
 342  263
 345  260
 345  258
 346  257
 346  255
 347  254
 347  249
 348  248
 348  246
 349  245
 349  243
 350  242
 350  241
 351  240
 351  239
 352  238
 352  232
 353  231
 353  227
 352  226
 352  221
 351  220
 351  218
 350  217
 350  216
 349  215
 349  214
 348  213
 348  212
 344  208
 343  208
 341  206
 340  206
 339  205
 338  205
 337  204
 336  204
 335  203
 333  203
 332  202
 329  202
 328  201
