 385   95
 384   96
 380   96
 379   97
 375   97
 374   98
 371   98
 370   99
 367   99
 366  100
 362  100
 361  101
 359  101
 358  102
 354  102
 353  103
 351  103
 350  104
 347  104
 346  105
 345  105
 344  106
 341  106
 340  107
 338  107
 337  108
 335  108
 334  109
 332  109
 331  110
 330  110
 329  111
 327  111
 326  112
 324  112
 323  113
 321  113
 320  114
 319  114
 318  115
 316  115
 315  116
 314  116
 313  117
 312  117
 311  118
 310  118
 309  119
 307  119
 306  120
 305  120
 304  121
 303  121
 302  122
 301  122
 300  123
 299  123
 298  124
 297  124
 296  125
 295  125
 294  126
 292  126
 290  128
 289  128
 288  129
 287  129
 286  130
 285  130
 284  131
 283  131
 282  132
 281  132
 280  133
 279  133
 277  135
 276  135
 275  136
 274  136
 273  137
 272  137
 270  139
 269  139
 267  141
 266  141
 265  142
 264  142
 262  144
 261  144
 259  146
 258  146
 255  149
 254  149
 252  151
 251  151
 248  154
 247  154
 244  157
 243  157
 239  161
 238  161
 235  164
 234  164
 230  168
 229  168
 224  173
 223  173
 219  177
 218  177
 209  186
 208  186
 194  200
 193  200
 177  216
 176  216
 160  232
 159  232
 127  264
 126  264
 126  265
 124  267
 123  267
 123  268
 117  274
 116  274
 116  275
 109  282
 109  283
  93  299
  93  300
  89  304
  89  305
  82  312
  82  313
  76  319
  76  320
  73  323
  72  323
  70  325
  70  339
  71  340
  77  340
  78  341
  78  355
  77  356
  76  356
  75  357
  74  357
  73  358
  73  359
  71  361
  71  362
  70  363
  70  364
  68  366
  68  367
  66  369
  66  371
  65  372
  65  375
  64  376
  64  386
  63  387
  63  406
  62  407
  57  407
  56  408
  56  419
  57  420
  57  425
  58  426
  58  431
  59  432
  59  436
  60  437
  60  439
  61  440
  61  446
  62  447
  62  452
  63  453
  63  454
  65  456
  65  459
  66  460
  66  461
  67  462
  67  463
  68  464
  68  466
  69  467
  69  470
  71  472
  71  473
  72  474
  72  476
  73  477
  73  478
  74  479
  74  480
  75  481
  75  482
  76  483
  76  485
  78  487
  78  488
  79  489
  79  491
  81  493
  81  494
  82  495
  82  497
  84  499
  84  500
  85  501
  85  502
  86  503
  86  504
  88  506
  88  507
  89  508
  89  509
  90  510
  90  511
  92  513
  92  514
  93  515
  93  516
  95  518
  95  520
  96  521
  96  522
  98  524
  98  525
  99  526
  99  527
 103  531
 103  532
 110  539
 111  539
 115  543
 116  543
 118  545
 119  545
 129  555
 129  556
 130  557
 130  558
 132  560
 132  562
 135  565
 135  566
 136  567
 136  569
 138  571
 138  572
 139  573
 139  575
 141  577
 141  578
 142  579
 142  580
 143  581
 143  582
 146  585
 146  586
 151  591
 153  591
 158  586
 159  586
 160  585
 177  585
 178  586
 180  586
 185  581
 185  580
 187  578
 187  577
 193  571
 194  571
 196  569
 199  569
 200  568
 206  568
 207  567
 208  567
 211  564
 211  563
 212  562
 212  554
 213  553
 213  550
 214  549
 214  548
 215  547
 215  546
 219  542
 220  542
 221  541
 222  541
 223  540
 224  540
 225  539
 227  539
 228  538
 230  538
 231  537
 234  537
 238  533
 238  512
 239  511
 239  510
 244  505
 244  504
 247  501
 248  501
 252  497
 252  496
 253  495
 253  491
 252  490
 252  467
 254  465
 254  464
 255  463
 255  462
 258  459
 258  456
 257  455
 257  454
 255  452
 255  451
 252  448
 252  447
 245  440
 245  439
 242  436
 242  435
 240  433
 240  432
 239  431
 239  430
 238  429
 238  428
 236  426
 236  425
 235  424
 235  423
 232  420
 232  419
 228  415
 228  414
 221  407
 214  407
 212  405
 212  391
 213  390
 230  390
 231  391
 234  391
 235  392
 237  392
 238  393
 240  393
 241  394
 242  394
 243  395
 245  395
 246  396
 250  396
 251  397
 256  397
 257  396
 262  396
 264  394
 265  394
 266  393
 267  393
 268  392
 270  392
 271  391
 273  391
 274  390
 276  390
 278  388
 279  388
 281  386
 281  385
 283  383
 283  382
 284  381
 284  380
 285  379
 285  378
 286  377
 286  376
 292  370
 292  368
 293  367
 293  365
 294  364
 294  362
 295  361
 295  359
 299  355
 300  355
 301  354
 302  354
 303  353
 304  353
 307  350
 307  348
 308  347
 308  344
 309  343
 309  341
 310  340
 314  340
 315  339
 315  337
 316  336
 316  333
 317  332
 317  331
 318  330
 318  327
 319  326
 319  323
 320  322
 320  321
 321  320
 321  319
 322  318
 322  317
 325  314
 325  313
 328  310
 328  309
 329  308
 329  307
 330  306
 330  305
 331  304
 331  303
 332  302
 332  299
 333  298
 333  297
 335  295
 335  290
 336  289
 336  284
 337  283
 337  282
 338  281
 338  279
 339  278
 339  275
 341  273
 341  272
 342  271
 342  270
 343  269
 343  268
 345  266
 345  265
 346  264
 346  262
 348  260
 348  258
 349  257
 349  255
 350  254
 350  253
 352  251
 352  250
 355  247
 355  246
 356  245
 356  243
 357  242
 357  241
 359  239
 359  238
 362  235
 362  234
 363  233
 364  233
 373  224
 374  224
 375  223
 375  222
 376  221
 376  220
 379  217
 379  216
 382  213
 382  212
 384  210
 384  209
 385  208
 385  207
 386  206
 386  204
 388  202
 388  201
 389  200
 389  199
 393  195
 393  194
 396  191
 396  190
 398  188
 398  187
 399  186
 399  185
 400  184
 400  183
 402  181
 402  178
 404  176
 404  175
 407  172
 407  171
 409  169
 409  168
 411  166
 411  165
 412  164
 412  163
 413  162
 413  161
 414  160
 414  159
 415  158
 415  156
 416  155
 416  153
 417  152
 417  151
 418  150
 418  146
 419  145
 419  135
 420  134
 420  133
 422  131
 422  130
 423  129
 423  125
 424  124
 424  118
 423  117
 423  113
 422  112
 422  110
 421  109
 421  108
 415  102
 414  102
 413  101
 412  101
 411  100
 410  100
 409   99
 407   99
 406   98
 404   98
 403   97
 400   97
 399   96
 395   96
 394   95
