 399   28
 398   29
 388   29
 387   30
 380   30
 379   31
 375   31
 374   32
 369   32
 368   33
 365   33
 364   34
 360   34
 359   35
 356   35
 355   36
 352   36
 351   37
 348   37
 347   38
 345   38
 344   39
 341   39
 340   40
 338   40
 337   41
 335   41
 334   42
 332   42
 331   43
 329   43
 328   44
 327   44
 326   45
 324   45
 323   46
 321   46
 320   47
 319   47
 318   48
 317   48
 316   49
 314   49
 313   50
 312   50
 311   51
 310   51
 309   52
 307   52
 306   53
 305   53
 304   54
 302   54
 300   56
 298   56
 297   57
 296   57
 295   58
 294   58
 293   59
 292   59
 291   60
 290   60
 289   61
 288   61
 286   63
 285   63
 284   64
 283   64
 282   65
 281   65
 280   66
 279   66
 277   68
 276   68
 275   69
 274   69
 272   71
 271   71
 269   73
 268   73
 267   74
 266   74
 264   76
 263   76
 261   78
 260   78
 258   80
 257   80
 255   82
 254   82
 252   84
 251   84
 248   87
 247   87
 245   89
 244   89
 242   91
 241   91
 239   93
 238   93
 236   95
 235   95
 233   97
 232   97
 229  100
 228  100
 226  102
 225  102
 224  103
 223  103
 220  106
 219  106
 216  109
 215  109
 212  112
 211  112
 208  115
 207  115
 204  118
 203  118
 199  122
 198  122
 193  127
 192  127
 187  132
 186  132
 178  140
 177  140
 168  149
 167  149
 158  158
 157  158
 144  171
 143  171
 135  179
 134  179
 123  190
 123  191
 117  197
 117  198
 107  208
 106  208
 100  214
  99  214
  94  219
  93  219
  88  224
  87  224
  82  229
  81  229
  76  234
  76  235
  66  245
  66  246
  64  248
  63  248
  60  251
  60  252
  58  254
  57  254
  57  255
  41  271
  41  272
  38  275
  38  276
  34  280
  34  281
  31  284
  31  285
  29  287
  29  288
  27  290
  27  291
  26  292
  26  293
  24  295
  24  296
  23  297
  23  298
  17  304
  16  304
  14  306
  14  307
  13  308
  13  309
  12  310
  12  311
  11  312
  11  329
  12  330
  30  330
  31  331
  31  345
  30  346
  29  346
  28  347
  27  347
  25  349
  24  349
  21  352
  20  352
  19  353
  19  354
  18  355
  18  356
  17  357
  17  360
  16  361
  16  363
  15  364
  15  372
  14  373
  14  391
  13  392
  13  404
  15  406
  15  407
  16  408
  16  409
  17  410
  17  411
  19  413
  19  414
  20  415
  20  416
  22  418
  22  419
  23  420
  23  421
  24  422
  24  423
  26  425
  26  426
  28  428
  28  429
  33  434
  33  435
  37  439
  37  440
  40  443
  40  444
  43  447
  43  448
  45  450
  45  451
  46  452
  46  453
  47  454
  47  455
  49  457
  49  458
  50  459
  50  461
  52  463
  52  464
  53  465
  53  467
  54  468
  54  469
  55  470
  55  471
  56  472
  56  474
  57  475
  57  477
  59  479
  59  480
  60  481
  60  484
  62  486
  62  487
  63  488
  63  491
  64  492
  64  493
  65  494
  65  495
  66  496
  66  498
  67  499
  67  501
  68  502
  68  503
  69  504
  69  505
  70  506
  70  509
  71  510
  71  511
  72  512
  72  513
  73  514
  73  517
  74  518
  74  519
  75  520
  75  521
  76  522
  76  524
  77  525
  77  528
  79  530
  79  532
  80  533
  80  535
  81  536
  81  537
  82  538
  82  539
  83  540
  83  543
  84  544
  84  546
  86  548
  86  551
  87  552
  87  554
  88  555
  88  556
  89  557
  89  559
  90  560
  90  563
  91  564
  91  566
  92  567
  92  568
  93  569
  93  571
  94  572
  94  573
  95  574
  95  575
  96  576
  96  577
  97  578
  97  579
  99  581
  99  582
 100  583
 100  584
 103  587
 103  588
 104  589
 104  590
 106  592
 106  593
 107  594
 107  595
 108  596
 109  596
 112  599
 113  599
 118  604
 118  605
 123  610
 123  611
 124  612
 124  615
 125  616
 125  626
 126  627
 126  631
 127  632
 127  633
 128  634
 128  635
 130  637
 130  638
 132  640
 132  641
 139  648
 140  648
 142  650
 146  650
 147  651
 149  651
 150  650
 151  650
 152  649
 153  649
 154  648
 154  647
 155  646
 155  645
 159  641
 179  641
 183  645
 183  646
 184  647
 184  648
 189  653
 190  653
 193  656
 194  656
 195  657
 196  657
 197  658
 198  658
 199  659
 204  659
 205  658
 207  658
 209  656
 210  656
 213  653
 213  652
 216  649
 216  645
 217  644
 217  642
 222  637
 223  637
 224  636
 225  636
 226  635
 227  635
 228  634
 246  634
 249  637
 250  637
 251  638
 252  638
 253  639
 254  639
 255  640
 257  640
 258  639
 259  639
 263  635
 263  632
 264  631
 264  627
 265  626
 265  609
 266  608
 266  607
 270  603
 271  603
 272  602
 273  602
 274  601
 275  601
 276  600
 287  600
 288  599
 291  599
 292  598
 293  598
 297  594
 297  593
 298  592
 298  591
 300  589
 300  586
 301  585
 301  584
 302  583
 302  580
 303  579
 303  571
 302  570
 302  568
 301  567
 301  565
 300  564
 300  561
 299  560
 299  557
 298  556
 298  541
 299  540
 299  539
 300  538
 300  536
 301  535
 301  534
 305  530
 306  530
 307  529
 309  529
 310  528
 311  528
 312  527
 314  527
 319  522
 319  521
 320  520
 320  511
 319  510
 319  509
 317  507
 317  506
 316  505
 316  504
 313  501
 313  500
 310  497
 310  496
 306  492
 306  491
 304  489
 304  488
 303  487
 303  468
 304  467
 304  466
 303  465
 303  461
 302  460
 302  459
 300  457
 300  455
 297  452
 297  451
 296  450
 296  449
 285  438
 284  438
 278  432
 277  432
 271  426
 270  426
 262  418
 261  418
 241  398
 240  398
 236  394
 235  394
 233  392
 232  392
 231  391
 227  391
 222  386
 222  381
 212  381
 211  380
 211  366
 212  365
 226  365
 227  366
 227  371
 238  371
 239  372
 254  372
 255  373
 290  373
 291  372
 298  372
 299  371
 300  371
 301  370
 302  370
 303  369
 304  369
 311  362
 312  362
 313  361
 314  361
 315  360
 316  360
 323  353
 323  352
 326  349
 327  349
 329  347
 330  347
 333  344
 334  344
 339  339
 339  338
 346  331
 348  331
 349  330
 350  330
 355  325
 355  324
 356  323
 356  322
 357  321
 357  317
 358  316
 358  314
 359  313
 359  312
 361  310
 361  309
 364  306
 364  305
 374  295
 375  295
 377  293
 377  292
 379  290
 379  289
 380  288
 380  287
 381  286
 381  284
 382  283
 382  282
 383  281
 383  280
 385  278
 385  277
 387  275
 387  273
 388  272
 388  270
 389  269
 389  259
 390  258
 390  253
 391  252
 391  251
 393  249
 393  247
 396  244
 396  243
 400  239
 400  238
 402  236
 402  235
 403  234
 403  231
 404  230
 404  228
 405  227
 405  226
 406  225
 406  224
 407  223
 407  221
 408  220
 408  215
 409  214
 409  212
 410  211
 410  208
 411  207
 411  206
 412  205
 412  204
 413  203
 413  202
 414  201
 414  200
 417  197
 417  196
 422  191
 422  190
 424  188
 424  187
 426  185
 426  184
 427  183
 427  181
 428  180
 428  179
 429  178
 429  177
 430  176
 430  175
 431  174
 431  172
 432  171
 432  169
 433  168
 433  161
 434  160
 434  157
 435  156
 435  155
 436  154
 436  153
 437  152
 437  151
 442  146
 442  145
 444  143
 444  141
 445  140
 445  139
 446  138
 446  137
 447  136
 447  135
 448  134
 448  133
 449  132
 449  130
 450  129
 450  124
 451  123
 451  121
 452  120
 452  119
 454  117
 454  116
 459  111
 459  110
 460  109
 460  108
 461  107
 461  106
 462  105
 462  104
 463  103
 463  101
 464  100
 464   92
 465   91
 465   89
 466   88
 466   87
 467   86
 467   84
 468   83
 468   81
 469   80
 469   78
 470   77
 470   65
 469   64
 469   59
 468   58
 468   55
 467   54
 467   52
 466   51
 466   50
 464   48
 464   47
 462   45
 461   45
 458   42
 457   42
 455   40
 454   40
 453   39
 452   39
 451   38
 450   38
 449   37
 447   37
 446   36
 444   36
 443   35
 441   35
 440   34
 437   34
 436   33
 434   33
 433   32
 428   32
 427   31
 424   31
 423   30
 415   30
 414   29
 402   29
 401   28
