 330   63
 329   64
 324   64
 323   65
 319   65
 318   66
 315   66
 314   67
 311   67
 310   68
 308   68
 307   69
 305   69
 304   70
 302   70
 301   71
 299   71
 298   72
 296   72
 295   73
 293   73
 292   74
 291   74
 290   75
 289   75
 288   76
 286   76
 285   77
 284   77
 283   78
 282   78
 281   79
 279   79
 278   80
 277   80
 276   81
 275   81
 274   82
 273   82
 272   83
 271   83
 269   85
 268   85
 267   86
 266   86
 265   87
 264   87
 262   89
 261   89
 259   91
 258   91
 256   93
 255   93
 253   95
 252   95
 249   98
 248   98
 245  101
 244  101
 240  105
 239  105
 235  109
 234  109
 228  115
 227  115
 227  116
 210  133
 210  134
 197  147
 197  148
 194  151
 194  152
 187  159
 187  160
 184  163
 184  164
 181  167
 181  168
 176  173
 176  174
 173  177
 173  178
 172  179
 172  180
 170  182
 170  183
 169  184
 169  185
 166  188
 166  190
 163  193
 163  194
 162  195
 162  196
 159  199
 159  201
 157  203
 157  204
 156  205
 156  206
 153  209
 153  210
 152  211
 152  213
 151  214
 151  215
 149  217
 149  219
 148  220
 148  221
 146  223
 146  225
 145  226
 145  227
 144  228
 144  229
 143  230
 143  232
 142  233
 142  234
 141  235
 141  236
 140  237
 140  238
 138  240
 138  241
 136  243
 136  244
 135  245
 135  246
 134  247
 134  248
 133  249
 133  250
 132  251
 132  253
 130  255
 130  256
 126  260
 125  260
 125  261
 124  262
 124  275
 126  277
 135  277
 136  278
 137  278
 138  279
 139  279
 140  280
 140  295
 136  299
 136  300
 135  301
 135  302
 134  303
 134  304
 133  305
 130  305
 128  307
 128  323
 129  324
 129  325
 132  328
 132  329
 135  332
 135  333
 136  334
 136  335
 137  336
 137  337
 138  338
 138  339
 139  340
 139  341
 140  342
 140  344
 141  345
 141  347
 142  348
 142  350
 143  351
 143  352
 144  353
 144  355
 145  356
 145  357
 146  358
 146  360
 147  361
 147  362
 148  363
 148  364
 149  365
 149  366
 150  367
 150  368
 151  369
 151  370
 153  372
 153  373
 154  374
 154  375
 156  377
 156  378
 157  379
 157  380
 159  382
 159  383
 160  384
 160  385
 162  387
 162  388
 163  389
 163  390
 164  391
 164  392
 165  393
 165  394
 166  395
 166  396
 167  397
 167  398
 168  399
 168  400
 170  402
 170  403
 171  404
 171  405
 176  410
 176  411
 179  414
 180  414
 183  417
 183  418
 184  418
 187  421
 187  422
 188  423
 188  426
 189  427
 189  431
 190  432
 190  434
 191  435
 191  436
 192  437
 192  438
 193  439
 193  440
 195  442
 195  443
 199  447
 201  447
 202  448
 204  448
 205  449
 210  449
 214  453
 214  454
 215  455
 215  457
 216  458
 216  460
 217  461
 217  462
 218  463
 218  464
 219  465
 219  485
 218  486
 218  489
 221  492
 222  492
 223  493
 226  493
 227  492
 228  492
 231  489
 249  489
 250  490
 250  493
 251  494
 251  495
 252  496
 252  497
 253  497
 255  495
 255  494
 256  493
 257  493
 258  492
 277  492
 278  493
 279  493
 280  494
 281  494
 284  497
 285  497
 287  499
 287  500
 290  503
 290  504
 293  507
 293  508
 294  509
 294  510
 296  512
 296  513
 298  515
 298  516
 300  518
 300  520
 303  523
 303  524
 304  525
 304  526
 306  528
 306  529
 307  530
 307  531
 309  533
 309  534
 310  535
 310  537
 313  540
 313  542
 315  544
 315  545
 317  547
 317  549
 320  552
 320  554
 322  556
 322  557
 324  559
 324  560
 325  561
 325  562
 327  564
 327  566
 329  568
 329  569
 330  570
 330  571
 332  573
 332  574
 333  575
 333  577
 334  578
 334  579
 335  580
 335  581
 336  582
 336  583
 336  582
 335  581
 335  579
 334  578
 334  577
 333  576
 333  575
 332  574
 332  572
 331  571
 331  570
 329  568
 329  566
 328  565
 328  564
 327  563
 327  562
 326  561
 326  560
 325  559
 325  557
 324  556
 324  555
 322  553
 322  551
 321  550
 321  549
 319  547
 319  545
 318  544
 318  543
 317  542
 317  541
 316  540
 316  539
 315  538
 315  537
 314  536
 314  535
 312  533
 312  531
 311  530
 311  529
 309  527
 309  526
 308  525
 308  524
 307  523
 307  522
 305  520
 305  519
 304  518
 304  517
 301  514
 301  513
 299  511
 299  510
 296  507
 296  506
 292  502
 292  501
 289  498
 289  497
 285  493
 285  492
 282  489
 282  488
 281  487
 281  486
 280  485
 280  484
 279  483
 279  482
 278  481
 278  461
 279  460
 279  459
 280  458
 280  457
 286  451
 300  451
 302  449
 300  447
 300  446
 291  437
 290  437
 289  436
 289  435
 288  434
 288  417
 289  416
 289  415
 299  405
 300  405
 302  403
 303  403
 304  402
 303  401
 303  400
 302  399
 302  398
 301  397
 301  396
 295  390
 295  374
 296  373
 296  368
 299  365
 299  363
 300  362
 299  361
 299  360
 296  357
 296  337
 298  335
 298  333
 299  332
 296  329
 296  328
 294  326
 293  326
 288  321
 287  321
 284  318
 283  318
 281  316
 280  316
 278  314
 277  314
 275  312
 274  312
 273  311
 272  311
 271  310
 271  309
 269  307
 269  292
 270  291
 292  291
 293  290
 297  290
 300  287
 301  287
 302  286
 302  285
 306  281
 306  280
 307  279
 307  278
 309  276
 309  274
 310  273
 310  270
 311  269
 311  267
 312  266
 312  264
 313  263
 313  261
 314  260
 314  259
 315  258
 315  252
 316  251
 316  241
 317  240
 317  236
 318  235
 318  229
 319  228
 319  221
 320  220
 320  217
 321  216
 321  211
 322  210
 322  188
 323  187
 323  182
 324  181
 324  180
 325  179
 325  174
 326  173
 326  162
 327  161
 327  159
 328  158
 328  157
 329  156
 329  151
 330  150
 330  149
 331  148
 331  147
 332  146
 332  143
 333  142
 333  140
 334  139
 334  138
 335  137
 335  134
 336  133
 336  130
 338  128
 338  126
 339  125
 339  123
 340  122
 340  120
 341  119
 341  118
 342  117
 342  114
 343  113
 343  111
 345  109
 345  106
 346  105
 346  103
 347  102
 347  100
 348   99
 348   98
 349   97
 349   94
 350   93
 350   91
 351   90
 351   89
 352   88
 352   85
 353   84
 353   80
 354   79
 354   78
 355   77
 355   74
 356   73
 356   69
 355   68
 355   67
 354   66
 353   66
 352   65
 350   65
 349   64
 346   64
 345   63
