 386   85
 385   86
 378   86
 377   87
 374   87
 373   88
 367   88
 366   89
 363   89
 362   90
 359   90
 358   91
 355   91
 354   92
 352   92
 351   93
 349   93
 348   94
 346   94
 345   95
 343   95
 342   96
 340   96
 339   97
 337   97
 336   98
 334   98
 333   99
 331   99
 330  100
 329  100
 328  101
 326  101
 325  102
 324  102
 323  103
 322  103
 321  104
 319  104
 318  105
 317  105
 316  106
 315  106
 314  107
 313  107
 312  108
 311  108
 310  109
 309  109
 308  110
 307  110
 306  111
 304  111
 303  112
 302  112
 301  113
 300  113
 299  114
 298  114
 297  115
 296  115
 294  117
 292  117
 290  119
 289  119
 288  120
 287  120
 286  121
 285  121
 284  122
 283  122
 281  124
 280  124
 279  125
 278  125
 276  127
 275  127
 273  129
 272  129
 270  131
 269  131
 267  133
 266  133
 264  135
 263  135
 260  138
 259  138
 257  140
 256  140
 254  142
 253  142
 250  145
 249  145
 246  148
 245  148
 241  152
 240  152
 236  156
 235  156
 232  159
 231  159
 227  163
 226  163
 222  167
 221  167
 217  171
 216  171
 211  176
 210  176
 204  182
 203  182
 198  187
 197  187
 191  193
 190  193
 180  203
 179  203
 170  212
 169  212
 160  221
 159  221
 139  241
 139  242
 129  252
 129  253
 125  257
 125  258
 119  264
 119  265
 113  271
 113  272
 109  276
 109  277
 102  284
 102  285
  96  291
  96  292
  92  296
  92  297
  86  303
  86  304
  83  307
  83  308
  81  310
  81  311
  78  314
  78  315
  75  318
  75  320
  72  323
  72  325
  70  327
  70  328
  68  330
  68  331
  66  333
  66  334
  65  335
  65  336
  64  337
  64  338
  62  340
  62  341
  58  345
  58  350
  59  351
  73  351
  74  352
  74  366
  73  367
  72  367
  68  371
  68  372
  67  373
  67  374
  66  375
  66  376
  65  377
  65  378
  64  379
  64  380
  63  381
  63  383
  62  384
  62  388
  61  389
  61  398
  60  399
  60  408
  59  409
  53  409
  52  410
  52  452
  53  453
  53  455
  54  456
  54  459
  55  460
  55  462
  56  463
  56  464
  57  465
  57  466
  59  468
  60  468
  61  469
  62  469
  66  473
  66  474
  71  479
  72  479
  79  486
  79  487
  81  489
  81  490
  82  491
  82  492
  83  493
  83  494
  85  496
  85  497
  86  498
  86  499
  88  501
  88  502
  90  504
  90  505
  92  507
  92  508
  94  510
  94  511
  95  512
  95  513
  97  515
  97  516
  99  518
  99  519
 101  521
 101  522
 102  523
 102  524
 105  527
 105  528
 109  532
 109  533
 113  537
 113  538
 116  541
 116  542
 122  548
 123  548
 130  555
 131  555
 139  563
 140  563
 142  565
 142  566
 145  569
 145  570
 146  571
 146  572
 147  573
 147  574
 148  575
 148  576
 149  577
 149  579
 152  582
 152  583
 155  586
 155  587
 159  591
 159  592
 162  595
 162  596
 166  600
 167  600
 169  602
 173  602
 175  600
 176  600
 179  597
 180  597
 182  595
 185  595
 186  594
 193  594
 194  593
 197  593
 198  592
 199  592
 206  585
 206  584
 208  582
 208  581
 213  576
 214  576
 216  574
 217  574
 219  572
 220  572
 221  571
 223  571
 224  570
 227  570
 228  569
 230  569
 231  568
 233  568
 235  566
 236  566
 238  564
 238  563
 240  561
 240  560
 241  559
 241  557
 242  556
 242  554
 243  553
 243  552
 245  550
 245  549
 250  544
 251  544
 253  542
 254  542
 256  540
 257  540
 258  539
 259  539
 260  538
 261  538
 262  537
 263  537
 267  533
 267  532
 268  531
 268  530
 269  529
 269  526
 270  525
 270  521
 271  520
 271  510
 272  509
 272  507
 275  504
 275  503
 276  502
 277  502
 283  496
 284  496
 284  495
 286  493
 286  492
 288  490
 287  489
 287  488
 286  487
 286  486
 285  485
 285  484
 284  483
 284  482
 281  479
 281  478
 279  476
 279  475
 278  474
 278  472
 277  471
 277  468
 276  467
 276  453
 275  452
 275  448
 273  446
 273  445
 271  443
 271  442
 265  436
 265  435
 257  427
 256  427
 246  417
 245  417
 241  413
 241  409
 220  409
 219  408
 218  408
 216  406
 216  392
 217  391
 236  391
 237  392
 242  392
 243  393
 246  393
 247  394
 247  398
 258  398
 259  399
 262  399
 263  400
 267  400
 268  401
 272  401
 273  400
 277  400
 278  399
 279  399
 280  398
 281  398
 283  396
 284  396
 285  395
 286  395
 287  394
 288  394
 289  393
 291  393
 292  392
 293  392
 294  391
 296  391
 301  386
 301  385
 303  383
 304  383
 305  382
 305  381
 308  378
 308  377
 309  376
 309  373
 312  370
 312  369
 313  368
 313  367
 317  363
 318  363
 320  361
 321  361
 322  360
 322  355
 323  354
 323  352
 324  351
 327  351
 329  349
 329  348
 330  347
 330  346
 331  345
 331  344
 332  343
 332  339
 333  338
 333  335
 334  334
 334  332
 335  331
 335  329
 344  320
 344  319
 345  318
 345  316
 347  314
 347  313
 348  312
 348  309
 349  308
 349  307
 351  305
 351  304
 352  303
 352  296
 353  295
 353  290
 354  289
 354  286
 355  285
 355  283
 356  282
 356  281
 360  277
 361  277
 362  276
 362  275
 365  272
 365  270
 366  269
 366  268
 367  267
 367  266
 368  265
 368  263
 371  260
 371  259
 372  258
 372  257
 374  255
 374  253
 375  252
 375  248
 376  247
 376  242
 377  241
 377  240
 378  239
 378  238
 379  237
 379  236
 385  230
 385  229
 388  226
 388  225
 389  224
 389  223
 391  221
 391  220
 392  219
 392  218
 393  217
 393  216
 395  214
 395  213
 396  212
 396  211
 398  209
 398  207
 399  206
 399  204
 400  203
 400  202
 401  201
 401  199
 402  198
 402  193
 407  188
 408  188
 408  187
 409  186
 409  185
 410  184
 410  183
 411  182
 411  180
 412  179
 412  177
 413  176
 413  175
 414  174
 414  173
 415  172
 415  169
 416  168
 416  166
 417  165
 417  164
 418  163
 418  161
 419  160
 419  158
 420  157
 420  155
 421  154
 421  151
 422  150
 422  146
 423  145
 423  142
 424  141
 424  139
 425  138
 425  134
 426  133
 426  127
 427  126
 427  110
 428  109
 428  108
 427  107
 427  106
 426  105
 426  101
 425  100
 425   96
 421   92
 420   92
 419   91
 418   91
 417   90
 416   90
 415   89
 414   89
 413   88
 410   88
 409   87
 407   87
 406   86
 401   86
 400   85
