 326  156
 325  157
 321  157
 320  158
 317  158
 316  159
 314  159
 313  160
 311  160
 310  161
 307  161
 306  162
 305  162
 304  163
 303  163
 302  164
 301  164
 300  165
 298  165
 297  166
 296  166
 295  167
 294  167
 293  168
 292  168
 291  169
 290  169
 289  170
 288  170
 287  171
 286  171
 285  172
 284  172
 282  174
 281  174
 280  175
 279  175
 277  177
 276  177
 275  178
 274  178
 272  180
 271  180
 269  182
 268  182
 267  183
 266  183
 264  185
 263  185
 262  186
 261  186
 259  188
 258  188
 256  190
 255  190
 252  193
 251  193
 246  198
 245  198
 242  201
 241  201
 240  202
 239  202
 237  204
 236  204
 234  206
 233  206
 231  208
 230  208
 225  213
 224  213
 221  216
 220  216
 216  220
 215  220
 213  222
 213  223
 212  224
 211  224
 207  228
 206  228
 206  229
 205  230
 204  230
 202  232
 201  232
 192  241
 191  241
 191  242
 190  243
 189  243
 185  247
 184  247
 184  248
 178  254
 177  254
 169  262
 169  263
 167  265
 166  265
 155  276
 154  276
 142  288
 141  288
 114  315
 114  342
 115  343
 131  343
 132  344
 132  358
 130  360
 129  360
 129  361
 127  363
 119  363
 119  364
 118  365
 118  391
 120  393
 123  393
 128  398
 128  399
 130  401
 130  402
 134  406
 134  407
 135  408
 135  409
 138  412
 138  413
 141  416
 141  417
 144  420
 144  421
 145  422
 145  423
 148  426
 148  427
 150  429
 150  431
 151  432
 151  433
 154  436
 154  437
 155  438
 155  439
 157  441
 157  442
 158  443
 158  444
 161  447
 161  448
 164  451
 164  452
 165  453
 165  454
 167  456
 167  457
 168  458
 168  459
 170  461
 170  463
 171  464
 171  465
 174  468
 174  469
 175  470
 175  471
 177  473
 177  474
 178  475
 178  476
 180  478
 180  480
 181  481
 181  482
 182  483
 182  484
 183  485
 183  489
 184  490
 184  493
 185  494
 185  496
 187  498
 187  502
 188  503
 188  504
 190  506
 190  508
 191  509
 191  510
 193  512
 193  513
 196  516
 197  516
 198  517
 198  518
 201  521
 202  521
 203  522
 204  522
 205  523
 206  523
 207  524
 208  524
 209  525
 210  525
 211  526
 212  526
 213  527
 216  527
 217  528
 219  528
 220  529
 223  529
 224  530
 226  530
 227  531
 230  531
 231  532
 232  531
 238  531
 239  530
 245  530
 246  529
 249  529
 250  528
 251  528
 252  527
 253  527
 254  526
 255  526
 256  525
 259  525
 260  524
 261  524
 262  523
 263  523
 264  522
 265  522
 266  521
 267  521
 269  519
 270  519
 272  517
 273  517
 275  515
 276  515
 277  514
 278  514
 279  513
 280  513
 282  511
 283  511
 286  508
 286  507
 290  503
 290  502
 292  500
 292  499
 302  489
 302  488
 303  487
 303  486
 306  483
 306  482
 309  479
 309  478
 312  475
 312  474
 313  473
 313  471
 314  470
 314  469
 315  468
 315  467
 316  466
 316  463
 317  462
 317  458
 318  457
 318  455
 319  454
 319  450
 320  449
 320  433
 319  432
 319  427
 318  426
 318  424
 317  423
 317  419
 316  418
 316  416
 314  414
 314  413
 313  412
 313  410
 310  407
 310  406
 309  405
 309  404
 306  401
 306  400
 303  397
 303  396
 302  395
 302  394
 295  387
 294  387
 289  382
 288  382
 285  379
 284  379
 280  375
 279  375
 277  373
 276  373
 274  371
 273  371
 271  369
 270  369
 268  367
 268  353
 269  352
 275  352
 276  351
 291  351
 292  350
 299  350
 300  349
 302  349
 303  348
 305  348
 306  347
 308  347
 309  346
 310  346
 311  345
 312  345
 313  344
 314  344
 315  343
 317  343
 318  342
 319  342
 321  340
 322  340
 325  337
 326  337
 334  329
 335  329
 336  328
 336  327
 340  323
 340  322
 345  317
 345  316
 346  315
 346  314
 348  312
 348  311
 349  310
 349  309
 350  308
 350  307
 352  305
 352  304
 353  303
 353  302
 354  301
 354  300
 356  298
 356  297
 357  296
 357  293
 358  292
 358  291
 359  290
 359  289
 360  288
 360  286
 361  285
 361  283
 362  282
 362  281
 363  280
 363  275
 364  274
 364  266
 365  265
 365  250
 366  249
 366  235
 367  234
 367  219
 366  218
 366  213
 365  212
 365  208
 364  207
 364  201
 363  200
 363  195
 362  194
 362  193
 361  192
 361  191
 360  190
 360  187
 359  186
 359  185
 358  184
 358  183
 357  182
 357  181
 356  180
 356  179
 354  177
 354  176
 352  174
 352  173
 350  171
 350  170
 349  169
 349  168
 343  162
 342  162
 341  161
 340  161
 338  159
 337  159
 336  158
 334  158
 333  157
 331  157
 330  156
