 335  144
 334  145
 324  145
 323  146
 320  146
 319  147
 315  147
 314  148
 312  148
 311  149
 308  149
 307  150
 305  150
 304  151
 302  151
 301  152
 299  152
 298  153
 297  153
 296  154
 294  154
 293  155
 292  155
 291  156
 289  156
 288  157
 287  157
 286  158
 285  158
 284  159
 283  159
 282  160
 281  160
 280  161
 279  161
 278  162
 277  162
 276  163
 275  163
 274  164
 273  164
 272  165
 271  165
 270  166
 269  166
 268  167
 267  167
 266  168
 265  168
 264  169
 263  169
 262  170
 261  170
 260  171
 259  171
 257  173
 256  173
 255  174
 254  174
 252  176
 251  176
 250  177
 249  177
 248  178
 247  178
 245  180
 244  180
 242  182
 241  182
 240  183
 239  183
 238  184
 237  184
 235  186
 234  186
 233  187
 232  187
 230  189
 229  189
 227  191
 226  191
 224  193
 223  193
 221  195
 220  195
 218  197
 217  197
 215  199
 214  199
 212  201
 211  201
 208  204
 207  204
 204  207
 203  207
 200  210
 199  210
 196  213
 195  213
 192  216
 191  216
 188  219
 187  219
 184  222
 183  222
 177  228
 176  228
 171  233
 170  233
 158  245
 157  245
 134  268
 134  269
 132  271
 132  272
 128  276
 128  277
 123  282
 123  283
 120  286
 120  287
 119  288
 119  289
 117  291
 117  292
 112  297
 112  317
 113  318
 121  318
 122  319
 122  333
 121  334
 121  335
 120  336
 120  337
 119  338
 119  342
 118  343
 118  345
 117  346
 115  346
 114  347
 114  364
 115  365
 115  366
 116  367
 116  369
 117  370
 117  371
 118  372
 118  373
 119  374
 119  376
 120  377
 120  380
 122  382
 122  383
 123  384
 123  386
 124  387
 124  389
 126  391
 126  393
 127  394
 127  396
 128  397
 128  398
 129  399
 129  401
 130  402
 130  405
 131  406
 131  407
 132  408
 132  409
 133  410
 133  412
 134  413
 134  415
 135  416
 135  417
 136  418
 136  420
 137  421
 137  422
 138  423
 138  425
 139  426
 139  427
 140  428
 140  431
 141  432
 141  434
 142  435
 142  437
 143  438
 143  440
 144  441
 144  443
 145  444
 145  446
 146  447
 146  453
 147  454
 147  460
 148  461
 148  464
 149  465
 149  469
 153  473
 159  473
 160  474
 165  474
 167  476
 167  495
 166  496
 166  500
 167  501
 167  505
 168  506
 168  507
 169  508
 169  509
 170  510
 170  511
 171  512
 171  513
 175  517
 176  517
 177  518
 181  518
 183  516
 184  516
 187  513
 188  513
 189  512
 190  512
 191  511
 210  511
 214  515
 218  511
 219  511
 220  510
 222  510
 223  509
 240  509
 241  510
 242  510
 244  512
 244  514
 245  515
 245  516
 246  517
 246  518
 247  519
 247  521
 248  522
 248  523
 250  525
 250  527
 251  528
 251  529
 253  531
 253  532
 254  533
 254  534
 257  537
 257  538
 260  541
 261  541
 262  542
 263  541
 264  541
 265  540
 265  536
 264  535
 264  534
 263  533
 263  531
 262  530
 262  529
 261  528
 261  527
 260  526
 260  525
 259  524
 259  523
 257  521
 257  520
 256  519
 256  517
 255  516
 255  515
 253  513
 253  512
 252  511
 252  510
 246  504
 246  503
 245  502
 245  486
 246  485
 246  483
 251  478
 252  478
 253  477
 256  477
 257  476
 258  476
 260  474
 260  473
 261  472
 261  469
 260  468
 260  467
 259  466
 259  448
 260  447
 260  445
 264  441
 265  441
 266  440
 267  440
 270  437
 270  436
 271  435
 271  432
 270  431
 270  429
 269  428
 269  427
 265  423
 265  404
 266  403
 266  400
 268  398
 268  397
 269  396
 269  394
 268  393
 268  392
 267  391
 267  390
 266  389
 266  388
 262  384
 262  383
 261  382
 260  382
 256  378
 256  377
 254  375
 254  374
 253  373
 253  372
 252  371
 252  370
 250  368
 250  367
 249  366
 249  364
 248  363
 248  362
 247  361
 247  360
 246  359
 246  356
 242  352
 242  351
 239  348
 239  334
 240  333
 271  333
 272  332
 273  332
 274  331
 275  331
 279  327
 280  327
 282  325
 283  325
 286  322
 286  321
 289  318
 290  318
 290  317
 293  314
 294  314
 299  309
 299  306
 300  305
 300  301
 301  300
 301  299
 302  298
 302  297
 303  296
 303  295
 308  290
 309  290
 311  288
 312  288
 312  287
 313  286
 313  284
 314  283
 314  272
 315  271
 315  269
 316  268
 316  266
 323  259
 323  257
 324  256
 324  253
 325  252
 325  248
 326  247
 326  245
 333  238
 334  238
 335  237
 335  236
 336  235
 336  234
 337  233
 337  232
 338  231
 338  230
 339  229
 339  226
 340  225
 340  223
 342  221
 342  220
 345  217
 346  217
 349  214
 349  213
 351  211
 351  210
 352  209
 352  208
 353  207
 353  204
 354  203
 354  201
 355  200
 355  199
 356  198
 356  197
 359  194
 359  193
 361  191
 361  190
 362  189
 362  188
 363  187
 363  182
 364  181
 364  179
 365  178
 365  177
 366  176
 366  175
 367  174
 367  172
 368  171
 368  169
 369  168
 369  164
 368  163
 368  159
 367  158
 367  157
 366  156
 366  155
 361  150
 360  150
 359  149
 358  149
 357  148
 356  148
 355  147
 353  147
 352  146
 349  146
 348  145
 341  145
 340  144
