 398   38
 397   39
 385   39
 384   40
 379   40
 378   41
 373   41
 372   42
 370   42
 369   43
 365   43
 364   44
 363   44
 362   45
 359   45
 358   46
 356   46
 355   47
 352   47
 351   48
 349   48
 348   49
 347   49
 346   50
 344   50
 343   51
 342   51
 341   52
 339   52
 338   53
 337   53
 336   54
 334   54
 333   55
 332   55
 331   56
 330   56
 329   57
 327   57
 326   58
 325   58
 324   59
 323   59
 322   60
 321   60
 320   61
 319   61
 318   62
 317   62
 316   63
 315   63
 314   64
 313   64
 312   65
 311   65
 309   67
 308   67
 307   68
 306   68
 305   69
 304   69
 302   71
 301   71
 300   72
 299   72
 298   73
 297   73
 296   74
 295   74
 293   76
 292   76
 291   77
 290   77
 288   79
 287   79
 286   80
 285   80
 284   81
 283   81
 281   83
 280   83
 279   84
 278   84
 276   86
 275   86
 274   87
 273   87
 271   89
 270   89
 268   91
 267   91
 265   93
 264   93
 262   95
 261   95
 259   97
 258   97
 255  100
 254  100
 252  102
 251  102
 248  105
 247  105
 244  108
 243  108
 240  111
 239  111
 236  114
 235  114
 232  117
 231  117
 227  121
 226  121
 222  125
 221  125
 218  128
 217  128
 210  135
 209  135
 205  139
 204  139
 198  145
 197  145
 191  151
 190  151
 176  165
 176  166
 173  169
 173  170
 167  176
 167  177
 153  191
 153  192
 150  195
 149  195
 141  203
 140  203
 138  205
 137  205
 134  208
 133  208
 132  209
 131  209
 128  212
 127  212
 124  215
 123  215
 120  218
 120  219
 116  223
 116  224
 113  227
 113  228
 106  235
 106  236
  93  249
  93  250
  91  252
  90  252
  77  265
  76  265
  76  266
  74  268
  73  268
  49  292
  49  293
  43  299
  43  300
  40  303
  40  304
  34  310
  34  311
  30  315
  30  316
  29  317
  29  318
  22  325
  22  359
  23  360
  46  360
  47  361
  74  361
  75  362
  75  376
  74  377
  34  377
  33  378
  32  378
  27  383
  27  385
  26  386
  26  387
  25  388
  25  389
  23  391
  23  393
  22  394
  20  394
  19  395
  19  415
  20  416
  20  417
  21  418
  21  420
  22  421
  22  425
  23  426
  23  428
  24  429
  24  430
  25  431
  25  432
  26  433
  26  435
  28  437
  28  438
  29  439
  29  441
  30  442
  30  443
  33  446
  33  447
  35  449
  35  450
  37  452
  37  453
  39  455
  39  456
  41  458
  41  459
  42  460
  42  461
  43  462
  43  463
  45  465
  45  466
  46  467
  46  469
  48  471
  48  472
  49  473
  49  475
  51  477
  51  478
  52  479
  52  480
  53  481
  53  482
  55  484
  55  485
  56  486
  56  488
  58  490
  58  491
  59  492
  59  494
  61  496
  61  497
  62  498
  62  501
  63  502
  63  504
  65  506
  65  507
  66  508
  66  510
  68  512
  68  513
  69  514
  69  515
  71  517
  71  518
  73  520
  73  521
  74  522
  74  523
  76  525
  76  526
  77  527
  77  528
  79  530
  79  531
  82  534
  82  535
  84  537
  84  538
  86  540
  86  541
  89  544
  89  545
  90  546
  90  547
  93  550
  93  551
  96  554
  96  555
  97  556
  97  557
 100  560
 100  561
 103  564
 103  565
 107  569
 107  570
 113  576
 113  577
 114  578
 115  578
 123  586
 124  586
 127  589
 127  590
 129  592
 129  593
 131  595
 131  596
 133  598
 133  599
 136  602
 136  603
 140  607
 140  608
 145  613
 146  613
 147  614
 148  614
 152  618
 152  619
 153  620
 153  622
 155  624
 155  625
 156  626
 156  628
 157  629
 157  630
 158  631
 158  632
 159  633
 159  636
 160  637
 160  638
 168  646
 169  646
 171  648
 172  648
 173  649
 178  649
 179  648
 180  648
 181  647
 183  647
 184  646
 185  646
 188  643
 188  641
 189  640
 189  639
 193  635
 194  635
 195  634
 197  634
 198  633
 214  633
 216  635
 217  635
 220  638
 221  638
 222  639
 225  639
 226  640
 228  640
 229  639
 230  639
 232  637
 232  622
 235  619
 236  619
 238  617
 239  617
 242  614
 243  614
 244  613
 245  613
 247  611
 248  611
 249  610
 250  610
 251  609
 252  609
 253  608
 262  608
 263  607
 270  607
 271  606
 272  606
 273  605
 274  605
 276  603
 276  602
 278  600
 278  598
 279  597
 279  589
 278  588
 278  571
 279  570
 279  568
 280  567
 280  566
 281  565
 281  564
 282  563
 282  562
 286  558
 294  558
 295  557
 298  557
 299  556
 301  556
 303  554
 304  554
 306  552
 306  551
 307  550
 307  549
 308  548
 308  547
 307  546
 307  544
 306  543
 306  540
 305  539
 305  538
 303  536
 303  535
 302  534
 302  533
 301  532
 301  531
 299  529
 299  527
 296  524
 296  502
 297  501
 297  500
 299  498
 299  497
 300  496
 301  496
 303  494
 299  490
 299  488
 298  487
 298  486
 297  485
 297  484
 296  483
 296  481
 293  478
 293  477
 289  473
 289  472
 286  469
 286  453
 287  452
 290  452
 289  451
 289  436
 290  435
 290  433
 291  432
 291  430
 290  429
 290  428
 289  427
 289  425
 281  417
 280  417
 277  414
 276  414
 274  412
 273  412
 271  410
 270  410
 269  409
 268  409
 266  407
 265  407
 264  406
 263  406
 262  405
 261  405
 259  403
 258  403
 256  401
 255  401
 253  399
 252  399
 251  398
 250  398
 249  397
 248  397
 247  396
 242  396
 241  395
 238  395
 237  394
 228  394
 225  391
 224  391
 223  390
 223  376
 224  375
 257  375
 258  376
 298  376
 299  375
 315  375
 316  374
 318  374
 319  373
 320  373
 321  372
 322  372
 323  371
 324  371
 328  367
 329  367
 331  365
 332  365
 333  364
 334  364
 336  362
 337  362
 339  360
 343  360
 344  359
 345  359
 345  358
 348  355
 348  354
 349  353
 349  352
 350  351
 350  350
 353  347
 354  347
 355  346
 356  346
 357  345
 359  345
 360  344
 361  344
 363  342
 364  342
 366  340
 366  339
 367  338
 367  337
 369  335
 369  334
 371  332
 371  331
 372  330
 372  328
 373  327
 373  305
 375  303
 375  302
 385  292
 385  291
 386  290
 386  287
 387  286
 387  284
 388  283
 388  282
 389  281
 389  278
 390  277
 389  276
 389  253
 390  252
 390  250
 392  248
 392  247
 393  246
 393  245
 396  242
 396  241
 397  240
 397  239
 398  238
 398  237
 399  236
 399  233
 400  232
 400  228
 401  227
 401  226
 402  225
 402  224
 403  223
 403  205
 404  204
 404  203
 405  202
 405  200
 407  198
 408  198
 411  195
 412  195
 413  194
 413  193
 417  189
 417  188
 419  186
 419  184
 420  183
 420  182
 421  181
 421  180
 423  178
 423  177
 425  175
 425  174
 426  173
 426  171
 427  170
 427  166
 428  165
 428  163
 429  162
 429  160
 432  157
 432  156
 436  152
 436  151
 439  148
 439  147
 440  146
 440  145
 441  144
 441  143
 442  142
 442  141
 443  140
 443  138
 444  137
 444  136
 446  134
 446  132
 447  131
 447  129
 448  128
 448  127
 449  126
 449  121
 450  120
 450  117
 451  116
 451  115
 452  114
 452  113
 453  112
 453  108
 454  107
 454  104
 455  103
 454  102
 453  102
 451  100
 451   85
 452   84
 452   81
 453   80
 453   78
 459   72
 460   72
 461   71
 461   68
 460   67
 460   64
 459   63
 459   60
 457   58
 457   57
 456   56
 456   55
 448   47
 447   47
 446   46
 445   46
 444   45
 442   45
 441   44
 440   44
 439   43
 436   43
 435   42
 432   42
 431   41
 427   41
 426   40
 420   40
 419   39
 409   39
 408   38
