 399   86
 398   87
 389   87
 388   88
 380   88
 379   89
 376   89
 375   90
 371   90
 370   91
 368   91
 367   92
 365   92
 364   93
 361   93
 360   94
 359   94
 358   95
 355   95
 354   96
 353   96
 352   97
 349   97
 348   98
 347   98
 346   99
 344   99
 343  100
 341  100
 340  101
 338  101
 337  102
 336  102
 335  103
 333  103
 332  104
 331  104
 330  105
 329  105
 328  106
 326  106
 325  107
 324  107
 323  108
 322  108
 321  109
 320  109
 319  110
 317  110
 316  111
 315  111
 314  112
 313  112
 312  113
 311  113
 310  114
 309  114
 308  115
 307  115
 306  116
 305  116
 304  117
 303  117
 301  119
 299  119
 297  121
 296  121
 295  122
 294  122
 292  124
 291  124
 290  125
 289  125
 288  126
 287  126
 285  128
 284  128
 283  129
 282  129
 280  131
 279  131
 278  132
 277  132
 276  133
 275  133
 273  135
 272  135
 271  136
 270  136
 268  138
 267  138
 265  140
 264  140
 263  141
 262  141
 260  143
 259  143
 258  144
 257  144
 255  146
 254  146
 252  148
 251  148
 249  150
 248  150
 245  153
 244  153
 242  155
 241  155
 239  157
 238  157
 237  158
 236  158
 234  160
 233  160
 231  162
 230  162
 228  164
 227  164
 225  166
 224  166
 222  168
 221  168
 218  171
 217  171
 215  173
 214  173
 212  175
 211  175
 207  179
 206  179
 201  184
 200  184
 197  187
 196  187
 193  190
 192  190
 188  194
 187  194
 181  200
 180  200
 174  206
 173  206
 167  212
 166  212
 157  221
 156  221
 150  227
 149  227
 146  230
 145  230
 138  237
 137  237
 130  244
 129  244
 111  262
 110  262
 101  271
 100  271
  97  274
  96  274
  95  275
  94  275
  93  276
  92  276
  91  277
  89  277
  86  280
  85  280
  80  285
  80  286
  76  290
  76  291
  72  295
  72  296
  69  299
  69  300
  65  304
  65  305
  59  311
  59  312
  57  314
  56  314
  56  315
  53  318
  52  318
  46  324
  46  341
  45  342
  44  342
  43  343
  43  346
  40  349
  39  349
  37  351
  37  368
  38  369
  49  369
  50  370
  50  384
  49  385
  48  385
  47  386
  46  386
  44  388
  44  389
  43  390
  43  392
  42  393
  42  395
  41  396
  41  404
  40  405
  40  415
  39  416
  39  418
  38  419
  34  419
  33  420
  33  438
  35  440
  35  442
  36  443
  36  444
  37  445
  37  446
  38  447
  38  449
  39  450
  39  451
  40  452
  40  453
  41  454
  41  455
  42  456
  42  458
  44  460
  44  461
  45  462
  45  463
  46  464
  46  465
  48  467
  48  468
  49  469
  49  470
  51  472
  51  474
  52  475
  52  476
  55  479
  55  481
  56  482
  56  483
  58  485
  58  486
  59  487
  59  488
  62  491
  62  493
  64  495
  64  496
  65  497
  65  498
  68  501
  68  502
  69  503
  69  504
  72  507
  72  508
  73  509
  73  510
  76  513
  76  514
  79  517
  79  518
  82  521
  82  522
  86  526
  86  527
  92  533
  92  534
  96  538
  96  539
  97  539
  99  541
  99  542
 109  552
 110  552
 114  556
 115  556
 119  560
 120  560
 125  565
 125  566
 126  567
 126  568
 127  569
 127  570
 128  571
 128  572
 129  573
 129  575
 131  577
 131  578
 133  580
 133  581
 134  582
 134  583
 135  584
 135  587
 136  588
 136  589
 137  590
 137  591
 138  592
 138  594
 139  595
 139  596
 141  598
 141  599
 142  600
 144  600
 145  599
 146  599
 149  596
 150  596
 151  595
 167  595
 169  597
 170  597
 172  599
 173  599
 174  600
 175  600
 176  601
 177  600
 178  600
 180  598
 180  597
 181  596
 181  595
 183  593
 183  592
 192  583
 193  583
 194  582
 196  582
 197  581
 200  581
 201  580
 202  580
 203  579
 205  579
 208  576
 208  574
 209  573
 209  570
 210  569
 210  567
 211  566
 211  561
 212  560
 212  558
 214  556
 214  555
 221  548
 222  548
 223  547
 224  547
 225  546
 227  546
 228  545
 229  545
 230  544
 231  544
 235  540
 235  539
 236  538
 236  535
 237  534
 237  517
 238  516
 238  512
 239  511
 239  510
 241  508
 241  507
 250  498
 251  498
 251  497
 254  494
 254  488
 252  486
 252  484
 251  483
 251  481
 250  480
 250  479
 249  478
 249  476
 248  475
 248  454
 245  451
 245  450
 243  448
 243  447
 238  442
 238  441
 234  437
 234  436
 233  435
 232  435
 220  423
 219  423
 215  419
 207  419
 206  418
 203  418
 202  417
 197  417
 196  416
 193  416
 192  415
 192  401
 193  400
 208  400
 209  401
 225  401
 226  402
 237  402
 238  403
 243  403
 244  402
 253  402
 254  401
 261  401
 262  400
 263  400
 264  399
 265  399
 266  398
 267  398
 276  389
 277  389
 278  388
 279  388
 280  387
 281  387
 282  386
 282  385
 284  383
 284  382
 290  376
 291  376
 294  373
 294  372
 298  368
 298  367
 307  358
 307  357
 308  356
 308  355
 310  353
 310  352
 311  351
 311  350
 313  348
 313  347
 314  346
 314  345
 316  343
 316  342
 318  340
 318  339
 320  337
 320  336
 321  335
 321  334
 322  333
 322  332
 324  330
 324  329
 325  328
 325  327
 328  324
 328  322
 330  320
 330  319
 331  318
 331  317
 334  314
 334  313
 338  309
 338  308
 340  306
 340  305
 341  304
 341  303
 343  301
 343  300
 345  298
 345  297
 347  295
 347  294
 349  292
 349  291
 351  289
 351  288
 353  286
 353  285
 355  283
 355  282
 357  280
 357  279
 358  278
 358  277
 361  274
 361  272
 364  269
 364  268
 368  264
 368  263
 371  260
 371  259
 372  258
 372  257
 375  254
 375  253
 378  250
 378  249
 381  246
 381  245
 382  244
 382  243
 385  240
 385  239
 388  236
 388  235
 391  232
 391  231
 392  230
 392  229
 394  227
 394  226
 395  225
 395  224
 398  221
 398  220
 401  217
 401  216
 404  213
 404  212
 405  211
 405  210
 408  207
 408  206
 409  205
 409  204
 411  202
 411  201
 412  200
 412  199
 415  196
 415  195
 417  193
 417  192
 418  191
 418  190
 419  189
 419  188
 421  186
 421  185
 422  184
 422  183
 424  181
 424  180
 425  179
 425  178
 427  176
 427  175
 428  174
 428  173
 429  172
 429  170
 431  168
 431  167
 432  166
 432  164
 433  163
 433  162
 434  161
 434  160
 435  159
 435  158
 436  157
 436  154
 437  153
 437  151
 438  150
 438  149
 439  148
 439  146
 440  145
 440  144
 442  142
 442  140
 443  139
 443  138
 444  137
 444  136
 445  135
 445  131
 446  130
 446  121
 447  120
 447  111
 446  110
 446  107
 445  106
 445  105
 444  104
 444  103
 443  102
 443  101
 437   95
 436   95
 434   93
 433   93
 432   92
 431   92
 430   91
 428   91
 427   90
 425   90
 424   89
 422   89
 421   88
 415   88
 414   87
 406   87
 405   86
