 321  160
 320  161
 303  161
 302  162
 296  162
 289  169
 283  169
 282  170
 281  170
 280  171
 279  171
 278  172
 278  173
 275  176
 274  176
 273  177
 270  177
 269  178
 268  178
 267  179
 266  179
 261  184
 260  184
 259  185
 258  185
 252  191
 251  191
 250  192
 249  192
 248  193
 247  193
 246  194
 245  194
 238  201
 237  201
 235  203
 235  204
 231  208
 230  208
 227  211
 227  212
 223  216
 222  216
 220  218
 220  219
 216  223
 215  223
 212  226
 212  227
 204  235
 204  236
 202  238
 201  238
 198  241
 198  242
 197  243
 197  244
 196  245
 195  245
 191  249
 191  250
 186  255
 185  255
 185  256
 183  258
 183  259
 180  262
 179  262
 178  263
 178  264
 176  266
 176  268
 172  272
 172  273
 170  275
 170  277
 169  278
 169  281
 168  282
 168  283
 166  285
 165  285
 163  287
 163  288
 162  289
 162  293
 161  294
 161  297
 155  303
 155  305
 154  306
 154  313
 153  314
 153  316
 152  317
 152  318
 151  319
 151  320
 150  321
 150  322
 149  323
 149  326
 148  327
 149  328
 149  334
 150  335
 150  336
 151  337
 151  338
 155  342
 155  356
 154  357
 152  357
 151  358
 149  358
 147  360
 147  361
 146  362
 146  363
 145  364
 145  370
 144  371
 144  378
 145  379
 145  385
 146  386
 146  393
 147  394
 147  398
 148  399
 148  400
 149  401
 149  404
 150  405
 150  409
 151  410
 151  416
 152  417
 152  419
 153  420
 153  421
 154  422
 154  423
 155  424
 155  427
 156  428
 156  431
 157  432
 157  434
 158  435
 158  436
 159  437
 159  438
 160  439
 160  441
 161  442
 161  445
 162  446
 162  447
 163  448
 163  449
 164  450
 164  451
 165  452
 165  454
 166  455
 166  457
 167  458
 167  460
 168  461
 168  462
 170  464
 170  466
 171  467
 171  469
 172  470
 172  472
 177  477
 177  478
 180  481
 181  481
 182  482
 183  482
 186  485
 187  485
 191  489
 191  490
 193  492
 193  493
 195  495
 195  496
 196  497
 196  501
 197  502
 197  504
 198  505
 198  506
 199  507
 199  508
 201  510
 201  512
 202  513
 202  514
 205  517
 205  518
 209  522
 211  522
 212  523
 215  523
 216  524
 219  524
 220  525
 221  525
 222  526
 223  526
 224  527
 225  527
 226  528
 242  528
 243  527
 244  527
 245  526
 245  525
 246  524
 246  523
 245  522
 245  515
 244  514
 244  498
 245  497
 245  495
 247  493
 247  492
 250  489
 252  489
 253  488
 254  488
 258  484
 258  482
 259  481
 259  465
 260  464
 260  456
 261  455
 261  454
 262  453
 262  450
 264  448
 264  447
 265  446
 265  445
 266  444
 266  437
 267  436
 267  430
 269  428
 269  427
 270  426
 270  425
 271  424
 271  407
 272  406
 272  402
 271  401
 271  396
 267  392
 267  391
 266  390
 266  389
 264  387
 263  387
 262  386
 261  386
 259  384
 259  383
 258  382
 257  382
 256  381
 255  381
 254  380
 253  380
 250  377
 250  376
 248  374
 246  374
 245  373
 245  359
 246  358
 255  358
 256  357
 259  357
 260  356
 263  356
 264  355
 267  355
 268  354
 269  354
 272  351
 272  350
 275  347
 276  347
 277  346
 277  345
 279  343
 279  342
 285  336
 285  335
 286  334
 286  332
 287  331
 287  329
 288  328
 288  327
 292  323
 292  321
 293  320
 293  312
 294  311
 294  310
 295  309
 295  308
 296  307
 296  306
 298  304
 298  303
 299  302
 299  300
 300  299
 300  288
 301  287
 301  282
 302  281
 302  279
 303  278
 303  277
 304  276
 304  275
 305  274
 305  273
 306  272
 306  266
 307  265
 307  259
 308  258
 308  250
 309  249
 309  248
 311  246
 311  245
 312  244
 312  242
 313  241
 313  238
 314  237
 314  235
 315  234
 315  231
 316  230
 316  229
 317  228
 317  227
 320  224
 320  223
 321  222
 321  220
 322  219
 322  218
 323  217
 323  216
 324  215
 324  214
 326  212
 326  211
 327  210
 327  209
 328  208
 328  207
 329  206
 329  203
 330  202
 330  198
 331  197
 331  196
 334  193
 334  192
 335  191
 335  190
 336  189
 336  184
 337  183
 337  166
 336  165
 336  164
 334  162
 333  162
 332  161
 328  161
 327  160
