 317  187
 316  188
 311  188
 310  189
 307  189
 306  190
 302  190
 301  191
 299  191
 298  192
 295  192
 294  193
 293  193
 292  194
 290  194
 289  195
 288  195
 287  196
 285  196
 284  197
 283  197
 282  198
 280  198
 279  199
 278  199
 277  200
 276  200
 275  201
 274  201
 273  202
 272  202
 271  203
 269  203
 267  205
 266  205
 265  206
 264  206
 263  207
 262  207
 261  208
 260  208
 258  210
 257  210
 256  211
 255  211
 253  213
 252  213
 251  214
 250  214
 248  216
 247  216
 245  218
 244  218
 242  220
 241  220
 239  222
 238  222
 235  225
 234  225
 232  227
 231  227
 227  231
 226  231
 224  233
 223  233
 219  237
 218  237
 214  241
 213  241
 209  245
 208  245
 204  249
 203  249
 197  255
 196  255
 187  264
 186  264
 171  279
 171  280
 164  287
 164  288
 158  294
 158  295
 154  299
 154  300
 151  303
 151  304
 149  306
 149  307
 147  309
 147  310
 144  313
 144  314
 141  317
 141  319
 138  322
 138  323
 137  324
 137  326
 135  328
 135  329
 134  330
 134  331
 130  335
 129  335
 128  336
 128  362
 130  364
 130  379
 129  380
 129  393
 130  394
 130  395
 131  396
 131  397
 132  398
 132  399
 133  400
 133  402
 134  403
 134  407
 135  408
 135  411
 136  412
 136  429
 135  430
 134  430
 134  432
 135  433
 135  434
 136  435
 136  436
 137  437
 137  438
 138  439
 138  442
 139  443
 139  444
 149  444
 151  446
 151  447
 152  448
 152  449
 168  465
 168  466
 175  473
 175  474
 177  476
 177  477
 178  478
 178  479
 181  482
 181  483
 182  484
 182  485
 185  488
 185  489
 187  491
 189  489
 189  488
 190  487
 190  485
 191  484
 206  484
 208  486
 209  486
 211  488
 211  490
 214  493
 214  494
 220  500
 221  500
 227  494
 242  494
 243  495
 244  494
 245  494
 247  492
 247  489
 252  484
 253  484
 254  483
 261  483
 264  480
 264  478
 265  477
 265  470
 266  469
 266  468
 269  465
 273  465
 274  464
 275  464
 276  463
 277  463
 279  461
 279  460
 280  459
 280  458
 279  457
 279  456
 278  455
 278  454
 277  453
 277  439
 278  438
 278  437
 279  436
 280  436
 282  434
 282  431
 281  430
 281  428
 280  427
 280  426
 274  420
 274  419
 273  418
 273  417
 272  416
 272  411
 271  410
 271  407
 270  406
 270  405
 267  402
 267  401
 260  394
 259  394
 256  391
 255  391
 253  389
 252  389
 250  387
 249  387
 248  386
 247  386
 246  385
 246  371
 247  370
 252  370
 253  369
 267  369
 268  368
 270  368
 271  367
 272  367
 273  366
 276  366
 277  365
 280  365
 281  364
 283  364
 288  359
 288  358
 291  355
 291  354
 294  351
 294  350
 296  348
 297  348
 300  345
 301  345
 306  340
 306  339
 308  337
 308  336
 310  334
 310  332
 311  331
 311  326
 312  325
 312  323
 317  318
 317  317
 319  315
 319  314
 320  313
 320  312
 321  311
 321  310
 322  309
 322  308
 323  307
 323  304
 324  303
 324  296
 327  293
 327  292
 328  291
 328  290
 330  288
 330  287
 331  286
 331  285
 332  284
 332  282
 333  281
 333  278
 334  277
 334  276
 336  274
 336  273
 339  270
 339  269
 341  267
 341  266
 342  265
 342  264
 343  263
 343  261
 344  260
 344  254
 345  253
 345  251
 347  249
 347  248
 348  247
 348  245
 349  244
 349  242
 350  241
 350  236
 351  235
 351  229
 352  228
 352  224
 353  223
 353  213
 352  212
 352  207
 351  206
 351  203
 350  202
 350  201
 348  199
 348  198
 345  195
 344  195
 342  193
 341  193
 340  192
 339  192
 338  191
 337  191
 336  190
 334  190
 333  189
 330  189
 329  188
 326  188
 325  187
