 377   41
 376   42
 372   42
 371   43
 368   43
 367   44
 364   44
 363   45
 360   45
 359   46
 355   46
 354   47
 352   47
 351   48
 348   48
 347   49
 345   49
 344   50
 342   50
 341   51
 339   51
 338   52
 336   52
 335   53
 333   53
 332   54
 331   54
 330   55
 328   55
 327   56
 326   56
 325   57
 323   57
 322   58
 321   58
 320   59
 318   59
 317   60
 316   60
 315   61
 313   61
 312   62
 311   62
 310   63
 308   63
 307   64
 306   64
 305   65
 304   65
 303   66
 301   66
 300   67
 299   67
 298   68
 297   68
 296   69
 295   69
 294   70
 293   70
 291   72
 290   72
 289   73
 288   73
 287   74
 286   74
 285   75
 284   75
 282   77
 281   77
 280   78
 279   78
 278   79
 277   79
 275   81
 274   81
 272   83
 271   83
 270   84
 269   84
 267   86
 266   86
 264   88
 263   88
 261   90
 260   90
 258   92
 257   92
 254   95
 253   95
 251   97
 250   97
 247  100
 246  100
 243  103
 242  103
 238  107
 237  107
 233  111
 232  111
 226  117
 225  117
 216  126
 215  126
 209  132
 208  132
 193  147
 192  147
 192  148
 180  160
 179  160
 179  161
 173  167
 172  167
 172  168
 170  170
 169  170
 169  171
 148  192
 148  193
 138  203
 138  204
 136  206
 135  206
 135  207
 128  214
 128  215
 122  221
 122  222
 118  226
 118  227
 114  231
 114  232
 111  235
 111  236
 108  239
 108  240
 104  244
 104  245
 101  248
 101  249
  98  252
  98  253
  95  256
  95  257
  94  258
  94  259
  91  262
  91  263
  88  266
  88  267
  85  270
  85  271
  82  274
  82  275
  79  278
  79  279
  76  282
  76  283
  74  285
  74  286
  71  289
  71  290
  68  293
  68  294
  66  296
  66  297
  64  299
  64  300
  61  303
  61  304
  59  306
  59  307
  55  311
  55  312
  53  314
  53  315
  51  317
  51  319
  49  321
  49  322
  48  323
  48  327
  47  328
  47  329
  46  330
  46  332
  45  333
  45  338
  44  339
  44  347
  45  348
  57  348
  60  351
  60  366
  53  373
  53  374
  51  376
  51  377
  50  378
  50  379
  49  380
  49  384
  48  385
  48  399
  47  400
  47  416
  46  417
  39  417
  38  418
  38  419
  37  420
  37  446
  38  447
  38  451
  39  452
  39  454
  40  455
  40  456
  41  457
  41  459
  42  460
  42  461
  44  463
  44  465
  45  466
  45  467
  47  469
  47  470
  48  471
  48  474
  50  476
  50  477
  51  478
  51  482
  52  483
  52  484
  53  485
  53  486
  54  487
  54  489
  55  490
  55  493
  57  495
  57  497
  58  498
  58  500
  59  501
  59  502
  60  503
  60  504
  61  505
  61  507
  63  509
  63  510
  64  511
  64  512
  65  513
  65  515
  67  517
  67  518
  68  519
  68  521
  70  523
  70  524
  71  525
  71  527
  72  528
  72  529
  74  531
  74  532
  75  533
  75  534
  77  536
  77  537
  79  539
  79  540
  82  543
  82  544
  92  554
  92  555
 115  578
 115  579
 116  579
 121  584
 122  584
 123  585
 124  585
 126  587
 127  587
 129  589
 130  589
 136  595
 137  595
 138  596
 138  597
 143  602
 143  603
 144  604
 144  606
 145  607
 145  612
 147  614
 147  615
 148  616
 148  618
 149  619
 149  620
 151  622
 151  623
 152  624
 152  625
 154  627
 154  628
 155  629
 155  630
 156  631
 156  632
 158  634
 158  635
 166  643
 167  643
 168  644
 169  644
 170  645
 171  645
 172  646
 173  646
 174  647
 175  647
 184  638
 185  638
 187  636
 188  636
 189  635
 190  635
 191  634
 192  634
 193  633
 194  633
 195  632
 196  632
 198  630
 213  630
 214  631
 214  632
 218  636
 218  637
 219  638
 220  638
 221  639
 222  639
 223  640
 227  640
 228  639
 229  639
 232  636
 232  635
 234  633
 234  630
 235  629
 235  628
 238  625
 239  625
 241  623
 242  623
 244  621
 245  621
 246  620
 249  620
 250  619
 276  619
 279  616
 279  615
 281  613
 281  590
 282  589
 282  588
 283  587
 283  586
 286  583
 286  582
 291  577
 292  577
 293  576
 294  576
 295  575
 299  575
 300  574
 301  574
 302  573
 303  573
 306  570
 307  570
 307  569
 308  568
 308  567
 309  566
 309  565
 310  564
 310  554
 309  553
 309  552
 308  551
 308  550
 304  546
 304  545
 301  542
 301  527
 302  526
 302  524
 303  523
 303  521
 305  519
 305  517
 310  512
 311  512
 316  507
 316  506
 318  504
 318  503
 317  502
 317  499
 315  497
 315  495
 312  492
 312  491
 311  490
 311  489
 310  488
 309  488
 308  487
 308  486
 305  483
 305  482
 303  480
 303  479
 302  478
 302  477
 301  476
 301  472
 300  471
 300  468
 299  467
 299  459
 298  458
 298  456
 291  449
 291  448
 290  447
 289  447
 284  442
 283  442
 281  440
 280  440
 278  438
 277  438
 275  436
 274  436
 272  434
 271  434
 269  432
 268  432
 266  430
 265  430
 263  428
 262  428
 260  426
 259  426
 258  425
 257  425
 256  424
 255  424
 250  419
 250  418
 248  416
 243  416
 242  415
 241  415
 240  414
 240  413
 239  412
 239  398
 240  397
 258  397
 259  398
 261  398
 262  399
 266  399
 267  400
 269  400
 270  401
 272  401
 273  402
 275  402
 276  403
 278  403
 279  404
 281  404
 282  403
 283  403
 284  402
 285  402
 286  401
 288  401
 289  400
 292  400
 293  399
 295  399
 296  398
 299  398
 300  397
 303  397
 305  395
 305  394
 307  392
 307  391
 308  390
 308  388
 310  386
 310  385
 320  375
 320  374
 321  373
 321  371
 322  370
 322  369
 324  367
 324  365
 325  364
 325  363
 330  358
 331  358
 333  356
 334  356
 337  353
 338  353
 341  350
 341  349
 345  345
 345  344
 348  341
 348  340
 350  338
 350  337
 351  336
 351  334
 352  333
 352  330
 353  329
 353  328
 354  327
 354  325
 355  324
 355  321
 356  320
 356  319
 357  318
 357  316
 358  315
 358  314
 361  311
 361  310
 370  301
 370  300
 371  299
 371  298
 372  297
 372  295
 373  294
 373  293
 374  292
 374  290
 375  289
 375  287
 376  286
 376  284
 377  283
 377  281
 378  280
 378  272
 379  271
 379  270
 381  268
 381  267
 382  266
 382  265
 383  264
 383  262
 384  261
 384  259
 385  258
 385  256
 387  254
 387  253
 388  252
 388  250
 389  249
 389  246
 390  245
 390  244
 391  243
 391  237
 392  236
 392  235
 394  233
 394  232
 395  231
 395  228
 396  227
 396  225
 397  224
 397  220
 398  219
 398  218
 399  217
 399  216
 400  215
 400  213
 401  212
 401  211
 402  210
 402  209
 403  208
 403  207
 405  205
 405  204
 407  202
 407  201
 408  200
 408  198
 409  197
 409  196
 410  195
 410  194
 411  193
 411  191
 412  190
 412  188
 413  187
 413  186
 414  185
 414  184
 415  183
 415  175
 416  174
 416  170
 417  169
 417  168
 425  160
 425  159
 427  157
 427  156
 428  155
 428  152
 429  151
 429  150
 430  149
 430  148
 431  147
 431  146
 432  145
 432  143
 433  142
 433  141
 434  140
 434  138
 435  137
 435  133
 436  132
 436  130
 437  129
 437  128
 438  127
 438  124
 439  123
 439  119
 440  118
 440  114
 441  113
 441  105
 442  104
 442   95
 443   94
 443   75
 442   74
 442   69
 441   68
 441   65
 440   64
 440   63
 439   62
 439   61
 434   56
 433   56
 432   55
 431   55
 430   54
 429   54
 428   53
 427   53
 426   52
 425   52
 424   51
 423   51
 422   50
 420   50
 419   49
 418   49
 417   48
 415   48
 414   47
 413   47
 412   46
 409   46
 408   45
 406   45
 405   44
 403   44
 402   43
 399   43
 398   42
 394   42
 393   41
