 357  140
 356  141
 348  141
 347  142
 344  142
 343  143
 339  143
 338  144
 335  144
 334  145
 331  145
 330  146
 328  146
 327  147
 325  147
 324  148
 322  148
 321  149
 320  149
 319  150
 317  150
 316  151
 315  151
 314  152
 313  152
 312  153
 311  153
 310  154
 308  154
 307  155
 306  155
 305  156
 304  156
 303  157
 302  157
 301  158
 300  158
 299  159
 298  159
 297  160
 296  160
 295  161
 293  161
 291  163
 290  163
 289  164
 288  164
 287  165
 286  165
 285  166
 284  166
 283  167
 282  167
 281  168
 280  168
 279  169
 278  169
 277  170
 276  170
 275  171
 274  171
 272  173
 271  173
 270  174
 269  174
 267  176
 266  176
 265  177
 264  177
 263  178
 262  178
 261  179
 260  179
 258  181
 257  181
 256  182
 255  182
 254  183
 253  183
 251  185
 250  185
 248  187
 247  187
 246  188
 245  188
 243  190
 242  190
 240  192
 239  192
 237  194
 236  194
 234  196
 233  196
 232  197
 231  197
 229  199
 228  199
 227  200
 226  200
 223  203
 222  203
 220  205
 219  205
 217  207
 216  207
 214  209
 213  209
 210  212
 209  212
 207  214
 206  214
 203  217
 202  217
 199  220
 198  220
 195  223
 194  223
 190  227
 189  227
 187  229
 186  229
 181  234
 180  234
 176  238
 175  238
 170  243
 169  243
 164  248
 163  248
 157  254
 156  254
 150  260
 149  260
 139  270
 138  270
 126  282
 125  282
 105  302
 105  303
  99  309
  99  310
  95  314
  95  315
  92  318
  92  319
  89  322
  89  323
  88  324
  88  325
  86  327
  86  328
  83  331
  83  332
  82  333
  82  350
  83  351
  93  351
  97  355
  97  369
  95  371
  94  371
  93  372
  92  372
  92  373
  89  376
  83  376
  82  377
  82  395
  85  398
  85  400
  86  401
  86  402
  87  403
  87  404
  88  405
  88  408
  89  409
  89  410
  91  412
  91  414
  92  415
  92  417
  94  419
  94  420
  95  421
  95  423
  96  424
  96  425
  97  426
  97  427
  98  428
  98  430
  99  431
  99  432
 101  434
 101  436
 102  437
 102  439
 103  440
 103  441
 104  442
 104  443
 105  444
 105  446
 106  447
 106  448
 107  449
 107  450
 108  451
 108  453
 109  454
 109  455
 110  456
 110  457
 111  458
 111  461
 112  462
 112  464
 114  466
 114  468
 115  469
 115  472
 116  473
 116  474
 117  475
 117  477
 118  478
 118  483
 119  484
 119  486
 120  487
 120  489
 121  490
 121  515
 122  516
 122  517
 123  518
 123  519
 125  521
 126  521
 128  523
 133  523
 134  524
 135  524
 138  527
 138  529
 139  530
 139  533
 140  534
 140  536
 141  537
 141  539
 142  540
 142  543
 146  547
 147  547
 155  539
 156  539
 157  538
 158  538
 159  537
 176  537
 179  540
 179  541
 180  540
 180  539
 181  538
 181  537
 183  535
 183  534
 184  533
 184  531
 190  525
 191  525
 193  523
 215  523
 216  524
 217  524
 217  523
 218  522
 218  511
 219  510
 219  509
 223  505
 224  505
 226  503
 228  503
 229  502
 245  502
 246  501
 247  501
 248  500
 248  484
 249  483
 249  480
 250  479
 250  478
 251  477
 251  476
 256  471
 258  471
 259  470
 260  470
 261  469
 263  469
 267  465
 267  461
 266  460
 266  442
 267  441
 267  440
 268  439
 268  438
 270  436
 271  436
 275  432
 275  428
 274  427
 274  426
 271  423
 271  422
 268  419
 268  418
 265  415
 265  414
 261  410
 261  409
 258  406
 258  405
 254  401
 254  400
 251  397
 251  396
 248  393
 248  392
 236  380
 235  380
 233  378
 233  363
 234  362
 266  362
 267  361
 278  361
 279  360
 280  360
 282  358
 283  358
 288  353
 289  353
 290  352
 291  352
 292  351
 294  351
 298  347
 298  346
 299  345
 300  345
 301  344
 302  344
 305  341
 306  341
 308  339
 308  338
 310  336
 310  335
 311  334
 311  332
 312  331
 312  330
 313  329
 313  328
 314  327
 314  326
 315  325
 315  324
 328  311
 328  310
 329  309
 329  308
 330  307
 330  306
 331  305
 331  302
 332  301
 332  299
 333  298
 333  297
 334  296
 334  295
 335  294
 335  293
 336  292
 336  291
 338  289
 338  288
 339  287
 340  287
 341  286
 341  285
 344  282
 344  281
 346  279
 346  278
 348  276
 348  274
 349  273
 349  272
 350  271
 350  270
 351  269
 351  268
 352  267
 352  265
 354  263
 354  261
 357  258
 357  257
 363  251
 363  250
 365  248
 365  247
 366  246
 366  245
 368  243
 368  242
 369  241
 369  240
 370  239
 370  238
 371  237
 371  235
 372  234
 372  233
 373  232
 373  231
 374  230
 374  229
 378  225
 378  224
 380  222
 380  221
 381  220
 381  219
 382  218
 382  216
 383  215
 383  214
 384  213
 384  211
 385  210
 385  207
 386  206
 386  203
 387  202
 387  201
 388  200
 388  198
 390  196
 390  195
 391  194
 391  192
 392  191
 392  189
 393  188
 393  187
 394  186
 394  184
 395  183
 395  181
 396  180
 396  178
 397  177
 397  175
 398  174
 398  169
 399  168
 399  155
 398  154
 398  152
 397  151
 397  150
 394  147
 393  147
 392  146
 391  146
 390  145
 389  145
 388  144
 387  144
 386  143
 383  143
 382  142
 380  142
 379  141
 374  141
 373  140
