 324  164
 323  165
 317  165
 316  166
 314  166
 313  167
 309  167
 308  168
 306  168
 305  169
 302  169
 301  170
 300  170
 299  171
 297  171
 296  172
 294  172
 293  173
 291  173
 290  174
 289  174
 288  175
 287  175
 286  176
 285  176
 284  177
 283  177
 282  178
 281  178
 280  179
 278  179
 277  180
 276  180
 274  182
 273  182
 272  183
 271  183
 270  184
 269  184
 268  185
 267  185
 266  186
 265  186
 263  188
 262  188
 261  189
 260  189
 259  190
 258  190
 256  192
 255  192
 254  193
 253  193
 252  194
 251  194
 250  195
 249  195
 248  196
 247  196
 245  198
 244  198
 242  200
 241  200
 239  202
 238  202
 235  205
 234  205
 232  207
 231  207
 229  209
 228  209
 226  211
 225  211
 223  213
 222  213
 219  216
 218  216
 216  218
 215  218
 212  221
 211  221
 209  223
 208  223
 204  227
 203  227
 198  232
 197  232
 195  234
 194  234
 190  238
 189  238
 187  240
 186  240
 185  241
 175  241
 174  242
 173  242
 172  243
 171  243
 162  252
 162  253
 155  260
 155  261
 152  264
 151  264
 151  265
 146  270
 145  270
 142  273
 141  273
 138  276
 137  276
 135  278
 134  278
 131  281
 130  281
 125  286
 124  286
 123  287
 123  288
 122  289
 122  313
 123  314
 127  314
 128  315
 128  329
 127  330
 127  332
 126  333
 126  351
 125  352
 125  355
 124  356
 122  356
 121  357
 121  375
 122  376
 122  377
 127  382
 127  383
 129  385
 129  386
 130  387
 130  388
 131  389
 131  391
 132  392
 132  393
 133  394
 133  395
 134  396
 134  397
 135  398
 135  399
 136  400
 136  401
 137  402
 137  403
 138  404
 138  405
 139  406
 139  407
 141  409
 141  410
 142  411
 142  412
 144  414
 144  415
 145  416
 145  417
 146  418
 146  419
 147  420
 147  422
 148  423
 148  424
 149  425
 149  427
 150  428
 150  429
 151  430
 151  431
 152  432
 152  434
 153  435
 153  436
 154  437
 154  439
 155  440
 155  443
 156  444
 156  464
 155  465
 155  484
 156  485
 156  488
 157  489
 157  492
 158  493
 158  494
 160  496
 160  497
 161  498
 161  499
 163  501
 164  501
 165  502
 165  503
 175  513
 176  513
 178  515
 179  515
 180  516
 181  516
 182  517
 184  517
 185  518
 188  518
 189  519
 190  519
 191  520
 196  520
 197  521
 200  521
 201  522
 204  522
 205  523
 213  523
 214  522
 217  522
 218  521
 220  521
 221  520
 224  520
 225  519
 227  519
 228  518
 232  518
 233  517
 235  517
 236  516
 237  516
 238  515
 239  515
 240  514
 241  514
 243  512
 244  512
 245  511
 246  511
 248  509
 249  509
 258  500
 259  500
 273  486
 273  485
 276  482
 276  481
 278  479
 278  478
 280  476
 280  475
 282  473
 282  472
 283  471
 283  470
 284  469
 284  467
 285  466
 285  465
 286  464
 286  462
 287  461
 287  458
 288  457
 288  455
 289  454
 289  452
 290  451
 290  446
 291  445
 291  442
 292  441
 292  438
 293  437
 293  434
 292  433
 292  432
 291  431
 291  430
 290  429
 290  426
 289  425
 289  424
 288  423
 288  422
 287  421
 287  419
 286  418
 286  416
 284  414
 284  413
 283  412
 283  410
 282  409
 282  408
 280  406
 280  405
 279  404
 279  403
 277  401
 277  400
 276  399
 276  398
 274  396
 274  395
 270  391
 270  390
 267  387
 267  386
 262  381
 262  380
 256  374
 256  373
 251  368
 250  368
 249  367
 248  367
 247  366
 247  365
 245  363
 244  363
 243  362
 243  347
 244  346
 261  346
 262  347
 268  347
 269  348
 270  347
 271  347
 272  346
 273  346
 274  345
 275  345
 276  344
 282  344
 283  343
 289  343
 290  342
 292  342
 293  341
 294  341
 295  340
 296  340
 299  337
 300  337
 301  336
 302  336
 303  335
 304  335
 310  329
 312  329
 314  327
 315  327
 315  326
 318  323
 319  323
 321  321
 322  321
 324  319
 324  318
 325  317
 325  316
 328  313
 329  313
 330  312
 331  312
 337  306
 337  305
 339  303
 339  302
 340  301
 340  300
 341  299
 341  298
 342  297
 342  296
 343  295
 343  293
 344  292
 344  289
 345  288
 345  286
 346  285
 346  284
 347  283
 347  281
 348  280
 348  279
 349  278
 349  277
 350  276
 350  272
 351  271
 351  265
 352  264
 352  260
 353  259
 353  257
 354  256
 354  252
 355  251
 355  248
 356  247
 356  243
 357  242
 357  237
 358  236
 358  232
 359  231
 359  228
 360  227
 360  204
 359  203
 359  199
 358  198
 358  195
 357  194
 357  191
 356  190
 356  188
 355  187
 355  186
 354  185
 354  183
 353  182
 353  181
 352  180
 352  179
 350  177
 350  176
 349  175
 349  174
 343  168
 342  168
 341  167
 340  167
 339  166
 338  166
 337  165
 333  165
 332  164
