 342   56
 341   57
 335   57
 334   58
 332   58
 331   59
 327   59
 326   60
 324   60
 323   61
 320   61
 319   62
 318   62
 317   63
 315   63
 314   64
 312   64
 311   65
 309   65
 308   66
 306   66
 305   67
 304   67
 303   68
 301   68
 300   69
 299   69
 298   70
 297   70
 296   71
 295   71
 294   72
 292   72
 291   73
 290   73
 289   74
 288   74
 287   75
 285   75
 284   76
 283   76
 282   77
 281   77
 280   78
 279   78
 278   79
 277   79
 276   80
 275   80
 274   81
 273   81
 272   82
 271   82
 269   84
 268   84
 266   86
 265   86
 264   87
 263   87
 262   88
 261   88
 260   89
 259   89
 257   91
 256   91
 254   93
 253   93
 251   95
 250   95
 247   98
 246   98
 243  101
 242  101
 240  103
 239  103
 236  106
 235  106
 227  114
 226  114
 217  123
 216  123
 209  130
 208  130
 198  140
 198  141
 191  148
 191  149
 190  150
 189  150
 189  151
 179  161
 178  161
 174  165
 173  165
 164  174
 164  175
 163  176
 163  180
 162  181
 162  182
 159  185
 159  186
 155  190
 155  191
 152  194
 152  195
 150  197
 150  198
 149  199
 149  200
 148  201
 148  202
 147  203
 147  204
 146  205
 146  206
 145  207
 145  208
 144  209
 144  210
 142  212
 142  213
 141  214
 141  215
 139  217
 139  218
 138  219
 138  220
 137  221
 137  222
 136  223
 136  224
 135  225
 135  226
 134  227
 134  228
 129  233
 129  234
 127  236
 121  236
 120  237
 120  262
 121  263
 130  263
 131  264
 132  264
 133  265
 134  265
 135  266
 135  281
 134  282
 133  282
 133  283
 132  284
 132  285
 131  286
 131  287
 130  288
 130  292
 129  293
 129  297
 128  298
 123  298
 121  300
 121  330
 122  331
 122  332
 123  332
 124  333
 125  333
 128  336
 128  338
 129  339
 129  342
 130  343
 130  344
 131  345
 131  346
 132  347
 132  348
 133  349
 133  350
 134  351
 134  352
 135  353
 135  354
 136  355
 136  356
 137  357
 137  359
 138  360
 138  361
 139  362
 139  363
 140  364
 140  366
 141  367
 141  369
 142  370
 142  371
 143  372
 143  373
 144  374
 144  376
 145  377
 145  379
 146  380
 146  381
 147  382
 147  383
 148  384
 148  386
 149  387
 149  388
 150  389
 150  390
 151  391
 151  392
 154  395
 154  396
 155  397
 155  398
 156  399
 156  400
 157  401
 157  402
 159  404
 159  405
 160  406
 160  407
 162  409
 162  414
 163  415
 163  419
 164  420
 164  424
 165  425
 165  426
 166  427
 166  428
 167  429
 167  431
 168  432
 168  433
 169  434
 169  435
 170  436
 170  437
 173  440
 176  440
 177  441
 190  441
 192  443
 192  446
 193  447
 193  450
 194  451
 194  473
 193  474
 193  475
 192  476
 192  477
 191  478
 191  479
 196  484
 198  484
 198  483
 200  481
 200  480
 202  478
 203  478
 204  477
 224  477
 226  479
 226  480
 227  481
 227  496
 228  497
 228  498
 229  499
 230  499
 230  496
 231  495
 231  494
 235  490
 251  490
 252  491
 253  491
 260  498
 260  499
 262  501
 262  502
 264  504
 264  505
 265  506
 265  508
 267  510
 267  511
 268  512
 268  514
 271  517
 271  519
 273  521
 273  522
 275  524
 275  526
 277  528
 277  529
 278  530
 278  531
 279  532
 279  533
 281  535
 281  536
 282  537
 282  539
 285  542
 285  544
 288  547
 288  549
 289  550
 289  551
 291  553
 291  555
 292  556
 292  557
 293  558
 293  559
 295  561
 295  563
 298  566
 298  567
 300  569
 300  570
 302  572
 302  573
 304  575
 304  576
 306  578
 306  579
 308  581
 308  582
 309  583
 309  584
 312  587
 312  588
 313  589
 313  590
 316  593
 316  594
 318  596
 318  597
 323  602
 323  603
 324  604
 323  603
 323  602
 320  599
 320  598
 318  596
 318  595
 316  593
 316  592
 314  590
 314  589
 313  588
 313  587
 311  585
 311  584
 310  583
 310  582
 309  581
 309  580
 307  578
 307  577
 306  576
 306  575
 304  573
 304  572
 303  571
 303  570
 300  567
 300  566
 299  565
 299  564
 298  563
 298  562
 297  561
 297  560
 296  559
 296  558
 294  556
 294  555
 293  554
 293  553
 292  552
 292  551
 291  550
 291  549
 289  547
 289  546
 288  545
 288  544
 287  543
 287  542
 286  541
 286  540
 285  539
 285  538
 284  537
 284  535
 283  534
 283  533
 282  532
 282  531
 281  530
 281  529
 280  528
 280  527
 279  526
 279  525
 277  523
 277  522
 276  521
 276  520
 274  518
 274  517
 273  516
 273  515
 270  512
 270  511
 268  509
 268  508
 267  507
 267  506
 264  503
 264  502
 261  499
 261  498
 260  497
 260  496
 257  493
 257  492
 256  491
 256  490
 254  488
 254  487
 253  486
 253  485
 252  484
 252  483
 250  481
 250  480
 249  479
 249  477
 248  476
 248  475
 246  473
 246  472
 245  471
 245  454
 247  452
 247  451
 248  450
 249  450
 251  448
 252  448
 253  447
 256  447
 257  446
 276  446
 277  447
 276  446
 276  445
 267  436
 267  435
 266  434
 266  433
 263  430
 263  429
 261  427
 261  426
 260  425
 260  409
 263  406
 263  404
 268  399
 270  399
 271  398
 273  398
 274  397
 275  397
 276  396
 276  395
 274  393
 274  392
 268  386
 268  369
 269  368
 269  367
 270  366
 270  364
 271  363
 271  362
 277  356
 277  337
 283  331
 283  329
 275  321
 274  321
 270  317
 269  317
 266  314
 265  314
 260  309
 259  309
 257  307
 256  307
 252  303
 252  302
 251  301
 251  300
 249  298
 249  284
 250  283
 293  283
 295  281
 296  281
 301  276
 301  275
 304  272
 304  270
 306  268
 306  266
 307  265
 307  262
 308  261
 308  260
 309  259
 309  258
 310  257
 310  256
 311  255
 311  253
 313  251
 313  250
 314  249
 314  247
 315  246
 315  245
 316  244
 316  243
 317  242
 317  239
 318  238
 318  222
 319  221
 319  220
 320  219
 320  215
 321  214
 321  211
 322  210
 322  209
 323  208
 323  206
 324  205
 324  194
 325  193
 325  188
 326  187
 326  185
 327  184
 327  181
 328  180
 328  178
 329  177
 329  176
 330  175
 330  173
 331  172
 331  168
 332  167
 332  160
 333  159
 333  155
 334  154
 334  150
 335  149
 335  148
 337  146
 337  143
 338  142
 338  141
 340  139
 340  136
 341  135
 341  132
 342  131
 342  128
 343  127
 343  126
 344  125
 344  123
 345  122
 345  121
 346  120
 346  119
 347  118
 347  116
 348  115
 348  113
 349  112
 349  109
 350  108
 350  106
 351  105
 351  100
 352   99
 352   98
 353   97
 353   96
 354   95
 354   93
 355   92
 355   89
 356   88
 356   85
 357   84
 357   81
 358   80
 358   77
 359   76
 359   75
 360   74
 360   69
 361   68
 361   62
 360   61
 360   60
 358   58
 357   58
 356   57
 354   57
 353   56
