 311  192
 310  193
 303  193
 302  194
 299  194
 298  195
 297  195
 296  196
 293  196
 292  197
 291  197
 290  198
 288  198
 287  199
 286  199
 285  200
 284  200
 282  202
 281  202
 280  203
 279  203
 278  204
 277  204
 276  205
 275  205
 274  206
 273  206
 271  208
 270  208
 269  209
 268  209
 266  211
 265  211
 264  212
 263  212
 261  214
 260  214
 258  216
 257  216
 256  217
 255  217
 252  220
 251  220
 249  222
 248  222
 246  224
 245  224
 242  227
 241  227
 238  230
 237  230
 232  235
 231  235
 226  240
 225  240
 208  257
 207  257
 179  285
 179  286
 176  289
 176  290
 169  297
 169  298
 166  301
 166  302
 163  305
 163  306
 159  310
 159  311
 156  314
 156  316
 153  319
 153  320
 152  321
 152  322
 149  325
 149  327
 146  330
 146  332
 140  338
 140  339
 138  341
 136  341
 135  342
 135  353
 136  354
 144  354
 145  355
 145  371
 144  372
 144  379
 143  380
 140  380
 139  381
 139  412
 140  413
 140  415
 141  416
 141  417
 142  418
 142  421
 143  422
 143  424
 144  425
 144  426
 145  427
 145  428
 146  429
 146  431
 147  432
 147  433
 149  435
 149  438
 150  439
 150  440
 151  441
 151  442
 152  443
 152  445
 153  446
 153  448
 155  450
 155  451
 156  452
 156  455
 158  457
 158  458
 159  459
 159  463
 160  464
 160  465
 161  466
 161  467
 162  468
 162  473
 163  474
 163  479
 164  480
 164  481
 166  483
 166  484
 171  489
 172  489
 175  492
 177  492
 178  491
 181  491
 182  490
 184  490
 185  489
 186  489
 187  488
 188  488
 190  486
 191  486
 193  484
 194  484
 196  482
 213  482
 214  483
 214  484
 216  486
 216  488
 219  491
 219  492
 221  494
 223  494
 225  492
 225  490
 229  486
 245  486
 246  487
 247  487
 248  488
 250  486
 250  485
 251  484
 251  482
 252  481
 252  479
 254  477
 255  477
 256  476
 265  476
 266  475
 268  475
 269  474
 269  457
 270  456
 272  456
 273  455
 276  455
 279  452
 279  450
 276  447
 276  432
 279  429
 280  429
 281  428
 281  427
 279  425
 279  424
 275  420
 274  420
 271  417
 271  402
 269  400
 269  399
 268  398
 268  397
 264  393
 263  393
 260  390
 259  390
 258  389
 257  389
 255  387
 254  387
 253  386
 252  386
 251  385
 250  385
 249  384
 248  384
 247  383
 247  369
 248  368
 274  368
 275  367
 281  367
 282  366
 283  366
 287  362
 288  362
 290  360
 291  360
 296  355
 296  354
 299  351
 300  351
 303  348
 304  348
 305  347
 305  346
 308  343
 308  342
 309  341
 309  339
 310  338
 310  333
 311  332
 311  331
 312  330
 312  329
 316  325
 316  324
 317  323
 317  322
 318  321
 318  319
 319  318
 319  304
 323  300
 323  299
 325  297
 325  295
 326  294
 326  290
 327  289
 327  280
 331  276
 332  276
 332  275
 334  273
 334  272
 335  271
 335  270
 336  269
 336  264
 337  263
 337  256
 339  254
 339  253
 340  252
 340  251
 341  250
 341  249
 342  248
 342  244
 343  243
 343  235
 344  234
 344  233
 345  232
 345  216
 344  215
 344  214
 342  212
 342  211
 341  210
 341  209
 340  208
 340  207
 339  206
 339  205
 333  199
 332  199
 331  198
 330  198
 328  196
 326  196
 325  195
 324  195
 323  194
 321  194
 320  193
 314  193
 313  192
