 368  140
 367  141
 358  141
 357  142
 354  142
 353  143
 348  143
 347  144
 345  144
 344  145
 341  145
 340  146
 337  146
 336  147
 333  147
 332  148
 330  148
 329  149
 328  149
 327  150
 324  150
 323  151
 322  151
 321  152
 319  152
 318  153
 316  153
 315  154
 314  154
 313  155
 311  155
 310  156
 309  156
 308  157
 306  157
 305  158
 304  158
 303  159
 301  159
 300  160
 298  160
 297  161
 296  161
 295  162
 294  162
 293  163
 291  163
 290  164
 289  164
 288  165
 287  165
 286  166
 284  166
 283  167
 282  167
 281  168
 280  168
 279  169
 277  169
 276  170
 275  170
 273  172
 271  172
 270  173
 269  173
 268  174
 267  174
 266  175
 265  175
 264  176
 263  176
 262  177
 261  177
 260  178
 259  178
 258  179
 257  179
 256  180
 255  180
 254  181
 253  181
 252  182
 251  182
 250  183
 249  183
 247  185
 246  185
 245  186
 244  186
 243  187
 242  187
 241  188
 240  188
 239  189
 238  189
 236  191
 235  191
 234  192
 233  192
 231  194
 230  194
 229  195
 228  195
 227  196
 226  196
 224  198
 223  198
 222  199
 221  199
 219  201
 218  201
 217  202
 216  202
 214  204
 213  204
 211  206
 210  206
 209  207
 208  207
 206  209
 205  209
 203  211
 202  211
 200  213
 199  213
 197  215
 196  215
 193  218
 192  218
 190  220
 189  220
 186  223
 185  223
 183  225
 182  225
 179  228
 178  228
 175  231
 174  231
 169  236
 168  236
 164  240
 163  240
 159  244
 158  244
 152  250
 151  250
 145  256
 144  256
 139  261
 138  261
 131  268
 130  268
 104  294
 104  295
 102  297
 101  297
 101  298
  91  308
  91  309
  85  315
  85  316
  80  321
  80  322
  79  323
  78  323
  74  327
  74  336
  75  337
  87  337
  88  338
  88  353
  87  354
  86  354
  85  355
  85  356
  83  358
  83  359
  82  360
  82  362
  81  363
  81  369
  80  370
  80  376
  79  377
  79  381
  78  382
  78  383
  77  384
  75  384
  74  385
  74  403
  75  404
  75  405
  76  406
  76  408
  77  409
  77  413
  78  414
  78  415
  79  416
  79  417
  80  418
  80  422
  81  423
  81  424
  83  426
  83  429
  84  430
  84  431
  85  432
  85  433
  86  434
  86  435
  87  436
  87  438
  88  439
  88  440
  90  442
  90  444
  91  445
  91  446
  93  448
  93  450
  94  451
  94  452
  96  454
  96  455
  97  456
  97  458
  99  460
  99  461
 100  462
 100  463
 101  464
 101  465
 103  467
 103  468
 104  469
 104  471
 106  473
 106  474
 107  475
 107  476
 108  477
 108  478
 110  480
 110  482
 111  483
 111  484
 113  486
 113  487
 114  488
 114  489
 117  492
 117  493
 118  494
 118  495
 121  498
 121  499
 124  502
 124  503
 130  509
 130  510
 131  511
 132  511
 135  514
 135  515
 137  517
 137  519
 140  522
 140  523
 141  524
 141  525
 142  526
 142  528
 143  529
 143  535
 144  536
 144  540
 145  541
 145  542
 146  543
 146  544
 148  546
 149  546
 150  545
 150  543
 151  542
 151  541
 153  539
 154  539
 155  538
 156  538
 157  537
 172  537
 176  541
 176  542
 177  542
 177  541
 178  540
 178  539
 180  537
 181  537
 182  536
 183  536
 184  535
 185  535
 186  534
 187  534
 188  533
 190  533
 191  532
 207  532
 208  533
 210  533
 212  531
 212  530
 213  529
 213  524
 214  523
 214  522
 217  519
 218  519
 220  517
 222  517
 223  516
 225  516
 226  515
 228  515
 229  514
 244  514
 245  513
 246  513
 249  510
 249  508
 250  507
 250  506
 249  505
 249  502
 248  501
 248  487
 249  486
 249  484
 250  483
 250  482
 251  481
 252  481
 256  477
 257  477
 258  476
 259  476
 260  475
 261  475
 262  474
 263  474
 264  473
 265  473
 267  471
 267  470
 268  469
 268  468
 267  467
 267  464
 266  463
 266  445
 270  441
 271  441
 274  438
 275  438
 276  437
 276  434
 274  432
 274  431
 273  430
 273  429
 272  428
 272  427
 270  425
 270  424
 267  421
 267  419
 266  418
 266  415
 264  413
 264  412
 257  405
 257  404
 253  400
 253  399
 245  391
 244  391
 238  385
 238  371
 239  370
 256  370
 257  371
 261  371
 262  370
 270  370
 271  369
 278  369
 279  368
 282  368
 286  364
 286  363
 287  362
 287  361
 288  360
 288  358
 289  357
 289  356
 292  353
 293  353
 294  352
 294  351
 299  346
 299  338
 300  337
 302  337
 304  335
 304  333
 305  332
 305  331
 306  330
 306  329
 307  328
 307  327
 308  326
 309  326
 310  325
 310  324
 311  323
 312  323
 314  321
 314  320
 320  314
 320  313
 322  311
 322  310
 323  309
 323  308
 324  307
 324  304
 325  303
 325  302
 326  301
 326  299
 327  298
 327  297
 328  296
 329  296
 336  289
 336  288
 341  283
 341  282
 344  279
 344  278
 346  276
 346  275
 347  274
 347  272
 348  271
 348  270
 349  269
 349  268
 353  264
 354  264
 357  261
 358  261
 364  255
 364  254
 370  248
 370  247
 373  244
 373  243
 374  242
 374  241
 376  239
 376  238
 377  237
 377  236
 380  233
 380  232
 384  228
 384  227
 386  225
 386  224
 387  223
 387  222
 388  221
 388  220
 390  218
 390  216
 391  215
 391  214
 393  212
 393  209
 394  208
 394  206
 396  204
 396  203
 397  202
 397  201
 398  200
 398  199
 399  198
 399  197
 400  196
 400  194
 401  193
 401  191
 402  190
 402  189
 403  188
 403  185
 404  184
 404  180
 405  179
 405  176
 406  175
 406  172
 407  171
 407  154
 406  153
 406  152
 403  149
 403  148
 402  147
 401  147
 399  145
 398  145
 397  144
 396  144
 395  143
 393  143
 392  142
 390  142
 389  141
 383  141
 382  140
