 393   42
 392   43
 384   43
 383   44
 379   44
 378   45
 374   45
 373   46
 371   46
 370   47
 366   47
 365   48
 364   48
 363   49
 360   49
 359   50
 358   50
 357   51
 355   51
 354   52
 352   52
 351   53
 349   53
 348   54
 346   54
 345   55
 343   55
 342   56
 340   56
 339   57
 338   57
 337   58
 336   58
 335   59
 334   59
 333   60
 332   60
 331   61
 330   61
 329   62
 328   62
 327   63
 326   63
 325   64
 324   64
 323   65
 322   65
 321   66
 320   66
 319   67
 318   67
 316   69
 315   69
 313   71
 312   71
 311   72
 310   72
 308   74
 307   74
 306   75
 305   75
 303   77
 302   77
 300   79
 299   79
 297   81
 296   81
 294   83
 293   83
 291   85
 290   85
 289   86
 288   86
 286   88
 285   88
 283   90
 282   90
 280   92
 279   92
 276   95
 275   95
 272   98
 271   98
 269  100
 268  100
 265  103
 264  103
 262  105
 261  105
 258  108
 257  108
 253  112
 252  112
 246  118
 245  118
 242  121
 241  121
 234  128
 233  128
 203  158
 203  159
 202  160
 201  160
 201  161
 195  167
 195  168
 188  175
 188  176
 184  180
 184  181
 180  185
 180  186
 177  189
 177  190
 174  193
 174  194
 170  198
 170  199
 167  202
 167  203
 163  207
 163  208
 158  213
 158  214
 151  221
 151  222
 147  226
 147  227
 143  231
 143  232
 140  235
 140  236
 137  239
 137  240
 133  244
 133  245
 131  247
 131  248
 128  251
 128  252
 127  253
 127  254
 125  256
 125  257
 123  259
 123  260
 122  261
 122  262
 120  264
 120  265
 118  267
 118  268
 117  269
 117  270
 115  272
 115  273
 113  275
 113  276
 112  277
 112  278
 110  280
 110  281
 109  282
 109  283
 107  285
 107  286
 106  287
 106  288
 104  290
 104  291
 103  292
 103  293
 102  294
 102  295
 100  297
 100  298
  99  299
  99  300
  97  302
  97  303
  96  304
  96  305
  94  307
  94  308
  93  309
  93  311
  90  314
  90  316
  89  317
  89  318
  87  320
  87  321
  86  322
  86  324
  84  326
  84  327
  83  328
  83  329
  81  331
  81  332
  80  333
  80  334
  79  335
  79  336
  78  337
  78  338
  77  339
  77  340
  76  341
  76  342
  73  345
  73  346
  72  347
  72  348
  71  349
  71  354
  70  355
  69  355
  68  356
  68  387
  69  388
  72  388
  73  389
  73  404
  71  406
  71  408
  70  409
  70  417
  69  418
  62  418
  61  419
  61  493
  62  494
  71  494
  73  496
  73  497
  74  498
  74  500
  75  501
  75  502
  76  503
  76  505
  77  506
  77  509
  78  510
  78  512
  79  513
  79  514
  80  515
  80  516
  81  517
  81  518
  84  521
  84  522
  85  523
  85  524
  86  525
  86  526
  87  527
  87  528
  89  530
  89  531
  90  532
  90  534
  93  537
  93  539
  94  540
  94  541
  96  543
  96  544
  97  545
  97  546
 100  549
 100  551
 102  553
 102  554
 103  555
 103  556
 105  558
 105  559
 107  561
 107  562
 108  563
 108  564
 110  566
 110  567
 113  570
 113  571
 114  572
 114  573
 116  575
 116  576
 117  577
 117  578
 120  581
 120  582
 123  585
 123  586
 125  588
 125  589
 130  594
 130  595
 141  606
 142  606
 149  613
 149  614
 150  615
 150  618
 151  619
 151  621
 153  623
 153  624
 157  628
 157  629
 158  630
 158  631
 160  633
 160  634
 163  637
 163  638
 165  640
 165  641
 166  641
 169  644
 170  644
 171  645
 173  645
 174  644
 175  644
 176  643
 177  643
 178  642
 179  642
 180  641
 181  641
 182  640
 183  640
 184  639
 207  639
 208  638
 211  638
 212  637
 213  637
 214  636
 215  636
 217  634
 218  634
 223  629
 224  629
 226  627
 227  627
 228  626
 230  626
 231  625
 236  625
 237  624
 242  624
 243  623
 248  623
 249  622
 251  622
 252  621
 253  621
 259  615
 259  614
 260  613
 260  612
 261  611
 261  610
 262  609
 262  608
 263  607
 263  604
 266  601
 266  600
 267  599
 268  599
 270  597
 271  597
 272  596
 277  596
 278  595
 281  595
 282  594
 285  594
 286  593
 288  593
 291  590
 291  589
 293  587
 293  585
 294  584
 294  583
 296  581
 296  561
 297  560
 297  559
 299  557
 300  557
 301  556
 302  556
 303  555
 304  555
 305  554
 306  554
 307  553
 308  553
 310  551
 311  551
 314  548
 314  547
 316  545
 316  537
 315  536
 315  535
 314  534
 314  533
 313  532
 313  530
 312  529
 312  513
 313  512
 313  511
 316  508
 316  507
 317  506
 317  505
 316  504
 316  501
 315  500
 315  499
 314  498
 314  497
 313  496
 313  495
 310  492
 310  491
 307  488
 307  487
 303  483
 303  482
 297  476
 297  475
 290  468
 290  467
 287  464
 287  463
 284  460
 284  459
 282  457
 282  456
 279  453
 279  452
 270  443
 270  442
 264  436
 263  436
 259  432
 258  432
 255  429
 254  429
 250  425
 249  425
 246  422
 245  422
 244  421
 243  421
 241  419
 240  419
 238  417
 228  417
 225  414
 223  414
 222  413
 222  399
 223  398
 241  398
 242  399
 247  399
 248  400
 251  400
 252  401
 255  401
 256  402
 257  402
 258  403
 259  403
 260  404
 261  404
 263  406
 264  406
 265  407
 268  407
 269  408
 273  408
 274  409
 289  409
 290  408
 293  408
 294  407
 296  407
 297  406
 298  406
 301  403
 302  403
 303  402
 304  402
 305  401
 306  401
 307  400
 308  400
 309  399
 312  399
 313  398
 319  398
 320  397
 323  397
 324  396
 325  396
 328  393
 328  392
 329  391
 329  390
 331  388
 333  388
 334  387
 334  386
 335  385
 335  384
 336  383
 336  379
 337  378
 337  372
 338  371
 338  368
 339  367
 339  365
 340  364
 340  361
 341  360
 341  359
 342  358
 342  357
 343  356
 343  355
 345  353
 345  352
 350  347
 350  346
 353  343
 353  341
 355  339
 355  338
 357  336
 357  333
 358  332
 358  329
 359  328
 359  326
 360  325
 360  316
 361  315
 361  308
 362  307
 362  303
 363  302
 363  298
 364  297
 364  295
 365  294
 365  292
 366  291
 366  288
 367  287
 367  281
 368  280
 368  278
 369  277
 369  275
 370  274
 370  262
 371  261
 371  258
 372  257
 372  256
 373  255
 373  252
 374  251
 374  250
 376  248
 376  246
 377  245
 377  240
 378  239
 378  237
 379  236
 379  234
 380  233
 380  228
 381  227
 381  221
 382  220
 382  216
 383  215
 383  211
 384  210
 384  208
 386  206
 386  205
 388  203
 388  202
 390  200
 390  198
 391  197
 391  196
 392  195
 392  194
 393  193
 393  191
 394  190
 394  188
 396  186
 396  184
 397  183
 397  180
 398  179
 398  177
 399  176
 399  173
 400  172
 400  168
 401  167
 401  165
 402  164
 402  163
 403  162
 403  160
 404  159
 404  157
 405  156
 405  154
 406  153
 406  150
 407  149
 407  144
 408  143
 408  142
 409  141
 409  139
 410  138
 410  134
 411  133
 411  129
 413  127
 413  125
 414  124
 414  123
 415  122
 415  120
 416  119
 416  117
 417  116
 417  107
 418  106
 418   99
 419   98
 419   91
 420   90
 420   68
 419   67
 419   58
 418   57
 418   54
 417   53
 417   51
 416   50
 416   49
 412   45
 410   45
 409   44
 408   44
 407   43
 402   43
 401   42
