 328  143
 327  144
 324  144
 323  145
 319  145
 318  146
 316  146
 315  147
 312  147
 311  148
 309  148
 308  149
 307  149
 306  150
 304  150
 303  151
 302  151
 301  152
 299  152
 298  153
 297  153
 296  154
 295  154
 294  155
 293  155
 292  156
 291  156
 290  157
 289  157
 287  159
 286  159
 285  160
 284  160
 283  161
 282  161
 281  162
 280  162
 279  163
 278  163
 277  164
 276  164
 275  165
 274  165
 273  166
 272  166
 271  167
 270  167
 269  168
 268  168
 266  170
 265  170
 263  172
 262  172
 261  173
 260  173
 258  175
 257  175
 254  178
 253  178
 250  181
 249  181
 245  185
 244  185
 241  188
 240  188
 237  191
 236  191
 234  193
 233  193
 232  194
 231  194
 230  195
 229  195
 227  197
 226  197
 223  200
 222  200
 220  202
 219  202
 216  205
 215  205
 212  208
 211  208
 207  212
 206  212
 200  218
 199  218
 182  235
 181  235
 158  258
 158  259
 156  261
 155  261
 155  262
 152  265
 152  266
 150  268
 150  269
 148  271
 148  272
 147  273
 147  274
 144  277
 144  278
 142  280
 142  281
 140  283
 140  284
 138  286
 138  287
 136  289
 136  290
 134  292
 134  294
 131  297
 131  298
 130  299
 130  300
 128  302
 128  303
 127  304
 127  305
 125  307
 125  308
 124  309
 124  310
 122  312
 122  313
 121  314
 121  315
 118  318
 118  319
 116  321
 116  322
 114  324
 114  325
 113  326
 113  327
 112  328
 112  346
 113  347
 117  347
 118  348
 118  362
 117  363
 117  364
 116  365
 116  368
 115  369
 115  370
 114  371
 108  371
 107  372
 107  387
 108  388
 108  389
 110  391
 110  392
 111  393
 111  394
 112  395
 112  396
 113  397
 113  398
 115  400
 115  401
 117  403
 117  405
 120  408
 120  409
 121  410
 121  411
 122  412
 122  413
 124  415
 124  417
 127  420
 127  421
 128  422
 128  424
 130  426
 130  427
 131  428
 131  429
 132  430
 132  431
 134  433
 134  434
 136  436
 136  437
 138  439
 138  440
 141  443
 141  444
 144  447
 144  448
 145  449
 145  450
 151  456
 151  457
 157  463
 157  464
 161  468
 161  469
 168  476
 168  477
 169  477
 175  483
 175  484
 182  491
 183  491
 186  494
 187  494
 189  496
 190  496
 192  498
 193  498
 194  499
 196  499
 197  500
 198  500
 201  503
 201  506
 202  507
 202  509
 203  510
 203  513
 204  514
 204  520
 205  521
 205  523
 206  524
 206  525
 207  526
 207  527
 208  528
 208  530
 213  535
 213  534
 214  533
 214  521
 215  520
 215  519
 217  517
 217  516
 218  515
 219  515
 220  514
 221  514
 222  513
 237  513
 238  514
 239  514
 241  516
 241  518
 244  521
 244  522
 245  523
 245  524
 248  527
 248  528
 253  533
 254  533
 256  535
 254  533
 254  531
 253  530
 253  529
 252  528
 252  527
 251  526
 251  509
 255  505
 275  505
 276  506
 277  506
 280  509
 281  509
 285  513
 286  513
 292  519
 292  520
 295  523
 295  524
 298  527
 298  528
 302  532
 302  533
 303  534
 304  534
 309  539
 310  539
 312  541
 313  541
 315  543
 317  543
 318  544
 319  544
 320  545
 321  544
 322  544
 324  542
 321  539
 321  538
 316  533
 315  533
 312  530
 311  530
 310  529
 309  529
 308  528
 307  528
 305  526
 304  526
 302  524
 301  524
 297  520
 296  520
 292  516
 291  516
 280  505
 280  504
 277  501
 277  500
 274  497
 274  479
 277  476
 278  476
 279  475
 296  475
 297  474
 297  473
 294  470
 294  469
 283  458
 283  441
 286  438
 287  438
 288  437
 290  437
 291  436
 299  436
 300  435
 301  435
 292  426
 291  426
 287  422
 286  422
 283  419
 282  419
 280  417
 280  416
 278  414
 278  399
 279  398
 280  398
 282  396
 280  394
 280  393
 279  392
 278  392
 277  391
 277  390
 270  383
 270  382
 269  381
 268  381
 265  378
 264  378
 262  376
 261  376
 259  374
 259  360
 260  359
 273  359
 274  358
 280  358
 281  357
 287  357
 288  356
 291  356
 292  355
 293  355
 298  350
 298  349
 299  348
 300  348
 301  347
 302  347
 303  346
 303  345
 304  344
 304  343
 307  340
 307  338
 308  337
 308  336
 310  334
 310  333
 311  332
 312  332
 314  330
 315  330
 321  324
 321  323
 323  321
 323  320
 324  319
 324  318
 325  317
 325  314
 326  313
 326  310
 327  309
 327  306
 328  305
 328  304
 330  302
 330  301
 334  297
 334  296
 335  295
 335  294
 337  292
 337  290
 338  289
 338  288
 339  287
 339  286
 340  285
 340  283
 341  282
 341  279
 342  278
 342  275
 343  274
 343  272
 344  271
 344  270
 350  264
 350  263
 351  262
 351  261
 352  260
 352  259
 353  258
 353  257
 354  256
 354  254
 355  253
 355  251
 356  250
 356  247
 357  246
 357  241
 358  240
 358  239
 360  237
 360  236
 361  235
 361  234
 363  232
 363  231
 364  230
 364  227
 365  226
 365  225
 366  224
 366  222
 367  221
 367  217
 368  216
 368  213
 369  212
 369  210
 370  209
 370  207
 371  206
 371  200
 372  199
 372  196
 373  195
 373  190
 374  189
 374  180
 373  179
 373  175
 372  174
 372  172
 371  171
 371  167
 370  166
 370  164
 369  163
 369  162
 368  161
 368  160
 367  159
 367  158
 366  157
 366  156
 363  153
 363  152
 362  152
 359  149
 358  149
 357  148
 356  148
 355  147
 354  147
 353  146
 351  146
 350  145
 347  145
 346  144
 344  144
 343  143
