 323  150
 322  151
 318  151
 317  152
 312  152
 311  153
 309  153
 308  154
 305  154
 304  155
 303  155
 302  156
 300  156
 299  157
 298  157
 297  158
 296  158
 295  159
 294  159
 293  160
 292  160
 291  161
 290  161
 289  162
 288  162
 287  163
 286  163
 285  164
 284  164
 283  165
 282  165
 280  167
 279  167
 278  168
 277  168
 275  170
 273  170
 271  172
 269  172
 267  174
 266  174
 265  175
 264  175
 263  176
 262  176
 260  178
 259  178
 257  180
 256  180
 255  181
 254  181
 252  183
 251  183
 249  185
 248  185
 247  186
 246  186
 245  187
 244  187
 242  189
 241  189
 240  190
 239  190
 237  192
 236  192
 235  193
 234  193
 232  195
 231  195
 229  197
 228  197
 227  198
 226  198
 224  200
 223  200
 221  202
 220  202
 218  204
 217  204
 214  207
 213  207
 209  211
 208  211
 204  215
 203  215
 199  219
 198  219
 194  223
 193  223
 188  228
 187  228
 181  234
 180  234
 177  237
 176  237
 170  243
 169  243
 163  249
 162  249
 155  256
 154  256
 148  262
 147  262
 133  276
 133  277
 130  280
 130  281
 127  284
 127  285
 124  288
 124  289
 121  292
 121  293
 116  298
 116  299
 110  305
 110  312
 111  313
 118  313
 119  314
 119  328
 118  329
 118  332
 117  333
 117  358
 116  359
 113  359
 111  361
 111  393
 112  394
 114  394
 118  398
 118  399
 119  400
 119  401
 120  402
 120  403
 121  404
 121  405
 122  406
 122  407
 123  408
 123  409
 124  410
 124  411
 125  412
 125  413
 126  414
 126  415
 127  416
 127  417
 128  418
 128  419
 129  420
 129  423
 130  424
 130  425
 131  426
 131  427
 132  428
 132  429
 133  430
 133  432
 134  433
 134  434
 135  435
 135  436
 136  437
 136  439
 137  440
 137  441
 138  442
 138  443
 139  444
 139  445
 140  446
 140  447
 141  448
 141  449
 143  451
 143  452
 144  453
 144  454
 146  456
 146  457
 147  458
 147  459
 149  461
 149  462
 151  464
 151  465
 153  467
 153  468
 154  469
 154  470
 159  475
 160  475
 163  478
 164  478
 166  480
 166  481
 167  482
 167  483
 168  484
 168  485
 169  486
 169  495
 170  496
 170  504
 171  505
 171  508
 172  509
 172  511
 173  512
 173  514
 174  515
 174  516
 175  517
 175  518
 177  520
 177  521
 180  524
 181  524
 182  525
 183  525
 184  526
 186  526
 187  527
 190  527
 192  525
 192  524
 198  518
 214  518
 216  520
 216  521
 217  522
 217  523
 222  528
 224  528
 224  527
 226  525
 226  524
 227  523
 227  521
 228  520
 228  518
 229  517
 229  516
 231  514
 232  514
 234  512
 235  512
 236  511
 255  511
 256  512
 257  512
 258  513
 258  497
 259  496
 259  495
 261  493
 261  492
 264  489
 264  488
 265  487
 265  485
 266  484
 266  483
 267  482
 268  482
 269  481
 270  481
 271  480
 272  480
 273  479
 274  479
 276  477
 276  476
 277  475
 277  459
 278  458
 278  457
 279  456
 280  456
 281  455
 281  454
 283  452
 283  451
 285  449
 286  449
 287  448
 289  448
 293  444
 293  441
 292  440
 292  437
 291  436
 291  435
 290  434
 290  432
 289  431
 289  430
 288  429
 288  427
 283  422
 283  402
 282  401
 282  399
 280  397
 280  396
 279  395
 279  394
 278  393
 278  392
 272  386
 272  385
 266  379
 266  378
 256  368
 256  366
 255  365
 255  363
 252  360
 252  346
 253  345
 273  345
 274  344
 276  344
 277  343
 279  343
 281  341
 282  341
 285  338
 286  338
 288  336
 289  336
 291  334
 292  334
 294  332
 294  331
 296  329
 296  327
 299  324
 300  324
 306  318
 306  317
 307  316
 307  314
 310  311
 310  302
 311  301
 314  301
 316  299
 316  298
 317  297
 317  296
 319  294
 319  291
 320  290
 320  288
 321  287
 321  286
 322  285
 322  282
 323  281
 323  271
 325  269
 326  269
 328  267
 328  266
 329  265
 329  263
 330  262
 330  261
 331  260
 331  259
 332  258
 332  256
 333  255
 333  250
 334  249
 334  247
 335  246
 335  245
 339  241
 339  240
 341  238
 341  237
 342  236
 342  234
 343  233
 343  232
 344  231
 344  230
 345  229
 345  226
 346  225
 346  223
 349  220
 349  219
 351  217
 351  216
 352  215
 352  214
 354  212
 354  211
 355  210
 355  209
 356  208
 356  205
 358  203
 358  202
 361  199
 361  198
 363  196
 363  195
 365  193
 365  192
 366  191
 366  186
 369  183
 369  181
 370  180
 370  166
 369  165
 369  164
 368  163
 368  162
 367  162
 364  159
 363  159
 361  157
 360  157
 359  156
 358  156
 357  155
 356  155
 355  154
 354  154
 353  153
 351  153
 350  152
 347  152
 346  151
 343  151
 342  150
