 398   52
 397   53
 387   53
 386   54
 383   54
 382   55
 378   55
 377   56
 374   56
 373   57
 370   57
 369   58
 367   58
 366   59
 364   59
 363   60
 360   60
 359   61
 358   61
 357   62
 354   62
 353   63
 351   63
 350   64
 348   64
 347   65
 346   65
 345   66
 343   66
 342   67
 340   67
 339   68
 338   68
 337   69
 335   69
 334   70
 333   70
 332   71
 331   71
 330   72
 329   72
 328   73
 327   73
 326   74
 325   74
 324   75
 323   75
 322   76
 321   76
 320   77
 319   77
 318   78
 317   78
 316   79
 315   79
 314   80
 313   80
 312   81
 311   81
 310   82
 309   82
 308   83
 307   83
 306   84
 305   84
 304   85
 303   85
 302   86
 301   86
 300   87
 299   87
 297   89
 296   89
 295   90
 294   90
 293   91
 292   91
 290   93
 289   93
 287   95
 286   95
 285   96
 284   96
 282   98
 281   98
 279  100
 278  100
 276  102
 275  102
 274  103
 273  103
 271  105
 270  105
 268  107
 267  107
 266  108
 265  108
 263  110
 262  110
 260  112
 259  112
 257  114
 256  114
 255  115
 254  115
 251  118
 250  118
 247  121
 246  121
 244  123
 243  123
 240  126
 239  126
 236  129
 235  129
 233  131
 232  131
 230  133
 229  133
 227  135
 226  135
 223  138
 222  138
 220  140
 219  140
 216  143
 215  143
 212  146
 211  146
 206  151
 205  151
 200  156
 199  156
 192  163
 191  163
 183  171
 182  171
 172  181
 171  181
 167  185
 166  185
 163  188
 162  188
 160  190
 159  190
 158  191
 156  191
 155  192
 154  192
 152  194
 151  194
 140  205
 139  205
 130  214
 129  214
 128  215
 128  216
 126  218
 125  218
 109  234
 108  234
 104  238
 103  238
 100  241
  99  241
  95  245
  94  245
  90  249
  89  249
  86  252
  85  252
  80  257
  79  257
  76  260
  75  260
  72  263
  71  263
  68  266
  67  266
  64  269
  64  270
  63  271
  63  275
  60  278
  60  279
  54  285
  54  286
  53  287
  53  294
  51  296
  49  296
  48  297
  47  297
  46  298
  44  298
  42  300
  42  303
  41  304
  41  311
  40  312
  40  326
  39  327
  39  329
  38  330
  38  331
  37  332
  37  378
  39  380
  39  394
  37  396
  37  397
  36  398
  36  399
  35  400
  35  404
  34  405
  34  414
  33  415
  33  416
  32  417
  27  417
  26  418
  26  432
  27  433
  27  436
  28  437
  28  441
  29  442
  29  444
  30  445
  30  447
  31  448
  31  450
  32  451
  32  452
  33  453
  33  454
  34  455
  34  458
  35  459
  35  460
  36  461
  36  463
  37  464
  37  467
  38  468
  38  470
  39  471
  39  472
  40  473
  40  478
  41  479
  41  481
  42  482
  42  483
  43  484
  43  485
  44  486
  44  489
  45  490
  45  491
  46  492
  46  493
  47  494
  47  496
  48  497
  48  499
  50  501
  50  504
  51  505
  51  507
  53  509
  53  510
  54  511
  54  513
  55  514
  55  515
  56  516
  56  517
  57  518
  57  521
  58  522
  58  523
  59  524
  59  525
  61  527
  61  529
  62  530
  62  531
  64  533
  64  535
  65  536
  65  537
  67  539
  67  540
  68  541
  68  542
  69  543
  69  544
  71  546
  71  547
  72  548
  72  549
  74  551
  74  552
  75  553
  75  554
  78  557
  78  558
  80  560
  80  561
  82  563
  82  564
  87  569
  87  570
  91  574
  91  575
 102  586
 102  587
 104  589
 104  596
 105  597
 105  598
 106  599
 106  600
 107  601
 107  609
 108  610
 108  615
 109  616
 109  617
 110  618
 110  619
 111  620
 111  623
 112  624
 112  625
 114  627
 114  628
 119  633
 120  633
 121  634
 123  634
 124  635
 131  635
 133  633
 134  633
 136  631
 136  630
 137  629
 137  626
 141  622
 143  622
 144  621
 146  621
 147  620
 163  620
 164  621
 164  623
 165  624
 165  625
 166  626
 166  627
 168  629
 169  629
 171  631
 172  631
 173  632
 174  632
 175  633
 180  633
 181  632
 182  632
 184  630
 185  630
 187  628
 187  627
 188  626
 188  625
 189  624
 189  623
 190  622
 190  609
 191  608
 191  607
 194  604
 195  604
 196  603
 198  603
 199  602
 200  602
 201  601
 218  601
 219  602
 220  602
 221  603
 222  603
 223  604
 226  604
 227  605
 228  605
 229  606
 230  605
 231  605
 233  603
 234  603
 235  602
 235  601
 237  599
 237  588
 235  586
 235  569
 236  568
 236  567
 237  566
 238  566
 240  564
 241  564
 242  563
 256  563
 257  562
 258  562
 264  556
 264  555
 265  554
 265  553
 267  551
 267  541
 263  537
 263  536
 262  535
 262  520
 263  519
 264  519
 267  516
 268  516
 269  515
 271  515
 272  514
 274  514
 275  513
 277  513
 284  506
 284  504
 285  503
 285  502
 286  501
 285  500
 285  499
 284  498
 284  495
 281  492
 281  491
 273  483
 272  483
 271  482
 271  481
 269  479
 269  478
 268  477
 268  461
 269  460
 269  458
 268  457
 268  455
 267  454
 267  452
 264  449
 264  448
 252  436
 251  436
 245  430
 244  430
 239  425
 238  425
 237  424
 236  424
 229  417
 215  417
 214  416
 213  416
 212  415
 211  415
 210  414
 210  400
 211  399
 230  399
 231  400
 237  400
 238  401
 242  401
 243  402
 248  402
 249  403
 251  403
 252  404
 256  404
 257  405
 268  405
 269  404
 270  404
 271  403
 273  403
 274  402
 276  402
 277  401
 279  401
 280  400
 284  400
 285  399
 289  399
 290  398
 294  398
 295  397
 299  397
 300  396
 301  396
 306  391
 306  390
 307  389
 307  388
 308  387
 308  386
 311  383
 311  382
 313  380
 313  379
 315  377
 315  376
 317  374
 317  371
 318  370
 318  369
 320  367
 320  366
 324  362
 325  362
 326  361
 327  361
 328  360
 329  360
 330  359
 331  359
 333  357
 334  357
 337  354
 337  353
 339  351
 339  350
 341  348
 341  346
 342  345
 342  344
 343  343
 343  342
 344  341
 344  330
 345  329
 345  325
 346  324
 346  323
 347  322
 347  321
 353  315
 354  315
 360  309
 360  308
 361  307
 361  306
 362  305
 362  304
 364  302
 364  300
 365  299
 365  298
 366  297
 366  296
 367  295
 367  292
 368  291
 368  278
 369  277
 369  276
 370  275
 370  274
 371  273
 371  272
 374  269
 374  268
 376  266
 377  266
 380  263
 381  263
 387  257
 387  256
 388  255
 388  254
 389  253
 389  252
 390  251
 390  250
 391  249
 391  247
 392  246
 392  245
 393  244
 393  243
 394  242
 394  238
 395  237
 395  228
 396  227
 396  226
 397  225
 397  224
 405  216
 406  216
 409  213
 410  213
 413  210
 413  209
 415  207
 415  206
 417  204
 417  203
 419  201
 419  200
 421  198
 421  196
 423  194
 423  193
 424  192
 424  191
 425  190
 425  186
 426  185
 426  183
 427  182
 427  180
 428  179
 428  177
 430  175
 430  174
 431  173
 431  172
 435  168
 435  167
 436  166
 436  165
 437  164
 437  163
 438  162
 438  159
 439  158
 439  157
 440  156
 440  155
 441  154
 441  152
 442  151
 442  150
 443  149
 443  148
 444  147
 444  145
 445  144
 445  142
 446  141
 446  140
 447  139
 447  138
 449  136
 449  135
 451  133
 451  132
 452  131
 452  129
 453  128
 453  126
 454  125
 454  120
 455  119
 455   90
 454   89
 454   85
 453   84
 453   79
 452   78
 452   71
 451   70
 451   69
 449   67
 449   66
 445   62
 444   62
 442   60
 441   60
 440   59
 439   59
 438   58
 436   58
 435   57
 433   57
 432   56
 430   56
 429   55
 424   55
 423   54
 419   54
 418   53
 405   53
 404   52
