 305  195
 304  196
 299  196
 298  197
 296  197
 295  198
 293  198
 292  199
 290  199
 289  200
 287  200
 286  201
 284  201
 283  202
 281  202
 280  203
 279  203
 278  204
 277  204
 276  205
 275  205
 274  206
 273  206
 272  207
 271  207
 270  208
 269  208
 267  210
 265  210
 263  212
 262  212
 260  214
 259  214
 258  215
 257  215
 255  217
 254  217
 252  219
 251  219
 249  221
 248  221
 245  224
 244  224
 243  225
 242  225
 239  228
 238  228
 235  231
 234  231
 230  235
 229  235
 224  240
 223  240
 220  243
 219  243
 213  249
 212  249
 204  257
 203  257
 177  283
 177  284
 172  289
 172  290
 169  293
 169  294
 167  296
 167  297
 164  300
 164  301
 161  304
 161  305
 158  308
 158  309
 157  310
 157  311
 155  313
 155  314
 154  315
 154  316
 151  319
 151  321
 148  324
 148  325
 147  326
 147  327
 145  329
 143  329
 142  330
 142  345
 143  346
 143  361
 141  363
 141  365
 140  366
 140  367
 139  368
 139  369
 138  370
 135  370
 134  371
 134  387
 135  388
 135  390
 136  391
 136  393
 137  394
 137  398
 138  399
 138  402
 139  403
 139  404
 140  405
 140  407
 141  408
 141  412
 142  413
 142  414
 143  415
 143  416
 144  417
 144  422
 145  423
 145  425
 147  427
 147  430
 148  431
 148  433
 149  434
 149  435
 150  436
 150  437
 151  438
 151  441
 152  442
 152  443
 153  444
 153  445
 154  446
 154  451
 155  452
 155  455
 156  456
 156  458
 157  459
 157  462
 158  463
 158  465
 159  466
 159  467
 164  472
 166  472
 167  473
 172  473
 173  474
 175  474
 177  476
 177  478
 178  479
 178  482
 179  483
 179  485
 180  486
 180  487
 181  488
 181  489
 184  492
 185  492
 186  493
 187  492
 188  492
 193  487
 209  487
 211  489
 212  489
 213  490
 214  490
 217  487
 217  485
 221  481
 222  481
 223  480
 236  480
 237  479
 238  479
 240  477
 240  476
 241  475
 241  468
 242  467
 242  465
 245  462
 248  462
 249  461
 250  461
 251  460
 253  460
 256  457
 256  456
 257  455
 257  453
 256  452
 256  435
 260  431
 261  431
 263  429
 263  428
 264  427
 264  426
 263  425
 263  423
 260  420
 260  419
 258  417
 258  416
 256  414
 256  413
 255  412
 255  406
 254  405
 254  401
 253  400
 253  399
 251  397
 251  396
 250  395
 250  394
 239  383
 238  383
 234  379
 233  379
 229  375
 229  361
 230  360
 246  360
 247  361
 249  361
 250  362
 258  362
 259  361
 261  361
 262  360
 266  360
 267  359
 270  359
 271  358
 280  358
 281  357
 284  357
 289  352
 290  352
 291  351
 292  351
 294  349
 294  348
 296  346
 297  346
 300  343
 300  342
 303  339
 303  338
 304  337
 304  336
 306  334
 306  333
 307  332
 307  331
 308  330
 308  329
 310  327
 310  325
 312  323
 312  322
 313  321
 313  320
 314  319
 314  318
 315  317
 315  316
 316  315
 316  314
 317  313
 317  312
 318  311
 318  310
 320  308
 320  306
 321  305
 321  304
 323  302
 323  301
 324  300
 324  299
 325  298
 325  297
 326  296
 326  294
 327  293
 327  291
 328  290
 328  289
 329  288
 329  287
 330  286
 330  284
 331  283
 331  281
 332  280
 332  279
 333  278
 333  277
 334  276
 334  274
 335  273
 335  271
 336  270
 336  268
 337  267
 337  265
 338  264
 338  263
 339  262
 339  260
 340  259
 340  256
 341  255
 341  251
 342  250
 342  248
 343  247
 343  245
 344  244
 344  240
 345  239
 345  236
 346  235
 346  229
 347  228
 347  225
 346  224
 346  220
 345  219
 345  215
 344  214
 344  211
 343  210
 343  209
 341  207
 341  206
 335  200
 334  200
 333  199
 332  199
 331  198
 329  198
 328  197
 325  197
 324  196
 319  196
 318  195
