 324  173
 323  174
 315  174
 314  175
 311  175
 310  176
 306  176
 305  177
 303  177
 302  178
 299  178
 298  179
 296  179
 295  180
 292  180
 291  181
 290  181
 289  182
 287  182
 286  183
 285  183
 284  184
 282  184
 281  185
 280  185
 279  186
 277  186
 276  187
 274  187
 273  188
 271  188
 270  189
 268  189
 267  190
 266  190
 265  191
 264  191
 263  192
 262  192
 261  193
 259  193
 258  194
 257  194
 256  195
 254  195
 253  196
 252  196
 251  197
 249  197
 248  198
 246  198
 245  199
 244  199
 243  200
 241  200
 240  201
 239  201
 238  202
 237  202
 236  203
 235  203
 234  204
 232  204
 231  205
 230  205
 229  206
 228  206
 227  207
 226  207
 225  208
 224  208
 222  210
 221  210
 220  211
 219  211
 218  212
 217  212
 216  213
 215  213
 213  215
 212  215
 211  216
 210  216
 209  217
 208  217
 207  218
 206  218
 205  219
 204  219
 202  221
 201  221
 200  222
 199  222
 198  223
 196  223
 194  225
 193  225
 192  226
 191  226
 190  227
 189  227
 187  229
 186  229
 185  230
 184  230
 182  232
 181  232
 180  233
 179  233
 177  235
 176  235
 175  236
 174  236
 172  238
 171  238
 170  239
 169  239
 167  241
 166  241
 164  243
 163  243
 161  245
 160  245
 158  247
 157  247
 156  248
 154  248
 153  249
 139  249
 131  257
 130  257
 122  265
 121  265
 117  269
 116  269
 112  273
 112  275
 111  276
 111  300
 113  302
 123  302
 124  303
 124  318
 123  319
 123  321
 122  322
 122  328
 121  329
 121  354
 120  355
 118  355
 116  357
 116  360
 117  361
 117  362
 121  366
 121  367
 123  369
 123  370
 124  371
 124  372
 125  373
 125  374
 126  375
 126  376
 127  377
 127  378
 130  381
 130  382
 133  385
 133  386
 134  387
 134  388
 135  389
 135  390
 136  391
 136  394
 137  395
 137  396
 138  397
 138  398
 139  399
 139  400
 140  401
 140  402
 141  403
 141  405
 143  407
 143  408
 144  409
 144  410
 145  411
 145  413
 146  414
 146  415
 147  416
 147  417
 148  418
 148  420
 149  421
 149  423
 150  424
 150  426
 151  427
 151  431
 152  432
 152  451
 153  452
 153  465
 154  466
 154  468
 155  469
 155  472
 156  473
 156  476
 157  477
 157  478
 158  479
 158  480
 159  481
 159  482
 161  484
 161  485
 162  486
 162  487
 163  488
 163  489
 164  490
 164  491
 165  491
 166  492
 166  493
 170  497
 170  498
 172  500
 172  501
 173  501
 176  504
 177  504
 179  506
 180  506
 181  507
 182  507
 183  508
 184  508
 185  509
 186  509
 187  510
 189  510
 190  511
 191  511
 192  512
 193  512
 194  513
 199  513
 200  514
 219  514
 220  513
 224  513
 225  512
 227  512
 228  511
 230  511
 231  510
 233  510
 234  509
 236  509
 237  508
 238  508
 239  507
 240  507
 241  506
 242  506
 243  505
 244  505
 246  503
 247  503
 249  501
 250  501
 255  496
 256  496
 259  493
 259  492
 266  485
 266  484
 269  481
 269  480
 272  477
 272  476
 274  474
 274  473
 275  472
 275  471
 276  470
 276  469
 278  467
 278  465
 279  464
 279  462
 280  461
 280  460
 281  459
 281  457
 282  456
 282  453
 283  452
 283  451
 284  450
 284  448
 285  447
 285  444
 286  443
 286  441
 287  440
 287  438
 288  437
 288  434
 289  433
 289  430
 290  429
 290  427
 291  426
 291  424
 292  423
 292  419
 293  418
 293  417
 294  416
 294  413
 295  412
 295  409
 296  408
 296  396
 295  395
 295  392
 294  391
 294  390
 293  389
 293  388
 292  387
 292  386
 291  385
 291  384
 289  382
 289  381
 287  379
 287  378
 285  376
 285  375
 284  374
 284  373
 278  367
 278  366
 272  360
 272  345
 273  344
 289  344
 290  343
 294  343
 295  342
 298  342
 299  341
 300  341
 301  340
 302  340
 304  338
 305  338
 307  336
 308  336
 309  335
 310  335
 313  332
 314  332
 317  329
 318  329
 326  321
 327  321
 331  317
 331  316
 332  315
 332  313
 334  311
 335  311
 339  307
 339  306
 340  305
 340  304
 342  302
 343  302
 344  301
 345  301
 346  300
 347  300
 347  299
 348  298
 348  297
 349  296
 349  295
 350  294
 350  293
 351  292
 351  291
 352  290
 352  289
 353  288
 353  286
 354  285
 354  284
 355  283
 355  282
 356  281
 356  278
 357  277
 357  275
 358  274
 358  273
 359  272
 359  268
 360  267
 360  265
 361  264
 361  262
 362  261
 362  259
 363  258
 363  257
 364  256
 364  254
 365  253
 365  251
 366  250
 366  245
 367  244
 367  241
 368  240
 368  236
 369  235
 369  211
 368  210
 368  207
 367  206
 367  203
 366  202
 366  198
 365  197
 365  196
 364  195
 364  194
 363  193
 363  192
 362  191
 362  190
 361  189
 361  188
 357  184
 357  183
 354  180
 353  180
 352  179
 351  179
 350  178
 348  178
 347  177
 346  177
 345  176
 342  176
 341  175
 339  175
 338  174
 334  174
 333  173
