 334  169
 333  170
 325  170
 324  171
 321  171
 320  172
 316  172
 315  173
 313  173
 312  174
 310  174
 309  175
 306  175
 305  176
 303  176
 302  177
 300  177
 299  178
 298  178
 297  179
 295  179
 294  180
 293  180
 292  181
 290  181
 289  182
 288  182
 287  183
 286  183
 285  184
 284  184
 283  185
 282  185
 281  186
 279  186
 278  187
 277  187
 276  188
 275  188
 274  189
 273  189
 272  190
 271  190
 270  191
 269  191
 268  192
 267  192
 266  193
 265  193
 264  194
 263  194
 262  195
 260  195
 258  197
 257  197
 256  198
 255  198
 254  199
 253  199
 252  200
 251  200
 250  201
 249  201
 248  202
 247  202
 246  203
 245  203
 244  204
 243  204
 242  205
 241  205
 240  206
 239  206
 238  207
 237  207
 235  209
 234  209
 233  210
 231  210
 229  212
 228  212
 226  214
 225  214
 224  215
 223  215
 221  217
 220  217
 219  218
 218  218
 216  220
 215  220
 213  222
 212  222
 210  224
 209  224
 206  227
 205  227
 203  229
 202  229
 200  231
 199  231
 197  233
 196  233
 194  235
 193  235
 191  237
 190  237
 188  239
 187  239
 185  241
 184  241
 182  243
 181  243
 179  245
 178  245
 176  247
 175  247
 173  249
 172  249
 169  252
 168  252
 164  256
 163  256
 161  258
 160  258
 156  262
 155  262
 153  264
 151  264
 150  265
 147  265
 146  266
 144  266
 143  267
 142  267
 137  272
 136  272
 132  276
 131  276
 129  278
 128  278
 126  280
 125  280
 123  282
 122  282
 121  283
 119  283
 118  284
 116  284
 115  285
 113  285
 112  286
 111  286
 111  287
 110  288
 110  311
 112  313
 118  313
 119  314
 119  352
 118  353
 115  353
 113  355
 113  386
 114  387
 114  388
 115  389
 126  389
 131  394
 131  395
 132  396
 132  397
 133  398
 133  399
 135  401
 135  402
 136  403
 136  404
 138  406
 138  408
 139  409
 139  410
 141  412
 141  415
 142  416
 142  417
 143  418
 143  419
 144  420
 144  421
 145  422
 145  423
 146  424
 146  425
 148  427
 148  430
 149  431
 149  433
 150  434
 150  435
 151  436
 151  437
 152  438
 152  439
 153  440
 153  441
 154  442
 154  443
 155  444
 155  445
 156  446
 156  447
 157  448
 157  449
 158  450
 158  451
 159  452
 159  454
 160  455
 160  459
 161  460
 161  461
 162  462
 162  464
 163  465
 163  466
 164  467
 164  472
 165  473
 165  482
 166  483
 166  484
 167  485
 167  486
 168  487
 168  488
 169  489
 169  490
 175  496
 175  497
 179  501
 179  502
 185  508
 186  508
 187  509
 188  509
 191  512
 192  512
 193  513
 194  513
 195  514
 196  514
 197  515
 199  515
 200  516
 202  516
 203  517
 210  517
 211  518
 214  518
 215  519
 226  519
 227  518
 229  518
 230  517
 233  517
 234  516
 235  516
 236  515
 239  515
 240  514
 243  514
 244  513
 246  513
 247  512
 249  512
 250  511
 252  511
 253  510
 254  510
 256  508
 258  508
 260  506
 261  506
 263  504
 264  504
 268  500
 269  500
 272  497
 273  497
 274  496
 275  496
 277  494
 278  494
 282  490
 283  490
 284  489
 284  488
 288  484
 288  483
 290  481
 290  480
 291  479
 291  476
 292  475
 292  474
 293  473
 293  471
 294  470
 294  468
 295  467
 295  466
 297  464
 297  462
 298  461
 298  459
 299  458
 299  457
 300  456
 300  455
 301  454
 301  452
 302  451
 302  448
 303  447
 303  435
 304  434
 304  428
 303  427
 303  422
 302  421
 302  418
 301  417
 301  414
 300  413
 300  412
 299  411
 299  410
 298  409
 298  408
 297  407
 297  406
 296  405
 296  404
 295  403
 295  402
 293  400
 293  399
 291  397
 291  396
 288  393
 288  392
 287  391
 287  390
 286  389
 286  388
 280  382
 280  381
 277  378
 277  377
 274  374
 273  374
 272  373
 271  373
 270  372
 270  371
 265  366
 264  366
 261  363
 261  349
 262  348
 265  348
 265  343
 266  342
 270  342
 271  341
 282  341
 283  340
 289  340
 290  339
 291  339
 292  338
 293  338
 294  337
 295  337
 296  336
 297  336
 298  335
 299  335
 300  334
 301  334
 302  333
 303  333
 304  332
 306  332
 307  331
 308  331
 313  326
 313  325
 316  322
 317  322
 320  319
 320  318
 324  314
 325  314
 326  313
 327  313
 334  306
 334  305
 336  303
 336  302
 337  301
 337  300
 338  299
 338  298
 340  296
 340  295
 341  294
 341  293
 344  290
 344  289
 346  287
 346  286
 348  284
 348  283
 350  281
 350  280
 351  279
 351  277
 352  276
 352  274
 353  273
 353  272
 354  271
 354  268
 355  267
 355  266
 357  264
 357  263
 358  262
 358  260
 359  259
 359  258
 360  257
 360  255
 361  254
 361  250
 362  249
 362  246
 363  245
 363  244
 364  243
 364  241
 365  240
 365  238
 366  237
 366  236
 367  235
 367  231
 368  230
 368  219
 369  218
 369  217
 370  216
 370  199
 369  198
 369  195
 368  194
 368  192
 367  191
 367  190
 366  189
 366  188
 364  186
 364  185
 361  182
 361  181
 358  178
 358  177
 352  171
 350  171
 349  170
 347  170
 346  169
