 366   78
 365   79
 360   79
 359   80
 355   80
 354   81
 350   81
 349   82
 346   82
 345   83
 342   83
 341   84
 339   84
 338   85
 335   85
 334   86
 332   86
 331   87
 329   87
 328   88
 326   88
 325   89
 323   89
 322   90
 319   90
 318   91
 317   91
 316   92
 314   92
 313   93
 312   93
 311   94
 308   94
 307   95
 306   95
 305   96
 304   96
 303   97
 301   97
 300   98
 299   98
 298   99
 296   99
 294  101
 292  101
 290  103
 288  103
 287  104
 286  104
 285  105
 284  105
 283  106
 282  106
 281  107
 280  107
 278  109
 277  109
 276  110
 275  110
 274  111
 273  111
 272  112
 271  112
 269  114
 268  114
 267  115
 266  115
 264  117
 263  117
 262  118
 261  118
 259  120
 258  120
 257  121
 256  121
 254  123
 253  123
 251  125
 250  125
 248  127
 247  127
 245  129
 244  129
 241  132
 240  132
 238  134
 237  134
 234  137
 233  137
 229  141
 228  141
 225  144
 224  144
 222  146
 221  146
 219  148
 218  148
 215  151
 214  151
 211  154
 210  154
 207  157
 206  157
 203  160
 202  160
 199  163
 198  163
 194  167
 193  167
 190  170
 189  170
 184  175
 183  175
 179  179
 178  179
 169  188
 168  188
 159  197
 158  197
 129  226
 129  227
 119  237
 119  238
 112  245
 112  246
 104  254
 104  255
  97  262
  97  263
  92  268
  92  269
  88  273
  88  274
  85  277
  85  278
  82  281
  82  282
  80  284
  80  285
  78  287
  78  288
  75  291
  75  292
  74  293
  74  294
  71  297
  71  298
  69  300
  69  301
  68  302
  68  303
  66  305
  66  306
  65  307
  65  308
  64  309
  64  310
  62  312
  62  313
  61  314
  61  316
  60  317
  60  318
  59  319
  59  320
  58  321
  58  323
  57  324
  57  325
  55  327
  55  328
  53  330
  52  330
  51  331
  51  361
  52  362
  58  362
  59  363
  59  377
  58  378
  58  379
  56  381
  56  384
  55  385
  55  390
  54  391
  51  391
  50  392
  50  405
  51  406
  51  407
  52  408
  52  409
  53  410
  53  411
  54  412
  54  418
  55  419
  55  422
  56  423
  56  425
  57  426
  57  428
  58  429
  58  430
  59  431
  59  432
  60  433
  60  435
  61  436
  61  439
  62  440
  62  442
  63  443
  63  444
  64  445
  64  447
  65  448
  65  450
  66  451
  66  452
  67  453
  67  455
  68  456
  68  458
  69  459
  69  460
  70  461
  70  462
  71  463
  71  466
  72  467
  72  468
  73  469
  73  470
  74  471
  74  473
  75  474
  75  475
  76  476
  76  477
  77  478
  77  479
  78  480
  78  483
  80  485
  80  486
  81  487
  81  489
  82  490
  82  491
  83  492
  83  493
  84  494
  84  496
  85  497
  85  499
  87  501
  87  502
  88  503
  88  505
  89  506
  89  507
  90  508
  90  509
  91  510
  91  513
  92  514
  92  515
  93  516
  93  517
  94  518
  94  520
  95  521
  95  523
  97  525
  97  527
  98  528
  98  530
  99  531
  99  532
 100  533
 100  534
 101  535
 101  537
 102  538
 102  539
 103  540
 103  541
 104  542
 104  543
 105  544
 105  545
 106  546
 106  547
 108  549
 108  551
 112  555
 112  556
 122  566
 122  567
 128  573
 128  574
 132  578
 133  578
 146  591
 146  592
 148  594
 148  595
 150  597
 150  598
 152  600
 152  601
 155  604
 155  605
 156  606
 157  606
 160  609
 162  609
 163  610
 169  610
 170  609
 172  609
 173  608
 176  608
 177  607
 181  607
 182  606
 184  606
 185  605
 189  605
 190  604
 193  604
 194  603
 200  603
 201  602
 203  602
 204  601
 205  601
 206  600
 207  600
 209  598
 210  598
 214  594
 214  593
 220  587
 221  587
 223  585
 224  585
 225  584
 226  584
 227  583
 230  583
 231  582
 232  582
 233  581
 234  581
 235  580
 236  580
 240  576
 240  575
 241  574
 241  570
 242  569
 242  565
 243  564
 243  561
 244  560
 244  558
 246  556
 246  555
 248  553
 248  552
 250  550
 251  550
 252  549
 254  549
 255  548
 257  548
 258  547
 260  547
 261  546
 262  546
 264  544
 265  544
 266  543
 266  542
 267  541
 267  540
 268  539
 268  537
 269  536
 269  533
 270  532
 270  526
 271  525
 271  518
 272  517
 272  515
 273  514
 273  513
 274  512
 274  509
 275  508
 275  507
 282  500
 283  500
 287  496
 287  495
 288  494
 288  493
 290  491
 290  486
 289  485
 289  484
 288  483
 288  480
 287  479
 287  477
 286  476
 286  475
 285  474
 285  471
 284  470
 284  452
 283  451
 283  450
 282  449
 282  448
 281  447
 281  445
 279  443
 279  442
 277  440
 277  439
 274  436
 274  435
 268  429
 268  428
 257  417
 257  416
 244  403
 244  402
 239  397
 238  397
 232  391
 220  391
 218  389
 218  375
 219  374
 238  374
 239  375
 247  375
 248  376
 254  376
 255  377
 261  377
 262  378
 274  378
 275  377
 277  377
 278  376
 280  376
 281  375
 285  375
 286  374
 290  374
 291  373
 294  373
 295  372
 297  372
 298  371
 299  371
 300  370
 301  370
 302  369
 303  369
 306  366
 306  365
 309  362
 311  362
 314  359
 314  358
 315  357
 315  356
 318  353
 318  352
 319  351
 319  350
 321  348
 321  347
 324  344
 324  343
 327  340
 327  339
 331  335
 331  334
 334  331
 334  330
 336  328
 336  327
 337  326
 337  325
 338  324
 338  323
 339  322
 339  321
 340  320
 340  319
 341  318
 341  316
 342  315
 342  314
 343  313
 343  312
 344  311
 344  310
 345  309
 345  308
 347  306
 347  305
 348  304
 348  303
 350  301
 350  300
 351  299
 351  298
 352  297
 352  295
 353  294
 353  293
 354  292
 354  290
 355  289
 355  287
 356  286
 356  285
 357  284
 357  281
 358  280
 358  277
 359  276
 359  275
 360  274
 360  272
 361  271
 361  269
 362  268
 362  267
 363  266
 363  265
 364  264
 364  263
 365  262
 365  261
 367  259
 367  258
 368  257
 368  255
 369  254
 369  253
 370  252
 370  251
 371  250
 371  248
 372  247
 372  246
 373  245
 373  244
 374  243
 374  241
 375  240
 375  238
 376  237
 376  236
 377  235
 377  233
 378  232
 378  230
 379  229
 379  228
 381  226
 381  224
 383  222
 383  221
 385  219
 385  218
 387  216
 387  215
 388  214
 388  213
 389  212
 389  211
 391  209
 391  207
 392  206
 392  205
 394  203
 394  201
 395  200
 395  198
 396  197
 396  195
 397  194
 397  193
 398  192
 398  191
 399  190
 399  189
 401  187
 401  186
 402  185
 402  184
 404  182
 404  181
 405  180
 405  179
 407  177
 407  176
 408  175
 408  173
 409  172
 409  171
 411  169
 411  167
 413  165
 413  164
 414  163
 414  162
 415  161
 415  160
 416  159
 416  158
 417  157
 417  156
 418  155
 418  153
 419  152
 419  151
 420  150
 420  149
 421  148
 421  146
 422  145
 422  143
 423  142
 423  141
 424  140
 424  139
 425  138
 425  135
 426  134
 426  132
 427  131
 427  129
 428  128
 428  123
 429  122
 429  118
 430  117
 430  113
 431  112
 431  104
 430  103
 430  101
 429  100
 429   98
 428   97
 428   94
 427   93
 427   92
 425   90
 425   89
 421   85
 420   85
 419   84
 418   84
 417   83
 415   83
 414   82
 412   82
 411   81
 407   81
 406   80
 401   80
 400   79
 392   79
 391   78
