 336  142
 335  143
 332  143
 331  144
 327  144
 326  145
 324  145
 323  146
 319  146
 318  147
 316  147
 315  148
 314  148
 313  149
 311  149
 310  150
 309  150
 308  151
 306  151
 305  152
 304  152
 303  153
 301  153
 300  154
 299  154
 298  155
 297  155
 296  156
 295  156
 293  158
 292  158
 291  159
 290  159
 289  160
 288  160
 287  161
 286  161
 284  163
 283  163
 282  164
 281  164
 279  166
 278  166
 277  167
 276  167
 274  169
 273  169
 272  170
 271  170
 270  171
 269  171
 268  172
 267  172
 266  173
 265  173
 263  175
 262  175
 260  177
 259  177
 258  178
 257  178
 255  180
 254  180
 251  183
 250  183
 248  185
 247  185
 244  188
 243  188
 241  190
 240  190
 236  194
 235  194
 233  196
 232  196
 230  198
 229  198
 227  200
 226  200
 221  205
 220  205
 216  209
 215  209
 211  213
 210  213
 205  218
 204  218
 201  221
 200  221
 195  226
 194  226
 188  232
 187  232
 176  243
 175  243
 167  251
 166  251
 164  253
 163  253
 161  255
 158  255
 155  258
 154  258
 154  259
 150  263
 150  264
 147  267
 147  268
 137  278
 136  278
 133  281
 132  281
 130  283
 129  283
 127  285
 126  285
 124  287
 123  287
 122  288
 121  288
 119  290
 118  290
 116  292
 115  292
 112  295
 111  295
 106  300
 106  315
 107  316
 107  317
 114  317
 115  318
 115  332
 114  333
 114  334
 113  335
 113  337
 112  338
 112  341
 111  342
 111  355
 110  356
 110  358
 109  359
 108  359
 106  361
 106  388
 108  390
 115  390
 120  395
 120  396
 123  399
 123  400
 124  401
 124  402
 125  403
 125  404
 126  405
 126  406
 128  408
 128  409
 132  413
 132  414
 133  415
 133  416
 134  417
 134  418
 136  420
 136  421
 137  422
 137  423
 138  423
 139  424
 139  426
 140  427
 140  428
 143  431
 143  432
 145  434
 145  435
 147  437
 147  438
 149  440
 149  441
 151  443
 151  444
 153  446
 153  447
 154  448
 154  449
 156  451
 156  452
 157  453
 157  454
 160  457
 160  458
 162  460
 162  461
 163  462
 163  464
 164  465
 164  466
 165  467
 165  470
 166  471
 166  477
 167  478
 167  480
 168  481
 168  484
 169  485
 169  498
 170  499
 170  507
 171  508
 171  511
 172  512
 172  514
 174  516
 174  517
 175  517
 180  522
 181  522
 184  525
 185  525
 188  528
 189  528
 196  535
 197  535
 200  538
 201  538
 203  540
 205  540
 206  541
 209  541
 210  542
 216  542
 217  543
 223  543
 224  544
 228  544
 229  545
 230  545
 231  546
 236  546
 237  545
 239  545
 240  544
 241  544
 242  543
 243  543
 244  542
 245  542
 246  541
 248  541
 249  540
 250  540
 251  539
 253  539
 254  538
 255  538
 256  537
 259  537
 260  536
 263  536
 264  535
 265  535
 266  534
 268  534
 269  533
 270  533
 272  531
 273  531
 275  529
 276  529
 281  524
 281  523
 282  522
 282  521
 291  512
 292  512
 293  511
 294  511
 299  506
 299  505
 302  502
 302  500
 304  498
 304  497
 305  496
 305  494
 306  493
 306  491
 307  490
 307  488
 308  487
 308  484
 309  483
 309  482
 311  480
 311  479
 312  478
 312  477
 313  476
 313  475
 314  474
 314  473
 315  472
 315  469
 316  468
 316  466
 317  465
 317  463
 318  462
 318  456
 319  455
 319  448
 320  447
 320  444
 321  443
 321  439
 320  438
 320  436
 319  435
 319  434
 318  433
 318  432
 317  431
 317  430
 315  428
 315  427
 314  426
 314  425
 313  424
 313  423
 311  421
 311  420
 309  418
 309  417
 308  416
 308  414
 307  413
 307  412
 306  411
 306  410
 305  409
 305  408
 304  407
 304  406
 294  396
 293  396
 292  395
 292  394
 290  392
 290  391
 285  386
 284  386
 278  380
 278  379
 277  379
 275  377
 274  377
 273  376
 273  375
 272  374
 271  374
 270  373
 269  373
 267  371
 267  370
 266  370
 263  367
 262  367
 259  364
 258  364
 255  361
 255  347
 256  346
 275  346
 276  347
 282  347
 283  346
 290  346
 291  345
 297  345
 298  344
 300  344
 301  343
 302  343
 304  341
 305  341
 305  340
 308  337
 309  337
 311  335
 312  335
 314  333
 315  333
 317  331
 318  331
 321  328
 322  328
 324  326
 325  326
 325  325
 326  324
 326  323
 327  322
 327  320
 328  319
 328  318
 329  317
 332  317
 333  316
 334  316
 334  315
 335  314
 335  312
 336  311
 336  310
 338  308
 338  307
 340  305
 341  305
 342  304
 342  303
 345  300
 345  299
 346  298
 346  297
 348  295
 348  294
 351  291
 351  290
 352  289
 352  284
 353  283
 353  282
 354  281
 354  280
 355  279
 355  276
 356  275
 356  274
 359  271
 359  269
 361  267
 361  266
 362  265
 362  262
 363  261
 363  259
 364  258
 364  255
 365  254
 365  245
 366  244
 366  242
 367  241
 367  240
 368  239
 368  235
 369  234
 369  223
 370  222
 370  220
 371  219
 371  216
 372  215
 372  202
 373  201
 373  200
 374  199
 374  197
 375  196
 375  191
 373  189
 373  185
 372  184
 372  172
 371  171
 371  170
 370  169
 370  168
 369  167
 369  165
 368  164
 368  163
 366  161
 366  160
 361  155
 361  154
 359  152
 359  151
 358  150
 358  149
 354  145
 353  145
 352  144
 351  144
 350  143
 349  143
 348  142
