 333  125
 332  126
 328  126
 327  127
 324  127
 323  128
 321  128
 320  129
 319  129
 318  130
 316  130
 315  131
 313  131
 312  132
 311  132
 310  133
 309  133
 308  134
 306  134
 305  135
 304  135
 303  136
 302  136
 301  137
 300  137
 299  138
 298  138
 297  139
 296  139
 295  140
 294  140
 293  141
 292  141
 291  142
 290  142
 289  143
 288  143
 287  144
 286  144
 285  145
 284  145
 282  147
 281  147
 280  148
 279  148
 277  150
 276  150
 275  151
 274  151
 271  154
 270  154
 268  156
 267  156
 265  158
 264  158
 261  161
 260  161
 258  163
 257  163
 254  166
 253  166
 250  169
 249  169
 246  172
 245  172
 241  176
 240  176
 235  181
 234  181
 227  188
 226  188
 216  198
 215  198
 215  199
 213  201
 212  201
 183  230
 183  231
 178  236
 178  237
 169  246
 169  247
 165  251
 165  252
 161  256
 161  257
 158  260
 158  261
 157  262
 157  263
 155  265
 155  266
 154  267
 154  268
 152  270
 152  271
 151  272
 151  273
 148  276
 148  278
 145  281
 145  282
 144  283
 144  284
 143  285
 143  286
 141  288
 141  289
 140  290
 140  291
 138  293
 138  294
 137  295
 137  296
 135  298
 135  299
 134  300
 134  302
 132  304
 132  306
 131  307
 131  309
 130  310
 130  311
 129  312
 129  313
 128  314
 128  317
 125  320
 125  321
 124  322
 124  323
 123  324
 123  348
 125  350
 129  350
 130  351
 130  365
 129  366
 125  366
 124  367
 124  387
 126  389
 127  389
 128  390
 128  392
 129  393
 129  396
 130  397
 130  399
 131  400
 131  402
 132  403
 132  404
 133  405
 133  407
 134  408
 134  411
 135  412
 135  414
 136  415
 136  416
 137  417
 137  419
 138  420
 138  423
 139  424
 139  425
 140  426
 140  427
 141  428
 141  430
 142  431
 142  433
 143  434
 143  435
 144  436
 144  438
 145  439
 145  441
 146  442
 146  443
 148  445
 148  447
 149  448
 149  449
 150  450
 150  451
 151  452
 151  454
 152  455
 152  456
 154  458
 154  459
 155  460
 155  462
 157  464
 157  465
 158  466
 158  467
 159  468
 159  469
 161  471
 161  472
 163  474
 163  475
 166  478
 166  479
 169  482
 169  483
 172  486
 173  486
 175  488
 176  488
 177  489
 179  489
 180  490
 182  490
 183  491
 185  491
 186  492
 187  492
 190  495
 190  496
 191  497
 191  499
 192  500
 192  502
 194  504
 194  505
 195  506
 195  507
 197  509
 197  510
 198  511
 198  512
 201  515
 201  516
 203  518
 203  519
 206  522
 206  523
 212  529
 213  529
 215  531
 217  529
 233  529
 237  533
 240  533
 241  532
 260  532
 265  537
 265  538
 266  539
 266  540
 269  543
 269  544
 272  547
 272  548
 275  551
 275  552
 281  558
 282  558
 284  560
 285  560
 286  561
 287  561
 287  559
 286  558
 286  557
 285  556
 285  554
 284  553
 284  549
 283  548
 283  547
 282  546
 282  545
 281  544
 281  541
 280  540
 280  538
 278  536
 278  535
 277  534
 277  533
 275  531
 275  530
 274  529
 274  528
 273  527
 273  526
 271  524
 271  522
 270  521
 270  520
 268  518
 268  497
 271  494
 272  494
 273  493
 275  493
 276  492
 278  492
 279  491
 280  491
 282  489
 282  486
 281  485
 281  481
 280  480
 280  478
 279  477
 279  476
 278  475
 278  457
 282  453
 283  453
 284  452
 284  451
 286  449
 286  448
 285  447
 285  429
 286  428
 286  427
 291  422
 291  420
 288  417
 288  416
 287  415
 287  413
 285  411
 285  409
 284  408
 284  392
 283  391
 283  390
 281  388
 281  387
 279  385
 278  385
 274  381
 273  381
 271  379
 270  379
 268  377
 267  377
 266  376
 265  376
 263  374
 262  374
 261  373
 261  354
 263  352
 269  352
 270  351
 276  351
 277  350
 281  350
 284  347
 284  346
 285  345
 285  344
 287  342
 287  341
 288  340
 288  339
 290  337
 290  336
 294  332
 294  331
 301  324
 301  323
 304  320
 304  318
 305  317
 305  315
 306  314
 306  310
 307  309
 307  305
 308  304
 308  302
 310  300
 310  299
 311  298
 311  296
 313  294
 313  293
 314  292
 314  289
 313  288
 313  271
 314  270
 314  267
 315  266
 315  264
 316  263
 316  262
 317  261
 317  256
 316  255
 316  241
 317  240
 317  237
 318  236
 318  235
 319  234
 319  233
 320  232
 320  231
 321  230
 321  228
 322  227
 322  224
 323  223
 323  220
 324  219
 324  215
 325  214
 325  213
 327  211
 327  210
 328  209
 328  208
 334  202
 334  201
 337  198
 337  197
 340  194
 340  193
 341  192
 341  191
 342  190
 342  189
 343  188
 343  186
 344  185
 344  183
 345  182
 345  180
 347  178
 347  175
 348  174
 348  172
 349  171
 349  170
 350  169
 350  168
 351  167
 351  164
 352  163
 352  161
 353  160
 353  159
 354  158
 354  156
 355  155
 355  153
 356  152
 356  151
 357  150
 357  134
 355  132
 355  131
 354  130
 353  130
 352  129
 351  129
 350  128
 348  128
 347  127
 344  127
 343  126
 338  126
 337  125
