 315  209
 314  210
 310  210
 309  211
 304  211
 303  212
 300  212
 299  213
 296  213
 295  214
 293  214
 292  215
 289  215
 288  216
 285  216
 284  217
 283  217
 282  218
 278  218
 277  219
 276  219
 275  220
 273  220
 272  221
 271  221
 270  222
 268  222
 267  223
 266  223
 265  224
 263  224
 262  225
 261  225
 260  226
 259  226
 258  227
 256  227
 254  229
 252  229
 250  231
 249  231
 248  232
 247  232
 246  233
 245  233
 244  234
 243  234
 242  235
 241  235
 240  236
 238  236
 236  238
 235  238
 234  239
 233  239
 232  240
 231  240
 230  241
 229  241
 227  243
 226  243
 225  244
 224  244
 223  245
 222  245
 221  246
 220  246
 219  247
 218  247
 216  249
 215  249
 214  250
 213  250
 211  252
 210  252
 209  253
 208  253
 206  255
 205  255
 204  256
 203  256
 201  258
 200  258
 199  259
 198  259
 196  261
 195  261
 193  263
 192  263
 191  264
 190  264
 187  267
 186  267
 184  269
 183  269
 181  271
 180  271
 177  274
 176  274
 174  276
 173  276
 170  279
 169  279
 167  281
 166  281
 162  285
 161  285
 155  291
 154  291
 150  295
 149  295
 144  300
 136  300
 134  302
 134  348
 133  349
 132  349
 131  350
 130  350
 127  353
 126  353
 124  355
 124  357
 123  358
 123  360
 122  361
 122  372
 125  375
 125  377
 126  378
 126  380
 127  381
 127  382
 128  383
 128  386
 129  387
 129  390
 130  391
 130  393
 131  394
 131  395
 132  396
 132  400
 133  401
 133  403
 134  404
 134  406
 135  407
 135  409
 136  410
 136  412
 137  413
 137  414
 138  415
 138  416
 139  417
 139  420
 141  422
 141  423
 142  424
 142  426
 143  427
 143  428
 145  430
 145  431
 146  432
 146  433
 147  434
 147  435
 149  437
 149  439
 152  442
 152  443
 153  444
 153  445
 155  447
 155  448
 156  449
 156  450
 158  452
 158  453
 159  454
 159  455
 163  459
 163  460
 167  464
 168  464
 169  465
 170  465
 176  471
 176  472
 179  475
 179  476
 183  472
 199  472
 200  473
 201  473
 205  477
 206  477
 208  475
 208  474
 210  472
 228  472
 229  473
 230  473
 232  471
 232  469
 233  468
 233  458
 234  457
 234  456
 235  455
 235  454
 236  453
 238  453
 239  452
 240  452
 241  451
 242  451
 245  448
 245  425
 249  421
 250  421
 251  420
 251  416
 250  415
 250  414
 249  413
 249  412
 248  411
 248  410
 246  408
 246  407
 245  406
 245  405
 242  402
 242  386
 241  385
 241  384
 238  381
 238  380
 236  378
 236  364
 237  363
 247  363
 248  362
 255  362
 256  361
 260  361
 261  360
 264  360
 270  354
 271  354
 276  349
 276  348
 277  347
 277  346
 279  344
 280  344
 281  343
 282  343
 284  341
 284  340
 287  337
 288  337
 289  336
 290  336
 292  334
 292  333
 296  329
 296  328
 299  325
 299  324
 305  318
 305  317
 309  313
 309  312
 312  309
 312  308
 315  305
 315  304
 318  301
 318  300
 322  296
 322  295
 325  292
 325  291
 326  290
 326  289
 327  288
 327  287
 329  285
 329  284
 331  282
 331  281
 332  280
 332  279
 334  277
 334  276
 335  275
 335  274
 336  273
 336  272
 338  270
 338  269
 339  268
 339  266
 342  263
 342  262
 344  260
 344  259
 345  258
 345  257
 346  256
 346  254
 348  252
 348  251
 349  250
 349  247
 350  246
 350  245
 351  244
 351  242
 352  241
 352  239
 353  238
 353  237
 354  236
 354  235
 355  234
 355  233
 356  232
 356  229
 357  228
 357  227
 358  226
 358  224
 359  223
 358  222
 358  220
 354  216
 353  216
 352  215
 351  215
 350  214
 349  214
 348  213
 347  213
 346  212
 344  212
 343  211
 341  211
 340  210
 338  210
 337  209
