 316  189
 315  190
 311  190
 310  191
 307  191
 306  192
 304  192
 303  193
 300  193
 299  194
 298  194
 297  195
 294  195
 293  196
 292  196
 291  197
 289  197
 288  198
 287  198
 286  199
 285  199
 284  200
 282  200
 281  201
 280  201
 279  202
 278  202
 277  203
 276  203
 275  204
 274  204
 273  205
 272  205
 271  206
 270  206
 269  207
 268  207
 267  208
 266  208
 264  210
 263  210
 262  211
 261  211
 259  213
 258  213
 256  215
 255  215
 254  216
 253  216
 251  218
 250  218
 249  219
 248  219
 245  222
 244  222
 243  223
 242  223
 240  225
 239  225
 237  227
 236  227
 234  229
 233  229
 231  231
 230  231
 227  234
 226  234
 224  236
 223  236
 220  239
 219  239
 217  241
 216  241
 214  243
 213  243
 210  246
 209  246
 206  249
 205  249
 202  252
 201  252
 199  254
 198  254
 195  257
 194  257
 191  260
 190  260
 187  263
 186  263
 183  266
 182  266
 178  270
 177  270
 172  275
 171  275
 166  280
 165  280
 161  284
 160  284
 150  294
 150  295
 145  300
 145  301
 142  304
 141  304
 140  305
 139  305
 138  306
 137  306
 136  307
 135  307
 127  315
 127  331
 128  332
 138  332
 139  333
 139  348
 138  349
 137  349
 134  352
 134  353
 133  354
 133  355
 132  356
 132  358
 131  359
 130  359
 129  360
 129  366
 130  367
 130  369
 132  371
 132  372
 133  373
 133  377
 134  378
 134  379
 135  380
 135  381
 136  382
 136  384
 137  385
 137  387
 138  388
 138  389
 139  390
 139  391
 140  392
 140  394
 141  395
 141  396
 142  397
 142  398
 143  399
 143  401
 144  402
 144  403
 145  404
 145  405
 147  407
 147  409
 148  410
 148  411
 149  412
 149  413
 150  414
 150  416
 151  417
 151  418
 152  419
 152  420
 153  421
 153  422
 154  423
 154  425
 156  427
 156  428
 157  429
 157  431
 159  433
 159  434
 160  435
 160  436
 164  440
 164  441
 167  444
 167  446
 169  448
 169  449
 170  450
 170  451
 175  456
 175  457
 178  460
 178  461
 182  465
 182  466
 183  467
 183  486
 184  487
 184  490
 185  491
 185  492
 191  498
 192  498
 193  499
 194  499
 200  493
 218  493
 219  494
 220  494
 221  495
 222  494
 223  494
 230  487
 231  487
 232  486
 233  486
 234  485
 235  485
 236  484
 238  484
 239  483
 243  483
 244  482
 247  482
 248  481
 249  481
 251  479
 251  478
 252  477
 252  476
 253  475
 253  474
 258  469
 259  469
 260  468
 261  468
 262  467
 264  467
 265  466
 267  466
 270  463
 270  462
 272  460
 272  458
 273  457
 273  451
 274  450
 274  448
 276  446
 276  445
 277  444
 277  443
 282  438
 282  437
 284  435
 284  434
 285  433
 285  426
 284  425
 284  410
 285  409
 285  407
 286  406
 286  401
 284  399
 284  398
 283  397
 283  395
 279  391
 279  390
 274  385
 273  385
 268  380
 267  380
 260  373
 260  372
 259  371
 259  356
 260  355
 268  355
 269  354
 270  354
 270  349
 272  347
 275  347
 276  346
 278  346
 279  345
 280  345
 282  343
 283  343
 287  339
 287  338
 296  329
 296  328
 298  326
 298  325
 299  324
 299  323
 300  322
 300  319
 302  317
 302  316
 309  309
 309  308
 310  307
 310  306
 312  304
 312  302
 313  301
 313  296
 314  295
 314  294
 316  292
 316  291
 317  290
 318  290
 320  288
 320  287
 322  285
 322  284
 323  283
 323  281
 324  280
 324  278
 325  277
 325  275
 326  274
 326  272
 328  270
 329  270
 331  268
 332  268
 335  265
 335  264
 336  263
 336  262
 337  261
 337  260
 338  259
 338  258
 339  257
 339  252
 340  251
 340  248
 345  243
 345  242
 346  241
 346  238
 347  237
 347  233
 348  232
 348  231
 351  228
 351  227
 352  226
 352  217
 353  216
 353  211
 352  210
 352  204
 351  203
 351  202
 350  201
 350  200
 345  195
 344  195
 342  193
 341  193
 340  192
 339  192
 338  191
 335  191
 334  190
 331  190
 330  189
