 316  189
 315  190
 309  190
 308  191
 305  191
 304  192
 301  192
 300  193
 297  193
 296  194
 294  194
 293  195
 290  195
 289  196
 287  196
 286  197
 283  197
 282  198
 281  198
 280  199
 277  199
 276  200
 275  200
 274  201
 272  201
 271  202
 269  202
 268  203
 267  203
 266  204
 265  204
 264  205
 263  205
 262  206
 260  206
 259  207
 258  207
 257  208
 256  208
 255  209
 254  209
 253  210
 252  210
 251  211
 250  211
 249  212
 248  212
 247  213
 246  213
 245  214
 244  214
 243  215
 242  215
 240  217
 239  217
 238  218
 237  218
 236  219
 235  219
 233  221
 232  221
 231  222
 230  222
 228  224
 227  224
 226  225
 225  225
 223  227
 222  227
 220  229
 219  229
 217  231
 216  231
 213  234
 212  234
 211  235
 210  235
 209  236
 208  236
 206  238
 205  238
 204  239
 203  239
 200  242
 199  242
 197  244
 196  244
 193  247
 192  247
 189  250
 188  250
 185  253
 184  253
 180  257
 179  257
 175  261
 174  261
 159  276
 158  276
 158  277
 147  288
 147  289
 144  292
 144  293
 141  296
 141  297
 138  300
 138  301
 137  302
 137  303
 134  306
 134  307
 131  310
 131  311
 130  312
 130  313
 128  315
 128  316
 127  317
 127  318
 124  321
 124  322
 122  324
 121  324
 120  325
 120  326
 119  327
 119  360
 118  361
 118  369
 117  370
 117  377
 118  378
 118  381
 119  382
 119  383
 120  384
 120  388
 121  389
 121  393
 122  394
 122  395
 123  396
 123  398
 124  399
 124  403
 125  404
 125  406
 126  407
 126  408
 127  409
 127  411
 128  412
 128  414
 129  415
 129  416
 130  417
 130  419
 131  420
 131  422
 132  423
 132  424
 133  425
 133  426
 134  427
 134  430
 135  431
 135  432
 136  433
 136  434
 137  435
 137  437
 138  438
 138  439
 139  440
 139  441
 140  442
 140  443
 141  444
 141  446
 142  447
 142  448
 144  450
 144  452
 145  453
 145  454
 148  457
 148  458
 151  461
 151  462
 152  463
 153  463
 158  468
 158  469
 163  474
 164  474
 166  476
 169  476
 173  480
 173  481
 174  482
 174  485
 175  486
 175  487
 177  489
 177  490
 178  491
 178  493
 183  498
 184  497
 185  497
 187  495
 188  495
 190  493
 206  493
 207  494
 207  495
 209  497
 210  497
 211  498
 213  496
 213  495
 215  493
 215  492
 217  490
 217  489
 218  488
 219  488
 221  486
 234  486
 235  485
 237  485
 240  482
 240  479
 241  478
 241  469
 242  468
 242  467
 246  463
 247  463
 248  462
 250  462
 251  461
 256  461
 257  460
 258  460
 261  457
 261  455
 260  454
 260  450
 258  448
 258  431
 259  430
 260  430
 262  428
 263  428
 266  425
 267  425
 267  422
 266  421
 266  420
 263  417
 263  416
 254  407
 254  390
 253  389
 253  388
 243  378
 243  364
 244  363
 261  363
 262  362
 267  362
 268  361
 273  361
 274  360
 280  360
 281  359
 283  359
 284  358
 285  358
 288  355
 289  355
 291  353
 291  352
 297  346
 298  346
 307  337
 307  335
 308  334
 308  333
 310  331
 310  329
 311  328
 311  327
 314  324
 314  323
 317  320
 317  319
 320  316
 320  315
 321  314
 321  313
 324  310
 324  308
 325  307
 325  306
 326  305
 326  303
 327  302
 327  300
 328  299
 328  298
 331  295
 331  294
 334  291
 334  290
 337  287
 337  286
 338  285
 338  284
 340  282
 340  279
 341  278
 341  276
 344  273
 344  272
 347  269
 347  268
 349  266
 349  265
 350  264
 350  263
 351  262
 351  261
 352  260
 352  257
 353  256
 353  253
 354  252
 354  250
 357  247
 357  246
 358  245
 358  244
 359  243
 359  242
 360  241
 360  239
 361  238
 361  231
 363  229
 363  227
 362  226
 362  224
 361  223
 361  215
 360  214
 360  212
 358  210
 358  209
 357  208
 357  206
 355  204
 355  203
 353  201
 352  201
 351  200
 350  200
 349  199
 348  199
 346  197
 345  197
 344  196
 343  196
 341  194
 340  194
 339  193
 337  193
 336  192
 335  192
 334  191
 332  191
 331  190
 326  190
 325  189
