 392   98
 391   99
 378   99
 377  100
 373  100
 372  101
 367  101
 366  102
 364  102
 363  103
 359  103
 358  104
 356  104
 355  105
 352  105
 351  106
 349  106
 348  107
 346  107
 345  108
 343  108
 342  109
 340  109
 339  110
 337  110
 336  111
 334  111
 333  112
 331  112
 330  113
 329  113
 328  114
 326  114
 325  115
 324  115
 323  116
 321  116
 320  117
 319  117
 318  118
 317  118
 316  119
 314  119
 313  120
 312  120
 311  121
 310  121
 309  122
 308  122
 307  123
 305  123
 303  125
 302  125
 301  126
 300  126
 299  127
 298  127
 297  128
 296  128
 295  129
 294  129
 293  130
 292  130
 291  131
 290  131
 289  132
 288  132
 287  133
 286  133
 285  134
 284  134
 283  135
 282  135
 280  137
 279  137
 278  138
 277  138
 276  139
 275  139
 273  141
 272  141
 271  142
 270  142
 269  143
 268  143
 266  145
 265  145
 263  147
 262  147
 260  149
 259  149
 257  151
 256  151
 254  153
 253  153
 251  155
 250  155
 248  157
 247  157
 244  160
 243  160
 241  162
 240  162
 237  165
 236  165
 233  168
 232  168
 228  172
 227  172
 224  175
 223  175
 218  180
 217  180
 212  185
 211  185
 207  189
 206  189
 198  197
 197  197
 188  206
 187  206
 180  213
 179  213
 174  218
 173  218
 166  225
 165  225
 162  228
 161  228
 158  231
 157  231
 152  236
 151  236
 144  243
 143  243
 137  249
 136  249
 127  258
 126  258
 119  265
 118  265
 115  268
 115  271
 111  275
 110  275
 109  276
 108  276
 106  278
 104  278
 103  279
 102  279
  95  286
  94  286
  86  294
  86  295
  73  308
  73  309
  66  316
  65  316
  64  317
  62  317
  61  318
  61  342
  62  343
  71  343
  72  344
  72  358
  71  359
  69  359
  68  360
  67  360
  66  361
  65  361
  63  363
  63  364
  61  366
  61  367
  60  368
  60  369
  59  370
  59  371
  58  372
  58  373
  56  375
  56  376
  55  377
  55  379
  54  380
  54  384
  53  385
  53  403
  52  404
  52  409
  51  410
  47  410
  46  411
  46  412
  45  413
  45  431
  46  432
  46  437
  47  438
  47  440
  48  441
  48  444
  49  445
  49  452
  50  453
  50  455
  51  456
  51  458
  52  459
  52  461
  53  462
  53  464
  54  465
  54  466
  55  467
  55  468
  56  469
  56  472
  57  473
  57  475
  59  477
  59  479
  60  480
  60  481
  61  482
  61  484
  62  485
  62  488
  63  489
  63  491
  65  493
  65  495
  66  496
  66  499
  67  500
  67  501
  69  503
  69  504
  70  505
  70  506
  72  508
  72  509
  74  511
  74  512
  76  514
  76  515
  77  516
  77  517
  78  518
  78  519
  79  520
  79  521
  80  522
  80  523
  81  524
  81  525
  83  527
  83  528
  93  538
  94  538
  97  541
  98  541
  99  542
 100  542
 102  544
 103  544
 105  546
 106  546
 108  548
 109  548
 116  555
 116  556
 117  557
 117  558
 119  560
 119  561
 121  563
 121  564
 123  566
 123  567
 125  569
 125  570
 126  571
 126  572
 127  573
 127  574
 129  576
 129  577
 130  578
 130  580
 132  582
 132  583
 133  584
 133  585
 136  588
 137  588
 138  589
 139  589
 140  588
 141  588
 143  586
 144  586
 148  582
 166  582
 167  583
 168  583
 169  582
 170  582
 175  577
 175  576
 181  570
 182  570
 184  568
 197  568
 198  567
 200  567
 201  566
 201  565
 202  564
 202  559
 203  558
 203  553
 204  552
 204  551
 205  550
 205  549
 208  546
 209  546
 211  544
 212  544
 213  543
 214  543
 215  542
 217  542
 218  541
 221  541
 222  540
 223  540
 224  539
 225  539
 227  537
 227  536
 228  535
 228  516
 229  515
 229  513
 231  511
 231  510
 235  506
 235  505
 237  503
 238  503
 242  499
 242  495
 241  494
 241  492
 240  491
 240  473
 241  472
 241  471
 242  470
 242  468
 243  467
 243  466
 245  464
 245  463
 246  462
 246  458
 245  457
 245  456
 243  454
 243  453
 239  449
 239  448
 235  444
 235  443
 232  440
 232  439
 229  436
 229  434
 228  433
 228  431
 226  429
 226  427
 225  426
 225  425
 223  423
 223  422
 222  421
 222  420
 219  417
 219  416
 215  412
 215  411
 214  410
 206  410
 204  408
 204  394
 205  393
 227  393
 228  394
 237  394
 238  395
 253  395
 254  394
 260  394
 261  393
 267  393
 268  392
 270  392
 271  391
 273  391
 274  390
 275  390
 276  389
 277  389
 278  388
 278  385
 279  384
 279  381
 282  378
 282  377
 284  375
 284  374
 286  372
 286  370
 287  369
 287  368
 288  367
 288  366
 289  365
 289  364
 293  360
 294  360
 295  359
 296  359
 297  358
 298  358
 299  357
 300  357
 301  356
 301  354
 302  353
 302  352
 306  348
 307  348
 310  345
 310  344
 311  343
 311  342
 312  341
 312  337
 313  336
 313  334
 314  333
 314  332
 315  331
 315  330
 316  329
 316  327
 318  325
 318  324
 319  323
 319  322
 320  321
 321  321
 322  320
 322  319
 326  315
 326  314
 329  311
 329  310
 330  309
 330  308
 332  306
 332  305
 333  304
 333  301
 334  300
 334  299
 335  298
 335  294
 336  293
 336  287
 337  286
 337  285
 338  284
 338  283
 339  282
 339  280
 340  279
 340  278
 343  275
 343  274
 346  271
 346  269
 347  268
 347  267
 349  265
 349  263
 351  261
 351  260
 352  259
 352  258
 353  257
 353  256
 355  254
 355  253
 356  252
 356  251
 358  249
 358  248
 359  247
 359  246
 360  245
 360  244
 370  234
 371  234
 373  232
 373  231
 374  230
 375  230
 375  229
 383  221
 383  220
 387  216
 387  215
 389  213
 389  211
 391  209
 391  208
 394  205
 394  204
 399  199
 399  198
 401  196
 401  195
 402  194
 402  193
 403  192
 403  191
 405  189
 405  188
 406  187
 406  186
 409  183
 409  181
 411  179
 411  178
 413  176
 413  175
 415  173
 415  172
 419  168
 419  167
 420  166
 420  163
 421  162
 421  161
 422  160
 422  159
 423  158
 423  155
 425  153
 425  152
 426  151
 426  150
 429  147
 429  146
 430  145
 430  143
 431  142
 431  141
 432  140
 432  138
 433  137
 433  132
 434  131
 434  126
 435  125
 435  120
 434  119
 434  116
 433  115
 433  112
 432  111
 432  110
 431  109
 431  108
 430  107
 430  106
 427  103
 426  103
 425  102
 424  102
 423  101
 421  101
 420  100
 417  100
 416   99
 406   99
 405   98
