 331  186
 330  187
 324  187
 323  188
 317  188
 316  189
 313  189
 312  190
 308  190
 307  191
 305  191
 304  192
 301  192
 300  193
 297  193
 296  194
 295  194
 294  195
 292  195
 291  196
 289  196
 288  197
 286  197
 285  198
 283  198
 282  199
 280  199
 279  200
 278  200
 277  201
 275  201
 274  202
 273  202
 271  204
 269  204
 268  205
 267  205
 266  206
 265  206
 263  208
 262  208
 261  209
 260  209
 259  210
 258  210
 257  211
 256  211
 253  214
 251  214
 249  216
 248  216
 247  217
 246  217
 245  218
 244  218
 242  220
 241  220
 240  221
 239  221
 237  223
 236  223
 234  225
 233  225
 232  226
 231  226
 229  228
 228  228
 226  230
 225  230
 223  232
 222  232
 220  234
 219  234
 218  235
 217  235
 216  236
 215  236
 213  238
 212  238
 209  241
 208  241
 207  242
 206  242
 204  244
 203  244
 202  245
 201  245
 200  246
 199  246
 197  248
 196  248
 194  250
 193  250
 191  252
 190  252
 189  253
 188  253
 186  255
 185  255
 183  257
 182  257
 179  260
 178  260
 175  263
 174  263
 171  266
 170  266
 163  273
 162  273
 157  278
 156  278
 151  283
 150  283
 137  296
 137  297
 133  301
 133  302
 126  309
 126  310
 123  313
 123  314
 118  319
 117  319
 116  320
 115  320
 113  322
 113  351
 112  352
 112  353
 111  354
 111  355
 110  356
 110  365
 109  366
 109  374
 106  377
 106  379
 107  380
 107  381
 110  384
 110  386
 111  387
 111  388
 112  389
 112  391
 113  392
 113  395
 114  396
 114  397
 115  398
 115  399
 116  400
 116  402
 117  403
 117  406
 119  408
 119  411
 120  412
 120  415
 121  416
 121  417
 122  418
 122  420
 123  421
 123  425
 124  426
 124  427
 125  428
 125  429
 126  430
 126  432
 127  433
 127  434
 128  435
 128  436
 129  437
 129  438
 130  439
 130  441
 132  443
 132  444
 133  445
 133  447
 134  448
 134  449
 136  451
 136  452
 137  453
 137  454
 139  456
 139  457
 143  461
 143  462
 147  466
 147  467
 148  467
 151  470
 152  470
 156  474
 158  474
 159  475
 172  475
 175  478
 175  479
 176  480
 176  485
 177  486
 177  490
 178  491
 178  492
 179  493
 179  495
 180  496
 180  498
 182  500
 184  500
 185  499
 185  498
 186  497
 186  496
 189  493
 190  493
 191  492
 208  492
 210  494
 210  495
 211  496
 213  494
 213  492
 214  491
 214  490
 215  489
 215  487
 219  483
 220  483
 221  482
 236  482
 237  483
 239  481
 240  481
 241  480
 240  479
 240  463
 242  461
 242  460
 245  457
 246  457
 247  456
 248  456
 249  455
 250  455
 251  454
 252  454
 252  453
 253  452
 253  451
 254  450
 254  434
 255  433
 255  430
 257  428
 257  427
 258  426
 258  425
 259  424
 259  423
 260  422
 260  417
 259  416
 259  414
 252  407
 251  407
 248  404
 248  403
 247  402
 247  398
 246  397
 246  388
 245  387
 245  385
 239  379
 239  365
 240  364
 261  364
 262  363
 272  363
 273  362
 278  362
 279  361
 281  361
 282  360
 283  360
 284  359
 285  359
 291  353
 292  353
 297  348
 297  347
 302  342
 303  342
 307  338
 307  337
 310  334
 310  333
 311  332
 311  331
 312  330
 312  329
 314  327
 314  326
 316  324
 316  323
 319  320
 319  319
 320  318
 320  317
 322  315
 322  314
 323  313
 323  312
 324  311
 324  310
 325  309
 325  308
 326  307
 326  305
 327  304
 327  302
 329  300
 329  294
 331  292
 332  292
 336  288
 336  287
 339  284
 339  283
 340  282
 340  281
 343  278
 343  276
 345  274
 345  273
 346  272
 346  271
 347  270
 347  269
 349  267
 349  266
 351  264
 351  263
 352  262
 352  261
 353  260
 353  258
 356  255
 356  254
 357  253
 357  252
 359  250
 359  249
 360  248
 360  247
 362  245
 362  244
 363  243
 363  242
 364  241
 364  240
 365  239
 365  237
 366  236
 366  231
 367  230
 367  227
 368  226
 368  224
 369  223
 369  222
 370  221
 370  219
 371  218
 371  217
 372  216
 372  214
 373  213
 373  209
 374  208
 374  204
 373  203
 373  200
 372  199
 372  198
 371  198
 368  195
 367  195
 366  194
 365  194
 364  193
 362  193
 361  192
 360  192
 359  191
 357  191
 356  190
 354  190
 353  189
 351  189
 350  188
 345  188
 344  187
 339  187
 338  186
