 314  208
 313  209
 309  209
 308  210
 302  210
 301  211
 298  211
 297  212
 294  212
 293  213
 290  213
 289  214
 287  214
 286  215
 284  215
 283  216
 281  216
 280  217
 279  217
 278  218
 276  218
 275  219
 273  219
 272  220
 271  220
 270  221
 269  221
 268  222
 266  222
 265  223
 264  223
 263  224
 261  224
 260  225
 259  225
 258  226
 257  226
 256  227
 255  227
 254  228
 253  228
 252  229
 251  229
 250  230
 249  230
 248  231
 247  231
 246  232
 245  232
 244  233
 243  233
 241  235
 240  235
 239  236
 238  236
 237  237
 236  237
 235  238
 234  238
 233  239
 232  239
 231  240
 230  240
 228  242
 227  242
 226  243
 225  243
 223  245
 222  245
 221  246
 220  246
 219  247
 218  247
 216  249
 215  249
 214  250
 213  250
 212  251
 211  251
 209  253
 208  253
 207  254
 206  254
 205  255
 204  255
 202  257
 201  257
 199  259
 198  259
 196  261
 195  261
 192  264
 191  264
 189  266
 188  266
 185  269
 184  269
 182  271
 181  271
 175  277
 174  277
 168  283
 167  283
 167  284
 166  285
 165  285
 147  303
 147  304
 137  314
 137  315
 136  316
 134  316
 133  317
 129  317
 127  319
 127  337
 130  340
 130  354
 129  355
 129  357
 128  358
 128  360
 127  361
 127  363
 126  364
 126  365
 125  366
 125  379
 126  380
 126  382
 127  383
 127  385
 128  386
 128  387
 129  388
 129  390
 130  391
 130  393
 131  394
 131  396
 132  397
 132  399
 133  400
 133  403
 134  404
 134  406
 135  407
 135  408
 136  409
 136  412
 137  413
 137  415
 138  416
 138  417
 139  418
 139  421
 140  422
 140  425
 141  426
 141  427
 142  428
 142  430
 143  431
 143  435
 144  436
 144  437
 145  438
 145  440
 146  441
 146  445
 147  446
 147  448
 148  449
 148  451
 149  452
 149  458
 150  459
 150  461
 152  463
 155  463
 156  464
 162  464
 163  465
 165  465
 166  466
 168  466
 170  468
 170  469
 171  470
 171  471
 173  473
 173  474
 174  475
 174  476
 176  478
 177  478
 178  477
 178  476
 179  475
 196  475
 198  477
 199  477
 200  476
 200  473
 201  472
 201  471
 203  469
 217  469
 218  470
 219  470
 220  471
 220  452
 222  450
 223  450
 224  449
 225  449
 226  448
 228  448
 232  444
 232  425
 236  421
 237  421
 240  418
 241  418
 242  417
 242  413
 240  411
 240  410
 239  409
 239  407
 238  406
 238  405
 237  404
 237  400
 236  399
 236  388
 235  387
 235  385
 233  383
 233  382
 232  381
 232  380
 229  377
 229  376
 224  371
 224  357
 225  356
 241  356
 242  357
 248  357
 249  358
 260  358
 261  357
 265  357
 266  356
 267  356
 268  355
 270  355
 271  354
 272  354
 273  353
 275  353
 276  352
 277  352
 280  349
 280  348
 282  346
 282  345
 283  344
 283  343
 284  342
 285  342
 286  341
 286  340
 287  339
 287  338
 289  336
 289  335
 290  334
 290  333
 292  331
 292  330
 293  329
 293  328
 295  326
 295  325
 297  323
 297  322
 300  319
 300  318
 302  316
 302  315
 303  314
 303  313
 306  310
 306  309
 308  307
 308  306
 309  305
 309  304
 312  301
 312  300
 314  298
 314  297
 316  295
 316  294
 319  291
 319  290
 322  287
 322  286
 323  285
 323  284
 324  283
 324  282
 325  281
 325  280
 326  279
 326  278
 329  275
 329  274
 332  271
 332  270
 334  268
 334  267
 336  265
 336  264
 339  261
 339  260
 341  258
 341  257
 345  253
 345  252
 346  251
 346  250
 348  248
 348  247
 349  246
 349  245
 350  244
 350  243
 352  241
 352  240
 353  239
 353  237
 354  236
 354  235
 355  234
 355  233
 356  232
 356  225
 355  224
 355  222
 353  220
 353  219
 352  218
 352  217
 351  217
 349  215
 348  215
 346  213
 344  213
 343  212
 341  212
 340  211
 338  211
 337  210
 334  210
 333  209
 329  209
 328  208
