 291  172
 290  173
 288  173
 287  174
 283  174
 282  175
 280  175
 279  176
 277  176
 276  177
 274  177
 273  178
 272  178
 271  179
 270  179
 269  180
 267  180
 266  181
 265  181
 264  182
 263  182
 262  183
 261  183
 260  184
 259  184
 258  185
 257  185
 255  187
 254  187
 253  188
 252  188
 250  190
 249  190
 248  191
 247  191
 244  194
 243  194
 240  197
 239  197
 236  200
 235  200
 231  204
 230  204
 225  209
 224  209
 218  215
 217  215
 204  228
 204  229
 186  247
 185  247
 182  250
 181  250
 180  251
 179  251
 178  252
 177  252
 176  253
 174  253
 173  254
 172  254
 171  255
 170  255
 169  256
 168  256
 167  257
 167  290
 168  291
 168  306
 167  307
 167  308
 166  309
 166  310
 165  311
 165  316
 164  317
 161  317
 159  319
 159  321
 160  322
 160  323
 167  330
 167  331
 168  332
 168  333
 169  334
 169  336
 170  337
 170  339
 171  340
 171  342
 172  343
 172  345
 173  346
 173  349
 174  350
 174  351
 175  352
 175  353
 176  354
 176  355
 177  356
 177  357
 178  358
 178  359
 179  360
 179  362
 180  363
 180  364
 181  365
 181  366
 182  367
 182  369
 183  370
 183  372
 184  373
 184  374
 185  375
 185  376
 186  377
 186  378
 187  379
 187  380
 189  382
 189  383
 190  384
 190  386
 191  387
 191  388
 192  389
 192  390
 193  391
 193  392
 194  393
 194  394
 195  395
 195  396
 197  398
 197  399
 209  411
 209  422
 210  423
 210  424
 212  426
 213  426
 214  427
 216  427
 219  430
 219  431
 220  432
 220  434
 221  435
 221  436
 222  437
 222  438
 223  439
 223  441
 225  443
 226  443
 227  444
 236  444
 239  447
 239  448
 240  449
 241  449
 242  450
 261  450
 264  453
 264  454
 268  458
 268  459
 271  462
 271  463
 277  469
 277  470
 284  477
 284  478
 291  485
 291  486
 295  490
 295  491
 298  494
 295  491
 295  490
 293  488
 293  487
 289  483
 289  482
 286  479
 286  478
 282  474
 282  473
 280  471
 280  470
 278  468
 278  467
 275  464
 275  463
 272  460
 272  459
 262  449
 262  448
 253  439
 253  438
 252  437
 252  425
 251  424
 251  410
 252  409
 259  409
 258  408
 258  407
 255  404
 255  388
 256  387
 256  385
 257  384
 257  383
 261  379
 262  379
 264  377
 265  377
 265  375
 264  374
 264  357
 265  356
 265  354
 269  350
 269  348
 268  347
 268  329
 263  324
 262  324
 259  321
 259  307
 260  306
 263  306
 264  305
 268  305
 269  304
 270  304
 270  303
 272  301
 273  301
 274  300
 275  300
 282  293
 282  292
 285  289
 285  288
 286  287
 286  284
 287  283
 287  282
 288  281
 288  279
 289  278
 289  275
 290  274
 290  271
 292  269
 292  267
 293  266
 293  264
 294  263
 294  261
 295  260
 295  258
 296  257
 296  255
 297  254
 297  252
 298  251
 298  250
 299  249
 299  247
 300  246
 300  244
 301  243
 301  242
 302  241
 302  238
 303  237
 303  235
 304  234
 304  233
 306  231
 306  230
 307  229
 307  228
 308  227
 308  226
 309  225
 309  223
 310  222
 310  221
 312  219
 312  217
 313  216
 313  215
 314  214
 314  212
 315  211
 315  210
 316  209
 316  206
 317  205
 317  204
 319  202
 319  199
 320  198
 320  196
 321  195
 321  192
 322  191
 322  184
 321  183
 321  182
 320  181
 320  180
 317  177
 316  177
 315  176
 314  176
 313  175
 311  175
 310  174
 308  174
 307  173
 305  173
 304  172
