 303  184
 302  185
 300  185
 299  186
 296  186
 295  187
 293  187
 292  188
 291  188
 290  189
 288  189
 287  190
 286  190
 285  191
 283  191
 282  192
 281  192
 280  193
 279  193
 278  194
 277  194
 276  195
 275  195
 274  196
 273  196
 272  197
 271  197
 269  199
 268  199
 267  200
 266  200
 265  201
 264  201
 263  202
 262  202
 260  204
 259  204
 257  206
 256  206
 255  207
 254  207
 252  209
 251  209
 249  211
 248  211
 245  214
 244  214
 240  218
 239  218
 237  220
 236  220
 232  224
 231  224
 225  230
 224  230
 219  235
 218  235
 211  242
 210  242
 202  250
 201  250
 173  278
 173  279
 162  290
 162  291
 159  294
 159  295
 158  296
 158  297
 156  299
 156  301
 152  305
 152  306
 151  307
 151  310
 152  311
 152  312
 154  312
 155  313
 155  327
 154  328
 154  329
 153  330
 153  334
 152  335
 152  338
 151  339
 151  342
 149  344
 149  383
 151  385
 154  385
 155  386
 157  386
 159  388
 160  388
 162  390
 162  391
 164  393
 164  394
 165  395
 165  397
 166  398
 166  400
 167  401
 167  402
 168  403
 168  404
 169  405
 169  407
 170  408
 170  410
 171  411
 171  412
 172  413
 172  415
 173  416
 173  417
 174  418
 174  420
 175  421
 175  423
 176  424
 176  426
 177  427
 177  429
 178  430
 178  431
 179  432
 179  438
 180  439
 180  443
 181  444
 181  445
 182  446
 182  448
 183  449
 183  452
 184  453
 185  453
 186  452
 200  452
 201  453
 201  470
 202  471
 202  477
 203  478
 203  481
 205  483
 205  484
 207  486
 208  486
 210  484
 210  483
 211  482
 211  481
 212  480
 212  479
 214  477
 229  477
 231  479
 231  481
 232  482
 232  484
 233  485
 233  487
 234  488
 234  489
 236  491
 237  490
 238  490
 238  482
 239  481
 239  480
 240  479
 241  479
 242  478
 258  478
 259  479
 259  478
 255  474
 255  473
 252  470
 252  452
 256  448
 268  448
 269  447
 263  441
 263  440
 261  438
 261  422
 265  418
 267  418
 268  417
 272  417
 273  416
 274  416
 275  415
 265  405
 265  404
 263  402
 263  401
 262  400
 262  384
 265  381
 265  380
 262  377
 262  376
 261  375
 260  375
 253  368
 253  367
 252  366
 252  363
 251  362
 251  360
 249  358
 249  357
 246  354
 246  340
 247  339
 263  339
 264  338
 268  338
 268  336
 269  335
 269  334
 270  333
 271  333
 272  332
 273  332
 274  331
 276  331
 277  330
 278  330
 279  329
 280  329
 283  326
 283  325
 285  323
 285  322
 288  319
 289  319
 291  317
 291  316
 292  315
 292  313
 295  310
 295  309
 296  308
 296  306
 297  305
 297  304
 299  302
 299  300
 301  298
 301  297
 302  296
 302  295
 303  294
 303  293
 304  292
 304  291
 305  290
 305  285
 306  284
 306  280
 307  279
 307  277
 308  276
 308  275
 309  274
 309  273
 310  272
 310  271
 311  270
 311  269
 312  268
 312  264
 313  263
 313  260
 314  259
 314  258
 315  257
 315  256
 316  255
 316  254
 317  253
 317  252
 319  250
 319  248
 320  247
 320  245
 321  244
 321  243
 322  242
 322  239
 323  238
 323  237
 324  236
 324  235
 325  234
 325  233
 326  232
 326  230
 327  229
 327  228
 328  227
 328  225
 329  224
 329  220
 330  219
 330  215
 331  214
 331  212
 332  211
 332  204
 331  203
 331  201
 330  200
 330  199
 329  198
 329  194
 326  191
 326  190
 324  188
 323  188
 322  187
 321  187
 320  186
 318  186
 317  185
 315  185
 314  184
