 307  203
 306  204
 303  204
 302  205
 299  205
 298  206
 296  206
 295  207
 293  207
 292  208
 291  208
 290  209
 289  209
 288  210
 287  210
 286  211
 285  211
 283  213
 282  213
 280  215
 279  215
 277  217
 276  217
 274  219
 273  219
 270  222
 269  222
 266  225
 265  225
 263  227
 262  227
 257  232
 256  232
 254  234
 253  234
 251  236
 250  236
 247  239
 246  239
 243  242
 242  242
 237  247
 236  247
 231  252
 230  252
 227  255
 226  255
 226  256
 225  257
 224  257
 221  260
 220  260
 216  264
 215  264
 212  267
 211  267
 207  271
 206  271
 200  277
 199  277
 186  290
 186  291
 185  292
 184  292
 178  298
 177  298
 173  302
 172  302
 170  304
 169  304
 168  305
 167  305
 165  307
 164  307
 159  312
 158  312
 153  317
 152  317
 150  319
 149  319
 148  320
 146  320
 145  321
 144  321
 144  323
 143  324
 143  337
 145  339
 157  339
 158  340
 158  354
 154  358
 148  358
 147  359
 147  378
 148  379
 149  379
 152  382
 153  382
 169  398
 169  399
 176  406
 176  407
 179  410
 179  411
 182  414
 182  415
 189  422
 189  423
 191  425
 191  426
 192  427
 192  428
 194  430
 194  431
 196  433
 196  434
 197  435
 197  436
 199  438
 199  441
 200  442
 200  443
 201  444
 201  445
 202  446
 202  449
 203  450
 203  452
 204  453
 204  454
 205  455
 205  456
 206  457
 206  460
 208  462
 208  463
 209  464
 209  465
 210  466
 210  467
 213  470
 213  471
 214  472
 215  472
 218  475
 219  475
 222  478
 223  478
 224  479
 225  479
 226  480
 227  480
 228  481
 229  481
 230  482
 231  482
 232  483
 235  483
 236  484
 246  484
 247  483
 255  483
 256  482
 257  482
 258  481
 259  481
 261  479
 262  479
 265  476
 266  476
 267  475
 268  475
 269  474
 270  474
 272  472
 273  472
 275  470
 276  470
 277  469
 278  469
 280  467
 282  467
 283  466
 284  466
 285  465
 285  464
 287  462
 287  461
 291  457
 291  456
 294  453
 294  452
 295  451
 295  450
 296  449
 296  448
 300  444
 300  443
 301  442
 301  441
 302  440
 302  432
 303  431
 303  428
 304  427
 304  424
 305  423
 305  418
 306  417
 306  413
 305  412
 305  410
 304  409
 304  408
 303  407
 303  406
 302  405
 302  404
 301  403
 301  401
 300  400
 300  397
 299  396
 299  391
 298  390
 298  387
 297  386
 297  385
 296  385
 294  383
 293  383
 292  382
 291  382
 288  379
 288  378
 287  377
 287  376
 285  374
 284  374
 283  373
 282  373
 280  371
 279  371
 277  369
 276  369
 275  368
 275  367
 274  367
 273  366
 272  366
 267  361
 267  347
 268  346
 276  346
 277  345
 281  345
 282  344
 283  344
 284  343
 285  343
 286  342
 287  342
 288  341
 289  341
 290  340
 293  340
 294  339
 301  339
 302  338
 303  338
 304  337
 305  337
 306  336
 306  335
 307  334
 307  333
 308  332
 308  328
 309  327
 309  324
 313  320
 314  320
 315  319
 317  319
 318  318
 319  318
 320  317
 321  317
 322  316
 323  316
 325  314
 325  313
 326  312
 326  298
 327  297
 327  296
 332  291
 333  291
 334  290
 334  274
 335  273
 335  270
 336  269
 336  251
 335  250
 335  235
 333  233
 333  232
 331  230
 331  227
 330  226
 330  224
 329  223
 329  220
 328  219
 328  218
 327  217
 327  216
 326  216
 325  215
 325  214
 324  213
 323  213
 319  209
 318  209
 317  208
 316  208
 314  206
 313  206
 312  205
 310  205
 309  204
 308  204
