 331  164
 330  165
 325  165
 324  166
 317  166
 316  167
 313  167
 312  168
 310  168
 309  169
 306  169
 305  170
 303  170
 302  171
 300  171
 299  172
 297  172
 296  173
 293  173
 292  174
 291  174
 290  175
 287  175
 286  176
 285  176
 284  177
 282  177
 281  178
 280  178
 279  179
 277  179
 276  180
 274  180
 273  181
 272  181
 271  182
 269  182
 268  183
 267  183
 266  184
 264  184
 263  185
 262  185
 261  186
 259  186
 258  187
 257  187
 256  188
 255  188
 254  189
 253  189
 252  190
 251  190
 250  191
 249  191
 248  192
 247  192
 246  193
 245  193
 244  194
 243  194
 242  195
 241  195
 240  196
 239  196
 238  197
 237  197
 236  198
 235  198
 234  199
 233  199
 231  201
 230  201
 229  202
 228  202
 227  203
 226  203
 225  204
 224  204
 222  206
 221  206
 219  208
 218  208
 216  210
 215  210
 214  211
 213  211
 211  213
 210  213
 209  214
 197  214
 197  223
 196  224
 195  224
 192  227
 191  227
 188  230
 187  230
 184  233
 183  233
 180  236
 179  236
 176  239
 175  239
 172  242
 171  242
 168  245
 167  245
 162  250
 161  250
 157  254
 156  254
 144  266
 143  266
 143  267
 141  269
 140  269
 140  270
 136  274
 136  275
 132  279
 132  280
 127  285
 127  286
 125  288
 125  289
 123  291
 123  292
 119  296
 119  297
 112  304
 112  305
 109  308
 109  309
 107  311
 106  311
 106  312
 103  315
 103  353
 102  354
 102  356
 101  357
 101  361
 100  362
 100  368
  99  369
  99  372
  97  374
  97  381
  98  382
  98  385
  99  386
  99  390
 100  391
 100  393
 101  394
 101  396
 102  397
 102  402
 103  403
 103  405
 104  406
 104  407
 105  408
 105  409
 106  410
 106  413
 108  415
 108  416
 109  417
 109  419
 110  420
 110  421
 112  423
 112  425
 113  426
 113  428
 115  430
 115  431
 116  432
 116  435
 117  436
 117  437
 119  439
 119  442
 120  443
 120  444
 122  446
 122  448
 123  449
 123  450
 125  452
 125  453
 126  454
 126  456
 127  457
 127  458
 129  460
 129  461
 131  463
 131  464
 134  467
 134  468
 137  471
 137  472
 140  475
 141  475
 143  477
 143  478
 144  478
 147  481
 147  482
 151  486
 152  486
 153  487
 156  487
 157  488
 159  488
 160  489
 161  489
 163  491
 163  498
 164  499
 164  502
 165  503
 165  505
 166  506
 166  509
 168  511
 168  512
 169  513
 169  515
 173  519
 173  520
 174  520
 176  522
 178  522
 179  521
 180  521
 184  517
 185  517
 187  515
 205  515
 211  521
 212  521
 213  522
 215  522
 218  519
 218  518
 219  517
 219  514
 220  513
 220  512
 221  511
 221  510
 222  509
 223  509
 224  508
 225  508
 226  507
 246  507
 249  504
 249  484
 253  480
 254  480
 255  479
 256  479
 257  478
 259  478
 260  477
 262  477
 264  475
 265  475
 265  474
 266  473
 266  468
 265  467
 265  464
 264  463
 264  462
 263  461
 263  460
 262  459
 262  441
 263  440
 264  440
 265  439
 266  439
 268  437
 269  437
 271  435
 271  434
 270  433
 270  432
 269  431
 269  429
 266  426
 266  424
 265  423
 265  422
 263  420
 263  419
 262  418
 262  417
 255  410
 255  409
 253  407
 253  406
 252  405
 252  391
 251  390
 251  389
 249  387
 249  385
 246  382
 246  381
 244  379
 243  379
 240  376
 240  362
 241  361
 269  361
 270  360
 279  360
 280  359
 283  359
 284  358
 285  358
 286  357
 287  357
 294  350
 294  349
 299  344
 300  344
 307  337
 308  337
 309  336
 309  335
 312  332
 312  331
 314  329
 314  328
 315  327
 315  326
 316  325
 316  323
 323  316
 324  316
 326  314
 326  313
 328  311
 328  310
 330  308
 330  307
 333  304
 333  302
 334  301
 334  299
 335  298
 335  296
 336  295
 336  293
 340  289
 341  289
 345  285
 345  284
 346  283
 346  282
 347  281
 347  280
 349  278
 349  277
 350  276
 350  275
 352  273
 352  270
 362  260
 362  259
 364  257
 364  256
 366  254
 366  251
 367  250
 367  249
 368  248
 368  247
 369  246
 369  244
 370  243
 370  242
 373  239
 373  238
 375  236
 375  235
 376  234
 376  231
 377  230
 377  228
 378  227
 378  225
 379  224
 379  220
 381  218
 381  217
 382  216
 382  213
 383  212
 383  196
 382  195
 382  192
 381  191
 381  189
 380  188
 380  186
 379  185
 379  182
 376  179
 376  178
 371  173
 370  173
 368  171
 367  171
 366  170
 365  170
 364  169
 363  169
 362  168
 361  168
 360  167
 358  167
 357  166
 353  166
 352  165
 348  165
 347  164
