 323  177
 322  178
 318  178
 317  179
 313  179
 312  180
 310  180
 309  181
 305  181
 304  182
 302  182
 301  183
 298  183
 297  184
 294  184
 293  185
 291  185
 290  186
 288  186
 287  187
 285  187
 284  188
 282  188
 281  189
 279  189
 278  190
 276  190
 275  191
 274  191
 273  192
 271  192
 270  193
 268  193
 267  194
 266  194
 265  195
 263  195
 262  196
 261  196
 260  197
 259  197
 258  198
 257  198
 256  199
 254  199
 253  200
 252  200
 251  201
 250  201
 249  202
 247  202
 246  203
 245  203
 244  204
 243  204
 242  205
 241  205
 239  207
 238  207
 237  208
 236  208
 235  209
 234  209
 233  210
 232  210
 231  211
 230  211
 229  212
 228  212
 227  213
 226  213
 225  214
 224  214
 223  215
 222  215
 221  216
 220  216
 218  218
 217  218
 216  219
 215  219
 213  221
 212  221
 211  222
 210  222
 208  224
 207  224
 206  225
 205  225
 204  226
 203  226
 201  228
 200  228
 198  230
 197  230
 195  232
 194  232
 192  234
 191  234
 190  235
 189  235
 187  237
 186  237
 183  240
 182  240
 179  243
 178  243
 174  247
 173  247
 169  251
 168  251
 165  254
 164  254
 161  257
 160  257
 137  280
 136  280
 136  281
 131  286
 131  287
 128  290
 128  291
 125  294
 125  295
 123  297
 123  298
 121  300
 121  301
 117  305
 114  305
 112  307
 112  319
 114  321
 117  321
 118  322
 118  336
 117  337
 117  339
 116  340
 116  345
 115  346
 115  357
 114  358
 115  359
 115  372
 116  373
 116  374
 119  377
 119  379
 122  382
 122  384
 124  386
 124  387
 125  388
 125  389
 126  390
 126  391
 128  393
 128  394
 129  395
 129  396
 131  398
 131  399
 132  400
 132  401
 133  402
 133  403
 135  405
 135  406
 136  407
 136  408
 138  410
 138  411
 139  412
 139  414
 142  417
 142  419
 144  421
 144  422
 145  423
 145  424
 146  425
 146  426
 148  428
 148  429
 149  430
 149  432
 151  434
 151  435
 152  436
 152  438
 154  440
 154  441
 155  442
 155  443
 156  444
 156  445
 158  447
 158  448
 159  449
 159  451
 161  453
 161  454
 162  455
 162  456
 164  458
 164  459
 166  461
 166  462
 167  463
 167  464
 169  466
 169  468
 173  472
 174  472
 175  473
 177  473
 178  474
 180  474
 183  477
 183  478
 184  479
 184  480
 185  481
 185  485
 186  486
 186  489
 188  491
 188  492
 189  491
 189  489
 190  488
 190  486
 191  485
 191  483
 195  479
 210  479
 211  480
 212  480
 213  481
 213  482
 215  484
 215  485
 216  486
 216  487
 218  489
 218  477
 221  474
 223  474
 224  473
 238  473
 239  474
 241  474
 243  476
 244  476
 263  495
 263  496
 264  497
 265  497
 266  498
 266  499
 270  503
 271  503
 276  508
 277  508
 278  509
 279  509
 278  508
 278  507
 275  504
 275  503
 270  498
 269  498
 263  492
 262  492
 253  483
 252  483
 251  482
 251  481
 250  480
 249  480
 248  479
 248  478
 242  472
 242  471
 241  470
 241  469
 240  468
 240  453
 243  450
 244  450
 245  449
 247  449
 248  448
 251  448
 252  447
 253  447
 255  445
 254  444
 254  443
 252  441
 252  440
 251  439
 251  438
 250  437
 250  422
 252  420
 253  420
 254  419
 256  419
 257  418
 259  418
 261  416
 261  414
 256  409
 255  409
 251  405
 251  387
 252  386
 251  385
 251  384
 248  381
 248  380
 247  379
 246  379
 245  378
 245  377
 241  373
 240  373
 238  371
 237  371
 236  370
 236  356
 237  355
 257  355
 258  354
 262  354
 263  353
 268  353
 269  352
 272  352
 273  351
 274  351
 276  349
 276  348
 278  346
 279  346
 282  343
 282  342
 286  338
 286  337
 287  336
 287  335
 289  333
 290  333
 291  332
 292  332
 295  329
 295  328
 296  327
 296  326
 301  321
 301  320
 302  319
 302  318
 305  315
 305  314
 309  310
 309  309
 311  307
 311  306
 312  305
 312  303
 315  300
 315  298
 316  297
 316  296
 318  294
 318  292
 319  291
 319  290
 322  287
 322  286
 324  284
 324  283
 325  282
 325  281
 329  277
 329  276
 332  273
 332  271
 334  269
 334  268
 335  267
 335  265
 336  264
 336  263
 339  260
 339  259
 340  258
 341  258
 342  257
 342  256
 343  255
 343  254
 345  252
 345  251
 346  250
 346  249
 348  247
 348  246
 349  245
 349  243
 351  241
 351  240
 352  239
 352  237
 355  234
 355  232
 356  231
 356  230
 357  229
 357  228
 358  227
 358  226
 359  225
 359  223
 361  221
 361  220
 362  219
 362  217
 363  216
 363  214
 364  213
 364  212
 365  211
 365  209
 366  208
 366  206
 367  205
 367  203
 368  202
 368  193
 367  192
 367  191
 365  189
 365  188
 364  188
 362  186
 361  186
 359  184
 358  184
 357  183
 356  183
 355  182
 354  182
 353  181
 351  181
 350  180
 349  180
 348  179
 345  179
 344  178
 342  178
 341  177
