 333  115
 332  116
 329  116
 328  117
 322  117
 321  118
 319  118
 318  119
 314  119
 313  120
 311  120
 310  121
 308  121
 307  122
 305  122
 304  123
 302  123
 301  124
 300  124
 299  125
 297  125
 296  126
 295  126
 294  127
 293  127
 292  128
 290  128
 289  129
 288  129
 287  130
 286  130
 285  131
 284  131
 283  132
 282  132
 281  133
 279  133
 278  134
 277  134
 276  135
 275  135
 274  136
 273  136
 272  137
 271  137
 270  138
 269  138
 268  139
 267  139
 266  140
 265  140
 264  141
 263  141
 262  142
 261  142
 260  143
 259  143
 258  144
 257  144
 255  146
 254  146
 253  147
 252  147
 251  148
 250  148
 248  150
 247  150
 245  152
 244  152
 243  153
 242  153
 240  155
 239  155
 237  157
 236  157
 234  159
 233  159
 231  161
 230  161
 228  163
 227  163
 225  165
 224  165
 222  167
 221  167
 218  170
 217  170
 214  173
 213  173
 210  176
 209  176
 206  179
 205  179
 203  181
 202  181
 199  184
 198  184
 194  188
 193  188
 189  192
 188  192
 185  195
 184  195
 181  198
 180  198
 163  215
 163  216
 161  218
 160  218
 160  219
 158  221
 157  221
 153  225
 153  226
 144  235
 144  236
 142  238
 142  239
 140  241
 140  242
 139  243
 139  244
 137  246
 137  247
 136  248
 136  249
 134  251
 134  252
 133  253
 133  254
 131  256
 131  257
 130  258
 130  259
 127  262
 127  263
 123  267
 123  268
 120  271
 120  272
 117  275
 117  276
 112  281
 112  282
 111  283
 111  289
 112  290
 112  291
 119  291
 120  292
 120  307
 119  308
 119  309
 118  310
 118  311
 117  312
 117  326
 116  327
 113  327
 111  329
 111  332
 112  333
 112  334
 113  335
 113  336
 114  337
 114  338
 115  339
 115  340
 116  341
 116  342
 117  343
 117  344
 118  345
 118  346
 119  347
 119  348
 120  349
 120  350
 122  352
 122  353
 123  354
 123  356
 124  357
 124  358
 125  359
 125  360
 126  361
 126  363
 127  364
 127  365
 128  366
 128  367
 129  368
 129  370
 130  371
 130  373
 131  374
 131  375
 132  376
 132  378
 133  379
 133  382
 134  383
 134  384
 135  385
 135  386
 136  387
 136  389
 137  390
 137  392
 138  393
 138  394
 139  395
 139  399
 140  400
 140  403
 141  404
 141  406
 142  407
 142  410
 143  411
 143  415
 144  416
 144  417
 145  418
 145  420
 146  421
 146  423
 147  424
 147  426
 148  427
 148  428
 149  429
 149  432
 150  433
 150  434
 151  435
 151  436
 156  441
 157  441
 158  442
 159  442
 160  443
 161  443
 169  451
 169  452
 170  453
 170  454
 171  455
 171  456
 172  457
 172  458
 173  459
 173  461
 174  462
 174  463
 176  465
 176  468
 177  469
 177  470
 178  471
 178  472
 179  473
 179  475
 180  476
 180  480
 181  481
 181  482
 182  483
 182  488
 183  489
 183  494
 184  495
 184  496
 186  498
 186  499
 187  500
 187  501
 190  504
 191  504
 194  507
 198  507
 199  506
 202  506
 203  505
 223  505
 224  506
 227  506
 228  507
 229  507
 231  509
 232  509
 234  511
 234  512
 237  515
 237  516
 239  518
 239  519
 240  520
 240  521
 241  522
 241  523
 243  525
 243  526
 244  527
 244  528
 246  530
 248  530
 257  521
 259  521
 260  520
 282  520
 283  521
 285  521
 286  522
 288  522
 289  523
 290  523
 292  525
 293  525
 295  527
 296  527
 298  529
 299  529
 304  534
 305  534
 317  546
 317  547
 327  557
 327  558
 330  561
 330  562
 334  566
 334  567
 335  568
 336  568
 339  571
 340  571
 341  572
 342  572
 343  573
 346  573
 347  572
 349  572
 350  571
 351  571
 352  570
 353  570
 356  567
 356  566
 358  564
 358  563
 359  562
 359  560
 358  559
 358  558
 357  557
 357  556
 356  555
 356  554
 353  551
 353  550
 352  549
 351  549
 347  545
 346  545
 341  540
 340  540
 337  537
 336  537
 333  534
 332  534
 328  530
 327  530
 322  525
 321  525
 318  522
 317  522
 314  519
 313  519
 311  517
 310  517
 307  514
 306  514
 302  510
 301  510
 297  506
 296  506
 292  502
 291  502
 282  493
 282  492
 279  489
 279  488
 278  487
 278  486
 276  484
 276  481
 275  480
 275  460
 276  459
 276  458
 277  457
 278  457
 280  455
 281  455
 283  453
 284  453
 286  451
 286  447
 277  438
 276  438
 273  435
 272  435
 270  433
 269  433
 262  426
 262  425
 259  422
 259  418
 258  417
 258  401
 259  400
 259  393
 255  389
 255  388
 254  387
 253  387
 249  383
 248  383
 239  374
 239  373
 236  370
 236  368
 235  367
 235  365
 234  364
 234  363
 233  362
 233  360
 232  359
 232  355
 231  354
 231  353
 230  352
 230  351
 229  350
 229  349
 226  346
 226  345
 218  337
 217  337
 216  336
 215  336
 213  334
 212  334
 208  330
 208  315
 209  314
 224  314
 225  315
 234  315
 235  316
 236  315
 241  315
 242  314
 246  314
 247  313
 250  313
 257  306
 258  306
 266  298
 266  297
 268  295
 268  294
 270  292
 271  292
 273  290
 273  289
 276  286
 276  285
 282  279
 282  278
 285  275
 285  274
 289  270
 289  269
 293  265
 293  264
 296  261
 296  260
 299  257
 299  256
 302  253
 302  252
 303  251
 303  250
 306  247
 306  246
 308  244
 308  243
 310  241
 310  240
 315  235
 315  234
 317  232
 317  231
 319  229
 319  228
 322  225
 322  224
 324  222
 324  221
 326  219
 326  218
 327  217
 327  216
 329  214
 329  212
 332  209
 332  208
 336  204
 336  203
 339  200
 339  199
 341  197
 341  196
 343  194
 343  193
 345  191
 345  190
 346  189
 346  188
 348  186
 348  185
 349  184
 349  183
 352  180
 352  179
 353  178
 353  177
 355  175
 355  174
 356  173
 356  172
 357  171
 357  170
 358  169
 358  168
 359  167
 359  166
 360  165
 360  164
 361  163
 361  162
 362  161
 362  160
 363  159
 363  157
 364  156
 364  155
 365  154
 365  152
 366  151
 366  149
 367  148
 367  145
 368  144
 368  142
 369  141
 369  134
 368  133
 368  131
 366  129
 366  127
 360  121
 359  121
 358  120
 356  120
 355  119
 352  119
 351  118
 349  118
 348  117
 343  117
 342  116
 339  116
 338  115
