 329  116
 328  117
 324  117
 323  118
 318  118
 317  119
 314  119
 313  120
 310  120
 309  121
 307  121
 306  122
 304  122
 303  123
 301  123
 300  124
 298  124
 297  125
 296  125
 295  126
 293  126
 292  127
 291  127
 290  128
 288  128
 287  129
 286  129
 285  130
 284  130
 283  131
 282  131
 281  132
 279  132
 277  134
 275  134
 274  135
 273  135
 272  136
 271  136
 270  137
 269  137
 268  138
 267  138
 266  139
 265  139
 264  140
 263  140
 262  141
 261  141
 260  142
 259  142
 258  143
 257  143
 255  145
 254  145
 253  146
 252  146
 251  147
 250  147
 248  149
 247  149
 246  150
 245  150
 243  152
 242  152
 240  154
 239  154
 238  155
 237  155
 236  156
 235  156
 233  158
 232  158
 230  160
 229  160
 227  162
 226  162
 224  164
 223  164
 221  166
 220  166
 217  169
 216  169
 213  172
 212  172
 209  175
 208  175
 203  180
 202  180
 196  186
 195  186
 195  187
 190  192
 189  192
 188  193
 188  194
 186  196
 185  196
 185  197
 183  199
 182  199
 182  200
 179  203
 178  203
 165  216
 165  217
 163  219
 162  219
 161  220
 161  221
 159  223
 158  223
 158  224
 144  238
 144  239
 135  248
 135  249
 131  253
 131  254
 125  260
 125  261
 121  265
 121  266
 119  268
 119  269
 117  271
 117  272
 114  275
 114  276
 112  278
 112  279
 107  284
 107  289
 108  289
 109  290
 114  290
 115  291
 115  305
 114  306
 113  306
 112  307
 111  307
 109  309
 109  310
 108  311
 108  314
 107  315
 107  322
 106  323
 106  333
 105  334
 101  334
 100  335
 100  352
 104  356
 104  357
 105  358
 105  359
 107  361
 107  363
 108  364
 108  365
 109  366
 109  367
 110  368
 110  369
 111  370
 111  372
 112  373
 112  375
 113  376
 113  377
 114  378
 114  381
 115  382
 115  383
 116  384
 116  386
 117  387
 117  389
 118  390
 118  391
 119  392
 119  393
 120  394
 120  396
 121  397
 121  400
 122  401
 122  403
 123  404
 123  406
 124  407
 124  411
 125  412
 125  415
 126  416
 126  418
 127  419
 127  424
 128  425
 128  431
 129  432
 129  435
 130  436
 130  441
 131  442
 131  451
 132  452
 132  454
 133  455
 133  459
 134  460
 134  466
 135  467
 135  470
 136  471
 136  474
 137  475
 137  477
 138  478
 138  480
 140  482
 140  484
 141  485
 141  487
 146  492
 147  492
 148  493
 161  493
 162  494
 162  497
 163  498
 163  500
 164  501
 164  515
 165  516
 165  519
 166  520
 166  521
 167  522
 167  523
 168  524
 168  526
 170  528
 170  529
 173  532
 174  532
 176  534
 178  534
 181  531
 181  529
 182  528
 182  527
 183  526
 183  525
 185  523
 203  523
 204  524
 204  526
 205  527
 205  529
 210  534
 212  532
 212  531
 213  530
 213  527
 214  526
 214  522
 218  518
 235  518
 236  519
 237  519
 238  520
 239  520
 240  521
 241  521
 242  522
 243  522
 244  523
 245  523
 246  524
 247  524
 249  526
 250  526
 252  528
 252  529
 255  532
 255  533
 256  534
 256  535
 258  537
 258  539
 259  540
 259  541
 260  542
 260  544
 261  545
 261  548
 262  549
 262  551
 263  552
 263  553
 264  554
 264  556
 265  557
 265  559
 266  560
 266  561
 268  563
 268  564
 274  570
 275  570
 276  571
 279  568
 279  564
 278  563
 278  562
 277  561
 277  559
 275  557
 275  556
 274  555
 274  554
 272  552
 272  551
 270  549
 270  548
 267  545
 267  544
 265  542
 265  541
 261  537
 261  536
 256  531
 256  530
 254  528
 254  527
 250  523
 250  522
 247  519
 247  518
 244  515
 244  514
 243  513
 243  511
 242  510
 242  509
 241  508
 241  505
 240  504
 240  488
 241  487
 241  486
 244  483
 245  483
 246  482
 254  482
 255  481
 258  481
 261  478
 261  475
 260  474
 260  469
 259  468
 259  466
 258  465
 258  450
 259  449
 259  448
 260  447
 260  446
 262  444
 276  444
 277  443
 278  443
 279  442
 280  442
 280  439
 277  436
 277  435
 275  433
 275  418
 278  415
 284  415
 285  414
 286  414
 287  413
 287  407
 285  405
 285  404
 284  403
 284  400
 276  392
 275  392
 273  390
 273  389
 271  387
 271  375
 270  374
 270  371
 268  369
 268  368
 267  367
 267  366
 266  365
 266  364
 263  361
 263  360
 260  357
 260  356
 249  345
 248  345
 245  342
 244  342
 240  338
 239  338
 238  337
 238  323
 239  322
 254  322
 255  323
 259  323
 260  324
 264  324
 265  323
 269  323
 270  322
 274  322
 275  321
 281  321
 282  320
 287  320
 288  319
 289  319
 292  316
 292  315
 294  313
 295  313
 300  308
 300  307
 302  305
 302  302
 303  301
 303  300
 307  296
 307  289
 311  285
 312  285
 313  284
 313  283
 314  282
 314  281
 316  279
 316  278
 317  277
 317  273
 318  272
 318  261
 320  259
 321  259
 323  257
 323  256
 324  255
 324  254
 326  252
 326  251
 327  250
 327  247
 328  246
 328  238
 332  234
 333  234
 340  227
 340  226
 342  224
 342  223
 344  221
 344  217
 345  216
 345  214
 346  213
 346  209
 347  208
 347  206
 350  203
 350  202
 354  198
 354  196
 356  194
 356  193
 357  192
 357  190
 358  189
 358  188
 359  187
 359  185
 360  184
 360  183
 364  179
 364  178
 367  175
 367  174
 368  173
 368  172
 370  170
 370  169
 371  168
 371  167
 372  166
 372  165
 373  164
 373  163
 374  162
 374  160
 375  159
 375  158
 376  157
 376  156
 377  155
 377  154
 378  153
 378  151
 379  150
 379  149
 380  148
 380  145
 381  144
 381  138
 380  137
 380  135
 377  132
 377  131
 373  127
 372  127
 370  125
 369  125
 367  123
 365  123
 364  122
 363  122
 362  121
 360  121
 359  120
 358  120
 357  119
 354  119
 353  118
 349  118
 348  117
 344  117
 343  116
