 340  134
 339  135
 335  135
 334  136
 332  136
 331  137
 328  137
 327  138
 325  138
 324  139
 321  139
 320  140
 319  140
 318  141
 316  141
 315  142
 314  142
 313  143
 311  143
 310  144
 309  144
 308  145
 307  145
 306  146
 304  146
 303  147
 302  147
 301  148
 300  148
 299  149
 298  149
 297  150
 296  150
 295  151
 294  151
 292  153
 291  153
 290  154
 289  154
 288  155
 287  155
 286  156
 285  156
 284  157
 283  157
 282  158
 281  158
 279  160
 278  160
 276  162
 275  162
 273  164
 272  164
 270  166
 269  166
 267  168
 266  168
 263  171
 262  171
 260  173
 259  173
 256  176
 255  176
 252  179
 251  179
 249  181
 248  181
 244  185
 243  185
 241  187
 240  187
 237  190
 236  190
 233  193
 232  193
 230  195
 229  195
 226  198
 225  198
 219  204
 218  204
 215  207
 214  207
 209  212
 208  212
 203  217
 202  217
 195  224
 194  224
 185  233
 184  233
 172  245
 171  245
 130  286
 130  287
 128  289
 128  290
 127  291
 127  292
 124  295
 124  297
 121  300
 121  301
 120  302
 120  303
 117  306
 117  308
 116  309
 114  309
 112  311
 112  313
 114  315
 121  315
 122  316
 122  330
 120  332
 120  333
 119  334
 119  337
 118  338
 118  341
 117  342
 111  342
 110  343
 110  369
 114  373
 115  373
 117  375
 117  380
 118  381
 118  382
 120  384
 120  386
 121  387
 121  389
 123  391
 123  392
 124  393
 124  395
 125  396
 125  397
 127  399
 127  401
 128  402
 128  403
 129  404
 129  405
 130  406
 130  407
 131  408
 131  410
 133  412
 133  413
 134  414
 134  416
 135  417
 135  418
 137  420
 137  422
 138  423
 138  424
 140  426
 140  427
 141  428
 141  429
 144  432
 144  434
 147  437
 147  438
 149  440
 149  441
 151  443
 151  444
 158  451
 158  452
 159  452
 161  454
 161  455
 162  455
 168  461
 169  461
 177  469
 177  474
 178  475
 178  477
 180  479
 180  480
 181  481
 181  482
 184  485
 184  487
 186  489
 186  490
 187  491
 187  493
 188  494
 188  496
 190  498
 190  499
 191  500
 191  501
 192  502
 192  503
 194  505
 194  507
 196  509
 196  510
 198  512
 198  513
 203  518
 204  518
 206  520
 207  520
 208  521
 210  521
 211  522
 214  522
 215  521
 216  521
 218  519
 219  519
 220  518
 221  518
 222  517
 241  517
 242  518
 243  518
 249  524
 250  524
 251  525
 253  525
 255  523
 256  523
 259  520
 259  519
 261  517
 262  517
 263  516
 264  516
 265  515
 282  515
 283  516
 285  516
 286  517
 287  517
 289  519
 290  519
 298  527
 299  527
 304  532
 304  533
 311  540
 311  541
 321  551
 322  551
 324  553
 325  553
 326  554
 327  553
 328  553
 329  552
 330  552
 333  549
 333  543
 331  541
 331  540
 330  539
 330  538
 322  530
 321  530
 319  528
 318  528
 316  526
 315  526
 312  523
 311  523
 306  518
 305  518
 299  512
 298  512
 297  511
 297  510
 295  508
 294  508
 293  507
 293  506
 286  499
 286  498
 283  495
 283  494
 280  491
 280  490
 279  489
 279  488
 277  486
 277  466
 280  463
 280  462
 283  459
 283  455
 280  452
 280  451
 277  448
 277  447
 276  446
 276  445
 273  442
 273  441
 268  436
 268  435
 267  434
 267  431
 266  430
 266  415
 267  414
 267  412
 269  410
 267  408
 267  406
 264  403
 264  402
 261  399
 261  398
 260  397
 260  396
 257  393
 257  392
 256  391
 256  390
 254  388
 254  387
 253  386
 253  372
 252  371
 252  369
 251  368
 251  367
 250  366
 250  365
 247  362
 247  361
 241  355
 240  355
 236  351
 235  351
 232  348
 231  348
 228  345
 227  345
 226  344
 226  330
 227  329
 242  329
 243  330
 256  330
 257  329
 262  329
 264  327
 264  326
 267  323
 267  322
 270  319
 270  318
 276  312
 276  311
 277  310
 277  309
 280  306
 280  305
 284  301
 284  300
 287  297
 287  296
 290  293
 290  292
 291  291
 291  290
 293  288
 293  286
 297  282
 297  281
 300  278
 300  276
 303  273
 303  272
 304  271
 304  270
 306  268
 306  267
 307  266
 307  265
 308  264
 308  263
 310  261
 310  260
 313  257
 313  256
 314  255
 314  254
 317  251
 317  249
 321  245
 321  244
 324  241
 324  240
 326  238
 326  237
 327  236
 327  235
 330  232
 330  231
 331  230
 331  229
 334  226
 334  225
 337  222
 337  220
 341  216
 341  215
 343  213
 343  212
 344  211
 344  210
 347  207
 347  206
 350  203
 350  202
 352  200
 352  199
 354  197
 354  196
 356  194
 356  193
 357  192
 357  190
 359  188
 359  187
 360  186
 360  185
 361  184
 361  183
 363  181
 363  180
 364  179
 364  177
 365  176
 365  175
 366  174
 366  172
 367  171
 367  168
 368  167
 368  166
 369  165
 369  164
 370  163
 370  160
 371  159
 371  152
 370  151
 370  148
 368  146
 368  145
 367  144
 367  143
 366  142
 366  141
 363  138
 362  138
 361  137
 360  137
 359  136
 358  136
 357  135
 354  135
 353  134
