 339  140
 338  141
 327  141
 326  142
 322  142
 321  143
 316  143
 315  144
 312  144
 311  145
 308  145
 307  146
 305  146
 304  147
 302  147
 301  148
 299  148
 298  149
 297  149
 296  150
 294  150
 293  151
 291  151
 290  152
 289  152
 288  153
 286  153
 285  154
 284  154
 283  155
 281  155
 280  156
 279  156
 278  157
 277  157
 276  158
 275  158
 274  159
 273  159
 272  160
 271  160
 270  161
 269  161
 268  162
 267  162
 266  163
 265  163
 264  164
 263  164
 262  165
 261  165
 260  166
 259  166
 258  167
 257  167
 256  168
 255  168
 253  170
 252  170
 251  171
 250  171
 249  172
 248  172
 247  173
 246  173
 244  175
 243  175
 242  176
 241  176
 240  177
 239  177
 237  179
 236  179
 235  180
 234  180
 232  182
 231  182
 230  183
 229  183
 227  185
 226  185
 224  187
 223  187
 221  189
 220  189
 218  191
 217  191
 216  192
 215  192
 213  194
 212  194
 210  196
 209  196
 206  199
 205  199
 202  202
 201  202
 199  204
 198  204
 194  208
 193  208
 188  213
 187  213
 182  218
 181  218
 169  230
 168  230
 158  240
 158  241
 144  255
 144  256
 134  266
 134  267
 128  273
 128  274
 125  277
 125  278
 123  280
 123  281
 120  284
 120  285
 119  286
 119  287
 117  289
 117  290
 114  293
 114  294
 113  295
 113  296
 112  297
 112  298
 111  299
 111  300
 110  301
 110  302
 107  305
 107  306
 101  312
 101  313
 100  314
 100  319
 102  321
 111  321
 112  322
 112  336
 109  339
 109  340
 108  341
 108  343
 107  344
 107  345
 106  346
 106  348
 105  349
 105  351
 104  352
 104  355
 103  356
 103  359
 101  361
 101  369
 102  370
 102  371
 104  373
 104  374
 107  377
 107  379
 108  380
 108  381
 110  383
 110  385
 111  386
 111  387
 112  388
 112  389
 114  391
 114  392
 115  393
 115  394
 117  396
 117  398
 119  400
 119  401
 120  402
 120  403
 121  404
 121  405
 122  406
 122  407
 123  408
 123  409
 124  410
 124  413
 125  414
 125  415
 126  416
 126  417
 127  418
 127  422
 128  423
 128  424
 129  425
 129  426
 130  427
 130  429
 131  430
 131  433
 132  434
 132  435
 133  436
 133  440
 134  441
 134  445
 135  446
 135  449
 136  450
 136  452
 137  453
 137  461
 138  462
 138  465
 139  466
 139  469
 140  470
 140  475
 141  476
 141  482
 142  483
 142  485
 143  486
 143  489
 144  490
 144  493
 145  494
 145  495
 146  496
 146  498
 147  499
 147  500
 148  501
 148  502
 150  504
 150  505
 155  510
 160  510
 161  511
 164  511
 165  512
 168  512
 169  513
 170  513
 172  515
 172  524
 173  525
 173  530
 174  531
 174  533
 175  534
 175  535
 177  537
 177  538
 178  539
 178  540
 182  544
 183  544
 186  547
 188  545
 188  544
 189  543
 189  542
 190  541
 190  535
 194  531
 195  531
 196  530
 197  530
 200  527
 215  527
 217  529
 217  530
 218  531
 218  532
 220  534
 220  535
 224  539
 225  539
 226  538
 226  528
 227  527
 227  523
 230  520
 231  520
 232  519
 233  519
 234  518
 252  518
 253  519
 254  519
 271  536
 271  537
 276  542
 275  541
 275  540
 274  539
 274  538
 273  537
 273  536
 272  535
 272  534
 270  532
 270  531
 267  528
 267  527
 266  526
 266  525
 264  523
 264  522
 263  521
 263  520
 260  517
 260  516
 258  514
 258  513
 256  511
 256  510
 255  509
 255  508
 254  507
 254  493
 255  492
 255  491
 259  487
 259  486
 261  484
 274  484
 276  482
 276  481
 275  480
 275  479
 273  477
 273  476
 272  475
 271  475
 270  474
 270  473
 269  472
 269  456
 270  455
 270  453
 276  447
 285  447
 289  443
 289  441
 287  439
 287  437
 284  434
 283  434
 282  433
 280  433
 279  432
 275  432
 274  431
 273  431
 272  430
 271  430
 270  429
 270  412
 271  411
 271  410
 276  405
 275  404
 275  403
 274  402
 274  401
 273  400
 273  399
 269  395
 267  395
 266  394
 259  394
 258  393
 257  393
 256  392
 255  392
 254  391
 254  377
 253  376
 253  375
 252  374
 251  374
 246  369
 245  369
 244  368
 243  368
 241  366
 240  366
 237  363
 235  363
 234  362
 234  348
 235  347
 252  347
 253  348
 256  348
 257  347
 264  347
 265  346
 271  346
 272  345
 276  345
 277  344
 278  344
 280  342
 281  342
 284  339
 285  339
 293  331
 293  330
 297  326
 297  325
 298  324
 299  324
 300  323
 300  322
 304  318
 304  317
 307  314
 307  313
 308  312
 308  311
 309  310
 309  309
 310  308
 310  305
 311  304
 311  303
 317  297
 317  296
 319  294
 319  293
 320  292
 320  291
 321  290
 321  289
 322  288
 322  287
 323  286
 323  283
 324  282
 324  274
 325  273
 325  272
 326  271
 326  270
 329  267
 329  266
 330  265
 330  264
 332  262
 332  261
 333  260
 333  258
 334  257
 334  255
 335  254
 335  251
 336  250
 336  244
 337  243
 337  241
 340  238
 340  237
 343  234
 343  233
 344  232
 344  231
 345  230
 345  229
 346  228
 346  226
 347  225
 347  222
 349  220
 349  219
 357  211
 357  210
 359  208
 359  207
 360  206
 360  204
 363  201
 363  200
 365  198
 366  198
 370  194
 370  193
 372  191
 372  190
 373  189
 373  187
 374  186
 374  183
 375  182
 375  180
 377  178
 377  176
 379  174
 379  172
 380  171
 380  160
 379  159
 379  158
 378  157
 378  156
 377  155
 377  154
 376  153
 376  152
 372  148
 371  148
 369  146
 368  146
 367  145
 365  145
 364  144
 363  144
 362  143
 359  143
 358  142
 356  142
 355  141
 347  141
 346  140
