 321  162
 320  163
 316  163
 315  164
 309  164
 308  165
 304  165
 303  166
 300  166
 299  167
 296  167
 295  168
 293  168
 292  169
 289  169
 288  170
 287  170
 286  171
 284  171
 283  172
 281  172
 280  173
 278  173
 277  174
 276  174
 275  175
 274  175
 273  176
 271  176
 269  178
 267  178
 266  179
 265  179
 264  180
 262  180
 260  182
 258  182
 256  184
 254  184
 253  185
 252  185
 251  186
 250  186
 248  188
 247  188
 246  189
 244  189
 242  191
 241  191
 240  192
 239  192
 238  193
 237  193
 235  195
 234  195
 233  196
 232  196
 230  198
 229  198
 227  200
 226  200
 224  202
 223  202
 221  204
 220  204
 218  206
 217  206
 216  207
 215  207
 213  209
 212  209
 210  211
 209  211
 206  214
 205  214
 202  217
 201  217
 199  219
 198  219
 194  223
 193  223
 185  231
 184  231
 178  237
 177  237
 177  238
 176  239
 175  239
 149  265
 149  266
 148  267
 147  267
 147  268
 140  275
 140  276
 136  280
 136  281
 132  285
 132  286
 128  290
 128  291
 126  293
 126  294
 123  297
 123  298
 122  299
 122  300
 120  302
 120  303
 119  304
 119  305
 116  308
 116  309
 114  311
 113  311
 111  313
 111  328
 113  330
 116  330
 117  331
 117  345
 116  346
 116  347
 115  348
 115  364
 117  366
 117  367
 119  369
 119  370
 121  372
 121  373
 123  375
 123  377
 125  379
 125  380
 126  381
 126  382
 127  383
 127  384
 128  385
 128  386
 129  387
 129  388
 130  389
 130  390
 131  391
 131  392
 132  393
 132  394
 133  395
 133  397
 134  398
 134  400
 135  401
 135  402
 136  403
 136  406
 137  407
 137  410
 138  411
 138  413
 139  414
 139  418
 140  419
 140  425
 141  426
 141  428
 142  429
 142  433
 143  434
 143  444
 144  445
 144  448
 145  449
 145  452
 146  453
 146  460
 147  461
 147  463
 148  464
 148  465
 149  466
 149  468
 150  469
 150  471
 151  472
 151  473
 153  475
 153  476
 154  477
 154  478
 155  478
 157  480
 158  480
 159  481
 163  481
 164  482
 169  482
 170  483
 171  483
 174  486
 174  487
 175  488
 175  489
 176  490
 176  498
 177  499
 177  502
 180  505
 180  509
 183  512
 184  512
 185  511
 185  507
 186  506
 186  504
 187  503
 187  502
 191  498
 192  498
 193  497
 211  497
 216  502
 216  503
 217  504
 217  505
 217  493
 219  491
 219  490
 221  488
 222  488
 224  486
 225  486
 226  485
 244  485
 245  486
 246  486
 246  473
 249  470
 250  470
 251  469
 268  469
 268  468
 263  463
 263  448
 265  446
 265  445
 268  442
 281  442
 282  441
 282  438
 276  432
 275  432
 272  429
 272  413
 273  412
 273  410
 279  404
 279  401
 275  397
 274  397
 272  395
 271  395
 269  393
 268  393
 266  391
 266  390
 265  389
 265  388
 264  387
 264  386
 263  385
 263  383
 262  382
 262  375
 260  373
 260  372
 259  371
 259  370
 258  369
 257  369
 256  368
 256  367
 255  366
 254  366
 250  362
 249  362
 247  360
 247  346
 248  345
 272  345
 273  344
 277  344
 278  343
 279  343
 280  342
 281  342
 282  341
 282  338
 284  336
 287  336
 288  335
 289  335
 292  332
 292  328
 293  327
 293  326
 295  324
 296  324
 297  323
 298  323
 299  322
 300  322
 302  320
 302  312
 303  311
 303  309
 306  306
 306  305
 307  304
 308  304
 310  302
 311  302
 313  300
 313  280
 314  279
 314  278
 316  276
 316  275
 320  271
 320  256
 321  255
 321  253
 323  251
 323  250
 326  247
 327  247
 328  246
 329  246
 333  242
 333  241
 334  240
 334  232
 335  231
 335  230
 336  229
 336  228
 337  227
 338  227
 339  226
 340  226
 342  224
 343  224
 345  222
 345  221
 346  220
 346  217
 347  216
 347  215
 349  213
 349  212
 356  205
 356  201
 357  200
 357  197
 363  191
 363  190
 365  188
 365  186
 366  185
 366  178
 367  177
 367  176
 368  175
 368  173
 367  172
 366  172
 364  170
 363  170
 362  169
 361  169
 360  168
 359  168
 358  167
 356  167
 355  166
 353  166
 352  165
 349  165
 348  164
 344  164
 343  163
 338  163
 337  162
