 348  112
 347  113
 342  113
 341  114
 335  114
 334  115
 331  115
 330  116
 327  116
 326  117
 323  117
 322  118
 319  118
 318  119
 315  119
 314  120
 313  120
 312  121
 308  121
 307  122
 306  122
 305  123
 302  123
 301  124
 299  124
 298  125
 296  125
 295  126
 293  126
 292  127
 290  127
 289  128
 288  128
 287  129
 286  129
 285  130
 283  130
 282  131
 281  131
 280  132
 279  132
 278  133
 277  133
 276  134
 275  134
 274  135
 273  135
 271  137
 270  137
 269  138
 268  138
 266  140
 265  140
 263  142
 262  142
 261  143
 260  143
 258  145
 257  145
 255  147
 254  147
 252  149
 251  149
 250  150
 249  150
 247  152
 246  152
 244  154
 243  154
 241  156
 240  156
 238  158
 237  158
 235  160
 234  160
 232  162
 231  162
 228  165
 227  165
 225  167
 224  167
 221  170
 220  170
 218  172
 217  172
 215  174
 214  174
 211  177
 210  177
 208  179
 207  179
 205  181
 204  181
 202  183
 201  183
 199  185
 198  185
 196  187
 195  187
 193  189
 192  189
 189  192
 188  192
 185  195
 184  195
 181  198
 180  198
 177  201
 176  201
 174  203
 173  203
 171  205
 170  205
 167  208
 166  208
 161  213
 160  213
 152  221
 151  221
 144  228
 143  228
 117  254
 117  255
 108  264
 108  265
 103  270
 103  271
 100  274
 100  275
  94  281
  94  282
  93  283
  93  284
  88  289
  87  289
  86  290
  83  290
  82  291
  82  312
  83  313
  96  313
  97  314
  97  328
  96  329
  94  329
  93  330
  91  330
  88  333
  88  334
  87  335
  78  335
  77  336
  77  341
  78  342
  78  343
  79  343
  84  348
  84  349
  86  351
  86  352
  89  355
  89  356
  90  357
  90  358
  93  361
  93  363
  96  366
  96  368
  98  370
  98  371
  99  372
  99  373
 101  375
 101  376
 103  378
 103  379
 104  380
 104  381
 106  383
 106  385
 107  386
 107  387
 109  389
 109  390
 110  391
 110  392
 112  394
 112  395
 113  396
 113  398
 116  401
 116  402
 117  403
 117  404
 118  405
 118  406
 120  408
 120  410
 122  412
 122  413
 123  414
 123  415
 124  416
 124  417
 126  419
 126  420
 127  421
 127  422
 129  424
 129  425
 132  428
 132  429
 134  431
 134  432
 136  434
 136  435
 138  437
 138  438
 140  440
 140  441
 142  443
 142  444
 144  446
 144  447
 146  449
 146  452
 147  453
 147  457
 148  458
 148  459
 149  460
 149  462
 150  463
 150  471
 151  472
 151  490
 150  491
 150  503
 151  504
 151  505
 152  506
 152  507
 153  508
 153  510
 154  511
 154  512
 159  517
 160  517
 161  518
 162  518
 163  519
 169  519
 170  518
 172  518
 173  517
 191  517
 192  518
 201  518
 204  521
 204  522
 205  523
 205  525
 206  526
 206  530
 207  531
 207  533
 208  534
 208  535
 210  537
 210  539
 211  540
 211  541
 212  542
 213  542
 215  544
 216  544
 219  541
 219  540
 220  539
 220  537
 221  536
 221  535
 222  534
 222  528
 225  525
 225  524
 228  521
 229  521
 230  520
 231  520
 232  519
 234  519
 235  518
 237  518
 238  517
 240  517
 241  516
 262  516
 270  524
 270  525
 271  526
 271  527
 273  529
 273  530
 274  531
 274  532
 275  533
 275  534
 276  535
 276  538
 277  539
 277  543
 278  544
 278  545
 279  546
 279  548
 280  549
 280  553
 281  554
 281  556
 283  558
 283  560
 284  561
 284  562
 287  565
 287  566
 289  568
 289  569
 291  571
 291  572
 292  572
 294  574
 295  574
 296  575
 299  575
 300  574
 301  574
 309  566
 309  565
 310  564
 310  562
 311  561
 311  560
 312  559
 312  558
 311  557
 311  556
 310  555
 310  553
 309  552
 309  551
 297  539
 296  539
 295  538
 294  538
 293  537
 292  537
 291  536
 290  536
 289  535
 288  535
 287  534
 286  534
 285  533
 284  533
 283  532
 282  532
 281  531
 280  531
 276  527
 275  527
 268  520
 267  520
 266  519
 266  518
 263  515
 263  514
 262  513
 262  512
 260  510
 260  494
 261  493
 261  492
 262  491
 262  490
 265  487
 265  486
 267  484
 268  484
 270  482
 271  482
 272  481
 273  481
 274  480
 275  480
 276  479
 277  479
 278  478
 279  478
 282  475
 283  475
 284  474
 284  473
 286  471
 286  470
 283  467
 283  466
 282  465
 282  464
 281  463
 280  463
 279  462
 279  461
 272  454
 271  454
 265  448
 264  448
 262  446
 261  446
 258  443
 257  443
 252  438
 252  423
 253  422
 253  420
 255  418
 255  417
 256  416
 256  415
 259  412
 259  408
 253  402
 252  402
 248  398
 247  398
 245  396
 244  396
 241  393
 240  393
 237  390
 236  390
 234  388
 233  388
 231  386
 230  386
 227  383
 226  383
 220  377
 220  376
 219  375
 219  372
 218  371
 218  361
 216  359
 216  358
 214  356
 213  356
 210  353
 209  353
 207  351
 206  351
 204  349
 203  349
 201  347
 200  347
 199  346
 198  346
 196  344
 195  344
 193  342
 192  342
 190  340
 189  340
 187  338
 186  338
 184  336
 184  322
 185  321
 207  321
 208  322
 241  322
 242  321
 250  321
 251  320
 252  320
 253  319
 254  319
 255  318
 257  318
 259  316
 261  316
 263  314
 265  314
 266  313
 267  313
 268  312
 269  312
 270  311
 271  311
 272  310
 274  310
 275  309
 276  309
 277  308
 278  308
 280  306
 281  306
 284  303
 285  303
 287  301
 288  301
 290  299
 291  299
 303  287
 303  286
 304  285
 305  285
 310  280
 311  280
 312  279
 312  278
 320  270
 320  269
 323  266
 323  265
 328  260
 328  259
 330  257
 330  256
 332  254
 332  253
 335  250
 335  249
 342  242
 342  241
 346  237
 346  236
 352  230
 352  229
 356  225
 356  223
 359  220
 359  219
 365  213
 366  213
 375  204
 375  203
 376  202
 376  201
 378  199
 378  198
 379  197
 379  196
 381  194
 381  193
 382  192
 382  191
 385  188
 385  187
 388  184
 388  183
 389  182
 389  181
 390  180
 390  179
 391  178
 391  177
 392  176
 392  175
 393  174
 393  172
 395  170
 395  169
 396  168
 396  166
 397  165
 397  164
 399  162
 399  160
 400  159
 400  157
 401  156
 401  154
 402  153
 402  151
 403  150
 403  136
 402  135
 402  133
 400  131
 400  130
 399  129
 399  128
 395  124
 394  124
 391  121
 390  121
 389  120
 388  120
 387  119
 385  119
 384  118
 383  118
 382  117
 381  117
 380  116
 378  116
 377  115
 375  115
 374  114
 369  114
 368  113
 364  113
 363  112
