 333  132
 332  133
 327  133
 326  134
 321  134
 320  135
 316  135
 315  136
 313  136
 312  137
 308  137
 307  138
 305  138
 304  139
 301  139
 300  140
 298  140
 297  141
 295  141
 294  142
 292  142
 291  143
 289  143
 288  144
 286  144
 285  145
 284  145
 283  146
 281  146
 280  147
 279  147
 278  148
 277  148
 276  149
 274  149
 273  150
 272  150
 271  151
 270  151
 269  152
 268  152
 267  153
 266  153
 265  154
 263  154
 262  155
 261  155
 260  156
 259  156
 258  157
 257  157
 256  158
 255  158
 254  159
 252  159
 251  160
 250  160
 249  161
 248  161
 247  162
 246  162
 244  164
 243  164
 242  165
 241  165
 240  166
 238  166
 237  167
 236  167
 235  168
 234  168
 233  169
 232  169
 231  170
 230  170
 228  172
 227  172
 226  173
 225  173
 223  175
 222  175
 221  176
 220  176
 218  178
 217  178
 215  180
 214  180
 212  182
 211  182
 208  185
 207  185
 205  187
 204  187
 201  190
 200  190
 197  193
 196  193
 192  197
 191  197
 185  203
 184  203
 179  208
 178  208
 167  219
 166  219
 139  246
 139  247
 132  254
 132  255
 127  260
 127  261
 124  264
 124  265
 122  267
 122  268
 119  271
 119  272
 118  273
 118  274
 116  276
 116  277
 115  278
 115  279
 113  281
 113  282
 112  283
 112  284
 106  290
 106  291
 100  297
 100  301
 102  303
 103  303
 104  304
 105  304
 106  305
 107  305
 108  306
 108  308
 109  309
 109  323
 107  325
 106  325
 103  328
 103  330
 102  331
 102  334
 101  335
 101  341
 100  342
 100  350
  99  351
  98  351
  96  353
  96  355
  97  356
  97  357
  98  358
  98  359
  99  360
  99  362
 100  363
 100  364
 102  366
 102  368
 103  369
 103  370
 105  372
 105  374
 106  375
 106  377
 107  378
 107  379
 108  380
 108  381
 109  382
 109  384
 110  385
 110  386
 111  387
 111  388
 112  389
 112  391
 113  392
 113  393
 115  395
 115  398
 116  399
 116  401
 117  402
 117  403
 118  404
 118  405
 119  406
 119  408
 120  409
 120  411
 121  412
 121  413
 122  414
 122  416
 123  417
 123  419
 125  421
 125  425
 126  426
 126  428
 127  429
 127  431
 128  432
 128  433
 129  434
 129  438
 130  439
 130  440
 131  441
 131  443
 132  444
 132  449
 133  450
 133  452
 134  453
 134  454
 135  455
 135  460
 136  461
 136  465
 137  466
 137  468
 138  469
 138  472
 139  473
 139  475
 140  476
 140  478
 141  479
 141  481
 142  482
 142  485
 143  486
 143  488
 145  490
 145  492
 146  493
 146  494
 151  499
 152  498
 167  498
 169  500
 169  514
 170  515
 170  520
 171  521
 171  522
 172  523
 172  525
 173  526
 173  527
 180  534
 181  533
 181  531
 182  530
 182  527
 183  526
 183  525
 184  524
 184  523
 185  522
 185  521
 186  520
 187  520
 188  519
 189  519
 190  518
 208  518
 212  522
 212  523
 213  524
 213  525
 214  526
 214  527
 216  529
 216  530
 217  531
 217  530
 218  529
 218  517
 219  516
 219  514
 223  510
 225  510
 226  509
 241  509
 242  510
 245  510
 253  518
 253  519
 256  522
 256  524
 257  525
 257  526
 259  528
 259  530
 260  531
 260  532
 262  534
 262  535
 263  536
 263  539
 266  542
 266  544
 267  545
 267  546
 270  549
 270  550
 272  552
 271  551
 271  549
 270  548
 270  547
 269  546
 269  545
 268  544
 268  542
 265  539
 265  537
 264  536
 264  535
 262  533
 262  531
 261  530
 261  528
 259  526
 259  524
 258  523
 258  522
 257  521
 257  520
 255  518
 255  516
 253  514
 253  513
 252  512
 252  511
 250  509
 250  508
 249  507
 249  505
 248  504
 248  485
 250  483
 267  483
 269  485
 269  486
 271  488
 271  489
 272  490
 274  488
 274  486
 273  485
 273  484
 272  483
 272  480
 271  479
 271  478
 268  475
 268  474
 267  473
 267  472
 266  471
 266  456
 270  452
 280  452
 281  451
 282  451
 285  448
 285  444
 284  443
 284  442
 283  441
 283  440
 282  439
 282  438
 279  435
 279  434
 274  429
 274  413
 275  412
 276  412
 277  411
 279  411
 280  410
 282  410
 284  408
 283  407
 283  406
 282  405
 282  403
 280  401
 280  400
 274  394
 273  394
 268  389
 268  381
 267  380
 267  379
 266  378
 266  377
 265  376
 265  375
 262  372
 262  371
 258  367
 258  366
 257  365
 256  365
 251  360
 250  360
 248  358
 247  358
 244  355
 243  355
 241  353
 241  339
 242  338
 260  338
 261  339
 265  339
 266  338
 271  338
 272  337
 281  337
 282  336
 286  336
 287  335
 288  335
 291  332
 291  331
 292  330
 293  330
 296  327
 296  326
 298  324
 298  323
 301  320
 301  318
 302  317
 302  316
 303  315
 303  314
 304  313
 305  313
 306  312
 307  312
 308  311
 308  307
 309  306
 309  302
 311  300
 311  299
 315  295
 315  294
 318  291
 318  289
 319  288
 319  280
 320  279
 320  276
 321  275
 321  273
 322  272
 322  270
 328  264
 328  263
 329  262
 329  261
 330  260
 330  258
 331  257
 331  251
 332  250
 332  245
 333  244
 333  243
 345  231
 345  230
 346  229
 346  228
 348  226
 348  224
 349  223
 349  221
 350  220
 350  219
 351  218
 351  217
 356  212
 356  211
 359  208
 359  207
 361  205
 361  204
 362  203
 362  201
 363  200
 363  199
 364  198
 364  197
 366  195
 366  194
 370  190
 370  189
 372  187
 372  185
 373  184
 373  183
 374  182
 374  181
 375  180
 375  178
 376  177
 376  176
 377  175
 377  174
 379  172
 379  170
 381  168
 381  166
 382  165
 382  162
 383  161
 383  155
 384  154
 384  152
 383  151
 383  149
 382  148
 382  147
 381  146
 381  145
 379  143
 378  143
 375  140
 374  140
 373  139
 372  139
 371  138
 370  138
 369  137
 367  137
 366  136
 365  136
 364  135
 362  135
 361  134
 358  134
 357  133
 353  133
 352  132
