 334  103
 333  104
 329  104
 328  105
 324  105
 323  106
 320  106
 319  107
 317  107
 316  108
 313  108
 312  109
 310  109
 309  110
 307  110
 306  111
 304  111
 303  112
 301  112
 300  113
 299  113
 298  114
 296  114
 295  115
 294  115
 293  116
 291  116
 290  117
 289  117
 288  118
 287  118
 286  119
 284  119
 283  120
 282  120
 281  121
 280  121
 279  122
 278  122
 277  123
 276  123
 274  125
 273  125
 272  126
 271  126
 270  127
 269  127
 268  128
 267  128
 266  129
 265  129
 264  130
 263  130
 261  132
 260  132
 259  133
 258  133
 257  134
 256  134
 255  135
 254  135
 252  137
 251  137
 250  138
 249  138
 247  140
 246  140
 245  141
 244  141
 242  143
 241  143
 239  145
 238  145
 237  146
 236  146
 234  148
 233  148
 231  150
 230  150
 229  151
 228  151
 226  153
 225  153
 222  156
 221  156
 217  160
 216  160
 212  164
 211  164
 206  169
 205  169
 199  175
 198  175
 190  183
 189  183
 177  195
 176  195
 155  216
 155  217
 144  228
 144  229
 138  235
 138  236
 132  242
 132  243
 128  247
 128  248
 124  252
 124  253
 121  256
 121  257
 119  259
 119  260
 117  262
 117  263
 115  265
 115  266
 114  267
 114  268
 111  271
 111  273
 109  275
 109  276
 108  277
 108  278
 105  281
 105  282
 102  285
 102  306
 103  307
 112  307
 114  309
 114  323
 113  324
 112  324
 111  325
 110  325
 109  326
 101  326
 100  327
 100  356
 101  357
 101  362
 102  363
 102  366
 103  367
 103  368
 104  369
 104  370
 105  371
 105  372
 108  375
 108  376
 110  378
 110  379
 112  381
 112  382
 113  383
 113  384
 114  385
 114  388
 115  389
 115  391
 116  392
 116  393
 117  394
 117  397
 118  398
 118  400
 119  401
 119  402
 120  403
 120  405
 121  406
 121  407
 122  408
 122  409
 123  410
 123  412
 124  413
 124  416
 125  417
 125  420
 126  421
 126  422
 127  423
 127  428
 128  429
 128  433
 129  434
 129  437
 130  438
 130  448
 131  449
 131  461
 132  462
 132  464
 133  465
 133  469
 134  470
 134  475
 135  476
 135  478
 136  479
 136  481
 137  482
 137  483
 138  484
 138  485
 139  486
 139  487
 140  487
 142  489
 143  489
 144  490
 149  490
 150  491
 155  491
 156  492
 157  492
 158  493
 158  495
 159  496
 159  498
 160  499
 160  501
 161  502
 161  507
 162  508
 162  510
 163  511
 163  512
 164  513
 164  515
 165  516
 165  519
 166  520
 166  522
 168  524
 168  525
 169  526
 169  527
 176  534
 177  534
 178  535
 179  535
 180  536
 181  536
 182  535
 182  534
 183  533
 183  531
 184  530
 199  530
 200  531
 200  533
 201  534
 201  537
 203  539
 203  540
 207  544
 209  542
 209  541
 210  540
 210  537
 211  536
 211  531
 212  530
 212  528
 215  525
 230  525
 232  527
 233  527
 242  536
 243  536
 244  537
 244  538
 247  541
 247  542
 248  543
 248  544
 249  545
 249  546
 250  547
 250  548
 251  549
 251  551
 252  552
 252  554
 254  556
 254  558
 255  559
 255  561
 256  562
 256  563
 257  564
 257  565
 258  566
 258  569
 259  570
 259  571
 260  572
 260  573
 261  574
 261  575
 262  576
 262  577
 265  580
 265  581
 266  582
 267  582
 270  585
 274  581
 274  577
 273  576
 273  574
 272  573
 272  572
 271  571
 271  570
 270  569
 270  568
 269  567
 269  566
 267  564
 267  563
 264  560
 264  559
 263  558
 263  557
 261  555
 261  554
 258  551
 258  550
 256  548
 256  547
 253  544
 253  543
 251  541
 251  540
 248  537
 248  536
 246  534
 246  533
 245  532
 245  531
 244  530
 244  529
 243  528
 243  527
 241  525
 241  523
 240  522
 240  520
 239  519
 239  517
 238  516
 238  513
 237  512
 237  493
 238  492
 238  491
 242  487
 246  487
 247  486
 251  486
 252  485
 253  485
 254  484
 255  484
 257  482
 257  480
 258  479
 258  476
 257  475
 257  469
 256  468
 256  451
 257  450
 257  449
 258  448
 259  448
 260  447
 261  447
 262  446
 263  446
 264  445
 266  445
 267  444
 269  444
 270  443
 271  443
 273  441
 273  438
 272  437
 272  436
 271  435
 271  417
 276  412
 278  412
 279  411
 280  411
 282  409
 283  409
 283  408
 284  407
 284  405
 283  404
 283  403
 282  402
 282  401
 281  400
 281  399
 280  398
 280  397
 277  394
 276  394
 271  389
 271  378
 270  377
 270  375
 269  374
 269  373
 267  371
 267  370
 265  368
 265  367
 261  363
 261  362
 253  354
 253  353
 252  353
 248  349
 247  349
 244  346
 243  346
 240  343
 239  343
 236  340
 235  340
 234  339
 233  339
 231  337
 230  337
 229  336
 228  336
 227  335
 226  335
 225  334
 224  334
 223  333
 222  333
 221  332
 220  332
 219  331
 218  331
 217  330
 216  330
 215  329
 214  329
 213  328
 213  314
 214  313
 231  313
 232  314
 238  314
 239  315
 245  315
 246  314
 257  314
 258  313
 267  313
 268  312
 277  312
 278  311
 280  311
 284  307
 288  307
 300  295
 300  294
 303  291
 303  290
 305  288
 305  287
 307  285
 307  282
 308  281
 308  279
 309  278
 309  277
 314  272
 314  271
 316  269
 316  268
 317  267
 317  265
 318  264
 318  263
 319  262
 319  260
 320  259
 320  248
 324  244
 324  243
 327  240
 327  239
 328  238
 328  237
 329  236
 329  235
 330  234
 330  231
 331  230
 331  220
 332  219
 332  218
 336  214
 336  213
 338  211
 338  210
 340  208
 340  207
 341  206
 341  204
 343  202
 343  200
 344  199
 344  195
 345  194
 345  192
 346  191
 346  190
 347  189
 347  188
 350  185
 350  184
 351  183
 351  182
 352  181
 352  180
 354  178
 354  176
 355  175
 355  174
 357  172
 357  169
 359  167
 359  166
 361  164
 361  163
 363  161
 363  160
 365  158
 365  157
 367  155
 367  154
 369  152
 369  151
 371  149
 371  148
 373  146
 373  145
 374  144
 374  143
 376  141
 376  140
 377  139
 377  138
 378  137
 378  135
 379  134
 379  132
 380  131
 380  128
 381  127
 381  121
 380  120
 380  118
 379  117
 379  116
 378  115
 378  114
 375  111
 374  111
 373  110
 372  110
 371  109
 370  109
 369  108
 367  108
 366  107
 364  107
 363  106
 361  106
 360  105
 358  105
 357  104
 354  104
 353  103
