 341  111
 340  112
 331  112
 330  113
 325  113
 324  114
 320  114
 319  115
 317  115
 316  116
 312  116
 311  117
 310  117
 309  118
 306  118
 305  119
 304  119
 303  120
 300  120
 299  121
 298  121
 297  122
 295  122
 294  123
 293  123
 292  124
 290  124
 289  125
 287  125
 286  126
 285  126
 284  127
 283  127
 282  128
 280  128
 279  129
 278  129
 277  130
 276  130
 275  131
 273  131
 272  132
 271  132
 270  133
 269  133
 268  134
 267  134
 266  135
 265  135
 264  136
 263  136
 262  137
 261  137
 260  138
 259  138
 258  139
 257  139
 256  140
 255  140
 254  141
 253  141
 252  142
 251  142
 250  143
 249  143
 248  144
 247  144
 246  145
 245  145
 244  146
 243  146
 242  147
 241  147
 239  149
 238  149
 237  150
 236  150
 235  151
 234  151
 232  153
 231  153
 230  154
 229  154
 227  156
 226  156
 224  158
 223  158
 221  160
 220  160
 218  162
 217  162
 215  164
 214  164
 212  166
 211  166
 209  168
 208  168
 206  170
 205  170
 202  173
 201  173
 198  176
 197  176
 193  180
 192  180
 185  187
 184  187
 180  191
 179  191
 171  199
 170  199
 164  205
 163  205
 153  215
 153  216
 144  225
 144  226
 136  234
 136  235
 129  242
 129  243
 124  248
 124  249
 121  252
 121  253
 107  267
 107  268
 106  269
 106  270
 103  273
 103  274
 102  275
 102  288
 103  289
 103  290
 113  290
 115  292
 115  306
 114  307
 110  307
 109  308
 106  308
 101  313
 101  314
  98  317
  98  318
  97  319
  97  321
  96  322
  96  326
  95  327
  91  327
  90  328
  90  329
  89  330
  89  331
  90  332
  90  334
  91  335
  91  336
  92  337
  92  340
  93  341
  93  342
  94  343
  94  344
  95  345
  95  347
  96  348
  96  351
  97  352
  97  353
  98  354
  98  356
  99  357
  99  360
 100  361
 100  363
 101  364
 101  365
 102  366
 102  368
 103  369
 103  373
 104  374
 104  376
 105  377
 105  382
 106  383
 106  389
 107  390
 107  393
 108  394
 108  398
 109  399
 109  413
 110  414
 110  419
 111  420
 111  427
 112  428
 112  453
 113  454
 113  459
 114  460
 114  463
 115  464
 115  468
 116  469
 116  473
 117  474
 117  475
 118  476
 118  477
 119  478
 119  479
 124  484
 126  484
 127  485
 130  485
 131  486
 135  486
 138  489
 138  492
 139  493
 139  499
 140  500
 140  510
 141  511
 141  513
 142  514
 142  517
 143  518
 143  520
 150  527
 153  527
 154  526
 155  526
 157  524
 157  523
 160  520
 175  520
 177  522
 178  522
 179  523
 179  524
 180  525
 180  526
 184  530
 185  530
 185  529
 186  528
 186  527
 188  525
 188  523
 189  522
 189  521
 191  519
 191  518
 192  517
 209  517
 210  518
 212  518
 213  519
 214  519
 215  520
 216  520
 217  521
 218  521
 220  523
 221  523
 224  526
 224  527
 226  529
 226  530
 227  531
 227  532
 229  534
 229  536
 230  537
 230  540
 232  542
 232  544
 233  545
 233  548
 234  549
 234  552
 235  553
 235  555
 236  556
 236  559
 237  560
 237  562
 239  564
 239  565
 240  566
 240  567
 243  570
 243  571
 245  573
 246  573
 248  575
 250  575
 252  573
 252  571
 253  570
 252  569
 252  564
 251  563
 251  562
 250  561
 250  560
 249  559
 249  557
 248  556
 248  555
 246  553
 246  552
 243  549
 243  548
 242  547
 242  546
 239  543
 239  542
 236  539
 236  538
 232  534
 232  533
 231  532
 231  531
 229  529
 229  528
 226  525
 226  524
 225  523
 225  522
 223  520
 223  519
 222  518
 222  517
 221  516
 221  515
 220  514
 220  513
 219  512
 219  510
 218  509
 218  488
 219  487
 219  486
 221  484
 222  484
 223  483
 224  483
 225  482
 229  482
 230  481
 234  481
 235  480
 237  480
 239  478
 239  477
 240  476
 240  475
 239  474
 239  451
 240  450
 240  449
 244  445
 246  445
 247  444
 257  444
 258  443
 259  443
 261  441
 261  439
 260  438
 260  436
 259  435
 259  417
 261  415
 262  415
 263  414
 265  414
 266  413
 267  413
 268  412
 269  412
 272  409
 272  407
 271  406
 271  405
 270  404
 270  403
 269  402
 269  398
 268  397
 268  396
 266  394
 266  393
 260  387
 260  386
 259  385
 259  372
 258  371
 258  370
 257  369
 257  368
 256  367
 256  366
 255  365
 255  363
 253  361
 253  360
 252  359
 252  358
 249  355
 249  354
 245  350
 245  349
 234  338
 233  338
 228  333
 227  333
 225  331
 224  331
 222  329
 222  315
 223  314
 239  314
 240  315
 245  315
 246  316
 250  316
 251  317
 254  317
 255  318
 266  318
 267  317
 270  317
 271  316
 273  316
 274  315
 277  315
 278  314
 282  314
 283  313
 284  313
 285  312
 286  312
 290  308
 291  308
 298  301
 298  294
 299  293
 299  292
 301  290
 304  290
 304  289
 305  288
 305  285
 313  277
 313  276
 315  274
 315  273
 316  272
 316  261
 317  260
 317  259
 318  258
 318  257
 323  252
 323  251
 326  248
 326  245
 327  244
 327  243
 328  242
 328  239
 329  238
 329  234
 330  233
 330  232
 339  223
 339  222
 340  221
 340  220
 342  218
 342  216
 343  215
 343  212
 344  211
 344  209
 345  208
 345  207
 346  206
 346  204
 352  198
 352  197
 355  194
 355  193
 357  191
 357  190
 359  188
 359  187
 362  184
 362  183
 372  173
 372  172
 374  170
 374  169
 376  167
 376  165
 378  163
 378  162
 379  161
 379  160
 380  159
 380  158
 383  155
 383  154
 385  152
 385  151
 386  150
 386  148
 387  147
 387  146
 388  145
 388  144
 389  143
 389  140
 390  139
 390  136
 391  135
 391  133
 390  132
 390  131
 389  130
 389  129
 384  124
 383  124
 382  123
 381  123
 380  122
 379  122
 377  120
 375  120
 374  119
 373  119
 372  118
 371  118
 370  117
 369  117
 368  116
 365  116
 364  115
 363  115
 362  114
 359  114
 358  113
 353  113
 352  112
 344  112
 343  111
