 335  133
 334  134
 328  134
 327  135
 320  135
 319  136
 317  136
 316  137
 312  137
 311  138
 309  138
 308  139
 305  139
 304  140
 301  140
 300  141
 298  141
 297  142
 295  142
 294  143
 292  143
 291  144
 289  144
 288  145
 287  145
 286  146
 284  146
 283  147
 282  147
 281  148
 280  148
 279  149
 277  149
 276  150
 275  150
 274  151
 273  151
 272  152
 271  152
 270  153
 268  153
 267  154
 266  154
 265  155
 264  155
 263  156
 262  156
 261  157
 260  157
 259  158
 258  158
 257  159
 256  159
 255  160
 254  160
 253  161
 252  161
 251  162
 250  162
 249  163
 248  163
 247  164
 246  164
 245  165
 244  165
 243  166
 242  166
 241  167
 240  167
 238  169
 237  169
 236  170
 235  170
 234  171
 233  171
 232  172
 231  172
 229  174
 228  174
 227  175
 226  175
 225  176
 224  176
 222  178
 221  178
 219  180
 218  180
 217  181
 216  181
 214  183
 213  183
 211  185
 210  185
 208  187
 207  187
 205  189
 204  189
 201  192
 200  192
 197  195
 196  195
 194  197
 193  197
 190  200
 189  200
 185  204
 184  204
 177  211
 176  211
 173  214
 172  214
 169  217
 168  217
 164  221
 163  221
 158  226
 157  226
 152  231
 151  231
 140  242
 139  242
 132  249
 131  249
 105  275
 104  275
 101  278
  99  278
  97  280
  96  280
  95  281
  95  309
  96  310
 101  310
 102  311
 102  325
 100  327
 100  328
  99  329
  99  331
  98  332
  98  354
  99  355
  99  357
 100  358
 100  359
 102  361
 102  362
 103  363
 103  366
 104  367
 104  368
 105  369
 105  370
 106  371
 106  373
 107  374
 107  376
 108  377
 108  378
 109  379
 109  382
 110  383
 110  386
 111  387
 111  388
 112  389
 112  390
 113  391
 113  394
 114  395
 114  396
 115  397
 115  399
 116  400
 116  403
 117  404
 117  405
 118  406
 118  407
 119  408
 119  411
 120  412
 120  415
 121  416
 121  418
 122  419
 122  423
 123  424
 123  430
 124  431
 124  434
 125  435
 125  450
 126  451
 126  468
 127  469
 127  472
 128  473
 128  476
 129  477
 129  483
 130  484
 130  486
 131  487
 131  488
 133  490
 133  491
 134  492
 135  492
 136  493
 137  493
 138  494
 142  494
 143  495
 147  495
 148  496
 150  496
 151  497
 151  507
 152  508
 152  513
 153  514
 153  518
 154  519
 154  520
 156  522
 156  524
 163  531
 164  531
 165  532
 168  532
 169  531
 169  530
 171  528
 171  527
 175  523
 192  523
 193  524
 193  525
 195  527
 195  528
 196  529
 196  530
 200  534
 201  534
 202  533
 202  532
 204  530
 204  528
 205  527
 205  521
 206  520
 206  519
 208  517
 209  517
 210  516
 229  516
 231  518
 231  519
 235  523
 235  524
 237  526
 237  527
 240  530
 240  531
 241  532
 241  533
 244  536
 244  537
 246  539
 246  540
 248  542
 248  543
 250  545
 250  546
 256  552
 257  552
 257  550
 256  549
 256  547
 255  546
 255  545
 254  544
 254  543
 252  541
 252  539
 249  536
 249  534
 247  532
 247  531
 246  530
 246  529
 245  528
 245  527
 243  525
 243  524
 242  523
 242  521
 239  518
 239  516
 236  513
 236  511
 235  510
 235  509
 233  507
 233  506
 232  505
 232  503
 231  502
 231  484
 232  483
 232  482
 235  479
 245  479
 246  478
 247  478
 249  476
 249  475
 250  474
 250  471
 249  470
 249  468
 247  466
 247  450
 248  449
 248  448
 251  445
 252  445
 254  443
 258  443
 259  442
 262  442
 266  438
 266  434
 259  427
 259  410
 261  408
 262  408
 263  407
 265  407
 266  406
 268  406
 269  405
 269  400
 264  395
 262  395
 261  394
 259  394
 258  393
 256  393
 253  390
 253  389
 252  388
 252  371
 253  370
 253  369
 241  357
 240  357
 238  355
 237  355
 236  354
 236  340
 237  339
 256  339
 257  338
 263  338
 264  337
 270  337
 271  336
 275  336
 283  328
 283  327
 290  320
 290  317
 291  316
 291  315
 292  314
 292  313
 293  312
 293  311
 294  310
 296  310
 297  309
 297  307
 298  306
 298  305
 299  304
 299  302
 300  301
 300  300
 308  292
 308  291
 309  290
 309  289
 310  288
 310  286
 311  285
 311  283
 312  282
 312  272
 313  271
 313  268
 316  265
 316  264
 318  262
 318  261
 319  260
 319  259
 320  258
 320  257
 321  256
 321  255
 322  254
 322  252
 323  251
 323  246
 324  245
 324  242
 325  241
 325  240
 326  239
 326  238
 332  232
 332  231
 333  230
 333  229
 336  226
 336  224
 337  223
 337  221
 338  220
 338  219
 339  218
 339  217
 340  216
 340  215
 343  212
 344  212
 347  209
 348  209
 352  205
 352  204
 353  203
 353  197
 355  195
 358  195
 359  194
 360  194
 361  193
 362  193
 363  192
 364  192
 370  186
 370  185
 372  183
 372  182
 374  180
 375  180
 377  178
 377  177
 378  176
 378  160
 380  158
 383  158
 384  157
 384  155
 383  154
 383  153
 375  145
 374  145
 373  144
 372  144
 371  143
 370  143
 369  142
 368  142
 367  141
 366  141
 365  140
 364  140
 363  139
 362  139
 361  138
 359  138
 358  137
 356  137
 355  136
 353  136
 352  135
 347  135
 346  134
 340  134
 339  133
