 331  161
 330  162
 322  162
 321  163
 316  163
 315  164
 312  164
 311  165
 307  165
 306  166
 304  166
 303  167
 300  167
 299  168
 297  168
 296  169
 293  169
 292  170
 290  170
 289  171
 288  171
 287  172
 285  172
 284  173
 282  173
 281  174
 279  174
 278  175
 277  175
 276  176
 275  176
 274  177
 273  177
 272  178
 270  178
 269  179
 268  179
 267  180
 266  180
 265  181
 264  181
 263  182
 262  182
 261  183
 260  183
 259  184
 258  184
 256  186
 255  186
 254  187
 253  187
 251  189
 250  189
 249  190
 248  190
 247  191
 246  191
 245  192
 244  192
 242  194
 241  194
 240  195
 239  195
 238  196
 237  196
 235  198
 234  198
 233  199
 232  199
 231  200
 230  200
 228  202
 227  202
 225  204
 224  204
 222  206
 221  206
 219  208
 218  208
 215  211
 214  211
 212  213
 211  213
 208  216
 207  216
 203  220
 202  220
 198  224
 197  224
 194  227
 193  227
 190  230
 189  230
 172  247
 172  248
 165  255
 165  256
 162  259
 162  260
 156  266
 156  267
 151  272
 151  273
 146  278
 146  279
 144  281
 144  282
 141  285
 141  286
 139  288
 139  289
 136  292
 136  293
 135  294
 135  295
 132  298
 132  299
 131  300
 131  301
 129  303
 129  304
 128  305
 128  306
 123  311
 123  312
 122  313
 122  314
 121  315
 121  316
 119  318
 119  319
 117  321
 117  322
 116  323
 116  327
 119  330
 119  345
 118  346
 118  351
 117  352
 117  358
 115  360
 113  360
 112  361
 112  370
 113  371
 114  371
 125  382
 125  383
 129  387
 129  388
 132  391
 132  392
 133  393
 133  394
 135  396
 135  398
 136  399
 136  400
 138  402
 138  404
 139  405
 139  406
 140  407
 140  408
 142  410
 142  412
 143  413
 143  414
 144  415
 144  417
 145  418
 145  420
 146  421
 146  423
 147  424
 147  425
 148  426
 148  429
 149  430
 149  433
 150  434
 150  436
 151  437
 151  439
 152  440
 152  444
 153  445
 153  446
 154  447
 154  450
 155  451
 155  458
 156  459
 156  462
 157  463
 157  466
 158  467
 158  471
 159  472
 159  474
 160  475
 160  477
 161  478
 161  479
 162  480
 162  481
 168  487
 171  487
 172  488
 174  488
 175  489
 179  489
 180  490
 182  490
 183  491
 184  491
 189  496
 189  498
 190  499
 190  501
 191  502
 191  506
 192  507
 192  513
 193  514
 193  515
 197  519
 198  519
 198  513
 199  512
 199  510
 201  508
 201  507
 206  502
 207  502
 208  501
 225  501
 229  505
 229  507
 231  509
 231  510
 231  497
 238  490
 254  490
 253  489
 253  474
 254  473
 254  472
 256  470
 257  470
 259  468
 274  468
 275  469
 275  468
 273  466
 273  465
 270  462
 270  445
 271  444
 271  443
 276  438
 287  438
 288  437
 289  437
 289  436
 288  435
 288  434
 281  427
 280  427
 277  424
 277  409
 278  408
 278  405
 282  401
 283  401
 283  400
 282  399
 282  398
 279  395
 278  395
 277  394
 276  394
 275  393
 273  393
 272  392
 270  392
 267  389
 267  388
 266  387
 266  386
 265  385
 265  384
 264  383
 264  382
 263  381
 263  378
 262  377
 262  375
 261  374
 261  373
 257  369
 256  369
 253  366
 252  366
 250  364
 249  364
 248  363
 247  363
 246  362
 246  348
 247  347
 274  347
 275  346
 283  346
 284  345
 284  340
 285  339
 289  339
 290  338
 293  338
 294  337
 294  336
 295  335
 295  328
 296  327
 298  327
 299  326
 301  326
 302  325
 303  325
 305  323
 305  310
 311  304
 312  304
 313  303
 312  302
 312  286
 313  285
 313  284
 314  283
 314  282
 315  281
 315  280
 319  276
 320  276
 320  259
 321  258
 321  256
 324  253
 325  253
 327  251
 328  251
 329  250
 330  250
 334  246
 334  244
 335  243
 335  234
 340  229
 341  229
 343  227
 344  227
 348  223
 348  213
 352  209
 353  209
 358  204
 358  196
 359  195
 359  194
 366  187
 366  186
 367  185
 367  184
 368  183
 368  169
 367  168
 366  168
 364  166
 363  166
 362  165
 360  165
 359  164
 357  164
 356  163
 352  163
 351  162
 345  162
 344  161
