 329  120
 328  121
 322  121
 321  122
 315  122
 314  123
 312  123
 311  124
 308  124
 307  125
 305  125
 304  126
 302  126
 301  127
 299  127
 298  128
 297  128
 296  129
 294  129
 293  130
 292  130
 291  131
 289  131
 288  132
 287  132
 286  133
 285  133
 284  134
 283  134
 282  135
 281  135
 280  136
 279  136
 278  137
 277  137
 276  138
 274  138
 272  140
 271  140
 270  141
 269  141
 268  142
 267  142
 266  143
 265  143
 263  145
 262  145
 261  146
 260  146
 259  147
 258  147
 256  149
 255  149
 253  151
 252  151
 251  152
 250  152
 248  154
 247  154
 245  156
 244  156
 242  158
 241  158
 239  160
 238  160
 236  162
 235  162
 232  165
 231  165
 229  167
 228  167
 225  170
 224  170
 221  173
 220  173
 217  176
 216  176
 213  179
 212  179
 207  184
 206  184
 201  189
 200  189
 196  193
 195  193
 191  197
 190  197
 184  203
 183  203
 164  222
 164  223
 161  226
 161  227
 158  230
 158  231
 155  234
 155  235
 152  238
 152  239
 148  243
 148  244
 145  247
 145  248
 142  251
 142  252
 140  254
 140  255
 136  259
 136  260
 135  261
 135  262
 132  265
 132  266
 126  272
 126  273
 122  277
 122  278
 121  279
 121  280
 119  282
 119  283
 118  284
 118  285
 116  287
 116  288
 115  289
 115  291
 113  293
 113  294
 112  295
 112  297
 111  298
 111  318
 112  319
 112  333
 111  334
 110  334
 109  335
 109  340
 115  346
 115  347
 116  348
 116  349
 118  351
 118  353
 119  354
 119  355
 120  356
 120  357
 121  358
 121  359
 122  360
 122  362
 123  363
 123  364
 124  365
 124  366
 125  367
 125  369
 126  370
 126  371
 127  372
 127  373
 128  374
 128  375
 129  376
 129  378
 131  380
 131  381
 132  382
 132  384
 133  385
 133  386
 134  387
 134  388
 135  389
 135  391
 136  392
 136  394
 138  396
 138  398
 139  399
 139  400
 140  401
 140  402
 142  404
 142  406
 143  407
 143  408
 145  410
 145  411
 148  414
 148  415
 152  419
 152  420
 156  424
 156  425
 162  431
 162  433
 165  436
 165  438
 172  445
 173  445
 179  451
 179  452
 181  454
 181  455
 182  456
 182  457
 185  460
 185  462
 188  465
 188  467
 189  468
 189  469
 190  470
 190  471
 191  472
 191  473
 192  474
 192  476
 193  477
 193  478
 194  479
 194  480
 195  481
 195  483
 196  484
 196  486
 198  488
 198  489
 200  491
 201  491
 203  493
 204  493
 206  495
 207  495
 209  497
 231  497
 232  498
 236  498
 237  499
 238  499
 239  500
 240  500
 241  501
 242  501
 252  511
 252  512
 254  514
 254  515
 256  517
 257  517
 260  520
 261  520
 264  517
 264  516
 268  512
 269  512
 270  511
 291  511
 292  512
 294  512
 295  513
 297  513
 298  514
 299  514
 300  515
 301  515
 302  516
 303  516
 304  517
 305  517
 307  519
 308  519
 311  522
 312  522
 315  525
 316  525
 339  548
 339  549
 346  556
 346  557
 353  564
 354  564
 355  565
 356  565
 357  566
 358  566
 359  567
 361  567
 362  566
 364  566
 366  564
 367  564
 369  562
 369  561
 371  559
 371  555
 370  554
 370  553
 368  551
 368  549
 365  546
 365  545
 364  544
 364  543
 362  541
 362  540
 353  531
 352  531
 349  528
 348  528
 346  526
 345  526
 342  523
 341  523
 339  521
 338  521
 335  518
 334  518
 330  514
 329  514
 327  512
 326  512
 323  509
 322  509
 319  506
 318  506
 315  503
 314  503
 311  500
 310  500
 308  498
 307  498
 304  495
 303  495
 300  492
 299  492
 294  487
 293  487
 288  482
 288  481
 285  478
 285  477
 284  476
 284  475
 283  474
 283  473
 282  472
 282  470
 281  469
 281  452
 282  451
 282  450
 283  449
 283  448
 290  441
 290  440
 291  439
 290  438
 290  437
 284  431
 283  431
 281  429
 280  429
 278  427
 277  427
 276  426
 275  426
 273  424
 272  424
 270  422
 269  422
 265  418
 265  417
 264  416
 264  415
 262  413
 262  411
 261  410
 261  387
 254  380
 253  380
 251  378
 250  378
 247  375
 246  375
 241  370
 241  369
 239  367
 239  366
 238  365
 238  361
 237  360
 237  357
 236  356
 236  355
 235  354
 235  352
 234  351
 234  349
 228  343
 228  342
 227  341
 227  324
 228  323
 230  323
 231  322
 235  322
 236  321
 241  321
 242  320
 247  320
 248  319
 250  319
 251  318
 251  317
 255  313
 256  313
 258  311
 258  310
 265  303
 265  302
 268  299
 268  298
 269  297
 270  297
 271  296
 271  295
 272  294
 272  293
 275  290
 275  289
 278  286
 278  285
 281  282
 281  281
 284  278
 284  277
 287  274
 287  273
 290  270
 290  269
 294  265
 294  264
 295  263
 295  262
 298  259
 298  258
 299  257
 299  256
 301  254
 301  253
 303  251
 303  250
 305  248
 305  247
 306  246
 306  245
 308  243
 308  242
 311  239
 311  238
 314  235
 314  234
 315  233
 315  232
 317  230
 317  229
 318  228
 318  227
 319  226
 319  225
 321  223
 321  222
 322  221
 322  220
 323  219
 323  218
 324  217
 324  215
 325  214
 325  213
 327  211
 327  210
 328  209
 328  208
 331  205
 331  204
 333  202
 333  201
 335  199
 335  197
 338  194
 338  193
 339  192
 339  191
 341  189
 341  188
 343  186
 343  185
 345  183
 345  181
 347  179
 347  177
 348  176
 348  175
 349  174
 349  173
 350  172
 350  171
 351  170
 351  169
 352  168
 352  166
 354  164
 354  163
 355  162
 355  160
 356  159
 356  158
 357  157
 357  156
 358  155
 358  152
 359  151
 359  148
 360  147
 360  144
 361  143
 361  139
 360  138
 360  136
 359  135
 359  134
 358  133
 358  131
 353  126
 352  126
 351  125
 349  125
 348  124
 346  124
 345  123
 343  123
 342  122
 337  122
 336  121
 330  121
