 342   97
 341   98
 332   98
 331   99
 328   99
 327  100
 323  100
 322  101
 320  101
 319  102
 317  102
 316  103
 315  103
 314  104
 312  104
 311  105
 309  105
 308  106
 307  106
 306  107
 303  107
 302  108
 301  108
 300  109
 297  109
 296  110
 295  110
 294  111
 292  111
 291  112
 289  112
 288  113
 287  113
 286  114
 284  114
 283  115
 282  115
 281  116
 280  116
 278  118
 277  118
 276  119
 275  119
 273  121
 272  121
 271  122
 270  122
 268  124
 267  124
 265  126
 264  126
 262  128
 261  128
 260  129
 259  129
 257  131
 256  131
 254  133
 253  133
 252  134
 251  134
 249  136
 248  136
 246  138
 245  138
 244  139
 243  139
 241  141
 240  141
 238  143
 237  143
 236  144
 235  144
 233  146
 232  146
 231  147
 230  147
 228  149
 227  149
 225  151
 224  151
 223  152
 222  152
 220  154
 219  154
 217  156
 216  156
 215  157
 214  157
 212  159
 211  159
 209  161
 208  161
 207  162
 206  162
 204  164
 203  164
 201  166
 200  166
 197  169
 196  169
 194  171
 193  171
 191  173
 190  173
 187  176
 186  176
 184  178
 183  178
 181  180
 180  180
 177  183
 176  183
 173  186
 172  186
 166  192
 165  192
 155  202
 155  203
 153  205
 152  205
 152  206
 150  208
 149  208
 149  209
 138  220
 138  221
 126  233
 126  234
 122  238
 122  239
 118  243
 118  244
 115  247
 115  248
 111  252
 111  253
 108  256
 108  257
 106  259
 106  260
 105  261
 105  262
 102  265
 102  266
 101  267
 101  268
  98  271
  98  272
  96  274
  96  275
  95  276
  95  277
  91  281
  90  281
  90  282
  89  283
  89  294
  91  296
  95  296
  96  297
  96  311
  93  314
  93  315
  92  316
  92  318
  91  319
  91  328
  90  329
  90  343
  89  344
  83  344
  82  345
  82  349
  85  352
  85  355
  86  356
  86  357
  88  359
  88  363
  89  364
  89  365
  90  366
  90  368
  91  369
  91  374
  92  375
  92  377
  93  378
  93  379
  94  380
  94  383
  95  384
  95  386
  96  387
  96  388
  98  390
  98  393
  99  394
  99  395
 100  396
 100  397
 101  398
 101  400
 102  401
 102  402
 103  403
 103  404
 104  405
 104  406
 105  407
 105  408
 106  409
 106  410
 108  412
 108  414
 109  415
 109  416
 111  418
 111  419
 112  420
 112  422
 114  424
 114  425
 115  426
 115  428
 117  430
 117  431
 118  432
 118  433
 119  434
 119  435
 121  437
 121  439
 122  440
 122  441
 124  443
 124  444
 125  445
 125  446
 128  449
 128  450
 129  451
 129  452
 145  468
 146  468
 149  471
 150  471
 153  474
 153  475
 155  477
 155  481
 156  482
 156  483
 157  484
 157  486
 158  487
 158  490
 159  491
 159  511
 160  512
 160  516
 161  517
 161  521
 162  522
 162  525
 164  527
 164  528
 165  529
 165  530
 171  536
 172  536
 173  537
 174  536
 175  536
 176  535
 177  535
 181  531
 182  531
 184  529
 205  529
 206  530
 207  530
 211  534
 211  535
 212  536
 212  538
 213  539
 213  542
 214  543
 214  549
 215  550
 215  557
 217  559
 217  560
 222  565
 223  565
 224  566
 227  566
 228  565
 229  565
 231  563
 231  562
 232  561
 232  560
 233  559
 233  558
 234  557
 234  555
 235  554
 235  553
 237  551
 237  550
 242  545
 263  545
 264  546
 265  546
 266  547
 267  547
 269  549
 270  549
 275  554
 275  555
 279  559
 279  560
 282  563
 282  564
 283  565
 283  566
 285  568
 285  569
 286  570
 286  571
 289  574
 289  576
 292  579
 292  580
 296  584
 296  585
 297  586
 298  586
 301  589
 303  589
 304  590
 308  590
 309  589
 310  589
 311  588
 312  588
 318  582
 318  574
 317  573
 317  571
 315  569
 315  567
 314  566
 314  565
 312  563
 312  562
 306  556
 305  556
 303  554
 302  554
 300  552
 299  552
 298  551
 297  551
 296  550
 295  550
 293  548
 292  548
 290  546
 289  546
 286  543
 285  543
 283  541
 282  541
 269  528
 269  527
 268  526
 268  525
 267  524
 267  523
 266  522
 266  521
 265  520
 265  504
 266  503
 266  502
 267  501
 267  499
 268  498
 268  497
 274  491
 275  491
 277  489
 277  488
 278  487
 278  484
 279  483
 294  483
 297  480
 297  479
 298  478
 298  477
 297  476
 297  474
 295  472
 295  471
 294  470
 294  469
 288  463
 287  463
 286  462
 285  462
 284  461
 283  461
 282  460
 281  460
 280  459
 279  459
 278  458
 275  458
 273  456
 271  456
 270  455
 269  455
 268  454
 267  454
 266  453
 265  453
 258  446
 258  428
 261  425
 261  424
 268  417
 268  413
 265  410
 265  409
 260  404
 259  404
 253  398
 252  398
 250  396
 249  396
 247  394
 246  394
 241  389
 241  388
 240  387
 240  369
 241  368
 241  367
 240  366
 240  365
 239  364
 239  363
 230  354
 229  354
 227  352
 226  352
 224  350
 223  350
 221  348
 220  348
 217  345
 217  331
 218  330
 235  330
 236  331
 238  331
 239  332
 241  332
 242  333
 243  332
 249  332
 250  331
 254  331
 255  330
 261  330
 262  329
 270  329
 271  328
 272  328
 273  327
 274  327
 275  326
 276  326
 280  322
 281  322
 283  320
 284  320
 287  317
 287  316
 292  311
 293  311
 294  310
 295  310
 299  306
 299  305
 304  300
 305  300
 312  293
 312  292
 315  289
 315  288
 318  285
 318  284
 322  280
 322  279
 325  276
 325  275
 331  269
 331  268
 336  263
 336  262
 337  261
 337  260
 338  259
 338  258
 344  252
 344  251
 345  250
 345  249
 346  248
 346  247
 347  246
 347  245
 348  244
 348  243
 349  242
 349  241
 351  239
 351  237
 353  235
 353  234
 355  232
 355  230
 357  228
 357  227
 358  226
 358  225
 359  224
 359  223
 361  221
 361  219
 362  218
 362  216
 364  214
 364  213
 365  212
 365  211
 366  210
 366  209
 368  207
 368  206
 371  203
 371  202
 373  200
 373  199
 374  198
 374  196
 375  195
 375  194
 377  192
 377  191
 379  189
 379  188
 380  187
 380  186
 381  185
 381  182
 382  181
 382  180
 383  179
 383  178
 385  176
 385  174
 386  173
 386  172
 387  171
 387  170
 388  169
 388  167
 389  166
 389  164
 390  163
 390  162
 391  161
 391  160
 392  159
 392  157
 393  156
 393  155
 394  154
 394  152
 395  151
 395  147
 396  146
 396  144
 398  142
 398  137
 399  136
 399  130
 398  129
 398  124
 397  123
 397  122
 395  120
 395  119
 389  113
 388  113
 386  111
 385  111
 383  109
 382  109
 380  107
 379  107
 378  106
 377  106
 376  105
 375  105
 374  104
 373  104
 372  103
 371  103
 370  102
 368  102
 367  101
 366  101
 365  100
 362  100
 361   99
 359   99
 358   98
 349   98
 348   97
