 342  130
 341  131
 336  131
 335  132
 331  132
 330  133
 327  133
 326  134
 324  134
 323  135
 321  135
 320  136
 317  136
 316  137
 315  137
 314  138
 312  138
 311  139
 310  139
 309  140
 308  140
 307  141
 305  141
 304  142
 303  142
 302  143
 301  143
 300  144
 299  144
 298  145
 296  145
 295  146
 294  146
 293  147
 292  147
 291  148
 290  148
 289  149
 288  149
 286  151
 285  151
 284  152
 283  152
 282  153
 281  153
 279  155
 278  155
 277  156
 276  156
 274  158
 273  158
 271  160
 270  160
 268  162
 267  162
 265  164
 264  164
 262  166
 261  166
 259  168
 258  168
 256  170
 255  170
 251  174
 250  174
 248  176
 247  176
 243  180
 242  180
 239  183
 238  183
 234  187
 233  187
 230  190
 229  190
 226  193
 225  193
 221  197
 220  197
 215  202
 214  202
 210  206
 209  206
 205  210
 204  210
 197  217
 196  217
 188  225
 187  225
 178  234
 177  234
 168  243
 167  243
 159  251
 159  252
 157  254
 156  254
 156  255
 155  256
 154  256
 142  268
 142  269
 139  272
 139  273
 136  276
 136  277
 132  281
 132  282
 130  284
 130  285
 126  289
 126  290
 123  293
 123  294
 119  298
 119  299
 116  302
 116  303
 114  305
 113  305
 111  307
 111  324
 112  325
 112  339
 111  340
 110  340
 109  341
 109  367
 110  368
 110  369
 111  370
 111  372
 112  373
 112  375
 114  377
 114  378
 115  379
 115  380
 118  383
 118  384
 119  385
 119  386
 121  388
 121  389
 122  390
 122  392
 123  393
 123  394
 124  395
 124  396
 125  397
 125  398
 126  399
 126  401
 128  403
 128  404
 129  405
 129  408
 130  409
 130  410
 132  412
 132  414
 133  415
 133  416
 135  418
 135  419
 136  420
 136  423
 138  425
 138  426
 139  427
 139  429
 141  431
 141  432
 142  433
 142  434
 143  435
 143  436
 145  438
 145  439
 146  440
 146  441
 147  442
 147  443
 149  445
 149  446
 150  447
 150  448
 151  449
 151  450
 152  451
 152  453
 153  454
 153  455
 170  472
 170  473
 171  473
 172  474
 172  475
 174  477
 174  478
 175  479
 175  480
 176  481
 176  482
 178  484
 178  485
 179  486
 179  488
 180  489
 180  491
 181  492
 181  493
 182  494
 182  497
 183  498
 183  499
 184  500
 184  501
 185  502
 185  503
 186  504
 186  505
 188  507
 188  508
 190  510
 190  511
 199  520
 200  520
 202  522
 205  522
 206  523
 207  523
 208  522
 210  522
 212  520
 213  520
 214  519
 215  519
 216  518
 218  518
 219  517
 235  517
 236  518
 237  518
 244  525
 245  525
 247  527
 250  527
 252  525
 253  525
 259  519
 260  519
 261  518
 281  518
 282  519
 283  519
 284  520
 285  520
 288  523
 289  523
 300  534
 300  535
 306  541
 306  542
 310  546
 310  547
 316  553
 317  553
 320  556
 321  556
 322  557
 323  557
 324  556
 325  556
 329  552
 329  551
 331  549
 331  548
 330  547
 330  546
 329  545
 329  543
 325  539
 325  538
 323  536
 322  536
 318  532
 317  532
 314  529
 313  529
 308  524
 307  524
 297  514
 296  514
 295  513
 295  512
 286  503
 286  502
 285  501
 285  500
 281  496
 281  495
 279  493
 279  492
 278  491
 278  490
 276  488
 276  486
 275  485
 275  468
 276  467
 276  466
 279  463
 279  462
 282  459
 282  456
 281  455
 281  454
 279  452
 279  451
 275  447
 275  446
 272  443
 272  442
 268  438
 268  437
 266  435
 266  434
 265  433
 265  414
 266  413
 266  412
 268  410
 268  409
 265  406
 265  404
 262  401
 262  400
 258  396
 258  395
 255  392
 255  391
 254  390
 254  389
 252  387
 252  369
 251  368
 251  367
 249  365
 249  364
 240  355
 239  355
 233  349
 232  349
 230  347
 229  347
 227  345
 226  345
 224  343
 223  343
 222  342
 221  342
 220  341
 220  327
 221  326
 256  326
 257  325
 260  325
 265  320
 265  319
 272  312
 272  311
 278  305
 278  304
 282  300
 282  299
 285  296
 285  295
 286  294
 286  293
 289  290
 289  289
 292  286
 292  285
 295  282
 295  281
 298  278
 298  277
 299  276
 299  275
 301  273
 301  272
 302  271
 302  270
 305  267
 305  266
 306  265
 306  264
 308  262
 308  261
 309  260
 309  259
 310  258
 310  257
 312  255
 312  254
 313  253
 313  252
 315  250
 315  249
 317  247
 317  246
 319  244
 319  242
 322  239
 322  238
 323  237
 323  236
 326  233
 326  232
 328  230
 328  229
 329  228
 329  227
 330  226
 330  225
 332  223
 332  222
 336  218
 336  217
 338  215
 338  214
 339  213
 339  212
 343  208
 343  207
 346  204
 346  203
 348  201
 348  200
 352  196
 352  195
 355  192
 355  190
 357  188
 357  187
 358  186
 358  185
 359  184
 359  183
 362  180
 362  179
 363  178
 363  177
 365  175
 365  173
 366  172
 366  169
 367  168
 367  167
 368  166
 368  165
 369  164
 369  161
 370  160
 370  159
 371  158
 371  155
 372  154
 372  149
 371  148
 371  146
 369  144
 369  142
 368  141
 368  140
 364  136
 363  136
 362  135
 361  135
 360  134
 359  134
 358  133
 356  133
 355  132
 353  132
 352  131
 349  131
 348  130
