 348  112
 347  113
 341  113
 340  114
 332  114
 331  115
 329  115
 328  116
 323  116
 322  117
 320  117
 319  118
 316  118
 315  119
 313  119
 312  120
 310  120
 309  121
 306  121
 305  122
 304  122
 303  123
 301  123
 300  124
 299  124
 298  125
 296  125
 295  126
 294  126
 293  127
 291  127
 290  128
 289  128
 288  129
 287  129
 286  130
 284  130
 283  131
 282  131
 281  132
 280  132
 279  133
 278  133
 277  134
 276  134
 275  135
 274  135
 273  136
 272  136
 271  137
 270  137
 269  138
 268  138
 267  139
 266  139
 265  140
 264  140
 263  141
 262  141
 261  142
 260  142
 259  143
 258  143
 256  145
 255  145
 254  146
 253  146
 251  148
 250  148
 249  149
 248  149
 247  150
 246  150
 244  152
 243  152
 242  153
 241  153
 239  155
 238  155
 237  156
 236  156
 234  158
 233  158
 231  160
 230  160
 227  163
 226  163
 224  165
 223  165
 220  168
 219  168
 217  170
 216  170
 213  173
 212  173
 209  176
 208  176
 205  179
 204  179
 202  181
 201  181
 198  184
 197  184
 190  191
 189  191
 178  202
 177  202
 177  203
 175  205
 174  205
 170  209
 170  210
 169  211
 168  211
 157  222
 157  223
 146  234
 146  235
 145  236
 144  236
 144  237
 136  245
 136  246
 124  258
 124  259
 120  263
 120  264
 117  267
 117  268
 116  269
 116  270
 113  273
 113  274
 110  277
 110  278
 109  279
 109  280
 107  282
 107  283
 106  284
 106  285
 104  287
 104  288
 103  289
 103  290
 101  292
 101  293
 100  294
 100  295
  98  297
  98  298
  97  299
  97  315
  99  317
 104  317
 105  318
 105  332
 101  336
 101  338
 100  339
 100  340
  99  341
  95  341
  94  342
  94  370
  95  371
  95  372
  96  373
  96  374
  97  375
  97  378
  98  379
  98  380
  99  381
  99  382
 100  383
 100  385
 101  386
 101  387
 102  388
 102  389
 103  390
 103  394
 104  395
 104  396
 106  398
 106  402
 107  403
 107  405
 109  407
 109  410
 110  411
 110  414
 112  416
 112  417
 113  418
 113  421
 114  422
 114  423
 116  425
 116  427
 117  428
 117  430
 118  431
 118  432
 119  433
 119  434
 120  435
 120  438
 121  439
 121  440
 122  441
 122  442
 123  443
 123  446
 124  447
 124  448
 125  449
 125  450
 126  451
 126  466
 127  467
 127  471
 128  472
 128  473
 129  474
 129  478
 130  479
 130  483
 131  484
 131  485
 132  486
 132  488
 133  489
 133  493
 134  494
 134  496
 135  497
 135  498
 136  499
 136  502
 137  503
 137  504
 138  505
 138  506
 139  507
 139  508
 140  509
 140  510
 142  512
 142  513
 143  514
 143  515
 145  517
 146  517
 149  520
 150  520
 151  521
 152  521
 154  523
 155  523
 159  527
 159  534
 160  535
 160  541
 161  542
 161  544
 162  545
 162  546
 163  547
 163  550
 164  551
 164  552
 166  554
 166  555
 173  562
 174  562
 175  563
 178  563
 179  564
 180  564
 181  563
 201  563
 211  573
 212  573
 214  575
 218  575
 219  574
 221  574
 223  572
 242  572
 243  573
 245  573
 246  574
 247  574
 248  573
 249  573
 249  572
 250  571
 250  570
 252  568
 252  563
 251  562
 251  560
 250  559
 250  555
 249  554
 249  547
 248  546
 248  545
 247  544
 247  542
 246  541
 246  511
 247  510
 247  509
 248  508
 248  506
 249  505
 249  503
 256  496
 257  496
 259  494
 260  494
 261  493
 262  493
 266  489
 266  488
 267  487
 267  486
 268  485
 268  482
 267  481
 267  479
 266  478
 266  452
 269  449
 269  448
 270  447
 271  447
 273  445
 274  445
 275  444
 276  444
 277  443
 278  443
 280  441
 280  440
 282  438
 282  434
 281  433
 281  432
 280  431
 280  427
 279  426
 279  411
 280  410
 280  407
 282  405
 282  404
 283  403
 283  401
 285  399
 285  395
 284  394
 284  393
 283  392
 283  388
 282  387
 282  386
 280  384
 280  382
 279  381
 279  379
 278  378
 278  377
 277  376
 277  375
 276  374
 276  370
 275  369
 275  368
 273  366
 273  364
 272  363
 272  362
 269  359
 269  358
 263  352
 262  352
 261  351
 261  337
 262  336
 281  336
 281  329
 283  327
 290  327
 291  326
 295  326
 296  325
 298  325
 302  321
 302  320
 303  319
 303  318
 304  317
 305  317
 307  315
 307  314
 309  312
 309  311
 313  307
 313  306
 316  303
 316  302
 317  301
 317  300
 319  298
 319  296
 320  295
 320  294
 321  293
 321  291
 322  290
 322  287
 323  286
 323  284
 327  280
 327  279
 330  276
 330  275
 331  274
 331  273
 332  272
 332  270
 333  269
 333  258
 334  257
 334  254
 335  253
 335  252
 336  251
 336  250
 339  247
 339  246
 340  245
 340  244
 342  242
 342  241
 343  240
 343  236
 344  235
 344  232
 345  231
 345  221
 346  220
 346  217
 348  215
 348  214
 349  213
 349  212
 350  211
 350  209
 351  208
 351  206
 352  205
 352  204
 353  203
 353  198
 354  197
 354  196
 355  195
 355  194
 356  193
 356  192
 357  191
 357  190
 359  188
 359  187
 360  186
 360  185
 361  184
 361  183
 362  182
 362  180
 363  179
 363  177
 365  175
 365  174
 366  173
 366  172
 367  171
 367  170
 370  167
 370  166
 373  163
 373  161
 375  159
 375  158
 376  157
 376  155
 377  154
 377  153
 379  151
 379  149
 380  148
 380  145
 382  143
 382  142
 383  141
 383  138
 384  137
 384  134
 385  133
 385  132
 386  131
 386  124
 381  119
 380  119
 379  118
 378  118
 377  117
 376  117
 375  116
 373  116
 372  115
 371  115
 370  114
 365  114
 364  113
 360  113
 359  112
