 329  113
 328  114
 324  114
 323  115
 320  115
 319  116
 316  116
 315  117
 313  117
 312  118
 308  118
 307  119
 306  119
 305  120
 302  120
 301  121
 300  121
 299  122
 297  122
 296  123
 294  123
 293  124
 292  124
 291  125
 290  125
 289  126
 288  126
 287  127
 285  127
 283  129
 281  129
 279  131
 277  131
 276  132
 275  132
 274  133
 273  133
 271  135
 270  135
 269  136
 268  136
 267  137
 266  137
 264  139
 263  139
 262  140
 261  140
 260  141
 259  141
 258  142
 257  142
 255  144
 254  144
 253  145
 252  145
 251  146
 250  146
 248  148
 247  148
 246  149
 245  149
 243  151
 242  151
 240  153
 239  153
 237  155
 236  155
 234  157
 233  157
 231  159
 230  159
 228  161
 227  161
 226  162
 225  162
 222  165
 221  165
 219  167
 218  167
 216  169
 215  169
 213  171
 212  171
 210  173
 209  173
 207  175
 206  175
 204  177
 203  177
 201  179
 200  179
 198  181
 197  181
 195  183
 194  183
 192  185
 191  185
 189  187
 188  187
 186  189
 185  189
 184  190
 183  190
 181  192
 180  192
 175  197
 174  197
 169  202
 168  202
 164  206
 163  206
 158  211
 157  211
 149  219
 148  219
 142  225
 141  225
 132  234
 131  234
 113  252
 113  253
 104  262
 104  263
  97  270
  97  271
  90  278
  90  279
  88  281
  87  281
  85  283
  80  283
  79  284
  78  284
  78  296
  79  297
  88  297
  89  298
  89  312
  88  313
  87  313
  86  314
  85  314
  85  315
  83  317
  83  318
  82  319
  82  326
  81  327
  81  332
  80  333
  74  333
  73  334
  73  344
  74  345
  74  346
  80  352
  80  353
  83  356
  83  357
  86  360
  86  361
  88  363
  88  364
  90  366
  90  367
  93  370
  93  371
  94  372
  94  373
  97  376
  97  377
 100  380
 100  382
 103  385
 103  386
 104  387
 104  388
 107  391
 107  392
 108  393
 108  394
 110  396
 110  398
 112  400
 112  401
 113  402
 113  404
 114  405
 114  406
 116  408
 116  409
 117  410
 117  412
 120  415
 120  417
 121  418
 121  419
 123  421
 123  422
 127  426
 127  427
 133  433
 134  433
 140  439
 140  440
 141  441
 141  446
 142  447
 142  448
 143  449
 143  452
 144  453
 144  456
 145  457
 145  458
 146  459
 146  464
 147  465
 147  472
 148  473
 148  476
 149  477
 149  486
 150  487
 150  494
 151  495
 151  496
 152  497
 152  499
 153  500
 153  504
 154  505
 154  506
 155  507
 155  508
 157  510
 157  511
 158  512
 158  513
 159  514
 160  514
 162  516
 163  516
 164  517
 166  517
 167  518
 170  518
 171  517
 174  517
 175  516
 179  516
 180  515
 199  515
 201  517
 201  518
 202  519
 202  521
 203  522
 203  525
 204  526
 204  528
 205  529
 205  530
 207  532
 207  533
 208  534
 208  535
 209  536
 210  536
 212  538
 213  538
 214  539
 217  539
 218  538
 219  538
 221  536
 222  536
 222  535
 224  533
 224  532
 225  531
 225  529
 226  528
 226  520
 228  518
 229  518
 230  517
 231  517
 232  516
 234  516
 235  515
 237  515
 238  514
 239  514
 240  513
 241  513
 242  512
 261  512
 267  518
 267  519
 269  521
 269  522
 271  524
 271  525
 273  527
 273  528
 274  529
 274  530
 275  531
 275  532
 276  533
 276  534
 277  535
 277  538
 278  539
 278  541
 279  542
 279  543
 280  544
 280  547
 281  548
 281  550
 282  551
 282  552
 283  553
 283  554
 284  555
 284  557
 285  558
 285  559
 287  561
 287  562
 290  565
 290  566
 294  570
 295  570
 298  573
 300  573
 301  574
 304  574
 305  573
 307  573
 310  570
 311  570
 317  564
 317  563
 318  562
 318  561
 319  560
 319  557
 318  556
 318  555
 317  554
 317  553
 316  552
 316  550
 313  547
 313  546
 308  541
 307  541
 304  538
 303  538
 302  537
 301  537
 300  536
 299  536
 298  535
 297  535
 296  534
 294  534
 293  533
 292  533
 291  532
 290  532
 289  531
 288  531
 287  530
 286  530
 285  529
 284  529
 283  528
 282  528
 281  527
 280  527
 278  525
 277  525
 274  522
 273  522
 268  517
 267  517
 262  512
 262  511
 259  508
 259  507
 257  505
 257  489
 258  488
 258  487
 259  486
 259  485
 267  477
 268  477
 270  475
 272  475
 274  473
 276  473
 277  472
 278  472
 282  468
 282  467
 281  466
 281  465
 280  464
 280  463
 279  462
 279  461
 268  450
 267  450
 266  449
 266  448
 265  447
 264  447
 259  442
 258  442
 254  438
 253  438
 248  433
 248  417
 249  416
 249  414
 250  413
 250  412
 253  409
 253  408
 255  406
 255  405
 253  403
 253  402
 248  397
 247  397
 244  394
 243  394
 238  389
 237  389
 235  387
 234  387
 232  385
 231  385
 230  384
 229  384
 227  382
 226  382
 222  378
 221  378
 216  373
 216  372
 215  371
 215  357
 207  349
 206  349
 204  347
 202  347
 201  346
 200  346
 198  344
 197  344
 196  343
 195  343
 193  341
 192  341
 191  340
 190  340
 188  338
 187  338
 184  335
 183  335
 182  334
 182  320
 183  319
 199  319
 200  320
 206  320
 207  321
 213  321
 214  322
 221  322
 222  321
 227  321
 228  320
 235  320
 236  319
 242  319
 243  318
 246  318
 247  317
 248  317
 249  316
 250  316
 253  313
 254  313
 255  312
 256  312
 257  311
 259  311
 260  310
 261  310
 266  305
 267  305
 268  304
 269  304
 270  303
 272  303
 277  298
 278  298
 279  297
 285  297
 287  295
 288  295
 299  284
 299  283
 300  282
 301  282
 321  262
 322  262
 323  261
 323  260
 328  255
 328  254
 330  252
 330  251
 333  248
 333  247
 339  241
 340  241
 356  225
 356  224
 359  221
 359  220
 360  219
 360  218
 365  213
 366  213
 370  209
 371  209
 375  205
 375  204
 379  200
 379  199
 382  196
 382  195
 383  194
 383  193
 387  189
 387  188
 391  184
 391  183
 393  181
 393  180
 395  178
 395  177
 396  176
 396  175
 397  174
 397  171
 398  170
 398  169
 399  168
 399  167
 400  166
 400  165
 401  164
 401  163
 403  161
 403  158
 404  157
 404  154
 405  153
 405  151
 406  150
 406  147
 407  146
 407  137
 406  136
 406  135
 405  134
 405  133
 403  131
 403  129
 401  127
 401  126
 397  122
 396  122
 395  121
 394  121
 393  120
 391  120
 390  119
 388  119
 387  118
 379  118
 378  117
 370  117
 369  116
 355  116
 354  115
 346  115
 345  114
 339  114
 338  113
