 337  138
 336  139
 326  139
 325  140
 322  140
 321  141
 317  141
 316  142
 314  142
 313  143
 309  143
 308  144
 305  144
 304  145
 303  145
 302  146
 299  146
 298  147
 297  147
 296  148
 294  148
 293  149
 292  149
 291  150
 289  150
 288  151
 287  151
 286  152
 284  152
 283  153
 282  153
 281  154
 280  154
 279  155
 278  155
 277  156
 276  156
 274  158
 273  158
 272  159
 271  159
 270  160
 269  160
 268  161
 267  161
 265  163
 264  163
 263  164
 262  164
 261  165
 260  165
 258  167
 257  167
 256  168
 255  168
 253  170
 252  170
 251  171
 250  171
 248  173
 247  173
 245  175
 244  175
 242  177
 241  177
 239  179
 238  179
 235  182
 234  182
 232  184
 231  184
 229  186
 228  186
 225  189
 224  189
 222  191
 221  191
 218  194
 217  194
 215  196
 214  196
 211  199
 210  199
 208  201
 207  201
 204  204
 203  204
 197  210
 196  210
 184  222
 183  222
 170  235
 170  236
 157  249
 157  250
 150  257
 150  258
 142  266
 142  267
 136  273
 136  274
 132  278
 132  279
 129  282
 129  283
 128  284
 128  285
 126  287
 126  288
 124  290
 124  291
 122  293
 122  294
 121  295
 121  296
 119  298
 119  300
 116  303
 116  304
 115  305
 115  306
 113  308
 113  310
 110  313
 110  314
 109  315
 109  316
 107  318
 107  319
 106  320
 106  321
 102  325
 102  342
 103  343
 111  343
 112  344
 112  358
 111  359
 111  360
 110  361
 110  366
 109  367
 109  368
 106  371
 106  374
 107  375
 107  376
 112  381
 112  382
 113  383
 113  384
 115  386
 115  387
 116  388
 116  389
 118  391
 118  392
 119  393
 119  394
 120  395
 120  396
 122  398
 122  399
 123  400
 123  401
 124  402
 124  403
 125  404
 125  405
 126  406
 126  407
 127  408
 127  409
 128  410
 128  411
 129  412
 129  413
 130  414
 130  415
 132  417
 132  419
 133  420
 133  422
 135  424
 135  426
 136  427
 136  429
 137  430
 137  432
 138  433
 138  434
 139  435
 139  438
 140  439
 140  441
 141  442
 141  443
 142  444
 142  448
 143  449
 143  452
 144  453
 144  454
 145  455
 145  457
 146  458
 146  461
 147  462
 147  463
 148  464
 148  466
 149  467
 149  471
 150  472
 150  474
 151  475
 151  476
 152  477
 152  481
 153  482
 153  485
 154  486
 154  488
 155  489
 155  491
 156  492
 156  495
 157  496
 157  497
 158  498
 158  499
 159  500
 159  501
 160  502
 160  503
 162  505
 162  506
 163  507
 163  508
 167  512
 169  512
 170  513
 173  513
 174  514
 176  514
 177  515
 179  515
 180  516
 181  516
 184  519
 184  522
 185  523
 185  525
 186  526
 186  527
 187  528
 187  530
 188  531
 188  532
 189  533
 189  535
 192  538
 192  539
 193  540
 193  541
 197  545
 197  546
 198  546
 200  548
 202  548
 203  547
 203  546
 204  545
 204  544
 205  543
 205  540
 211  534
 212  534
 214  532
 229  532
 233  536
 233  537
 238  542
 239  542
 240  541
 240  540
 241  539
 241  525
 243  523
 244  523
 245  522
 246  522
 247  521
 266  521
 277  532
 278  532
 280  534
 280  535
 281  536
 282  536
 288  542
 288  541
 286  539
 286  538
 285  537
 285  536
 284  535
 284  534
 282  532
 282  531
 279  528
 279  527
 278  526
 278  525
 275  522
 275  521
 272  518
 272  517
 271  516
 271  515
 269  513
 269  512
 268  511
 268  510
 267  509
 267  494
 268  493
 268  492
 270  490
 270  489
 273  486
 283  486
 285  484
 285  482
 284  481
 284  480
 279  475
 279  457
 280  456
 280  454
 281  453
 281  452
 285  448
 295  448
 299  444
 299  442
 298  441
 298  440
 295  437
 295  436
 294  435
 293  435
 290  432
 286  432
 285  431
 282  431
 281  430
 279  430
 277  428
 277  427
 276  426
 276  411
 277  410
 277  409
 280  406
 281  406
 281  405
 279  403
 279  401
 275  397
 269  397
 268  396
 263  396
 262  395
 261  395
 259  393
 259  392
 258  391
 258  376
 254  372
 253  372
 251  370
 250  370
 249  369
 248  369
 246  367
 245  367
 243  365
 242  365
 241  364
 240  364
 239  363
 237  363
 236  362
 235  362
 234  361
 233  361
 232  360
 232  346
 233  345
 268  345
 269  344
 276  344
 277  343
 282  343
 284  341
 285  341
 289  337
 290  337
 293  334
 293  333
 295  331
 295  330
 297  328
 297  327
 303  321
 303  320
 306  317
 306  316
 308  314
 308  313
 309  312
 309  310
 311  308
 311  306
 312  305
 312  303
 313  302
 313  301
 319  295
 319  294
 321  292
 321  291
 322  290
 322  289
 323  288
 323  287
 324  286
 324  285
 325  284
 325  278
 326  277
 326  268
 329  265
 329  264
 330  263
 330  262
 332  260
 332  258
 333  257
 333  254
 334  253
 334  250
 335  249
 335  240
 336  239
 336  238
 340  234
 340  233
 342  231
 342  230
 343  229
 343  228
 344  227
 344  226
 345  225
 345  222
 346  221
 346  218
 352  212
 352  211
 356  207
 356  206
 357  205
 357  204
 358  203
 358  201
 359  200
 359  199
 363  195
 364  195
 368  191
 368  190
 369  189
 369  188
 370  187
 370  186
 372  184
 372  181
 373  180
 373  179
 374  178
 374  177
 375  176
 375  175
 376  174
 376  172
 377  171
 377  169
 378  168
 378  160
 377  159
 377  157
 376  156
 376  153
 375  152
 375  151
 369  145
 368  145
 367  144
 366  144
 365  143
 363  143
 362  142
 361  142
 360  141
 357  141
 356  140
 353  140
 352  139
 345  139
 344  138
