 363   63
 362   64
 358   64
 357   65
 351   65
 350   66
 348   66
 347   67
 342   67
 341   68
 339   68
 338   69
 335   69
 334   70
 332   70
 331   71
 328   71
 327   72
 325   72
 324   73
 322   73
 321   74
 319   74
 318   75
 317   75
 316   76
 314   76
 313   77
 312   77
 311   78
 310   78
 309   79
 308   79
 307   80
 306   80
 305   81
 304   81
 303   82
 302   82
 301   83
 300   83
 299   84
 298   84
 297   85
 296   85
 295   86
 294   86
 293   87
 292   87
 290   89
 289   89
 288   90
 287   90
 286   91
 285   91
 284   92
 283   92
 282   93
 281   93
 280   94
 279   94
 277   96
 276   96
 275   97
 274   97
 273   98
 272   98
 270  100
 269  100
 268  101
 267  101
 265  103
 264  103
 262  105
 261  105
 259  107
 258  107
 256  109
 255  109
 252  112
 251  112
 249  114
 248  114
 245  117
 244  117
 242  119
 241  119
 238  122
 237  122
 234  125
 233  125
 230  128
 229  128
 226  131
 225  131
 222  134
 221  134
 217  138
 216  138
 213  141
 212  141
 208  145
 207  145
 203  149
 202  149
 198  153
 197  153
 192  158
 191  158
 187  162
 186  162
 183  165
 182  165
 179  168
 178  168
 174  172
 173  172
 167  178
 166  178
 155  189
 154  189
 154  190
 153  191
 152  191
 144  199
 144  200
 137  207
 137  208
 122  223
 122  224
 119  227
 119  228
 115  232
 115  233
 111  237
 111  238
 107  242
 107  243
 101  249
 101  250
 100  251
 100  252
  97  255
  97  256
  95  258
  95  259
  94  260
  94  261
  91  264
  91  265
  90  266
  90  267
  88  269
  88  270
  87  271
  87  272
  86  273
  86  274
  84  276
  84  278
  81  281
  81  282
  80  283
  80  284
  77  287
  77  288
  76  289
  75  289
  74  290
  74  324
  75  325
  92  325
  93  326
  93  340
  92  341
  86  341
  85  342
  84  342
  79  347
  79  349
  78  350
  78  352
  76  354
  71  354
  70  355
  70  369
  71  370
  71  371
  73  373
  73  375
  74  376
  74  378
  75  379
  75  382
  76  383
  76  391
  77  392
  77  395
  78  396
  78  397
  79  398
  79  400
  80  401
  80  407
  81  408
  81  415
  82  416
  82  425
  83  426
  83  434
  84  435
  84  437
  85  438
  85  439
  86  440
  86  443
  87  444
  87  446
  88  447
  88  449
  89  450
  89  453
  90  454
  90  464
  91  465
  91  469
  92  470
  92  472
  93  473
  93  478
  94  479
  94  482
  95  483
  95  485
  96  486
  96  488
  97  489
  97  494
  98  495
  98  498
  99  499
  99  500
 100  501
 100  503
 101  504
 101  505
 103  507
 103  508
 104  509
 104  510
 105  511
 105  512
 108  515
 108  516
 123  531
 124  531
 127  534
 128  534
 130  536
 131  536
 132  537
 133  537
 134  538
 137  538
 138  539
 141  539
 142  540
 147  540
 148  541
 166  541
 167  542
 174  542
 175  543
 178  543
 179  544
 180  544
 181  545
 182  545
 183  546
 184  546
 190  552
 190  553
 191  554
 191  555
 192  556
 192  557
 193  558
 193  560
 194  561
 194  565
 195  566
 195  569
 196  570
 196  572
 197  573
 197  576
 198  577
 198  579
 200  581
 200  582
 202  584
 202  585
 203  586
 204  586
 207  589
 208  589
 209  590
 210  590
 211  591
 216  591
 217  590
 219  590
 220  589
 221  589
 222  588
 223  588
 224  587
 226  587
 227  586
 229  586
 230  585
 250  585
 254  589
 254  591
 255  592
 255  594
 256  595
 256  596
 257  597
 257  598
 258  599
 258  601
 261  604
 261  605
 264  608
 264  610
 266  612
 266  613
 272  619
 273  619
 275  621
 276  621
 277  622
 278  622
 279  623
 281  623
 282  624
 284  624
 285  623
 286  623
 287  622
 288  622
 289  621
 290  621
 290  620
 293  617
 293  608
 294  607
 294  603
 297  600
 316  600
 317  601
 318  601
 324  607
 324  608
 325  609
 325  610
 328  613
 328  614
 329  615
 329  616
 330  617
 331  617
 334  620
 335  620
 337  622
 339  622
 340  623
 341  623
 342  624
 344  624
 345  625
 350  625
 351  624
 352  624
 353  623
 354  623
 357  620
 357  619
 359  617
 359  616
 360  615
 360  614
 361  613
 361  609
 362  608
 361  607
 361  600
 360  599
 360  596
 357  593
 357  591
 354  588
 354  587
 353  586
 353  585
 351  583
 351  582
 350  581
 349  581
 346  578
 345  578
 342  575
 341  575
 340  574
 339  574
 337  572
 336  572
 335  571
 334  571
 333  570
 332  570
 331  569
 330  569
 328  567
 327  567
 326  566
 325  566
 323  564
 322  564
 319  561
 318  561
 315  558
 314  558
 312  556
 311  556
 304  549
 304  548
 303  547
 303  545
 301  543
 301  542
 300  541
 300  525
 306  519
 306  518
 307  517
 307  516
 309  514
 310  514
 311  513
 312  513
 313  512
 314  512
 315  511
 317  511
 318  510
 319  510
 321  508
 322  508
 326  504
 326  503
 327  502
 327  496
 326  495
 326  494
 324  492
 324  490
 320  486
 320  485
 316  481
 315  481
 312  478
 311  478
 309  476
 308  476
 307  475
 306  475
 305  474
 304  474
 303  473
 302  473
 301  472
 300  472
 299  471
 298  471
 297  470
 296  470
 295  469
 294  469
 293  468
 291  468
 290  467
 289  467
 288  466
 287  466
 286  465
 285  465
 284  464
 283  464
 282  463
 281  463
 280  462
 279  462
 277  460
 276  460
 274  458
 273  458
 270  455
 270  454
 268  452
 268  433
 269  432
 269  429
 270  428
 270  426
 271  425
 271  424
 272  423
 272  422
 273  421
 271  419
 271  418
 263  410
 262  410
 259  407
 258  407
 256  405
 255  405
 252  402
 251  402
 249  400
 248  400
 245  397
 244  397
 240  393
 240  392
 238  390
 238  389
 237  388
 237  386
 236  385
 236  381
 235  380
 235  378
 234  377
 234  376
 233  375
 233  373
 231  371
 231  370
 221  360
 220  360
 218  358
 217  358
 215  356
 214  356
 213  355
 213  341
 214  340
 234  340
 235  341
 246  341
 247  340
 250  340
 251  339
 255  339
 256  338
 260  338
 261  337
 263  337
 264  336
 265  336
 266  335
 267  335
 268  334
 269  334
 270  333
 270  332
 274  328
 274  327
 277  324
 277  323
 280  320
 280  319
 284  315
 284  314
 287  311
 287  310
 290  307
 290  306
 293  303
 293  302
 296  299
 296  298
 300  294
 300  293
 303  290
 303  289
 304  288
 304  287
 307  284
 307  283
 310  280
 310  279
 311  278
 311  277
 313  275
 313  274
 314  273
 314  272
 317  269
 317  268
 320  265
 320  264
 324  260
 324  259
 327  256
 327  255
 328  254
 328  253
 330  251
 330  250
 332  248
 332  247
 333  246
 333  245
 334  244
 334  243
 336  241
 336  240
 337  239
 337  237
 338  236
 338  235
 339  234
 339  233
 340  232
 340  230
 341  229
 341  228
 344  225
 344  224
 347  221
 347  220
 349  218
 349  217
 350  216
 350  215
 352  213
 352  212
 353  211
 353  210
 354  209
 354  208
 355  207
 355  206
 356  205
 356  204
 357  203
 357  201
 358  200
 358  199
 359  198
 359  196
 360  195
 360  193
 361  192
 361  190
 363  188
 363  187
 364  186
 364  185
 367  182
 367  181
 370  178
 370  177
 372  175
 372  174
 373  173
 373  172
 374  171
 374  169
 376  167
 376  166
 377  165
 377  164
 378  163
 378  162
 380  160
 380  159
 381  158
 381  157
 387  151
 387  150
 390  147
 390  146
 391  145
 391  143
 393  141
 393  140
 394  139
 394  137
 395  136
 395  135
 396  134
 396  133
 397  132
 397  130
 398  129
 398  127
 400  125
 400  123
 401  122
 401  120
 402  119
 402  118
 403  117
 403  116
 404  115
 404  112
 405  111
 405  110
 406  109
 406  107
 407  106
 407  102
 408  101
 408   95
 409   94
 409   91
 410   90
 410   85
 411   84
 411   82
 410   81
 410   79
 409   78
 409   77
 407   75
 407   74
 405   72
 404   72
 402   70
 401   70
 400   69
 399   69
 398   68
 397   68
 396   67
 394   67
 393   66
 391   66
 390   65
 383   65
 382   64
 377   64
 376   63
