 343  158
 342  159
 331  159
 330  160
 324  160
 323  161
 318  161
 317  162
 312  162
 311  163
 309  163
 308  164
 303  164
 302  165
 300  165
 299  166
 296  166
 295  167
 293  167
 292  168
 289  168
 288  169
 286  169
 285  170
 283  170
 282  171
 280  171
 279  172
 278  172
 277  173
 275  173
 274  174
 273  174
 272  175
 270  175
 269  176
 267  176
 266  177
 265  177
 264  178
 262  178
 261  179
 259  179
 258  180
 257  180
 256  181
 255  181
 254  182
 252  182
 250  184
 248  184
 247  185
 246  185
 245  186
 244  186
 243  187
 242  187
 241  188
 240  188
 239  189
 238  189
 237  190
 236  190
 235  191
 234  191
 233  192
 232  192
 231  193
 230  193
 229  194
 228  194
 227  195
 226  195
 225  196
 224  196
 223  197
 222  197
 221  198
 220  198
 219  199
 218  199
 217  200
 216  200
 215  201
 214  201
 212  203
 211  203
 210  204
 209  204
 207  206
 206  206
 204  208
 203  208
 202  209
 201  209
 200  210
 199  210
 197  212
 196  212
 194  214
 193  214
 191  216
 190  216
 188  218
 187  218
 185  220
 184  220
 182  222
 181  222
 178  225
 177  225
 174  228
 173  228
 171  230
 170  230
 168  232
 167  232
 164  235
 163  235
 161  237
 160  237
 156  241
 155  241
 149  247
 148  247
 145  250
 144  250
 136  258
 135  258
 135  259
 133  261
 132  261
 132  262
 125  269
 125  270
 118  277
 118  278
 115  281
 115  282
 111  286
 111  287
 108  290
 108  291
 104  295
 104  296
 102  298
 101  298
  97  302
  96  302
  93  305
  93  322
  94  323
  94  339
  92  341
  92  345
  91  346
  91  361
  92  362
  92  364
  95  367
  95  368
  98  371
  98  372
  99  373
  99  374
 101  376
 101  377
 102  378
 102  379
 103  380
 103  381
 104  382
 104  383
 105  384
 105  385
 106  386
 106  387
 108  389
 108  391
 109  392
 109  393
 111  395
 111  396
 112  397
 112  398
 114  400
 114  401
 115  402
 115  403
 118  406
 118  407
 119  408
 119  409
 121  411
 121  412
 122  413
 122  414
 123  415
 123  416
 124  417
 124  418
 125  419
 125  421
 126  422
 126  423
 127  424
 127  425
 128  426
 128  429
 129  430
 129  431
 130  432
 130  434
 131  435
 131  437
 132  438
 132  439
 133  440
 133  441
 134  442
 134  456
 133  457
 133  463
 134  464
 134  470
 135  471
 135  477
 136  478
 136  480
 137  481
 137  484
 138  485
 138  489
 139  490
 139  491
 144  496
 145  496
 146  497
 152  497
 153  498
 157  498
 158  499
 159  499
 161  501
 161  504
 162  505
 162  510
 163  511
 163  515
 164  516
 164  519
 165  520
 165  523
 170  528
 171  528
 172  527
 172  526
 173  525
 173  524
 174  523
 174  521
 175  520
 175  519
 177  517
 177  516
 180  513
 182  513
 183  512
 198  512
 199  513
 200  513
 202  515
 204  515
 204  508
 205  507
 205  506
 211  500
 212  500
 213  499
 214  499
 215  498
 231  498
 232  499
 233  499
 235  501
 234  500
 234  480
 235  479
 235  478
 238  475
 239  475
 241  473
 254  473
 255  472
 256  472
 257  471
 257  470
 255  468
 255  467
 254  466
 254  448
 255  447
 255  446
 259  442
 261  442
 262  441
 266  441
 267  440
 268  440
 269  439
 270  439
 271  438
 268  435
 268  434
 261  427
 261  409
 267  403
 264  400
 264  399
 258  393
 257  393
 255  391
 254  391
 253  390
 252  390
 249  387
 249  385
 248  384
 248  383
 247  382
 247  380
 246  379
 246  378
 245  377
 245  376
 244  375
 244  356
 245  355
 259  355
 260  354
 262  354
 263  353
 264  353
 266  351
 267  351
 268  350
 269  350
 271  348
 272  348
 273  347
 274  347
 276  345
 277  345
 281  341
 281  340
 283  338
 283  336
 285  334
 286  334
 288  332
 289  332
 291  330
 291  329
 293  327
 293  324
 294  323
 294  322
 295  321
 295  318
 296  317
 296  316
 297  315
 297  314
 298  313
 298  312
 304  306
 304  305
 305  304
 305  302
 306  301
 306  299
 307  298
 307  288
 308  287
 308  286
 310  284
 310  283
 312  281
 312  280
 316  276
 316  275
 318  273
 318  271
 319  270
 319  268
 320  267
 320  266
 321  265
 321  263
 322  262
 322  261
 329  254
 330  254
 340  244
 340  243
 346  237
 347  237
 349  235
 350  235
 353  232
 354  232
 360  226
 360  225
 364  221
 364  220
 365  219
 366  219
 369  216
 370  216
 371  215
 371  214
 375  210
 375  209
 376  208
 376  207
 377  206
 377  205
 379  203
 379  202
 381  200
 381  199
 384  196
 384  194
 385  193
 385  191
 387  189
 387  187
 388  186
 388  184
 389  183
 389  181
 390  180
 390  176
 388  174
 388  173
 385  170
 384  170
 383  169
 382  169
 381  168
 380  168
 379  167
 378  167
 377  166
 376  166
 375  165
 374  165
 373  164
 371  164
 370  163
 369  163
 368  162
 365  162
 364  161
 362  161
 361  160
 357  160
 356  159
 345  159
 344  158
