 330   99
 329  100
 325  100
 324  101
 321  101
 320  102
 316  102
 315  103
 313  103
 312  104
 309  104
 308  105
 307  105
 306  106
 304  106
 303  107
 301  107
 300  108
 299  108
 298  109
 297  109
 296  110
 294  110
 293  111
 291  111
 289  113
 287  113
 285  115
 284  115
 282  117
 281  117
 280  118
 279  118
 277  120
 276  120
 275  121
 274  121
 272  123
 271  123
 270  124
 269  124
 267  126
 266  126
 265  127
 264  127
 262  129
 261  129
 260  130
 259  130
 257  132
 256  132
 254  134
 253  134
 251  136
 250  136
 247  139
 246  139
 242  143
 241  143
 237  147
 236  147
 231  152
 230  152
 217  165
 216  165
 197  184
 197  185
 189  193
 189  194
 182  201
 182  202
 176  208
 176  209
 169  216
 169  217
 166  220
 166  221
 156  231
 156  232
 152  236
 152  237
 150  239
 150  240
 149  241
 149  242
 148  243
 148  244
 146  246
 146  247
 145  248
 145  249
 142  252
 142  253
 141  254
 141  255
 139  257
 139  259
 138  260
 138  261
 136  263
 136  265
 135  266
 135  267
 133  269
 133  270
 132  271
 132  272
 131  273
 131  274
 129  276
 129  277
 127  279
 127  280
 126  281
 126  282
 125  283
 125  284
 124  285
 124  286
 123  287
 123  288
 122  289
 122  292
 121  293
 121  295
 120  296
 120  307
 118  309
 118  310
 116  312
 115  312
 115  314
 114  315
 113  315
 113  316
 112  317
 112  319
 114  321
 122  321
 123  322
 123  336
 120  339
 113  339
 111  341
 111  373
 115  377
 115  378
 116  379
 116  380
 118  382
 118  383
 119  384
 119  386
 122  389
 122  392
 123  393
 123  394
 124  395
 124  396
 125  397
 125  398
 126  399
 126  401
 128  403
 128  405
 129  406
 129  407
 130  408
 130  409
 131  410
 131  411
 132  412
 132  414
 133  415
 133  416
 135  418
 135  420
 136  421
 136  422
 137  423
 137  424
 138  425
 138  426
 139  427
 139  428
 140  429
 140  430
 142  432
 142  434
 143  435
 143  436
 145  438
 145  439
 146  440
 146  441
 149  444
 149  446
 152  449
 152  451
 155  454
 155  455
 161  461
 161  462
 162  463
 162  464
 163  465
 163  468
 165  470
 165  472
 166  473
 166  475
 168  477
 168  478
 169  479
 169  481
 171  483
 171  484
 172  485
 172  486
 175  489
 175  490
 179  494
 188  494
 191  497
 191  498
 192  499
 192  501
 194  503
 194  504
 195  505
 195  506
 196  507
 196  519
 197  520
 197  526
 198  527
 198  531
 199  532
 199  537
 200  538
 200  540
 202  542
 202  544
 207  549
 210  549
 214  545
 214  544
 218  540
 218  539
 219  538
 220  538
 221  537
 223  537
 224  536
 242  536
 243  537
 244  537
 249  542
 249  545
 250  546
 250  548
 251  549
 251  550
 252  551
 252  557
 253  558
 253  562
 255  564
 255  565
 256  566
 256  567
 259  570
 260  570
 261  571
 262  571
 265  568
 265  567
 266  566
 266  565
 267  564
 267  562
 268  561
 268  553
 269  552
 269  551
 271  549
 272  549
 273  548
 296  548
 297  549
 298  549
 299  550
 300  550
 304  554
 305  554
 311  560
 311  561
 312  561
 313  562
 313  563
 316  566
 316  567
 319  570
 319  571
 320  572
 320  573
 323  576
 323  577
 324  578
 324  579
 326  581
 326  582
 330  586
 331  586
 333  588
 337  588
 338  587
 339  587
 345  581
 345  580
 346  579
 346  578
 347  577
 347  575
 348  574
 348  572
 347  571
 347  569
 346  568
 346  567
 345  566
 345  565
 343  563
 342  563
 338  559
 337  559
 335  557
 334  557
 333  556
 331  556
 330  555
 329  555
 328  554
 327  554
 326  553
 324  553
 323  552
 322  552
 321  551
 320  551
 319  550
 318  550
 317  549
 316  549
 315  548
 314  548
 313  547
 312  547
 311  546
 310  546
 309  545
 308  545
 307  544
 306  544
 304  542
 303  542
 300  539
 299  539
 296  536
 295  536
 286  527
 286  526
 285  525
 285  523
 284  522
 284  504
 285  503
 285  502
 287  500
 288  500
 290  498
 291  498
 292  497
 299  497
 300  496
 306  496
 307  495
 310  495
 311  494
 312  494
 314  492
 315  492
 318  489
 318  488
 319  487
 319  485
 318  484
 318  483
 317  482
 316  482
 314  480
 312  480
 311  479
 310  479
 309  478
 308  478
 307  477
 305  477
 304  476
 302  476
 301  475
 299  475
 298  474
 296  474
 295  473
 292  473
 291  472
 289  472
 288  471
 287  471
 286  470
 285  470
 283  468
 282  468
 281  467
 280  467
 278  465
 277  465
 275  463
 274  463
 269  458
 269  439
 271  437
 271  436
 274  433
 275  433
 279  429
 279  427
 277  425
 276  425
 275  424
 274  424
 272  422
 270  422
 268  420
 266  420
 265  419
 264  419
 263  418
 262  418
 261  417
 260  417
 259  416
 258  416
 257  415
 256  415
 255  414
 254  414
 252  412
 251  412
 248  409
 247  409
 243  405
 243  390
 245  388
 245  387
 244  386
 243  386
 241  384
 240  384
 238  382
 237  382
 234  379
 233  379
 230  376
 229  376
 223  370
 223  369
 221  367
 221  366
 211  356
 211  355
 210  354
 209  354
 205  350
 204  350
 202  348
 201  348
 200  347
 199  347
 198  346
 197  346
 195  344
 193  344
 192  343
 191  343
 190  342
 188  342
 187  341
 186  341
 185  340
 183  340
 182  339
 182  325
 183  324
 260  324
 261  323
 263  323
 264  322
 265  322
 266  321
 271  321
 273  319
 274  319
 280  313
 281  313
 286  308
 287  308
 288  307
 288  306
 290  304
 291  304
 292  303
 292  302
 315  279
 315  278
 316  277
 316  276
 317  275
 317  274
 318  273
 318  272
 319  271
 319  269
 321  267
 321  266
 322  265
 322  264
 325  261
 325  260
 328  257
 328  256
 329  255
 329  254
 331  252
 331  250
 332  249
 332  248
 333  247
 333  245
 334  244
 334  242
 335  241
 335  237
 336  236
 336  233
 338  231
 338  230
 339  229
 339  228
 341  226
 341  225
 342  224
 342  223
 343  222
 343  221
 345  219
 345  217
 346  216
 346  214
 347  213
 347  211
 348  210
 348  208
 349  207
 349  198
 350  197
 350  195
 351  194
 351  193
 352  192
 352  190
 354  188
 354  187
 355  186
 355  182
 356  181
 356  178
 357  177
 357  175
 358  174
 358  171
 359  170
 359  168
 360  167
 360  166
 361  165
 361  163
 362  162
 362  158
 363  157
 363  155
 364  154
 364  153
 365  152
 365  150
 366  149
 366  148
 367  147
 367  146
 368  145
 368  141
 369  140
 369  121
 368  120
 368  117
 367  116
 367  115
 366  114
 366  113
 365  112
 365  111
 358  104
 356  104
 355  103
 354  103
 353  102
 350  102
 349  101
 346  101
 345  100
 340  100
 339   99
