 355   79
 354   80
 341   80
 340   81
 336   81
 335   82
 331   82
 330   83
 327   83
 326   84
 324   84
 323   85
 320   85
 319   86
 318   86
 317   87
 314   87
 313   88
 312   88
 311   89
 308   89
 307   90
 306   90
 305   91
 303   91
 302   92
 301   92
 300   93
 299   93
 298   94
 297   94
 296   95
 294   95
 293   96
 292   96
 291   97
 290   97
 289   98
 288   98
 287   99
 286   99
 285  100
 284  100
 283  101
 282  101
 281  102
 280  102
 279  103
 278  103
 277  104
 276  104
 275  105
 274  105
 273  106
 272  106
 271  107
 270  107
 269  108
 268  108
 267  109
 266  109
 264  111
 263  111
 261  113
 260  113
 259  114
 258  114
 256  116
 255  116
 253  118
 252  118
 250  120
 249  120
 247  122
 246  122
 244  124
 243  124
 241  126
 240  126
 238  128
 237  128
 234  131
 233  131
 229  135
 228  135
 225  138
 224  138
 220  142
 219  142
 214  147
 213  147
 206  154
 205  154
 168  191
 168  192
 163  197
 163  198
 158  203
 158  204
 154  208
 154  209
 150  213
 150  214
 146  218
 146  219
 143  222
 143  223
 138  228
 138  229
 134  233
 134  234
 131  237
 131  238
 130  239
 130  240
 126  244
 126  245
 123  248
 123  249
 120  252
 120  253
 119  254
 119  255
 117  257
 117  258
 114  261
 114  262
 111  265
 111  266
 108  269
 108  270
 107  271
 107  272
 102  277
 101  277
 100  278
  98  278
  96  280
  96  322
  97  323
 102  323
 103  324
 103  338
 102  339
 102  340
 100  342
  92  342
  91  343
  91  359
  93  361
  94  361
  95  362
  95  376
  96  377
  96  385
  97  386
  97  389
  98  390
  98  391
  99  392
  99  395
 100  396
 100  399
 101  400
 101  401
 102  402
 102  404
 103  405
 103  410
 104  411
 104  413
 105  414
 105  416
 106  417
 106  420
 107  421
 107  424
 108  425
 108  426
 109  427
 109  429
 110  430
 110  435
 111  436
 111  437
 112  438
 112  439
 113  440
 113  442
 114  443
 114  445
 115  446
 115  447
 116  448
 116  449
 117  450
 117  452
 118  453
 118  454
 120  456
 120  458
 123  461
 123  462
 124  463
 124  464
 126  466
 126  467
 127  468
 127  469
 129  471
 129  472
 130  473
 130  478
 131  479
 131  480
 132  481
 132  482
 133  483
 133  486
 134  487
 134  489
 135  490
 135  491
 136  492
 136  495
 137  496
 137  500
 138  501
 138  502
 139  503
 139  504
 140  505
 140  508
 141  509
 141  510
 143  512
 143  515
 144  516
 144  518
 146  520
 146  522
 147  523
 147  525
 148  526
 148  527
 150  529
 150  531
 156  537
 157  537
 158  538
 159  538
 161  540
 162  540
 171  549
 171  550
 173  552
 173  553
 174  554
 174  555
 175  556
 175  557
 176  558
 176  566
 177  567
 177  572
 179  574
 179  575
 180  576
 180  578
 181  579
 181  580
 188  587
 189  587
 191  589
 192  589
 193  590
 194  590
 195  591
 196  591
 197  590
 213  590
 214  591
 218  591
 219  592
 220  592
 221  593
 222  593
 231  602
 231  603
 232  603
 236  607
 237  607
 238  608
 242  608
 243  607
 243  606
 246  603
 246  602
 247  601
 248  601
 249  600
 269  600
 271  602
 272  602
 275  605
 276  605
 278  607
 279  607
 280  608
 281  608
 284  605
 284  604
 286  602
 286  598
 287  597
 287  595
 286  594
 286  586
 285  585
 285  584
 284  583
 284  581
 283  580
 283  577
 282  576
 282  575
 281  574
 281  573
 280  572
 280  569
 279  568
 279  566
 277  564
 277  563
 276  562
 276  561
 275  560
 275  559
 274  558
 274  557
 273  556
 273  536
 274  535
 274  534
 276  532
 276  530
 277  529
 277  528
 278  527
 278  526
 279  525
 279  524
 280  523
 280  522
 283  519
 284  519
 285  518
 286  518
 287  517
 289  517
 290  516
 291  516
 293  514
 294  514
 296  512
 296  511
 297  510
 297  509
 298  508
 298  507
 299  506
 299  504
 298  503
 298  499
 297  498
 297  471
 298  470
 298  469
 302  465
 303  465
 304  464
 305  464
 306  463
 307  463
 309  461
 310  461
 313  458
 313  450
 312  449
 312  448
 311  447
 311  446
 310  445
 310  443
 309  442
 309  441
 307  439
 307  437
 306  436
 306  415
 309  412
 309  411
 308  410
 308  409
 307  408
 307  406
 306  405
 306  402
 304  400
 304  399
 303  398
 303  397
 302  396
 302  395
 299  392
 299  391
 296  388
 296  387
 293  384
 293  382
 290  379
 290  378
 289  377
 289  375
 287  373
 287  372
 286  371
 286  370
 277  361
 277  360
 275  358
 274  358
 271  355
 270  355
 268  353
 267  353
 265  351
 264  351
 263  350
 262  350
 261  349
 260  349
 257  346
 257  332
 258  331
 280  331
 281  330
 283  330
 284  329
 286  329
 287  328
 291  328
 292  327
 299  327
 300  326
 303  326
 304  325
 306  325
 307  324
 308  324
 309  323
 312  323
 320  315
 320  314
 323  311
 323  310
 324  309
 324  308
 325  307
 325  299
 326  298
 327  298
 329  296
 330  296
 330  295
 333  292
 333  289
 334  288
 334  285
 335  284
 335  283
 336  282
 336  268
 337  267
 337  265
 339  263
 340  263
 343  260
 343  259
 344  258
 344  257
 345  256
 345  255
 346  254
 346  250
 347  249
 347  232
 348  231
 348  230
 350  228
 350  227
 353  224
 353  223
 354  222
 354  221
 356  219
 356  217
 357  216
 357  209
 356  208
 356  189
 357  188
 357  187
 358  186
 358  185
 359  184
 359  181
 360  180
 360  167
 362  165
 362  164
 363  163
 363  162
 366  159
 366  158
 367  157
 367  155
 369  153
 369  151
 370  150
 370  147
 371  146
 371  145
 372  144
 372  143
 373  142
 373  141
 376  138
 376  137
 377  136
 377  135
 378  134
 378  133
 379  132
 379  131
 380  130
 380  129
 381  128
 381  127
 382  126
 382  125
 383  124
 383  122
 384  121
 384  120
 385  119
 385  118
 386  117
 386  116
 387  115
 387  113
 388  112
 388  110
 389  109
 389  102
 388  101
 388   97
 387   96
 387   93
 385   91
 385   90
 384   89
 383   89
 380   86
 379   86
 378   85
 377   85
 376   84
 375   84
 374   83
 373   83
 372   82
 369   82
 368   81
 367   81
 366   80
 361   80
 360   79
