 362   16
 361   17
 354   17
 353   18
 348   18
 347   19
 344   19
 343   20
 341   20
 340   21
 338   21
 337   22
 335   22
 334   23
 331   23
 330   24
 329   24
 328   25
 326   25
 325   26
 323   26
 322   27
 320   27
 319   28
 318   28
 317   29
 316   29
 315   30
 313   30
 312   31
 311   31
 310   32
 308   32
 306   34
 304   34
 303   35
 302   35
 301   36
 300   36
 299   37
 298   37
 297   38
 296   38
 295   39
 294   39
 292   41
 291   41
 289   43
 288   43
 286   45
 285   45
 283   47
 282   47
 280   49
 279   49
 277   51
 276   51
 274   53
 273   53
 271   55
 270   55
 268   57
 267   57
 265   59
 264   59
 261   62
 260   62
 257   65
 256   65
 254   67
 253   67
 250   70
 249   70
 247   72
 246   72
 243   75
 242   75
 239   78
 238   78
 234   82
 233   82
 228   87
 227   87
 222   92
 221   92
 217   96
 216   96
 209  103
 208  103
 195  116
 194  116
 181  129
 180  129
 180  130
 178  132
 177  132
 161  148
 160  148
 147  161
 147  162
 139  170
 139  171
 134  176
 134  177
 124  187
 124  188
 116  196
 116  197
 112  201
 112  202
 107  207
 107  208
 104  211
 104  212
 100  216
 100  217
  97  220
  97  221
  93  225
  93  226
  91  228
  91  229
  90  230
  90  231
  89  232
  89  233
  88  234
  88  235
  85  238
  85  242
  84  243
  84  249
  83  250
  83  251
  82  252
  82  254
  81  255
  81  256
  80  257
  80  258
  79  259
  79  261
  78  262
  78  263
  77  264
  77  265
  76  266
  76  268
  75  269
  75  270
  73  272
  73  273
  72  274
  72  276
  71  277
  71  278
  70  279
  70  280
  69  281
  69  283
  68  284
  68  285
  66  287
  66  288
  63  291
  63  324
  64  325
  82  325
  83  326
  85  326
  86  327
  86  341
  85  342
  84  342
  82  344
  81  344
  80  345
  79  345
  77  347
  71  347
  70  348
  70  374
  71  375
  71  376
  72  377
  72  378
  73  379
  73  380
  74  381
  74  382
  75  383
  75  385
  76  386
  76  388
  77  389
  77  390
  78  391
  78  392
  79  393
  79  396
  80  397
  80  399
  81  400
  81  401
  82  402
  82  405
  83  406
  83  408
  84  409
  84  410
  85  411
  85  412
  86  413
  86  414
  87  415
  87  416
  88  417
  88  418
  89  419
  89  421
  90  422
  90  423
  91  424
  91  425
  92  426
  92  427
  93  428
  93  429
  95  431
  95  432
  96  433
  96  434
  99  437
  99  438
 100  439
 100  440
 102  442
 102  444
 103  445
 103  447
 105  449
 105  451
 106  452
 106  453
 107  454
 107  455
 109  457
 109  459
 111  461
 111  462
 112  463
 112  464
 113  465
 113  466
 114  467
 114  468
 115  469
 115  470
 116  471
 116  473
 117  474
 117  475
 118  476
 118  477
 119  478
 119  480
 120  481
 120  482
 122  484
 122  485
 123  486
 123  488
 125  490
 125  491
 126  492
 126  494
 127  495
 127  496
 128  497
 128  498
 129  499
 129  501
 130  502
 130  503
 131  504
 131  505
 132  506
 132  508
 133  509
 133  511
 134  512
 134  513
 136  515
 136  516
 137  517
 137  518
 139  520
 139  521
 146  528
 147  528
 148  529
 149  529
 150  530
 151  530
 152  531
 155  531
 156  532
 160  532
 161  533
 162  533
 163  534
 164  534
 165  535
 166  535
 169  538
 170  538
 173  541
 174  541
 178  545
 178  546
 179  547
 179  548
 180  549
 180  551
 181  552
 181  553
 182  554
 182  557
 183  558
 183  566
 184  567
 184  571
 185  572
 185  576
 186  577
 186  586
 187  587
 187  589
 188  590
 188  591
 189  592
 189  594
 191  596
 191  597
 197  603
 198  603
 200  605
 201  605
 203  607
 204  607
 205  608
 207  608
 208  607
 209  607
 210  606
 211  606
 213  604
 214  604
 215  603
 217  603
 218  602
 220  602
 221  601
 239  601
 240  602
 242  602
 244  604
 245  604
 246  605
 246  606
 249  609
 249  611
 250  612
 250  615
 251  616
 251  617
 252  618
 252  620
 253  621
 253  625
 254  626
 254  628
 255  629
 255  630
 256  631
 256  633
 257  634
 257  635
 261  639
 261  640
 262  640
 265  643
 266  643
 268  645
 270  645
 271  646
 277  646
 278  645
 280  645
 283  642
 284  642
 284  641
 289  636
 289  635
 293  631
 294  631
 295  630
 296  630
 297  629
 317  629
 324  636
 324  637
 326  639
 326  641
 327  642
 327  644
 328  645
 328  646
 329  647
 329  649
 330  650
 330  654
 331  655
 331  656
 332  657
 332  658
 333  659
 333  661
 335  663
 335  664
 338  667
 339  667
 340  668
 341  668
 342  669
 344  669
 345  670
 349  670
 350  671
 362  671
 363  670
 367  670
 368  669
 369  669
 370  668
 371  668
 374  665
 375  665
 380  660
 380  659
 382  657
 382  656
 383  655
 383  654
 384  653
 384  652
 385  651
 385  648
 386  647
 386  634
 385  633
 385  632
 384  631
 384  630
 383  629
 383  628
 382  627
 382  625
 379  622
 379  621
 375  617
 374  617
 371  614
 370  614
 368  612
 367  612
 365  610
 363  610
 361  608
 360  608
 359  607
 358  607
 356  605
 355  605
 354  604
 353  604
 351  602
 350  602
 348  600
 347  600
 345  598
 344  598
 343  597
 342  597
 340  595
 339  595
 337  593
 336  593
 334  591
 333  591
 330  588
 329  588
 324  583
 323  583
 316  576
 316  575
 314  573
 314  572
 313  571
 313  570
 312  569
 312  541
 313  540
 313  539
 315  537
 315  536
 317  534
 318  534
 320  532
 321  532
 322  531
 323  531
 324  530
 325  530
 326  529
 328  529
 330  527
 331  527
 336  522
 336  521
 338  519
 338  518
 339  517
 339  516
 340  515
 340  511
 339  510
 339  509
 338  508
 338  507
 336  505
 336  504
 328  496
 327  496
 323  492
 322  492
 320  490
 319  490
 316  487
 315  487
 313  485
 312  485
 310  483
 309  483
 308  482
 307  482
 306  481
 305  481
 303  479
 302  479
 301  478
 300  478
 298  476
 297  476
 296  475
 295  475
 293  473
 292  473
 290  471
 289  471
 288  470
 287  470
 284  467
 283  467
 281  465
 281  464
 279  462
 279  461
 278  460
 278  440
 279  439
 279  437
 281  435
 281  434
 282  433
 282  431
 283  430
 283  429
 284  428
 284  427
 285  426
 285  423
 286  422
 285  421
 285  420
 282  417
 282  416
 280  414
 279  414
 276  411
 275  411
 273  409
 272  409
 269  406
 268  406
 264  402
 263  402
 256  395
 256  394
 255  393
 255  390
 254  389
 254  386
 253  385
 253  382
 252  381
 252  376
 250  374
 250  373
 244  367
 243  367
 240  364
 239  364
 237  362
 236  362
 234  360
 233  360
 231  358
 230  358
 229  357
 228  357
 227  356
 226  356
 224  354
 223  354
 221  352
 220  352
 219  351
 218  351
 216  349
 215  349
 213  347
 190  347
 189  346
 186  346
 185  345
 185  331
 186  330
 216  330
 217  331
 227  331
 228  332
 233  332
 234  333
 240  333
 241  334
 261  334
 262  333
 266  333
 267  332
 271  332
 272  331
 276  331
 277  330
 282  330
 283  329
 285  329
 286  328
 288  328
 290  326
 291  326
 292  325
 293  325
 296  322
 296  321
 299  318
 299  317
 303  313
 303  312
 308  307
 308  306
 312  302
 312  301
 313  300
 313  299
 316  296
 316  295
 319  292
 319  291
 329  281
 329  280
 331  278
 331  277
 332  276
 332  275
 333  274
 333  273
 335  271
 335  270
 336  269
 336  268
 337  267
 337  266
 339  264
 339  262
 340  261
 340  260
 341  259
 341  258
 342  257
 342  256
 343  255
 343  254
 345  252
 345  251
 346  250
 346  249
 349  246
 349  245
 350  244
 350  243
 352  241
 352  240
 353  239
 353  238
 355  236
 355  235
 356  234
 356  232
 357  231
 357  230
 358  229
 358  228
 359  227
 359  224
 360  223
 360  222
 361  221
 361  220
 362  219
 362  217
 363  216
 363  214
 364  213
 364  212
 365  211
 365  209
 366  208
 366  207
 367  206
 367  205
 368  204
 368  203
 369  202
 369  201
 370  200
 370  199
 372  197
 372  195
 373  194
 373  193
 374  192
 374  191
 376  189
 376  187
 378  185
 378  184
 379  183
 379  180
 380  179
 380  173
 381  172
 381  169
 382  168
 382  164
 383  163
 383  161
 384  160
 384  159
 385  158
 385  157
 386  156
 386  154
 388  152
 388  151
 389  150
 389  148
 390  147
 390  146
 391  145
 391  143
 392  142
 392  141
 393  140
 393  137
 394  136
 394  135
 395  134
 395  133
 396  132
 396  130
 397  129
 397  127
 398  126
 398  125
 399  124
 399  122
 400  121
 400  120
 402  118
 402  117
 403  116
 403  115
 405  113
 405  112
 406  111
 406  107
 407  106
 407  104
 408  103
 408  102
 409  101
 409   99
 410   98
 410   96
 411   95
 411   93
 412   92
 412   89
 413   88
 413   84
 414   83
 414   82
 415   81
 415   78
 416   77
 416   71
 417   70
 417   64
 418   63
 417   62
 417   55
 416   54
 416   46
 415   45
 415   43
 414   42
 414   41
 413   40
 413   37
 412   36
 412   35
 409   32
 409   31
 401   23
 400   23
 399   22
 398   22
 397   21
 396   21
 395   20
 393   20
 392   19
 390   19
 389   18
 381   18
 380   17
 370   17
 369   16
