 330  120
 329  121
 321  121
 320  122
 314  122
 313  123
 311  123
 310  124
 306  124
 305  125
 303  125
 302  126
 299  126
 298  127
 296  127
 295  128
 293  128
 292  129
 290  129
 289  130
 287  130
 286  131
 284  131
 283  132
 282  132
 281  133
 279  133
 278  134
 277  134
 276  135
 274  135
 273  136
 272  136
 271  137
 269  137
 268  138
 267  138
 266  139
 265  139
 264  140
 263  140
 262  141
 261  141
 260  142
 259  142
 258  143
 257  143
 256  144
 254  144
 253  145
 252  145
 251  146
 250  146
 249  147
 248  147
 247  148
 246  148
 245  149
 244  149
 243  150
 242  150
 241  151
 240  151
 239  152
 238  152
 236  154
 235  154
 234  155
 233  155
 232  156
 231  156
 230  157
 229  157
 228  158
 227  158
 226  159
 225  159
 224  160
 223  160
 221  162
 220  162
 218  164
 217  164
 215  166
 214  166
 212  168
 211  168
 209  170
 208  170
 206  172
 205  172
 203  174
 202  174
 200  176
 199  176
 198  177
 197  177
 194  180
 193  180
 191  182
 190  182
 186  186
 185  186
 182  189
 181  189
 178  192
 177  192
 174  195
 173  195
 170  198
 169  198
 166  201
 165  201
 162  204
 161  204
 158  207
 157  207
 153  211
 152  211
 148  215
 147  215
 143  219
 142  219
 137  224
 136  224
 129  231
 128  231
 112  247
 112  248
 104  256
 104  257
  96  265
  95  265
  94  266
  93  266
  91  268
  91  286
  93  288
  98  288
 106  296
 106  310
 105  311
 104  311
 103  312
 100  312
  98  314
  97  314
  95  316
  94  316
  92  318
  92  320
  91  321
  91  324
  90  325
  90  345
  91  346
  91  349
  92  350
  92  351
  93  352
  93  356
  94  357
  94  371
  95  372
  95  377
  96  378
  96  382
  97  383
  97  405
  98  406
  98  412
  99  413
  99  419
 100  420
 100  442
 101  443
 101  453
 102  454
 102  460
 103  461
 103  465
 104  466
 104  468
 105  469
 105  470
 107  472
 108  472
 109  473
 111  473
 112  474
 123  474
 125  476
 125  481
 126  482
 126  484
 127  485
 127  499
 128  500
 128  503
 129  504
 129  506
 130  507
 130  508
 131  509
 131  511
 134  514
 134  515
 138  519
 139  519
 141  521
 144  521
 146  519
 146  518
 147  517
 147  516
 148  515
 149  515
 150  514
 167  514
 169  516
 169  518
 170  519
 170  520
 172  522
 172  523
 174  523
 176  521
 176  520
 177  519
 177  517
 178  516
 178  514
 180  512
 204  512
 208  516
 209  516
 212  519
 213  519
 219  525
 219  526
 221  528
 221  529
 223  531
 223  532
 224  533
 224  534
 225  535
 225  538
 227  540
 227  542
 228  543
 228  545
 229  546
 229  547
 230  548
 230  549
 231  550
 231  552
 232  553
 232  555
 234  557
 234  559
 235  560
 235  561
 241  567
 244  567
 247  564
 247  563
 248  562
 248  561
 247  560
 247  557
 246  556
 246  555
 244  553
 244  552
 243  551
 243  550
 240  547
 240  546
 239  545
 239  544
 237  542
 237  541
 234  538
 234  537
 230  533
 230  532
 229  531
 228  531
 227  530
 227  529
 223  525
 223  524
 219  520
 219  519
 217  517
 217  516
 216  515
 216  514
 214  512
 214  511
 213  510
 213  507
 212  506
 212  505
 211  504
 211  502
 210  501
 210  485
 211  484
 211  482
 213  480
 213  478
 219  472
 221  472
 222  471
 223  471
 224  470
 225  470
 230  465
 230  448
 231  447
 231  444
 232  443
 232  442
 234  440
 235  440
 236  439
 239  439
 240  438
 243  438
 244  437
 247  437
 251  433
 251  432
 250  431
 250  413
 251  412
 251  411
 256  406
 257  406
 261  402
 261  400
 260  399
 260  395
 258  393
 258  392
 257  391
 257  390
 255  388
 254  388
 251  385
 251  384
 250  383
 250  382
 249  381
 249  380
 248  379
 248  376
 247  375
 247  366
 246  365
 246  364
 244  362
 244  361
 243  360
 243  359
 241  357
 241  356
 240  355
 240  354
 226  340
 226  326
 227  325
 260  325
 261  324
 268  324
 269  323
 271  323
 272  322
 273  322
 274  321
 275  321
 277  319
 278  319
 281  316
 281  315
 283  313
 283  312
 287  308
 289  308
 293  304
 293  302
 294  301
 294  296
 297  293
 298  293
 300  291
 301  291
 304  288
 304  287
 306  285
 306  284
 307  283
 307  279
 308  278
 308  273
 309  272
 309  271
 312  268
 313  268
 314  267
 314  266
 318  262
 318  261
 320  259
 320  258
 321  257
 321  256
 322  255
 322  254
 323  253
 323  249
 324  248
 324  246
 325  245
 325  244
 326  243
 326  242
 330  238
 330  237
 333  234
 333  233
 334  232
 334  231
 337  228
 337  226
 338  225
 338  224
 339  223
 339  221
 340  220
 340  218
 341  217
 341  216
 343  214
 343  213
 347  209
 347  208
 350  205
 350  204
 351  203
 351  202
 354  199
 354  198
 357  195
 357  194
 377  174
 377  173
 382  168
 382  167
 385  164
 385  163
 387  161
 387  159
 388  158
 388  157
 389  156
 389  155
 390  154
 390  151
 391  150
 391  141
 390  140
 390  138
 387  135
 387  134
 384  131
 383  131
 381  129
 380  129
 379  128
 378  128
 377  127
 376  127
 375  126
 374  126
 373  125
 371  125
 370  124
 367  124
 366  123
 364  123
 363  122
 358  122
 357  121
 351  121
 350  120
