 334  101
 333  102
 327  102
 326  103
 320  103
 319  104
 317  104
 316  105
 314  105
 313  106
 312  106
 311  107
 309  107
 308  108
 307  108
 306  109
 304  109
 303  110
 301  110
 300  111
 299  111
 298  112
 297  112
 296  113
 295  113
 294  114
 292  114
 291  115
 290  115
 289  116
 288  116
 287  117
 286  117
 285  118
 284  118
 283  119
 282  119
 281  120
 280  120
 279  121
 278  121
 277  122
 276  122
 274  124
 273  124
 271  126
 270  126
 269  127
 268  127
 267  128
 266  128
 264  130
 263  130
 261  132
 260  132
 259  133
 258  133
 256  135
 255  135
 253  137
 252  137
 250  139
 249  139
 247  141
 246  141
 244  143
 243  143
 241  145
 240  145
 238  147
 237  147
 234  150
 233  150
 230  153
 229  153
 226  156
 225  156
 220  161
 219  161
 214  166
 213  166
 185  194
 185  195
 176  204
 176  205
 172  209
 172  210
 169  213
 169  214
 166  217
 166  218
 162  222
 162  223
 160  225
 160  226
 155  231
 155  232
 152  235
 152  236
 149  239
 149  240
 147  242
 147  243
 145  245
 145  246
 142  249
 142  250
 141  251
 141  252
 138  255
 138  256
 137  257
 137  258
 135  260
 135  261
 133  263
 133  264
 131  266
 131  268
 128  271
 128  273
 126  275
 126  276
 125  277
 125  278
 122  281
 122  282
 121  283
 121  284
 119  286
 119  287
 118  288
 118  289
 115  292
 115  294
 113  296
 113  297
 112  298
 112  300
 110  302
 110  303
 109  304
 109  305
 108  306
 108  307
 105  310
 105  315
 106  316
 107  316
 108  317
 108  319
 109  320
 109  321
 113  325
 113  339
 112  340
 105  340
 104  341
 104  371
 105  372
 105  381
 106  382
 106  386
 107  387
 107  390
 108  391
 108  396
 109  397
 109  398
 110  399
 110  400
 111  401
 111  403
 112  404
 112  406
 114  408
 114  410
 115  411
 115  414
 116  415
 116  416
 117  417
 117  418
 118  419
 118  421
 119  422
 119  424
 121  426
 121  429
 122  430
 122  433
 123  434
 123  435
 124  436
 124  438
 125  439
 125  442
 127  444
 127  445
 128  446
 128  448
 129  449
 129  450
 130  451
 130  452
 131  453
 131  455
 132  456
 132  459
 134  461
 134  462
 135  463
 135  465
 137  467
 137  468
 138  469
 138  470
 139  471
 139  473
 140  474
 140  475
 141  476
 141  477
 142  478
 142  480
 144  482
 144  483
 145  484
 145  486
 146  487
 146  488
 148  490
 148  493
 149  494
 149  495
 150  496
 150  497
 151  498
 151  500
 152  501
 152  502
 153  503
 153  504
 154  505
 154  506
 155  507
 155  509
 156  510
 156  512
 158  514
 158  516
 159  517
 159  519
 161  521
 161  523
 162  524
 162  525
 164  527
 164  528
 165  529
 165  530
 167  532
 167  533
 169  535
 170  535
 172  537
 173  537
 174  538
 175  538
 176  539
 178  539
 179  540
 180  540
 181  541
 182  541
 183  542
 184  542
 185  543
 187  543
 192  548
 192  552
 193  553
 193  558
 194  559
 194  560
 195  561
 195  563
 196  564
 196  565
 198  567
 198  568
 205  575
 206  575
 207  576
 208  576
 209  577
 211  577
 212  576
 233  576
 241  584
 242  584
 244  586
 246  586
 252  580
 253  580
 254  579
 269  579
 270  580
 271  580
 272  581
 273  581
 274  582
 276  582
 278  580
 278  579
 279  578
 279  573
 278  572
 278  568
 277  567
 277  566
 276  565
 276  564
 275  563
 275  560
 274  559
 274  555
 273  554
 273  553
 272  552
 272  550
 271  549
 271  523
 270  522
 270  508
 271  507
 278  507
 279  506
 280  506
 281  505
 284  505
 285  504
 286  504
 292  498
 292  497
 294  495
 294  492
 293  491
 293  489
 292  488
 292  480
 291  479
 291  461
 292  460
 292  459
 293  458
 293  457
 296  454
 297  454
 299  452
 300  452
 302  450
 303  450
 304  449
 304  448
 307  445
 307  440
 305  438
 305  436
 304  435
 304  434
 302  432
 302  431
 301  430
 301  429
 300  428
 300  427
 299  426
 299  408
 300  407
 300  406
 302  404
 302  403
 303  402
 303  397
 302  396
 302  395
 301  394
 301  392
 299  390
 299  389
 298  388
 298  387
 297  386
 297  385
 295  383
 295  382
 294  381
 294  379
 291  376
 291  374
 288  371
 288  369
 284  365
 284  364
 283  363
 282  363
 281  362
 281  361
 280  360
 279  360
 276  357
 275  357
 273  355
 272  355
 271  354
 270  354
 268  352
 267  352
 266  351
 265  351
 264  350
 263  350
 262  349
 261  349
 260  348
 259  348
 258  347
 256  347
 254  345
 253  345
 252  344
 251  344
 250  343
 248  343
 247  342
 247  328
 248  327
 295  327
 296  326
 297  326
 298  325
 299  325
 300  324
 301  324
 302  323
 303  323
 314  312
 314  311
 315  310
 315  309
 316  308
 316  307
 317  306
 317  305
 318  304
 318  302
 319  301
 319  299
 320  298
 320  296
 321  295
 321  293
 322  292
 323  292
 325  290
 325  289
 326  288
 326  287
 328  285
 328  281
 329  280
 329  278
 330  277
 330  274
 331  273
 331  271
 332  270
 332  268
 334  266
 334  264
 335  263
 335  262
 336  261
 336  260
 337  259
 337  258
 338  257
 338  240
 339  239
 339  234
 340  233
 340  232
 341  231
 341  228
 342  227
 342  222
 343  221
 343  202
 344  201
 344  199
 345  198
 345  194
 346  193
 346  191
 347  190
 347  180
 351  176
 351  174
 352  173
 352  172
 353  171
 353  170
 354  169
 354  168
 355  167
 355  165
 356  164
 356  163
 357  162
 357  161
 358  160
 358  159
 359  158
 359  157
 361  155
 361  154
 362  153
 362  152
 364  150
 364  149
 365  148
 365  147
 368  144
 368  142
 371  139
 371  138
 372  137
 372  136
 373  135
 373  134
 374  133
 374  132
 375  131
 375  126
 376  125
 376  121
 377  120
 377  119
 376  118
 376  117
 375  116
 375  115
 374  114
 374  113
 371  110
 370  110
 368  108
 367  108
 366  107
 365  107
 364  106
 363  106
 362  105
 359  105
 358  104
 357  104
 356  103
 352  103
 351  102
 348  102
 347  101
