 338  147
 337  148
 331  148
 330  149
 324  149
 323  150
 320  150
 319  151
 316  151
 315  152
 312  152
 311  153
 308  153
 307  154
 305  154
 304  155
 301  155
 300  156
 298  156
 297  157
 295  157
 294  158
 292  158
 291  159
 289  159
 288  160
 286  160
 285  161
 284  161
 283  162
 281  162
 280  163
 279  163
 278  164
 277  164
 276  165
 274  165
 273  166
 272  166
 271  167
 270  167
 269  168
 268  168
 267  169
 266  169
 265  170
 264  170
 263  171
 262  171
 261  172
 260  172
 259  173
 258  173
 257  174
 256  174
 255  175
 254  175
 253  176
 252  176
 250  178
 249  178
 248  179
 247  179
 246  180
 244  180
 243  181
 242  181
 240  183
 239  183
 237  185
 236  185
 234  187
 233  187
 232  188
 231  188
 229  190
 228  190
 227  191
 226  191
 224  193
 223  193
 221  195
 220  195
 218  197
 217  197
 215  199
 214  199
 212  201
 211  201
 209  203
 208  203
 205  206
 204  206
 202  208
 201  208
 198  211
 197  211
 192  216
 191  216
 187  220
 186  220
 177  229
 176  229
 145  260
 145  261
 138  268
 138  269
 134  273
 134  274
 131  277
 131  278
 128  281
 128  282
 125  285
 125  286
 122  289
 122  290
 121  291
 121  292
 118  295
 118  296
 116  298
 116  299
 115  300
 115  301
 113  303
 113  304
 111  306
 111  308
 109  310
 109  311
 108  312
 108  314
 105  317
 105  318
 101  322
 101  323
 100  324
 100  326
 102  328
 109  328
 110  329
 110  343
 109  344
 108  344
 106  346
 106  347
 105  348
 105  349
 104  350
 104  352
 103  353
 103  356
 102  357
 102  361
 101  362
 101  369
 102  370
 102  378
 106  382
 107  382
 109  384
 109  385
 112  388
 112  389
 114  391
 114  392
 116  394
 116  395
 122  401
 122  402
 128  408
 128  409
 139  420
 139  421
 145  427
 145  428
 148  431
 148  432
 149  433
 149  434
 151  436
 151  437
 152  438
 152  439
 153  440
 153  441
 154  442
 154  443
 155  444
 155  446
 156  447
 156  448
 157  449
 157  450
 158  451
 158  455
 159  456
 159  458
 160  459
 160  461
 161  462
 161  466
 162  467
 162  471
 163  472
 163  474
 164  475
 164  478
 165  479
 165  482
 166  483
 166  484
 167  485
 167  487
 168  488
 168  495
 169  496
 169  499
 170  500
 170  501
 171  502
 171  505
 172  506
 172  507
 177  512
 179  512
 180  513
 194  513
 197  516
 197  517
 198  518
 198  526
 199  527
 199  529
 201  531
 201  532
 202  533
 202  534
 204  536
 204  533
 205  532
 213  532
 214  531
 214  529
 215  528
 215  527
 216  526
 216  525
 217  524
 217  523
 221  519
 236  519
 237  520
 238  520
 239  521
 240  521
 241  522
 241  521
 242  520
 242  507
 248  501
 249  501
 250  500
 270  500
 271  501
 271  498
 270  497
 270  495
 268  493
 268  476
 272  472
 273  472
 274  471
 286  471
 287  470
 287  469
 285  467
 285  466
 284  465
 284  464
 283  463
 283  462
 282  461
 282  446
 283  445
 283  444
 284  443
 284  442
 286  440
 287  440
 289  438
 294  438
 295  437
 297  437
 298  436
 298  434
 297  433
 297  432
 296  431
 295  431
 290  426
 289  426
 287  424
 287  406
 288  405
 288  404
 289  403
 289  402
 288  401
 288  400
 280  392
 279  392
 278  391
 277  391
 275  389
 274  389
 273  388
 272  388
 270  386
 270  385
 269  385
 268  384
 268  383
 266  381
 266  380
 265  379
 265  378
 263  376
 263  374
 262  373
 262  370
 261  369
 261  352
 262  351
 266  351
 267  350
 274  350
 276  348
 277  348
 282  343
 283  343
 284  342
 285  342
 289  338
 289  337
 301  325
 301  323
 302  322
 302  319
 303  318
 303  315
 304  314
 304  310
 305  309
 305  307
 308  304
 308  303
 311  300
 311  298
 312  297
 312  286
 313  285
 313  281
 314  280
 314  277
 315  276
 315  275
 317  273
 317  272
 318  271
 318  270
 320  268
 320  267
 321  266
 321  263
 322  262
 322  258
 323  257
 323  256
 324  255
 324  252
 328  248
 328  247
 334  241
 334  240
 338  236
 338  235
 339  234
 339  233
 340  232
 340  231
 349  222
 350  222
 355  217
 355  216
 357  214
 357  213
 358  212
 358  210
 360  208
 360  207
 368  199
 368  198
 369  197
 369  196
 371  194
 371  191
 372  190
 372  188
 374  186
 374  185
 375  184
 375  183
 376  182
 376  181
 377  180
 377  179
 378  178
 378  174
 379  173
 379  169
 380  168
 380  164
 379  163
 379  162
 378  161
 378  160
 376  158
 375  158
 373  156
 372  156
 371  155
 370  155
 369  154
 368  154
 367  153
 365  153
 364  152
 363  152
 362  151
 360  151
 359  150
 357  150
 356  149
 351  149
 350  148
 342  148
 341  147
