 331   94
 330   95
 325   95
 324   96
 320   96
 319   97
 315   97
 314   98
 312   98
 311   99
 308   99
 307  100
 306  100
 305  101
 302  101
 301  102
 300  102
 299  103
 297  103
 296  104
 295  104
 294  105
 293  105
 292  106
 291  106
 290  107
 289  107
 288  108
 287  108
 286  109
 285  109
 284  110
 283  110
 282  111
 281  111
 279  113
 277  113
 275  115
 274  115
 273  116
 272  116
 271  117
 270  117
 268  119
 267  119
 263  123
 262  123
 258  127
 257  127
 252  132
 251  132
 242  141
 241  141
 229  153
 228  153
 208  173
 208  174
 202  180
 202  181
 198  185
 198  186
 194  190
 194  191
 190  195
 190  196
 187  199
 187  200
 184  203
 184  204
 180  208
 180  209
 178  211
 178  212
 177  213
 177  214
 174  217
 174  218
 173  219
 173  220
 171  222
 171  223
 170  224
 170  225
 169  226
 169  227
 167  229
 167  230
 166  231
 166  232
 164  234
 164  235
 163  236
 163  237
 162  238
 162  239
 161  240
 161  241
 160  242
 160  243
 158  245
 158  246
 157  247
 157  248
 156  249
 156  250
 154  252
 154  254
 152  256
 152  257
 151  258
 151  259
 150  260
 150  261
 148  263
 148  264
 147  265
 147  267
 145  269
 145  270
 144  271
 144  272
 143  273
 143  275
 141  277
 141  279
 140  280
 140  281
 139  282
 139  283
 138  284
 138  285
 137  286
 137  288
 136  289
 136  290
 135  291
 135  292
 134  293
 134  296
 133  297
 133  298
 132  299
 132  300
 131  301
 131  303
 130  304
 130  307
 129  308
 129  309
 128  310
 128  311
 127  312
 127  314
 126  315
 126  316
 125  317
 125  318
 124  319
 124  321
 123  322
 123  323
 121  325
 121  330
 122  331
 136  331
 137  332
 137  346
 136  347
 135  347
 133  349
 126  349
 125  350
 125  399
 127  401
 127  403
 128  404
 128  407
 129  408
 129  410
 130  411
 130  414
 131  415
 131  417
 133  419
 133  420
 134  421
 134  423
 135  424
 135  425
 137  427
 137  429
 138  430
 138  431
 140  433
 140  434
 141  435
 141  436
 142  437
 142  438
 144  440
 144  442
 146  444
 146  445
 147  446
 147  448
 148  449
 148  450
 149  451
 149  452
 150  453
 150  454
 151  455
 151  456
 152  457
 152  458
 153  459
 153  460
 154  461
 154  462
 155  463
 155  464
 157  466
 157  467
 158  468
 158  469
 160  471
 160  472
 161  473
 161  474
 162  475
 162  476
 163  477
 163  478
 164  479
 164  480
 166  482
 166  483
 167  484
 167  485
 169  487
 169  488
 170  489
 170  490
 171  491
 171  492
 173  494
 173  495
 174  496
 174  497
 176  499
 176  500
 178  502
 178  503
 179  504
 179  505
 181  507
 181  508
 183  510
 183  511
 184  512
 184  513
 185  514
 185  515
 187  517
 187  518
 188  519
 188  520
 190  522
 190  523
 191  524
 191  525
 192  526
 192  527
 194  529
 194  531
 196  533
 196  534
 197  535
 197  536
 198  537
 198  538
 200  540
 200  541
 201  542
 201  543
 204  546
 204  547
 209  552
 210  552
 212  554
 215  554
 216  555
 218  555
 219  556
 222  556
 223  557
 226  557
 227  558
 229  558
 230  559
 232  559
 234  561
 234  565
 235  566
 235  567
 236  568
 236  569
 237  570
 237  571
 238  572
 238  573
 239  574
 239  575
 241  577
 241  578
 242  579
 242  580
 245  583
 245  584
 247  586
 248  586
 250  588
 251  588
 252  589
 257  589
 258  588
 259  588
 260  587
 262  587
 263  586
 278  586
 279  587
 280  587
 282  589
 283  589
 285  591
 286  591
 287  592
 288  592
 289  593
 290  593
 291  592
 293  592
 297  588
 297  587
 299  585
 299  584
 302  581
 320  581
 321  580
 322  580
 324  578
 324  577
 325  576
 325  575
 324  574
 324  570
 323  569
 323  567
 322  566
 322  565
 321  564
 321  562
 320  561
 320  560
 319  559
 319  558
 317  556
 317  554
 316  553
 316  552
 315  551
 315  550
 314  549
 314  547
 313  546
 313  544
 312  543
 312  542
 311  541
 311  537
 310  536
 310  513
 312  511
 312  510
 315  507
 316  507
 317  506
 318  506
 320  504
 321  504
 323  502
 324  502
 324  501
 326  499
 326  498
 327  497
 327  489
 326  488
 326  486
 325  485
 325  484
 324  483
 324  478
 323  477
 323  457
 326  454
 327  454
 329  452
 330  452
 332  450
 333  450
 336  447
 336  445
 337  444
 336  443
 336  442
 335  441
 335  440
 334  439
 334  438
 332  436
 332  435
 326  429
 326  428
 325  427
 325  426
 324  425
 324  411
 326  409
 326  408
 327  407
 327  405
 328  404
 328  402
 327  401
 327  399
 326  398
 326  397
 325  396
 325  395
 323  393
 323  392
 319  388
 319  387
 316  384
 316  383
 298  365
 297  365
 295  363
 294  363
 292  361
 291  361
 290  360
 289  360
 288  359
 287  359
 286  358
 285  358
 284  357
 283  357
 282  356
 281  356
 280  355
 279  355
 278  354
 277  354
 276  353
 275  353
 274  352
 273  352
 272  351
 271  351
 270  350
 268  350
 267  349
 265  349
 264  348
 264  334
 265  333
 279  333
 280  332
 285  332
 286  331
 292  331
 293  330
 296  330
 297  329
 299  329
 300  328
 301  328
 302  327
 304  327
 305  326
 306  326
 307  325
 308  325
 309  324
 310  324
 311  323
 312  323
 315  320
 316  320
 317  319
 317  318
 322  313
 322  312
 323  311
 323  308
 324  307
 324  302
 325  301
 325  298
 327  296
 327  292
 328  291
 328  289
 329  288
 329  287
 330  286
 330  284
 331  283
 331  282
 332  281
 332  280
 333  279
 333  275
 334  274
 334  268
 335  267
 335  263
 336  262
 336  260
 337  259
 337  258
 338  257
 338  256
 339  255
 339  253
 340  252
 340  247
 339  246
 339  243
 338  242
 338  224
 339  223
 339  221
 340  220
 340  214
 341  213
 341  212
 340  211
 340  193
 341  192
 341  184
 342  183
 342  177
 343  176
 343  172
 344  171
 344  169
 345  168
 345  166
 346  165
 346  163
 347  162
 347  151
 350  148
 350  146
 351  145
 351  143
 352  142
 352  140
 353  139
 353  137
 354  136
 354  135
 355  134
 355  132
 356  131
 356  130
 357  129
 357  126
 358  125
 358  123
 359  122
 359  108
 358  107
 358  106
 357  105
 357  104
 356  103
 356  102
 355  102
 352   99
 351   99
 350   98
 349   98
 348   97
 346   97
 345   96
 341   96
 340   95
 335   95
 334   94
