 338   94
 337   95
 330   95
 329   96
 323   96
 322   97
 319   97
 318   98
 314   98
 313   99
 311   99
 310  100
 308  100
 307  101
 306  101
 305  102
 303  102
 302  103
 301  103
 300  104
 298  104
 297  105
 295  105
 294  106
 293  106
 292  107
 290  107
 289  108
 288  108
 287  109
 285  109
 284  110
 283  110
 282  111
 281  111
 280  112
 279  112
 278  113
 277  113
 276  114
 275  114
 273  116
 272  116
 270  118
 269  118
 267  120
 266  120
 264  122
 263  122
 260  125
 259  125
 257  127
 256  127
 253  130
 252  130
 249  133
 248  133
 243  138
 242  138
 240  140
 239  140
 236  143
 235  143
 233  145
 232  145
 230  147
 229  147
 227  149
 226  149
 223  152
 222  152
 220  154
 219  154
 216  157
 215  157
 212  160
 211  160
 208  163
 207  163
 204  166
 203  166
 200  169
 199  169
 196  172
 195  172
 190  177
 189  177
 183  183
 182  183
 175  190
 174  190
 157  207
 157  208
 151  214
 151  215
 147  219
 147  220
 143  224
 143  225
 139  229
 139  230
 135  234
 135  235
 132  238
 132  239
 130  241
 130  242
 127  245
 127  246
 124  249
 124  250
 122  252
 122  253
 120  255
 120  256
 117  259
 117  260
 116  261
 116  262
 114  264
 114  265
 113  266
 113  267
 111  269
 111  270
 110  271
 110  272
 108  274
 108  276
 107  277
 107  278
 104  281
 104  283
 102  285
 101  285
  97  289
  97  311
  98  312
 104  312
 105  313
 105  327
 101  331
 101  332
 100  333
 100  334
  98  336
  92  336
  91  337
  91  355
  93  357
  93  358
  94  359
  94  362
  95  363
  95  364
  96  365
  96  366
  97  367
  97  372
  98  373
  98  374
 100  376
 100  379
 101  380
 101  382
 102  383
 102  384
 103  385
 103  386
 104  387
 104  389
 105  390
 105  391
 107  393
 107  396
 109  398
 109  399
 110  400
 110  402
 111  403
 111  404
 112  405
 112  406
 113  407
 113  408
 114  409
 114  411
 116  413
 116  414
 117  415
 117  417
 118  418
 118  419
 120  421
 120  422
 121  423
 121  425
 123  427
 123  428
 124  429
 124  431
 127  434
 127  435
 128  436
 128  437
 130  439
 130  440
 131  441
 131  442
 133  444
 133  445
 134  446
 134  447
 137  450
 137  451
 138  452
 138  453
 141  456
 141  457
 142  458
 142  459
 144  461
 144  462
 151  469
 151  470
 154  473
 154  474
 166  486
 166  487
 168  489
 168  490
 169  491
 169  492
 170  493
 170  495
 171  496
 171  503
 172  504
 172  517
 173  518
 173  523
 174  524
 174  529
 175  530
 175  531
 177  533
 177  534
 181  538
 182  538
 184  540
 185  540
 186  541
 188  541
 191  538
 192  538
 197  533
 198  533
 199  532
 200  532
 201  531
 221  531
 227  537
 227  538
 228  539
 228  540
 229  541
 229  543
 230  544
 230  547
 231  548
 231  556
 232  557
 232  558
 234  560
 234  562
 240  568
 241  568
 242  569
 244  569
 245  568
 246  568
 250  564
 250  562
 251  561
 251  559
 252  558
 252  557
 253  556
 253  554
 254  553
 254  552
 256  550
 256  549
 258  547
 259  547
 260  546
 278  546
 279  547
 281  547
 282  548
 283  548
 285  550
 286  550
 295  559
 295  560
 297  562
 297  563
 298  564
 298  565
 301  568
 301  569
 302  570
 302  571
 305  574
 305  575
 308  578
 308  579
 309  580
 309  581
 311  583
 311  584
 312  585
 312  586
 317  591
 318  591
 320  593
 322  593
 323  594
 324  593
 325  593
 326  592
 327  592
 329  590
 329  589
 333  585
 333  584
 335  582
 335  581
 337  579
 337  577
 336  576
 336  573
 334  571
 334  569
 333  568
 333  567
 326  560
 325  560
 322  557
 321  557
 319  555
 318  555
 316  553
 315  553
 313  551
 312  551
 310  549
 309  549
 307  547
 306  547
 302  543
 301  543
 298  540
 297  540
 293  536
 292  536
 284  528
 284  527
 283  526
 283  524
 281  522
 281  502
 282  501
 282  500
 283  499
 283  498
 284  497
 284  496
 288  492
 289  492
 290  491
 293  491
 294  490
 295  490
 296  489
 300  489
 301  488
 302  488
 303  487
 305  487
 311  481
 311  480
 313  478
 313  477
 311  475
 311  474
 310  473
 310  472
 309  471
 308  471
 307  470
 307  469
 305  467
 304  467
 302  465
 301  465
 300  464
 298  464
 297  463
 295  463
 294  462
 293  462
 292  461
 291  461
 290  460
 288  460
 287  459
 286  459
 285  458
 283  458
 282  457
 281  457
 280  456
 279  456
 278  455
 277  455
 275  453
 274  453
 272  451
 271  451
 270  450
 270  449
 268  447
 268  446
 267  445
 267  430
 270  427
 270  426
 273  423
 273  422
 276  419
 276  418
 277  417
 277  416
 276  415
 276  414
 268  406
 267  406
 264  403
 263  403
 260  400
 259  400
 257  398
 256  398
 254  396
 253  396
 250  393
 250  392
 249  391
 249  390
 248  389
 248  373
 249  372
 249  369
 247  367
 247  366
 245  364
 244  364
 241  361
 240  361
 237  358
 236  358
 234  356
 233  356
 231  354
 230  354
 228  352
 227  352
 213  338
 213  323
 214  322
 230  322
 231  323
 239  323
 240  324
 245  324
 246  323
 261  323
 262  322
 276  322
 277  321
 280  321
 281  320
 282  320
 287  315
 288  315
 290  313
 291  313
 292  312
 294  312
 300  306
 300  305
 304  301
 304  300
 307  297
 307  296
 313  290
 313  289
 316  286
 316  285
 317  284
 317  283
 320  280
 320  279
 321  278
 321  277
 323  275
 323  274
 324  273
 324  272
 326  270
 326  269
 327  268
 327  267
 330  264
 330  263
 331  262
 331  261
 334  258
 334  257
 335  256
 335  255
 337  253
 337  251
 340  248
 340  247
 341  246
 341  243
 342  242
 342  241
 343  240
 343  239
 344  238
 344  237
 346  235
 346  234
 347  233
 347  230
 348  229
 348  228
 349  227
 349  226
 350  225
 350  224
 351  223
 351  221
 352  220
 352  219
 353  218
 353  217
 354  216
 354  213
 355  212
 355  211
 356  210
 356  209
 357  208
 357  205
 359  203
 359  202
 360  201
 360  200
 363  197
 363  196
 365  194
 365  193
 367  191
 367  189
 368  188
 368  187
 369  186
 369  185
 370  184
 370  182
 371  181
 371  173
 377  167
 377  165
 378  164
 378  162
 379  161
 379  160
 380  159
 380  156
 381  155
 381  153
 382  152
 382  151
 383  150
 383  148
 384  147
 384  143
 385  142
 385  140
 386  139
 386  138
 387  137
 387  136
 388  135
 388  132
 389  131
 389  129
 390  128
 390  123
 389  122
 389  119
 388  118
 388  115
 387  114
 387  112
 385  110
 385  109
 383  107
 382  107
 380  105
 378  105
 377  104
 376  104
 375  103
 373  103
 372  102
 371  102
 370  101
 369  101
 368  100
 366  100
 365   99
 364   99
 363   98
 361   98
 360   97
 359   97
 358   96
 356   96
 355   95
 351   95
 350   94
