 348  109
 347  110
 338  110
 337  111
 332  111
 331  112
 328  112
 327  113
 323  113
 322  114
 320  114
 319  115
 315  115
 314  116
 312  116
 311  117
 308  117
 307  118
 306  118
 305  119
 303  119
 302  120
 300  120
 299  121
 297  121
 296  122
 295  122
 294  123
 292  123
 291  124
 290  124
 289  125
 288  125
 287  126
 285  126
 283  128
 281  128
 280  129
 279  129
 278  130
 277  130
 276  131
 275  131
 274  132
 273  132
 272  133
 271  133
 270  134
 269  134
 268  135
 267  135
 266  136
 265  136
 264  137
 263  137
 261  139
 260  139
 259  140
 258  140
 256  142
 255  142
 254  143
 253  143
 251  145
 250  145
 248  147
 247  147
 246  148
 245  148
 243  150
 242  150
 240  152
 239  152
 237  154
 236  154
 234  156
 233  156
 231  158
 230  158
 227  161
 226  161
 224  163
 223  163
 220  166
 219  166
 214  171
 213  171
 209  175
 208  175
 202  181
 201  181
 196  186
 195  186
 186  195
 185  195
 183  197
 183  198
 182  199
 181  199
 170  210
 170  211
 157  224
 157  225
 147  235
 147  236
 140  243
 140  244
 137  247
 137  248
 133  252
 133  253
 128  258
 128  259
 124  263
 124  264
 120  268
 120  269
 118  271
 118  272
 117  273
 117  274
 116  275
 116  276
 113  279
 113  280
 110  283
 110  284
 109  285
 109  286
 107  288
 107  289
 105  291
 105  292
 103  294
 103  296
 102  297
 102  298
 103  299
 103  300
 104  301
 107  301
 109  303
 109  318
 108  319
 108  320
 106  322
 106  325
 105  326
 105  329
 104  330
 104  332
 103  333
 103  345
 102  346
 100  346
  99  347
  99  377
 100  378
 100  382
 101  383
 101  384
 102  385
 103  385
 106  388
 106  396
 107  397
 107  400
 108  401
 108  402
 109  403
 109  405
 110  406
 110  409
 111  410
 111  411
 112  412
 112  414
 113  415
 113  418
 114  419
 114  420
 115  421
 115  422
 116  423
 116  425
 117  426
 117  428
 119  430
 119  431
 120  432
 120  434
 121  435
 121  436
 123  438
 123  440
 124  441
 124  442
 125  443
 125  444
 127  446
 127  447
 130  450
 130  453
 131  454
 131  455
 132  456
 132  457
 133  458
 133  461
 134  462
 134  463
 135  464
 135  465
 136  466
 136  468
 137  469
 137  472
 138  473
 138  474
 139  475
 139  477
 140  478
 140  481
 141  482
 141  483
 142  484
 142  485
 143  486
 143  489
 144  490
 144  492
 145  493
 145  494
 146  495
 146  496
 147  497
 147  498
 148  499
 148  500
 149  501
 149  502
 150  503
 150  504
 151  505
 151  506
 152  507
 152  508
 153  509
 153  510
 154  511
 154  512
 155  513
 155  514
 157  516
 157  517
 162  522
 163  522
 165  524
 166  524
 167  525
 168  525
 169  526
 174  526
 176  528
 176  538
 177  539
 177  544
 178  545
 178  546
 179  547
 179  548
 180  549
 180  552
 182  554
 182  555
 183  556
 183  557
 185  559
 185  560
 192  567
 193  567
 194  568
 200  568
 201  567
 202  567
 203  566
 217  566
 218  567
 219  567
 220  568
 222  568
 229  575
 230  575
 232  577
 233  577
 234  578
 235  578
 236  577
 238  577
 240  575
 241  575
 242  574
 265  574
 269  570
 269  567
 270  566
 270  565
 269  564
 269  559
 268  558
 268  556
 267  555
 267  553
 266  552
 266  547
 265  546
 265  545
 264  544
 264  542
 263  541
 263  536
 262  535
 262  532
 261  531
 261  514
 262  513
 262  510
 263  509
 263  503
 265  501
 265  500
 269  496
 270  496
 273  493
 275  493
 276  492
 277  492
 278  491
 279  491
 282  488
 282  487
 283  486
 283  484
 282  483
 282  480
 281  479
 281  478
 280  477
 280  472
 279  471
 279  453
 280  452
 280  451
 281  450
 281  449
 287  443
 288  443
 291  440
 292  440
 292  439
 293  438
 293  437
 294  436
 293  435
 293  430
 292  429
 292  427
 291  426
 291  425
 290  424
 290  403
 292  401
 292  400
 293  399
 293  396
 292  395
 292  393
 290  391
 290  388
 289  387
 289  386
 287  384
 287  383
 286  382
 286  381
 285  380
 285  378
 283  376
 283  373
 282  372
 282  370
 280  368
 280  367
 279  366
 279  365
 276  362
 276  361
 272  357
 272  356
 268  352
 268  338
 269  337
 276  337
 276  332
 278  330
 281  330
 282  329
 286  329
 287  328
 291  328
 292  327
 295  327
 303  319
 304  319
 305  318
 306  318
 309  315
 309  312
 310  311
 310  306
 315  301
 317  301
 319  299
 319  297
 320  296
 320  293
 321  292
 321  290
 322  289
 322  285
 323  284
 323  281
 325  279
 325  278
 327  276
 327  275
 329  273
 329  272
 330  271
 330  269
 331  268
 331  264
 332  263
 332  257
 333  256
 333  248
 334  247
 334  246
 336  244
 336  243
 338  241
 338  240
 339  239
 339  238
 340  237
 340  234
 341  233
 341  213
 342  212
 342  211
 343  210
 343  209
 344  208
 344  207
 345  206
 345  205
 346  204
 346  200
 347  199
 347  193
 348  192
 348  191
 349  190
 349  188
 356  181
 356  180
 357  179
 357  178
 358  177
 358  176
 359  175
 359  174
 360  173
 360  172
 361  171
 361  170
 362  169
 362  168
 364  166
 364  165
 366  163
 366  162
 367  161
 367  160
 369  158
 369  157
 370  156
 370  154
 372  152
 372  151
 373  150
 373  147
 374  146
 374  145
 376  143
 376  141
 377  140
 377  138
 378  137
 378  136
 379  135
 379  132
 380  131
 380  127
 381  126
 381  124
 380  123
 380  121
 379  120
 379  119
 377  117
 376  117
 374  115
 373  115
 372  114
 371  114
 370  113
 368  113
 367  112
 365  112
 364  111
 361  111
 360  110
 352  110
 351  109
