 326  103
 325  104
 321  104
 320  105
 317  105
 316  106
 313  106
 312  107
 310  107
 309  108
 306  108
 305  109
 304  109
 303  110
 301  110
 300  111
 299  111
 298  112
 297  112
 296  113
 294  113
 293  114
 292  114
 291  115
 290  115
 289  116
 288  116
 287  117
 286  117
 285  118
 284  118
 283  119
 281  119
 280  120
 279  120
 278  121
 277  121
 276  122
 274  122
 273  123
 272  123
 271  124
 270  124
 269  125
 268  125
 267  126
 266  126
 264  128
 262  128
 260  130
 259  130
 258  131
 257  131
 255  133
 254  133
 253  134
 252  134
 250  136
 249  136
 247  138
 246  138
 244  140
 243  140
 241  142
 240  142
 238  144
 237  144
 235  146
 234  146
 230  150
 229  150
 226  153
 225  153
 223  155
 222  155
 219  158
 218  158
 213  163
 212  163
 208  167
 207  167
 203  171
 202  171
 198  175
 197  175
 192  180
 191  180
 183  188
 182  188
 178  192
 177  192
 154  215
 154  216
 146  224
 145  224
 145  225
 137  233
 137  234
 124  247
 124  248
 121  251
 121  252
 120  253
 120  254
 117  257
 117  258
 114  261
 114  262
 112  264
 112  265
 108  269
 108  270
 107  271
 107  272
 104  275
 104  276
 101  279
 101  280
 100  281
  99  281
  98  282
  97  282
  96  283
  96  305
  97  306
 107  306
 108  307
 108  321
 106  323
 105  323
 103  325
 103  326
 102  327
 102  328
 101  329
 101  332
  99  334
  99  354
 101  356
 101  358
 102  359
 102  360
 103  361
 103  363
 104  364
 104  367
 105  368
 105  369
 106  370
 106  371
 107  372
 107  376
 108  377
 108  378
 110  380
 110  382
 111  383
 111  386
 112  387
 112  388
 113  389
 113  390
 114  391
 114  394
 115  395
 115  396
 117  398
 117  401
 118  402
 118  403
 119  404
 119  405
 120  406
 120  407
 121  408
 121  410
 123  412
 123  413
 124  414
 124  416
 126  418
 126  419
 127  420
 127  421
 129  423
 129  424
 131  426
 131  427
 132  428
 132  429
 133  430
 133  431
 134  432
 134  434
 137  437
 137  439
 138  440
 138  441
 140  443
 140  444
 141  445
 141  446
 144  449
 144  451
 147  454
 147  455
 149  457
 151  457
 152  458
 153  458
 154  459
 156  459
 157  460
 158  460
 164  466
 164  467
 165  468
 165  469
 166  470
 166  471
 167  472
 167  475
 168  476
 168  478
 170  480
 171  480
 172  481
 177  481
 178  482
 179  482
 182  485
 182  486
 184  488
 184  490
 189  495
 189  496
 190  496
 192  498
 193  498
 194  499
 199  499
 200  500
 200  508
 201  509
 201  512
 204  515
 204  516
 208  520
 209  520
 210  521
 211  521
 212  522
 216  522
 217  523
 218  523
 221  526
 221  527
 222  528
 222  529
 223  530
 223  531
 224  532
 224  537
 225  538
 225  542
 226  543
 226  545
 227  546
 227  551
 228  552
 228  555
 234  561
 236  561
 238  559
 238  558
 240  556
 240  552
 241  551
 241  545
 242  544
 242  543
 245  540
 263  540
 264  541
 266  541
 268  543
 269  543
 278  552
 278  553
 281  556
 281  557
 282  558
 282  559
 283  560
 283  561
 284  562
 284  563
 285  564
 285  566
 287  568
 287  569
 288  570
 288  573
 290  575
 290  576
 292  578
 292  579
 293  579
 297  583
 298  583
 300  585
 302  585
 303  586
 304  586
 305  585
 307  585
 308  584
 309  584
 311  582
 312  582
 314  580
 314  579
 317  576
 317  567
 316  566
 316  565
 311  560
 310  560
 307  557
 306  557
 304  555
 303  555
 301  553
 300  553
 298  551
 297  551
 295  549
 294  549
 292  547
 291  547
 289  545
 288  545
 286  543
 285  543
 283  541
 282  541
 279  538
 278  538
 273  533
 272  533
 263  524
 263  523
 260  520
 260  518
 259  517
 259  516
 258  515
 258  514
 257  513
 257  493
 261  489
 262  489
 263  488
 265  488
 266  487
 267  487
 268  486
 280  486
 281  485
 284  485
 285  484
 287  484
 289  482
 290  482
 294  478
 294  477
 288  471
 287  471
 285  469
 284  469
 283  468
 282  468
 281  467
 279  467
 278  466
 276  466
 275  465
 274  465
 273  464
 271  464
 270  463
 269  463
 268  462
 267  462
 266  461
 265  461
 264  460
 263  460
 262  459
 261  459
 259  457
 258  457
 255  454
 254  454
 250  450
 250  449
 248  447
 248  431
 250  429
 250  427
 251  426
 252  426
 258  420
 258  419
 257  418
 257  417
 253  413
 252  413
 250  411
 249  411
 247  409
 246  409
 244  407
 243  407
 242  406
 241  406
 239  404
 238  404
 236  402
 235  402
 233  400
 233  399
 231  397
 231  396
 230  395
 230  377
 231  376
 231  374
 230  373
 230  372
 229  371
 228  371
 225  368
 224  368
 222  366
 221  366
 218  363
 217  363
 213  359
 213  358
 210  355
 210  354
 207  351
 207  350
 200  343
 200  342
 192  334
 192  320
 193  319
 212  319
 213  320
 218  320
 219  321
 221  321
 222  322
 224  322
 225  323
 227  323
 228  324
 239  324
 240  323
 243  323
 244  322
 246  322
 247  321
 250  321
 251  320
 255  320
 256  319
 262  319
 263  318
 264  318
 265  317
 266  317
 268  315
 269  315
 273  311
 274  311
 275  310
 276  310
 281  305
 282  305
 284  303
 284  302
 292  294
 293  294
 298  289
 299  289
 304  284
 304  283
 307  280
 307  279
 310  276
 310  275
 311  274
 311  273
 314  270
 314  268
 316  266
 316  265
 325  256
 325  255
 327  253
 327  252
 328  251
 328  250
 329  249
 329  248
 331  246
 331  245
 332  244
 332  243
 333  242
 333  241
 334  240
 334  237
 335  236
 335  235
 336  234
 336  233
 337  232
 337  231
 338  230
 339  230
 340  229
 340  228
 344  224
 344  223
 346  221
 346  220
 347  219
 347  218
 348  217
 348  215
 349  214
 349  212
 350  211
 350  210
 351  209
 351  208
 352  207
 352  205
 353  204
 353  200
 354  199
 354  197
 359  192
 359  191
 360  190
 360  189
 361  188
 361  187
 363  185
 363  184
 364  183
 364  181
 365  180
 365  178
 366  177
 366  176
 367  175
 367  173
 368  172
 368  171
 370  169
 370  168
 371  167
 371  165
 373  163
 373  162
 374  161
 374  158
 375  157
 375  156
 377  154
 377  153
 379  151
 379  150
 380  149
 380  148
 381  147
 381  143
 382  142
 382  141
 383  140
 383  139
 384  138
 384  131
 385  130
 385  129
 384  128
 384  121
 383  120
 383  118
 381  116
 381  115
 379  113
 379  112
 378  112
 375  109
 374  109
 373  108
 371  108
 370  107
 369  107
 368  106
 366  106
 365  105
 364  105
 363  104
 358  104
 357  105
 356  105
 354  107
 353  107
 352  108
 334  108
 333  107
 331  107
 330  106
 328  106
 326  104
