 367   24
 366   25
 361   25
 360   26
 353   26
 352   27
 349   27
 348   28
 344   28
 343   29
 340   29
 339   30
 337   30
 336   31
 332   31
 331   32
 329   32
 328   33
 326   33
 325   34
 323   34
 322   35
 319   35
 318   36
 317   36
 316   37
 314   37
 313   38
 311   38
 310   39
 309   39
 308   40
 306   40
 305   41
 304   41
 303   42
 301   42
 300   43
 299   43
 298   44
 297   44
 295   46
 294   46
 293   47
 292   47
 291   48
 290   48
 288   50
 287   50
 286   51
 285   51
 283   53
 282   53
 281   54
 280   54
 278   56
 277   56
 275   58
 274   58
 272   60
 271   60
 269   62
 268   62
 267   63
 266   63
 264   65
 263   65
 261   67
 260   67
 259   68
 258   68
 256   70
 255   70
 253   72
 252   72
 249   75
 248   75
 246   77
 245   77
 242   80
 241   80
 238   83
 237   83
 233   87
 232   87
 227   92
 226   92
 219   99
 218   99
 213  104
 212  104
 204  112
 203  112
 184  131
 183  131
 157  157
 156  157
 156  158
 154  160
 153  160
 143  170
 143  171
 137  177
 137  178
 132  183
 132  184
 129  187
 129  188
 126  191
 126  192
 122  196
 122  197
 120  199
 120  200
 117  203
 117  204
 115  206
 115  207
 112  210
 112  211
 109  214
 109  215
 107  217
 107  218
 105  220
 105  221
 103  223
 103  224
 102  225
 102  226
  99  229
  99  230
  98  231
  98  232
  96  234
  96  235
  95  236
  95  237
  93  239
  93  240
  92  241
  92  242
  91  243
  91  244
  89  246
  89  248
  87  250
  87  251
  86  252
  86  253
  85  254
  85  255
  83  257
  83  258
  82  259
  82  261
  81  262
  81  263
  79  265
  79  267
  78  268
  78  270
  77  271
  77  272
  76  273
  76  275
  75  276
  75  278
  73  280
  73  282
  72  283
  72  285
  71  286
  71  287
  69  289
  69  292
  68  293
  68  295
  66  297
  66  299
  65  300
  65  301
  64  302
  64  312
  65  313
 145  313
 146  314
 152  314
 153  315
 155  315
 156  316
 156  330
 155  331
 123  331
 122  330
 106  330
 105  329
  85  329
  84  330
  83  330
  82  331
  81  331
  80  332
  79  332
  77  334
  76  334
  72  338
  72  339
  71  340
  71  341
  70  342
  70  345
  69  346
  69  349
  68  350
  68  354
  67  355
  67  390
  69  392
  69  393
  70  394
  70  395
  72  397
  72  398
  73  399
  73  400
  75  402
  75  403
  78  406
  78  407
  79  408
  79  409
  82  412
  82  413
  83  414
  83  415
  85  417
  85  418
  86  419
  86  420
  87  421
  87  422
  88  423
  88  424
  89  425
  89  426
  91  428
  91  429
  92  430
  92  431
  93  432
  93  433
  95  435
  95  437
  96  438
  96  439
  98  441
  98  442
  99  443
  99  444
 102  447
 102  448
 104  450
 104  451
 105  452
 105  453
 106  454
 106  455
 107  456
 107  457
 108  458
 108  459
 109  460
 109  461
 110  462
 110  463
 112  465
 112  466
 113  467
 113  468
 115  470
 115  471
 116  472
 116  473
 118  475
 118  476
 119  477
 119  479
 120  480
 120  481
 122  483
 122  486
 123  487
 123  488
 124  489
 124  490
 125  491
 125  492
 126  493
 126  495
 127  496
 127  497
 128  498
 128  500
 129  501
 129  504
 131  506
 131  507
 132  508
 132  509
 133  510
 133  511
 134  512
 135  512
 137  514
 137  517
 138  518
 138  522
 139  523
 139  526
 142  529
 142  530
 144  532
 144  533
 147  536
 147  537
 148  537
 151  540
 152  540
 153  541
 154  541
 155  542
 158  542
 159  543
 162  543
 163  544
 167  544
 168  545
 172  545
 173  546
 175  546
 176  547
 177  547
 179  549
 180  549
 181  550
 182  550
 183  551
 184  551
 185  552
 186  552
 192  558
 192  561
 193  562
 193  569
 194  570
 194  573
 195  574
 195  577
 196  578
 196  582
 197  583
 197  585
 198  586
 198  588
 199  589
 199  593
 200  594
 200  595
 202  597
 202  598
 203  599
 203  600
 204  601
 204  602
 206  604
 206  605
 207  606
 208  606
 212  610
 213  610
 214  611
 215  611
 216  612
 217  612
 218  613
 220  613
 221  614
 222  613
 223  613
 224  612
 225  612
 226  611
 227  611
 229  609
 230  609
 231  608
 232  608
 233  607
 234  607
 235  606
 239  606
 240  605
 256  605
 257  606
 259  606
 266  613
 266  616
 267  617
 267  618
 268  619
 268  620
 269  621
 269  623
 270  624
 270  626
 272  628
 272  629
 273  630
 273  631
 276  634
 276  635
 283  642
 284  642
 285  643
 286  643
 287  644
 289  644
 290  645
 291  644
 295  644
 296  643
 297  643
 300  640
 301  640
 301  639
 312  628
 313  628
 314  627
 315  627
 316  626
 335  626
 337  628
 338  628
 343  633
 343  634
 344  635
 344  636
 346  638
 346  639
 347  640
 347  642
 349  644
 349  645
 350  646
 350  649
 351  650
 351  652
 352  653
 352  654
 353  655
 353  656
 354  657
 354  658
 357  661
 358  661
 359  662
 360  662
 361  663
 362  663
 363  664
 372  664
 373  663
 375  663
 376  662
 378  662
 379  661
 380  661
 381  660
 382  660
 385  657
 386  657
 390  653
 390  652
 393  649
 393  648
 395  646
 395  644
 396  643
 396  640
 397  639
 397  637
 398  636
 398  630
 397  629
 397  625
 396  624
 396  620
 395  619
 395  617
 394  616
 394  615
 393  614
 393  613
 392  612
 392  611
 386  605
 385  605
 383  603
 382  603
 381  602
 380  602
 379  601
 378  601
 377  600
 376  600
 374  598
 373  598
 372  597
 371  597
 370  596
 369  596
 368  595
 367  595
 366  594
 365  594
 364  593
 363  593
 362  592
 361  592
 360  591
 359  591
 358  590
 357  590
 356  589
 355  589
 354  588
 353  588
 352  587
 351  587
 349  585
 348  585
 347  584
 346  584
 344  582
 343  582
 341  580
 340  580
 338  578
 337  578
 334  575
 333  575
 325  567
 325  565
 323  563
 323  561
 322  560
 322  544
 323  543
 323  541
 324  540
 324  539
 325  538
 325  537
 326  536
 326  535
 327  534
 327  533
 334  526
 335  526
 337  524
 338  524
 340  522
 341  522
 346  517
 346  516
 347  515
 347  514
 348  513
 348  512
 349  511
 349  509
 350  508
 350  507
 349  506
 349  503
 347  501
 347  500
 338  491
 337  491
 335  489
 334  489
 332  487
 331  487
 329  485
 328  485
 327  484
 326  484
 325  483
 324  483
 323  482
 322  482
 321  481
 320  481
 319  480
 318  480
 317  479
 316  479
 315  478
 314  478
 313  477
 312  477
 311  476
 310  476
 309  475
 308  475
 307  474
 306  474
 305  473
 303  473
 301  471
 299  471
 297  469
 296  469
 295  468
 294  468
 293  467
 292  467
 291  466
 290  466
 288  464
 287  464
 285  462
 284  462
 282  460
 282  459
 281  458
 281  456
 280  455
 280  439
 281  438
 281  437
 282  436
 282  434
 283  433
 283  432
 284  431
 284  430
 285  429
 285  427
 286  426
 286  425
 287  424
 287  422
 288  421
 288  420
 286  418
 286  417
 285  416
 285  415
 284  414
 283  414
 280  411
 279  411
 277  409
 276  409
 274  407
 273  407
 271  405
 270  405
 269  404
 268  404
 267  403
 266  403
 265  402
 264  402
 262  400
 261  400
 260  399
 259  399
 258  398
 257  398
 255  396
 254  396
 253  395
 252  395
 248  391
 248  389
 246  387
 246  386
 245  385
 245  381
 244  380
 244  379
 243  378
 243  377
 242  376
 242  375
 241  374
 241  373
 236  368
 235  368
 233  366
 232  366
 230  364
 229  364
 228  363
 227  363
 226  362
 225  362
 224  361
 223  361
 222  360
 221  360
 220  359
 219  359
 218  358
 217  358
 216  357
 215  357
 214  356
 213  356
 211  354
 209  354
 207  352
 207  338
 208  337
 227  337
 228  338
 231  338
 232  339
 234  339
 235  340
 236  340
 237  341
 239  341
 240  342
 241  342
 242  343
 244  343
 245  344
 248  344
 249  345
 258  345
 259  346
 262  346
 263  345
 269  345
 270  344
 273  344
 274  343
 275  343
 277  341
 278  341
 279  340
 280  340
 281  339
 282  339
 283  338
 285  338
 286  337
 288  337
 299  326
 299  325
 305  319
 305  318
 306  317
 306  316
 309  313
 309  312
 312  309
 312  308
 315  305
 315  304
 318  301
 318  300
 322  296
 322  295
 329  288
 329  287
 332  284
 332  283
 335  280
 335  279
 337  277
 337  276
 338  275
 338  274
 339  273
 339  271
 340  270
 340  269
 341  268
 341  267
 342  266
 342  265
 343  264
 343  262
 344  261
 344  260
 345  259
 345  258
 348  255
 348  254
 349  253
 349  252
 353  248
 353  247
 355  245
 355  244
 356  243
 356  242
 357  241
 357  240
 358  239
 358  237
 359  236
 359  235
 360  234
 360  233
 362  231
 362  228
 363  227
 363  225
 364  224
 364  222
 365  221
 365  218
 366  217
 366  214
 367  213
 367  212
 369  210
 369  208
 371  206
 371  205
 372  204
 372  203
 373  202
 373  200
 374  199
 374  198
 375  197
 375  195
 376  194
 376  193
 379  190
 379  188
 380  187
 380  184
 381  183
 381  179
 382  178
 382  174
 383  173
 383  170
 384  169
 384  168
 385  167
 385  165
 386  164
 386  161
 387  160
 387  159
 389  157
 389  156
 391  154
 391  153
 392  152
 392  150
 393  149
 393  148
 394  147
 394  146
 395  145
 395  144
 396  143
 396  141
 397  140
 397  137
 398  136
 398  134
 399  133
 399  129
 400  128
 400  127
 402  125
 402  123
 403  122
 403  121
 404  120
 404  119
 405  118
 405  116
 406  115
 406  111
 407  110
 407  109
 408  108
 408  107
 409  106
 409  102
 410  101
 410   98
 411   97
 411   95
 412   94
 412   90
 413   89
 413   87
 414   86
 414   84
 415   83
 415   79
 416   78
 416   53
 415   52
 415   49
 414   48
 414   47
 413   46
 413   45
 412   44
 412   42
 411   41
 411   40
 409   38
 409   37
 408   36
 408   35
 402   29
 401   29
 400   28
 399   28
 398   27
 397   27
 396   26
 393   26
 392   25
 390   25
 389   24
