 311   91
 310   92
 307   92
 306   93
 303   93
 302   94
 301   94
 300   95
 298   95
 297   96
 295   96
 294   97
 293   97
 292   98
 290   98
 289   99
 288   99
 287  100
 285  100
 284  101
 283  101
 282  102
 280  102
 278  104
 276  104
 274  106
 273  106
 272  107
 271  107
 270  108
 269  108
 268  109
 267  109
 265  111
 264  111
 263  112
 262  112
 260  114
 259  114
 257  116
 256  116
 253  119
 252  119
 250  121
 249  121
 247  123
 246  123
 243  126
 242  126
 239  129
 238  129
 234  133
 233  133
 229  137
 228  137
 222  143
 221  143
 212  152
 211  152
 196  167
 195  167
 191  171
 191  172
 190  173
 189  173
 188  174
 188  175
 186  177
 185  177
 185  178
 175  188
 175  189
 171  193
 171  194
 167  198
 167  199
 164  202
 164  203
 158  209
 158  210
 153  215
 153  216
 151  218
 151  219
 148  222
 148  223
 145  226
 145  227
 144  228
 144  229
 142  231
 142  232
 141  233
 141  234
 138  237
 138  238
 136  240
 136  241
 135  242
 135  243
 134  244
 134  245
 131  248
 131  249
 129  251
 129  252
 128  253
 128  255
 127  256
 127  258
 125  260
 125  261
 124  262
 124  263
 122  265
 121  265
 120  266
 119  266
 119  267
 118  268
 118  288
 119  289
 124  289
 126  291
 126  292
 127  293
 127  294
 129  296
 129  297
 130  298
 130  314
 126  318
 119  318
 117  320
 117  350
 119  352
 123  352
 125  354
 125  355
 127  357
 127  359
 128  360
 128  361
 129  362
 129  363
 131  365
 131  366
 134  369
 134  370
 135  371
 135  372
 137  374
 137  375
 139  377
 139  378
 141  380
 141  381
 144  384
 144  385
 145  386
 145  387
 147  389
 147  390
 148  391
 148  393
 150  395
 150  396
 151  397
 151  399
 152  400
 152  401
 154  403
 154  405
 155  406
 155  408
 156  409
 156  410
 157  411
 157  413
 158  414
 158  418
 159  419
 159  420
 160  421
 160  424
 161  425
 161  430
 162  431
 162  433
 163  434
 163  437
 164  438
 164  447
 165  448
 165  451
 169  455
 170  455
 171  456
 171  457
 174  460
 174  461
 175  462
 175  463
 177  465
 177  467
 178  468
 178  469
 179  470
 179  471
 181  473
 181  476
 182  477
 182  478
 184  480
 184  483
 185  484
 185  486
 187  488
 187  492
 188  493
 188  497
 189  498
 189  499
 190  500
 190  501
 191  502
 191  504
 192  505
 192  506
 199  513
 200  513
 202  515
 203  515
 205  517
 207  517
 208  518
 211  518
 212  517
 216  517
 217  516
 234  516
 235  517
 237  517
 239  519
 240  519
 241  520
 241  521
 243  523
 243  524
 250  531
 251  531
 253  533
 254  533
 255  534
 257  534
 258  533
 278  533
 279  534
 281  534
 282  535
 283  535
 284  536
 285  536
 286  537
 287  537
 289  539
 290  539
 292  541
 293  541
 296  544
 297  544
 301  548
 301  549
 307  555
 308  555
 315  562
 315  563
 319  567
 319  568
 322  571
 322  572
 326  576
 326  577
 342  593
 343  593
 345  595
 346  595
 347  596
 349  596
 350  597
 351  596
 353  596
 354  595
 355  595
 356  594
 357  594
 361  590
 361  589
 362  588
 362  587
 363  586
 363  585
 362  584
 362  583
 361  582
 361  581
 360  580
 360  578
 358  576
 358  575
 357  574
 357  573
 354  570
 354  569
 345  560
 344  560
 342  558
 340  558
 339  557
 338  557
 334  553
 334  551
 326  543
 325  543
 320  538
 319  538
 312  531
 311  531
 306  526
 305  526
 304  525
 304  524
 303  523
 302  523
 291  512
 291  511
 287  507
 287  506
 283  502
 283  501
 280  498
 280  497
 279  496
 279  495
 277  493
 277  490
 276  489
 276  487
 275  486
 275  470
 276  469
 276  466
 277  465
 277  463
 280  460
 281  460
 282  459
 283  459
 284  458
 285  458
 288  455
 288  454
 284  450
 284  449
 280  445
 280  444
 279  443
 278  443
 277  442
 277  441
 269  433
 268  433
 265  430
 264  430
 261  427
 261  426
 260  425
 260  423
 258  421
 258  406
 260  404
 260  403
 261  402
 261  401
 263  399
 263  398
 256  391
 255  391
 252  388
 251  388
 246  383
 245  383
 243  381
 243  380
 240  377
 240  374
 239  373
 239  370
 238  369
 238  361
 237  360
 237  357
 228  348
 227  348
 225  346
 224  346
 222  344
 221  344
 219  342
 218  342
 211  335
 210  335
 206  331
 205  331
 202  328
 201  328
 198  325
 197  325
 194  322
 193  322
 192  321
 191  321
 190  320
 190  306
 191  305
 208  305
 209  306
 216  306
 217  307
 231  307
 232  306
 238  306
 239  305
 247  305
 248  304
 254  304
 255  303
 256  303
 258  301
 259  301
 260  300
 260  299
 264  295
 264  294
 267  291
 267  290
 270  287
 270  283
 273  280
 273  279
 274  278
 274  276
 275  275
 275  272
 276  271
 276  270
 280  266
 280  265
 281  264
 281  263
 283  261
 283  260
 284  259
 284  257
 285  256
 285  254
 286  253
 286  252
 290  248
 290  244
 291  243
 291  242
 294  239
 294  237
 295  236
 295  235
 296  234
 296  233
 297  232
 297  229
 299  227
 299  226
 301  224
 301  223
 302  222
 302  221
 303  220
 303  218
 304  217
 304  216
 306  214
 306  213
 307  212
 307  211
 308  210
 308  209
 309  208
 309  207
 310  206
 310  205
 311  204
 311  201
 313  199
 313  198
 314  197
 314  196
 317  193
 317  191
 318  190
 318  188
 320  186
 320  184
 323  181
 323  180
 324  179
 324  177
 325  176
 325  175
 327  173
 327  171
 328  170
 328  169
 330  167
 330  166
 333  163
 333  162
 334  161
 334  160
 335  159
 335  158
 337  156
 337  155
 338  154
 338  153
 340  151
 340  149
 341  148
 341  147
 343  145
 343  144
 344  143
 344  141
 345  140
 345  139
 346  138
 346  137
 347  136
 347  134
 348  133
 348  132
 349  131
 349  130
 350  129
 350  126
 351  125
 351  120
 352  119
 352  116
 353  115
 353  108
 352  107
 352  106
 351  105
 351  103
 350  102
 350  101
 347   98
 347   97
 346   96
 345   96
 343   94
 342   94
 341   93
 337   93
 336   92
 333   92
 332   91
