 326   90
 325   91
 320   91
 319   92
 315   92
 314   93
 312   93
 311   94
 308   94
 307   95
 305   95
 304   96
 301   96
 300   97
 299   97
 298   98
 296   98
 295   99
 293   99
 292  100
 291  100
 290  101
 289  101
 288  102
 287  102
 286  103
 285  103
 284  104
 283  104
 282  105
 281  105
 280  106
 279  106
 278  107
 277  107
 276  108
 275  108
 274  109
 273  109
 272  110
 271  110
 270  111
 269  111
 268  112
 267  112
 265  114
 264  114
 263  115
 262  115
 261  116
 260  116
 259  117
 258  117
 257  118
 256  118
 254  120
 253  120
 252  121
 251  121
 249  123
 248  123
 247  124
 246  124
 243  127
 242  127
 238  131
 237  131
 236  132
 235  132
 233  134
 232  134
 230  136
 229  136
 227  138
 226  138
 223  141
 222  141
 219  144
 218  144
 215  147
 214  147
 209  152
 208  152
 202  158
 201  158
 196  163
 195  163
 191  167
 190  167
 183  174
 182  174
 154  202
 154  203
 150  207
 150  208
 147  211
 147  212
 144  215
 144  216
 143  217
 143  218
 138  223
 138  224
 134  228
 134  229
 131  232
 131  233
 129  235
 129  236
 128  237
 128  238
 127  239
 127  241
 126  242
 126  243
 124  245
 124  247
 121  250
 121  251
 117  255
 117  283
 118  284
 138  284
 139  285
 139  299
 138  300
 130  300
 129  301
 124  301
 123  302
 123  303
 120  306
 113  306
 112  307
 112  316
 114  318
 114  319
 117  322
 117  324
 118  325
 118  326
 120  328
 120  330
 121  331
 121  332
 122  333
 122  334
 124  336
 124  337
 125  338
 125  339
 127  341
 127  344
 128  345
 128  346
 130  348
 130  351
 131  352
 131  354
 132  355
 132  356
 133  357
 133  359
 134  360
 134  362
 135  363
 135  364
 136  365
 136  366
 137  367
 137  370
 138  371
 138  373
 139  374
 139  375
 140  376
 140  380
 141  381
 141  384
 142  385
 142  387
 143  388
 143  392
 144  393
 144  397
 145  398
 145  401
 146  402
 146  404
 147  405
 147  410
 148  411
 148  417
 149  418
 149  428
 150  429
 150  431
 157  438
 157  439
 158  440
 158  441
 159  442
 159  443
 160  444
 160  448
 161  449
 161  452
 162  453
 162  454
 163  455
 163  457
 164  458
 164  464
 165  465
 165  467
 166  468
 166  472
 167  473
 167  482
 168  483
 168  486
 169  487
 169  488
 170  489
 170  490
 179  499
 180  499
 181  500
 182  500
 183  501
 187  501
 188  502
 209  502
 210  503
 211  503
 212  504
 213  504
 215  506
 215  507
 218  510
 218  511
 220  513
 220  514
 221  515
 221  516
 226  521
 229  521
 230  520
 247  520
 248  521
 250  521
 251  522
 252  522
 253  523
 254  523
 258  527
 259  527
 265  533
 265  534
 271  540
 271  541
 274  544
 274  545
 276  547
 276  548
 278  550
 278  551
 280  553
 280  554
 281  555
 281  556
 284  559
 284  560
 285  561
 285  562
 287  564
 287  565
 288  566
 288  567
 291  570
 291  571
 292  572
 292  573
 294  575
 294  576
 295  577
 295  578
 298  581
 298  582
 305  589
 305  590
 308  593
 309  593
 312  596
 313  596
 314  597
 315  597
 316  598
 318  598
 319  597
 320  597
 328  589
 328  587
 329  586
 329  585
 328  584
 328  582
 327  581
 327  578
 324  575
 324  574
 318  568
 318  567
 310  559
 310  558
 304  552
 304  551
 297  544
 297  543
 293  539
 293  538
 287  532
 287  531
 284  528
 284  527
 282  525
 282  524
 280  522
 280  521
 276  517
 276  516
 271  511
 271  510
 270  509
 270  508
 267  505
 267  504
 264  501
 264  500
 263  499
 263  498
 260  495
 260  493
 258  491
 258  490
 257  489
 257  485
 256  484
 256  480
 255  479
 255  464
 256  463
 256  458
 257  457
 257  455
 259  453
 259  452
 261  450
 262  450
 264  448
 265  448
 269  444
 269  443
 267  441
 267  440
 266  439
 266  438
 263  435
 263  434
 257  428
 257  427
 250  420
 250  419
 247  416
 247  415
 246  414
 246  395
 247  394
 247  393
 253  387
 250  384
 250  383
 237  370
 237  369
 236  368
 236  366
 235  365
 235  364
 234  363
 234  359
 233  358
 233  345
 232  344
 232  343
 230  341
 230  340
 221  331
 220  331
 200  311
 200  297
 201  296
 217  296
 218  297
 223  297
 224  298
 225  298
 226  297
 235  297
 236  296
 237  296
 238  295
 240  295
 241  294
 242  294
 243  293
 247  293
 248  292
 254  292
 263  283
 263  282
 267  278
 267  277
 273  271
 273  270
 276  267
 276  266
 278  264
 279  264
 280  263
 280  262
 283  259
 283  258
 287  254
 287  253
 289  251
 289  250
 291  248
 291  247
 293  245
 293  243
 296  240
 296  239
 297  238
 297  236
 299  234
 299  233
 300  232
 300  231
 301  230
 301  229
 303  227
 303  225
 306  222
 306  221
 307  220
 307  219
 309  217
 309  216
 310  215
 310  214
 312  212
 312  211
 314  209
 314  208
 315  207
 315  206
 317  204
 317  203
 318  202
 318  201
 319  200
 319  199
 320  198
 320  197
 321  196
 321  195
 324  192
 324  191
 327  188
 327  187
 328  186
 328  185
 330  183
 330  182
 333  179
 333  178
 334  177
 334  176
 337  173
 337  172
 338  171
 338  170
 340  168
 340  167
 341  166
 341  165
 347  159
 347  158
 350  155
 350  154
 353  151
 353  150
 354  149
 354  148
 355  147
 355  146
 357  144
 357  143
 358  142
 358  141
 360  139
 360  138
 362  136
 362  135
 363  134
 363  133
 365  131
 365  130
 366  129
 366  128
 367  127
 367  122
 368  121
 368  116
 369  115
 369  111
 368  110
 368  108
 367  107
 367  105
 365  103
 365  102
 358   95
 357   95
 356   94
 355   94
 354   93
 352   93
 351   92
 347   92
 346   91
 339   91
 338   90
