 332  114
 331  115
 326  115
 325  116
 320  116
 319  117
 316  117
 315  118
 312  118
 311  119
 308  119
 307  120
 305  120
 304  121
 301  121
 300  122
 299  122
 298  123
 295  123
 294  124
 293  124
 292  125
 290  125
 289  126
 288  126
 287  127
 285  127
 284  128
 282  128
 280  130
 278  130
 277  131
 276  131
 275  132
 274  132
 273  133
 272  133
 271  134
 270  134
 269  135
 268  135
 267  136
 266  136
 265  137
 264  137
 263  138
 262  138
 261  139
 260  139
 259  140
 258  140
 257  141
 256  141
 254  143
 253  143
 252  144
 251  144
 250  145
 249  145
 248  146
 247  146
 245  148
 244  148
 243  149
 242  149
 241  150
 240  150
 238  152
 237  152
 236  153
 235  153
 233  155
 232  155
 230  157
 229  157
 228  158
 227  158
 225  160
 224  160
 223  161
 222  161
 220  163
 219  163
 217  165
 216  165
 214  167
 213  167
 210  170
 209  170
 207  172
 206  172
 203  175
 202  175
 197  180
 196  180
 190  186
 189  186
 182  193
 181  193
 170  204
 169  204
 169  205
 167  207
 166  207
 159  214
 158  214
 143  229
 142  229
 142  230
 132  240
 132  241
 124  249
 124  250
 118  256
 118  257
 115  260
 115  261
 111  265
 111  266
 104  273
 101  273
  99  275
  99  292
 101  294
 106  294
 107  295
 107  309
 106  310
 105  310
 104  311
 103  311
 100  314
 100  315
  99  316
  99  319
  98  320
  98  325
  97  326
  97  337
  96  338
  93  338
  91  340
  91  352
  92  353
  92  354
  95  357
  95  358
  96  359
  96  360
  97  361
  97  365
  98  366
  98  368
  99  369
  99  370
 100  371
 100  372
 101  373
 101  376
 102  377
 102  379
 103  380
 103  381
 104  382
 104  387
 105  388
 105  390
 106  391
 106  393
 107  394
 107  396
 108  397
 108  399
 109  400
 109  402
 110  403
 110  405
 111  406
 111  411
 112  412
 112  414
 113  415
 113  418
 114  419
 114  424
 115  425
 115  429
 116  430
 116  432
 117  433
 117  437
 118  438
 118  444
 119  445
 119  447
 120  448
 120  451
 121  452
 121  457
 122  458
 122  459
 123  460
 123  462
 124  463
 124  466
 125  467
 125  470
 126  471
 126  473
 127  474
 127  476
 128  477
 128  479
 129  480
 129  481
 131  483
 131  485
 132  486
 132  487
 135  490
 135  491
 136  491
 138  493
 139  493
 143  497
 143  498
 144  499
 144  501
 145  502
 145  503
 146  504
 146  506
 147  507
 147  509
 148  510
 148  514
 149  515
 149  518
 150  519
 150  520
 151  521
 151  523
 152  524
 152  526
 154  528
 154  529
 155  530
 155  531
 156  532
 156  533
 160  537
 161  537
 163  539
 164  539
 165  540
 169  540
 170  539
 170  538
 171  537
 171  536
 172  535
 172  534
 175  531
 191  531
 192  532
 192  533
 193  534
 193  535
 194  536
 194  537
 195  538
 197  538
 200  535
 200  533
 201  532
 201  531
 207  525
 227  525
 229  527
 230  527
 234  531
 235  531
 240  536
 240  537
 243  540
 243  541
 244  542
 244  543
 245  544
 245  545
 246  546
 246  547
 248  549
 248  550
 249  551
 249  552
 250  553
 250  554
 251  555
 251  556
 252  557
 252  559
 254  561
 254  562
 255  563
 255  564
 258  567
 258  568
 261  571
 262  571
 264  573
 267  573
 268  572
 268  571
 270  569
 270  568
 271  567
 270  566
 270  564
 268  562
 268  561
 267  560
 267  559
 263  555
 263  554
 260  551
 260  550
 253  543
 252  543
 238  529
 238  528
 235  525
 235  524
 234  523
 234  522
 233  521
 233  520
 231  518
 231  517
 230  516
 230  514
 229  513
 229  512
 228  511
 228  510
 227  509
 227  488
 228  487
 228  485
 233  480
 236  480
 237  479
 240  479
 241  478
 242  478
 245  475
 245  474
 246  473
 246  469
 245  468
 245  449
 246  448
 246  447
 248  445
 249  445
 250  444
 257  444
 258  443
 260  443
 261  442
 262  442
 264  440
 264  438
 263  437
 263  421
 264  420
 267  420
 267  414
 268  413
 268  412
 271  409
 271  408
 272  407
 271  406
 271  403
 270  402
 270  401
 268  399
 268  398
 259  389
 259  387
 258  386
 258  383
 257  382
 257  375
 256  374
 256  372
 255  371
 255  370
 254  369
 254  368
 253  367
 253  366
 251  364
 251  363
 247  359
 247  358
 237  348
 236  348
 233  345
 232  345
 230  343
 229  343
 228  342
 227  342
 224  339
 224  325
 225  324
 243  324
 244  325
 265  325
 266  324
 278  324
 279  323
 280  323
 281  322
 282  322
 288  316
 289  316
 290  315
 291  315
 294  312
 294  311
 295  310
 295  309
 296  308
 296  306
 301  301
 301  300
 302  299
 302  294
 305  291
 306  291
 309  288
 309  287
 311  285
 311  283
 312  282
 312  281
 313  280
 313  278
 314  277
 314  268
 316  266
 317  266
 320  263
 320  262
 323  259
 323  258
 324  257
 324  255
 326  253
 326  252
 327  251
 327  249
 328  248
 328  244
 329  243
 329  239
 335  233
 335  232
 337  230
 337  229
 338  228
 338  227
 339  226
 339  225
 340  224
 340  222
 341  221
 341  219
 342  218
 342  216
 343  215
 343  214
 344  213
 344  212
 350  206
 350  205
 351  204
 351  203
 354  200
 354  199
 355  198
 355  197
 357  195
 357  194
 358  193
 358  192
 359  191
 359  190
 360  189
 360  188
 367  181
 367  180
 371  176
 371  175
 374  172
 374  171
 375  170
 375  169
 376  168
 376  167
 377  166
 377  165
 380  162
 380  161
 381  160
 381  159
 383  157
 383  156
 384  155
 384  153
 385  152
 385  151
 386  150
 386  149
 387  148
 387  146
 388  145
 388  141
 389  140
 389  134
 388  133
 388  130
 386  128
 386  127
 384  125
 383  125
 381  123
 380  123
 379  122
 378  122
 377  121
 376  121
 374  119
 372  119
 371  118
 370  118
 369  117
 366  117
 365  116
 361  116
 360  115
 355  115
 354  114
