 333  124
 332  125
 329  125
 328  126
 324  126
 323  127
 321  127
 320  128
 317  128
 316  129
 315  129
 314  130
 311  130
 310  131
 309  131
 308  132
 306  132
 305  133
 303  133
 302  134
 301  134
 300  135
 298  135
 297  136
 296  136
 295  137
 293  137
 292  138
 291  138
 290  139
 289  139
 288  140
 287  140
 286  141
 285  141
 284  142
 283  142
 282  143
 281  143
 280  144
 279  144
 278  145
 277  145
 276  146
 275  146
 273  148
 272  148
 270  150
 269  150
 267  152
 266  152
 265  153
 264  153
 262  155
 261  155
 259  157
 258  157
 256  159
 255  159
 253  161
 252  161
 250  163
 249  163
 246  166
 245  166
 242  169
 241  169
 238  172
 237  172
 233  176
 232  176
 228  180
 227  180
 223  184
 222  184
 218  188
 217  188
 212  193
 211  193
 202  202
 201  202
 194  209
 194  210
 192  212
 191  212
 191  213
 189  215
 188  215
 188  216
 164  240
 164  241
 153  252
 153  253
 144  262
 144  263
 138  269
 138  270
 131  277
 131  278
 127  282
 127  283
 121  289
 121  290
 117  294
 117  295
 114  298
 114  299
 110  303
 109  303
 108  304
 106  304
 105  305
 104  305
 104  320
 105  321
 113  321
 114  322
 114  336
 113  337
 113  338
 111  340
 111  342
 110  343
 110  345
 109  346
 109  349
 108  350
 108  356
 106  358
 106  364
 107  365
 107  368
 110  371
 110  372
 117  379
 117  380
 120  383
 120  384
 122  386
 122  387
 123  388
 123  390
 124  391
 124  392
 126  394
 126  395
 127  396
 127  398
 129  400
 129  402
 130  403
 130  405
 132  407
 132  408
 133  409
 133  410
 134  411
 134  412
 135  413
 135  414
 136  415
 136  416
 137  417
 137  418
 138  419
 138  420
 139  421
 139  422
 140  423
 140  425
 142  427
 142  428
 143  429
 143  431
 144  432
 144  433
 145  434
 145  435
 146  436
 146  438
 147  439
 147  441
 148  442
 148  444
 149  445
 149  446
 150  447
 150  451
 151  452
 151  454
 152  455
 152  456
 153  457
 153  463
 154  464
 154  468
 155  469
 155  471
 156  472
 156  481
 157  482
 157  486
 158  487
 158  489
 159  490
 159  492
 160  493
 160  496
 161  497
 161  498
 162  499
 162  500
 163  501
 163  504
 164  505
 164  506
 167  509
 167  510
 169  512
 170  512
 171  513
 172  513
 173  514
 177  514
 178  515
 185  515
 189  519
 189  524
 190  525
 190  528
 191  529
 191  531
 193  533
 193  535
 194  536
 194  537
 197  540
 197  541
 204  548
 205  548
 206  549
 207  549
 208  550
 209  550
 212  547
 212  542
 213  541
 213  540
 216  537
 232  537
 233  538
 233  539
 234  540
 234  542
 239  547
 241  547
 243  545
 243  541
 244  540
 244  530
 248  526
 267  526
 283  542
 284  542
 285  543
 285  544
 299  558
 300  558
 304  562
 306  562
 304  560
 304  559
 303  558
 303  557
 300  554
 300  553
 294  547
 294  546
 290  542
 290  541
 286  537
 286  536
 283  533
 283  532
 279  528
 279  527
 273  521
 273  520
 270  517
 270  516
 269  515
 269  514
 266  511
 266  508
 265  507
 265  491
 269  487
 269  486
 270  485
 281  485
 284  482
 284  479
 283  478
 283  476
 279  472
 279  456
 283  452
 287  452
 288  451
 291  451
 292  450
 293  450
 296  447
 296  442
 291  437
 289  437
 288  436
 287  436
 286  435
 285  435
 283  433
 283  417
 286  414
 287  414
 288  413
 290  413
 291  412
 293  412
 293  409
 292  408
 292  407
 288  403
 287  403
 286  402
 285  402
 284  401
 281  401
 280  400
 278  400
 277  399
 276  399
 275  398
 274  398
 271  395
 271  394
 270  393
 270  377
 271  376
 264  369
 263  369
 261  367
 260  367
 259  366
 258  366
 256  364
 255  364
 253  362
 252  362
 251  361
 250  361
 249  360
 248  360
 247  359
 246  359
 245  358
 245  344
 246  343
 263  343
 264  344
 269  344
 270  343
 282  343
 283  342
 286  342
 287  341
 288  341
 293  336
 294  336
 299  331
 299  330
 300  329
 300  328
 301  327
 301  326
 304  323
 304  322
 307  319
 307  318
 309  316
 309  315
 310  314
 310  311
 311  310
 311  307
 312  306
 312  300
 313  299
 313  296
 316  293
 316  292
 318  290
 318  289
 320  287
 320  285
 321  284
 321  283
 322  282
 322  278
 323  277
 323  262
 324  261
 324  260
 326  258
 326  257
 327  256
 327  254
 328  253
 328  252
 329  251
 329  249
 330  248
 330  234
 331  233
 331  231
 332  230
 332  229
 333  228
 333  226
 337  222
 337  221
 339  219
 339  217
 340  216
 340  210
 341  209
 341  207
 342  206
 342  205
 343  204
 343  203
 347  199
 347  198
 350  195
 350  194
 353  191
 353  189
 354  188
 354  187
 355  186
 355  185
 356  184
 356  183
 360  179
 360  178
 361  177
 362  177
 363  176
 363  175
 367  171
 367  170
 369  168
 369  167
 370  166
 370  164
 372  162
 372  161
 373  160
 373  159
 374  158
 374  157
 375  156
 375  155
 376  154
 376  152
 375  151
 375  150
 373  148
 373  147
 367  141
 367  140
 366  139
 366  130
 364  128
 362  128
 361  127
 359  127
 358  126
 355  126
 354  125
 350  125
 349  124
