 352   76
 351   77
 338   77
 337   78
 321   78
 320   79
 315   79
 314   80
 306   80
 305   81
 301   81
 300   82
 295   82
 294   83
 290   83
 289   84
 285   84
 284   85
 280   85
 279   86
 276   86
 275   87
 270   87
 269   88
 267   88
 266   89
 262   89
 261   90
 259   90
 258   91
 256   91
 255   92
 253   92
 252   93
 250   93
 249   94
 247   94
 246   95
 244   95
 243   96
 241   96
 240   97
 238   97
 237   98
 235   98
 234   99
 232   99
 231  100
 229  100
 228  101
 227  101
 226  102
 224  102
 223  103
 221  103
 220  104
 219  104
 218  105
 216  105
 215  106
 213  106
 212  107
 210  107
 209  108
 208  108
 207  109
 205  109
 204  110
 202  110
 201  111
 200  111
 199  112
 197  112
 196  113
 195  113
 194  114
 192  114
 191  115
 190  115
 189  116
 187  116
 186  117
 185  117
 184  118
 182  118
 180  120
 179  120
 178  121
 177  121
 176  122
 175  122
 174  123
 172  123
 171  124
 170  124
 169  125
 168  125
 167  126
 166  126
 165  127
 164  127
 163  128
 162  128
 161  129
 160  129
 159  130
 158  130
 156  132
 155  132
 154  133
 153  133
 151  135
 150  135
 149  136
 148  136
 146  138
 144  138
 142  140
 141  140
 140  141
 139  141
 138  142
 137  142
 135  144
 134  144
 132  146
 131  146
 128  149
 127  149
 124  152
 123  152
 121  154
 120  154
 117  157
 116  157
 115  158
 114  158
 112  160
 111  160
 109  162
 108  162
 106  164
 105  164
 104  165
 103  165
 101  167
 100  167
  89  178
  88  178
  79  187
  78  187
  75  190
  74  190
  67  197
  67  198
  65  200
  64  200
  61  203
  55  203
  53  205
  53  224
  55  226
  62  226
  63  227
  63  241
  62  242
  60  242
  59  243
  58  243
  57  244
  55  244
  54  245
  53  245
  52  246
  51  246
  48  249
  48  250
  47  251
  47  253
  46  254
  46  257
  45  258
  45  261
  44  262
  44  265
  43  266
  43  270
  42  271
  42  276
  41  277
  41  289
  42  290
  42  293
  43  294
  43  309
  41  311
  41  312
  40  313
  40  324
  41  325
  41  329
  42  330
  42  332
  43  333
  43  334
  44  335
  44  336
  46  338
  46  339
  47  340
  47  341
  53  347
  54  347
  60  353
  60  372
  59  373
  59  378
  58  379
  58  388
  57  389
  57  400
  56  401
  56  403
  57  404
  57  410
  58  411
  58  413
  59  414
  59  415
  60  416
  60  420
  61  421
  61  423
  63  425
  63  426
  65  428
  65  429
  70  434
  70  435
  71  436
  71  437
  73  439
  73  465
  72  466
  72  467
  71  468
  71  470
  70  471
  70  476
  69  477
  69  478
  68  479
  68  480
  67  481
  67  493
  68  494
  68  495
  70  497
  70  498
  72  500
  72  501
  75  504
  76  504
  77  505
  80  505
  81  504
  98  504
  99  505
 102  505
 103  506
 105  506
 106  507
 107  507
 108  508
 109  508
 111  510
 112  510
 114  512
 114  513
 115  514
 115  532
 114  533
 114  546
 115  547
 115  549
 116  550
 116  551
 117  552
 117  554
 118  555
 118  556
 122  560
 123  560
 124  561
 125  561
 126  562
 129  562
 130  563
 131  562
 132  562
 133  561
 134  561
 136  559
 137  559
 139  557
 140  557
 142  555
 143  555
 144  554
 145  554
 146  553
 148  553
 149  552
 169  552
 171  554
 171  555
 172  556
 172  557
 173  558
 173  559
 174  560
 174  562
 176  564
 176  565
 177  566
 177  571
 178  572
 178  576
 179  577
 179  579
 180  580
 180  587
 181  588
 181  592
 182  593
 182  595
 183  596
 183  597
 184  598
 184  601
 190  607
 191  607
 193  609
 195  609
 196  610
 197  610
 198  611
 204  611
 205  610
 206  610
 207  609
 209  609
 212  606
 213  606
 217  602
 217  601
 219  599
 219  598
 220  597
 220  596
 222  594
 222  593
 223  592
 223  581
 222  580
 222  579
 221  578
 221  577
 220  576
 220  574
 219  573
 219  572
 216  569
 216  568
 213  565
 213  563
 210  560
 210  559
 209  558
 209  557
 207  555
 207  554
 206  553
 206  552
 203  549
 203  548
 200  545
 200  544
 199  543
 199  541
 197  539
 197  538
 196  537
 196  536
 195  535
 195  534
 193  532
 193  529
 192  528
 192  526
 190  524
 190  503
 191  502
 191  500
 192  499
 192  498
 193  497
 193  495
 195  493
 195  492
 202  485
 204  485
 205  484
 207  484
 208  483
 214  483
 215  482
 218  482
 220  480
 221  480
 222  479
 222  478
 224  476
 224  475
 226  473
 226  471
 227  470
 227  466
 226  465
 226  462
 225  461
 225  460
 223  458
 223  456
 220  453
 220  452
 213  445
 213  444
 206  437
 206  436
 203  433
 203  432
 200  429
 200  428
 199  427
 199  425
 198  424
 198  423
 197  422
 197  403
 198  402
 198  401
 199  400
 199  398
 200  397
 200  396
 203  393
 203  392
 204  391
 204  390
 206  388
 206  382
 205  381
 205  380
 203  378
 203  376
 202  375
 202  374
 200  372
 200  370
 199  369
 199  368
 197  366
 197  365
 196  364
 196  362
 194  360
 194  359
 193  358
 193  354
 192  353
 192  332
 191  331
 191  329
 190  328
 190  326
 189  325
 189  324
 187  322
 187  321
 186  320
 186  319
 183  316
 183  315
 182  314
 182  313
 179  310
 177  310
 176  309
 176  294
 177  293
 192  293
 193  294
 194  294
 195  295
 201  295
 202  296
 234  296
 235  295
 241  295
 242  294
 243  294
 244  293
 246  293
 247  292
 248  292
 249  291
 250  291
 251  290
 252  290
 253  289
 254  289
 255  288
 256  288
 257  287
 258  287
 259  286
 260  286
 261  285
 262  285
 264  283
 265  283
 266  282
 267  282
 269  280
 270  280
 277  273
 278  273
 279  272
 280  272
 281  271
 283  271
 284  270
 285  270
 287  268
 288  268
 292  264
 293  264
 294  263
 296  263
 298  261
 299  261
 305  255
 306  255
 307  254
 309  254
 310  253
 311  253
 312  252
 313  252
 319  246
 321  246
 322  245
 323  245
 324  244
 325  244
 326  243
 327  243
 332  238
 333  238
 335  236
 336  236
 339  233
 340  233
 345  228
 345  227
 346  226
 347  226
 348  225
 349  225
 350  224
 350  223
 351  222
 352  222
 354  220
 354  219
 360  213
 360  212
 370  202
 370  201
 371  200
 372  200
 386  186
 386  185
 391  180
 392  180
 404  168
 404  167
 413  158
 413  157
 420  150
 420  149
 427  142
 427  141
 430  138
 430  137
 432  135
 432  134
 433  133
 433  132
 436  129
 436  128
 437  127
 437  126
 438  125
 438  123
 439  122
 439  121
 440  120
 440  116
 439  115
 439  114
 438  113
 438  108
 437  107
 437  106
 430   99
 429   99
 426   96
 425   96
 423   94
 422   94
 420   92
 419   92
 418   91
 417   91
 416   90
 415   90
 414   89
 413   89
 412   88
 411   88
 410   87
 408   87
 407   86
 406   86
 405   85
 403   85
 402   84
 401   84
 400   83
 397   83
 396   82
 393   82
 392   81
 389   81
 388   80
 383   80
 382   79
 378   79
 377   78
 366   78
 365   77
 354   77
 353   76
