 350   82
 349   83
 343   83
 342   84
 337   84
 336   85
 334   85
 333   86
 329   86
 328   87
 326   87
 325   88
 322   88
 321   89
 319   89
 318   90
 316   90
 315   91
 312   91
 311   92
 310   92
 309   93
 306   93
 305   94
 304   94
 303   95
 301   95
 300   96
 299   96
 298   97
 296   97
 295   98
 294   98
 293   99
 291   99
 290  100
 289  100
 288  101
 287  101
 286  102
 284  102
 283  103
 282  103
 281  104
 280  104
 279  105
 278  105
 277  106
 275  106
 274  107
 273  107
 272  108
 271  108
 270  109
 269  109
 268  110
 267  110
 265  112
 264  112
 263  113
 262  113
 261  114
 260  114
 259  115
 258  115
 256  117
 255  117
 254  118
 253  118
 252  119
 251  119
 249  121
 248  121
 246  123
 245  123
 243  125
 242  125
 240  127
 239  127
 237  129
 236  129
 234  131
 233  131
 231  133
 230  133
 227  136
 226  136
 224  138
 223  138
 219  142
 218  142
 212  148
 211  148
 205  154
 204  154
 170  188
 170  189
 164  195
 164  196
 157  203
 157  204
 153  208
 153  209
 149  213
 149  214
 148  215
 147  215
 147  216
 143  220
 143  221
 139  225
 139  226
 136  229
 136  230
 133  233
 133  234
 130  237
 130  238
 126  242
 126  243
 120  249
 120  250
 116  254
 116  255
 113  258
 113  259
 110  262
 110  263
 107  266
 107  267
 106  268
 106  269
 105  270
 105  271
 103  273
 103  274
 102  275
 102  277
 100  279
 100  280
  99  281
  99  283
  97  285
  97  286
  96  287
  96  288
  94  290
  94  291
  93  292
  93  294
  91  296
  91  305
  92  306
 100  306
 101  307
 101  321
  98  324
  98  325
  96  327
  96  329
  95  330
  95  333
  94  334
  94  337
  93  338
  93  351
  92  352
  90  352
  89  353
  89  360
  90  361
  90  362
  91  363
  91  372
  92  373
  92  379
  93  380
  93  383
  94  384
  94  385
  95  386
  95  387
  96  388
  96  390
  98  392
  98  393
  99  394
  99  395
 100  396
 100  397
 102  399
 102  401
 103  402
 103  403
 104  404
 104  405
 105  406
 105  408
 106  409
 106  412
 107  413
 107  415
 108  416
 108  417
 109  418
 109  420
 110  421
 110  422
 113  425
 115  425
 116  426
 119  426
 120  427
 121  427
 122  428
 123  428
 125  430
 126  430
 128  432
 128  452
 127  453
 127  455
 126  456
 126  458
 125  459
 125  460
 123  462
 123  463
 122  464
 122  466
 121  467
 122  468
 122  470
 123  471
 123  472
 124  473
 124  474
 126  476
 126  477
 127  478
 127  479
 128  480
 128  481
 129  482
 129  483
 130  484
 130  485
 131  486
 131  487
 132  488
 132  489
 133  490
 133  492
 134  493
 134  494
 135  495
 135  496
 136  497
 136  501
 137  502
 137  504
 138  505
 138  506
 139  507
 139  509
 140  510
 140  512
 141  513
 141  514
 142  515
 142  517
 143  518
 143  520
 144  521
 144  522
 145  523
 145  524
 146  525
 146  527
 147  528
 147  529
 149  531
 149  532
 152  535
 153  535
 156  538
 157  538
 159  540
 160  540
 163  543
 164  543
 167  546
 168  546
 170  548
 171  548
 172  549
 172  558
 173  559
 173  564
 174  565
 174  567
 175  568
 175  569
 176  570
 176  572
 177  573
 177  574
 178  575
 178  576
 179  577
 179  578
 181  580
 181  581
 187  587
 188  587
 190  589
 191  589
 192  590
 195  590
 198  587
 214  587
 215  588
 216  588
 217  589
 218  589
 219  590
 221  590
 222  591
 223  591
 227  595
 228  595
 230  597
 230  598
 231  599
 232  599
 235  602
 236  602
 238  604
 241  604
 245  600
 245  599
 247  597
 264  597
 265  598
 266  598
 267  599
 268  599
 269  600
 270  600
 272  602
 273  602
 275  604
 276  604
 277  605
 279  605
 280  604
 281  604
 282  603
 282  602
 283  601
 283  600
 284  599
 284  592
 283  591
 283  587
 282  586
 282  582
 281  581
 281  580
 280  579
 280  577
 279  576
 279  572
 278  571
 278  568
 277  567
 277  566
 276  565
 276  563
 275  562
 275  559
 274  558
 274  555
 273  554
 273  531
 274  530
 274  528
 275  527
 275  523
 276  522
 276  521
 280  517
 282  517
 283  516
 286  516
 287  515
 288  515
 289  514
 290  514
 291  513
 292  513
 294  511
 294  510
 295  509
 295  508
 296  507
 296  493
 295  492
 295  468
 299  464
 300  464
 301  463
 302  463
 303  462
 304  462
 305  461
 306  461
 307  460
 308  460
 308  459
 310  457
 310  456
 311  455
 311  454
 310  453
 310  451
 309  450
 309  446
 308  445
 308  444
 306  442
 306  440
 305  439
 305  438
 303  436
 303  435
 302  434
 302  418
 303  417
 303  416
 305  414
 305  411
 304  410
 304  409
 303  408
 303  406
 302  405
 302  403
 300  401
 300  400
 299  399
 299  398
 298  397
 298  396
 296  394
 296  393
 294  391
 294  390
 292  388
 292  387
 291  386
 291  385
 289  383
 289  382
 286  379
 286  378
 285  377
 285  376
 284  375
 284  374
 282  372
 282  371
 278  367
 278  366
 270  358
 269  358
 267  356
 266  356
 264  354
 263  354
 261  352
 260  352
 259  351
 258  351
 257  350
 256  350
 255  349
 254  349
 253  348
 251  348
 250  347
 249  347
 248  346
 247  346
 246  345
 246  331
 247  330
 270  330
 271  331
 272  330
 279  330
 280  329
 284  329
 285  328
 291  328
 292  327
 300  327
 301  326
 303  326
 304  325
 305  325
 306  324
 307  324
 311  320
 312  320
 314  318
 314  317
 316  315
 316  313
 317  312
 317  311
 320  308
 321  308
 323  306
 323  305
 324  304
 324  302
 328  298
 328  297
 329  296
 329  295
 330  294
 330  293
 331  292
 331  291
 332  290
 332  288
 333  287
 333  285
 334  284
 334  282
 335  281
 335  272
 338  269
 338  268
 341  265
 341  264
 342  263
 342  262
 344  260
 344  259
 345  258
 345  256
 346  255
 346  250
 347  249
 347  237
 348  236
 348  234
 349  233
 349  231
 352  228
 352  227
 355  224
 355  222
 356  221
 356  219
 357  218
 357  216
 358  215
 358  210
 357  209
 357  191
 358  190
 358  188
 359  187
 359  184
 360  183
 360  180
 361  179
 361  176
 362  175
 362  170
 363  169
 363  168
 365  166
 365  165
 368  162
 368  161
 369  160
 369  159
 370  158
 370  157
 372  155
 372  152
 373  151
 373  148
 375  146
 375  145
 377  143
 377  142
 379  140
 379  139
 380  138
 380  137
 382  135
 382  133
 383  132
 383  131
 385  129
 385  128
 386  127
 386  126
 388  124
 388  123
 389  122
 389  120
 390  119
 390  117
 391  116
 391  113
 392  112
 392  110
 391  109
 391  106
 390  105
 390  102
 389  101
 389   99
 388   98
 388   97
 386   95
 386   94
 382   90
 381   90
 379   88
 378   88
 377   87
 376   87
 375   86
 373   86
 372   85
 370   85
 369   84
 366   84
 365   83
 361   83
 360   82
