 359  107
 358  108
 351  108
 350  109
 340  109
 339  110
 333  110
 332  111
 326  111
 325  112
 320  112
 319  113
 316  113
 315  114
 310  114
 309  115
 306  115
 305  116
 301  116
 300  117
 297  117
 296  118
 293  118
 292  119
 290  119
 289  120
 287  120
 286  121
 284  121
 283  122
 281  122
 280  123
 277  123
 276  124
 275  124
 274  125
 272  125
 271  126
 269  126
 268  127
 266  127
 265  128
 264  128
 263  129
 261  129
 260  130
 258  130
 257  131
 256  131
 255  132
 253  132
 252  133
 251  133
 250  134
 248  134
 247  135
 246  135
 245  136
 244  136
 243  137
 242  137
 241  138
 240  138
 239  139
 238  139
 237  140
 236  140
 235  141
 234  141
 233  142
 232  142
 231  143
 230  143
 229  144
 228  144
 226  146
 225  146
 224  147
 223  147
 221  149
 220  149
 219  150
 218  150
 216  152
 215  152
 213  154
 212  154
 210  156
 209  156
 208  157
 207  157
 205  159
 204  159
 202  161
 201  161
 200  162
 199  162
 197  164
 196  164
 195  165
 194  165
 193  166
 192  166
 191  167
 190  167
 188  169
 187  169
 186  170
 185  170
 184  171
 183  171
 181  173
 180  173
 179  174
 178  174
 176  176
 175  176
 173  178
 172  178
 171  179
 170  179
 168  181
 167  181
 166  182
 165  182
 164  183
 163  183
 161  185
 159  185
 157  187
 156  187
 155  188
 154  188
 153  189
 152  189
 151  190
 150  190
 148  192
 147  192
 145  194
 144  194
 142  196
 141  196
 138  199
 137  199
 134  202
 133  202
 130  205
 129  205
 126  208
 125  208
 122  211
 121  211
 117  215
 116  215
  82  249
  81  249
  80  250
  80  251
  73  258
  72  258
  71  259
  69  259
  67  261
  67  267
  68  268
  68  269
  69  270
  83  270
  84  271
  84  285
  83  286
  79  286
  78  287
  76  287
  75  288
  73  288
  72  289
  72  290
  70  292
  70  294
  69  295
  69  300
  68  301
  68  316
  67  317
  67  320
  66  321
  63  321
  62  322
  62  326
  63  327
  63  328
  64  329
  64  330
  66  332
  66  333
  67  334
  67  335
  68  336
  68  337
  69  338
  69  339
  70  340
  70  342
  71  343
  71  344
  72  345
  72  346
  73  347
  73  348
  74  349
  74  351
  75  352
  75  353
  77  355
  77  357
  78  358
  78  359
  79  360
  79  361
  80  362
  80  364
  81  365
  81  367
  82  368
  82  369
  83  370
  83  372
  84  373
  84  375
  85  376
  85  378
  87  380
  87  382
  88  383
  88  384
  90  386
  90  387
  91  388
  91  390
  92  391
  92  392
  94  394
  94  397
  95  398
  95  399
  97  401
  97  402
  98  403
  98  404
  99  405
  99  406
 101  408
 101  409
 102  410
 102  411
 104  413
 104  415
 105  416
 105  417
 107  419
 107  420
 111  424
 111  425
 116  430
 117  430
 122  435
 122  436
 123  437
 123  439
 124  440
 124  448
 125  449
 125  452
 126  453
 126  470
 125  471
 125  481
 126  482
 126  484
 127  485
 127  488
 128  489
 128  491
 129  492
 129  493
 131  495
 131  496
 137  502
 138  502
 139  503
 141  503
 142  504
 143  503
 167  503
 168  504
 169  504
 173  508
 173  509
 174  510
 174  515
 175  516
 175  519
 176  520
 176  522
 177  523
 177  525
 178  526
 178  527
 179  528
 179  529
 183  533
 184  533
 185  534
 189  534
 190  533
 191  533
 195  529
 195  528
 196  527
 196  526
 197  525
 197  524
 198  523
 198  522
 200  520
 200  518
 203  515
 204  515
 206  513
 207  513
 208  512
 210  512
 211  511
 213  511
 214  510
 215  510
 216  509
 218  509
 219  508
 238  508
 239  509
 240  509
 242  511
 242  512
 245  515
 245  516
 248  519
 248  521
 249  522
 249  523
 250  524
 250  525
 251  526
 251  528
 252  529
 252  532
 253  533
 253  534
 254  535
 254  540
 255  541
 255  553
 256  554
 256  557
 257  558
 257  560
 258  561
 258  563
 259  564
 259  565
 261  567
 261  568
 262  569
 262  570
 265  573
 265  574
 268  577
 269  577
 271  579
 272  579
 273  580
 279  580
 280  579
 281  579
 282  578
 283  578
 285  576
 286  576
 291  571
 291  570
 294  567
 294  565
 295  564
 295  560
 296  559
 296  557
 295  556
 295  553
 294  552
 294  550
 293  549
 293  548
 291  546
 291  545
 285  539
 284  539
 282  537
 281  537
 279  535
 278  535
 276  533
 275  533
 274  532
 273  532
 271  530
 270  530
 269  529
 268  529
 266  527
 265  527
 263  525
 262  525
 260  523
 259  523
 256  520
 255  520
 249  514
 248  514
 247  513
 247  512
 246  511
 245  511
 244  510
 244  509
 237  502
 237  481
 238  480
 238  479
 239  478
 239  477
 240  476
 240  475
 243  472
 243  471
 250  464
 251  464
 253  462
 254  462
 260  456
 260  453
 258  451
 258  450
 257  449
 257  448
 251  442
 251  441
 243  433
 242  433
 238  429
 237  429
 233  425
 233  407
 234  406
 234  405
 237  402
 237  401
 240  398
 240  397
 242  395
 242  394
 243  393
 243  391
 240  388
 240  387
 239  386
 238  386
 237  385
 237  384
 236  383
 235  383
 232  380
 231  380
 227  376
 226  376
 222  372
 221  372
 218  369
 217  369
 210  362
 210  361
 209  360
 209  348
 208  347
 208  346
 207  345
 207  344
 203  340
 203  339
 202  338
 201  338
 196  333
 195  333
 193  331
 192  331
 190  329
 189  329
 186  326
 185  326
 182  323
 181  323
 180  322
 180  308
 181  307
 209  307
 210  308
 218  308
 219  307
 234  307
 235  306
 239  306
 240  305
 241  305
 242  304
 244  304
 245  303
 246  303
 247  302
 248  302
 249  301
 251  301
 252  300
 254  300
 255  299
 256  299
 257  298
 259  298
 261  296
 262  296
 263  295
 264  295
 266  293
 267  293
 268  292
 269  292
 270  291
 271  291
 272  290
 273  290
 274  289
 275  289
 278  286
 279  286
 281  284
 283  284
 289  278
 290  278
 293  275
 293  274
 296  271
 297  271
 298  270
 301  270
 304  267
 305  267
 315  257
 316  257
 319  254
 320  254
 329  245
 330  245
 332  243
 333  243
 336  240
 337  240
 339  238
 340  238
 345  233
 346  233
 347  232
 347  231
 349  229
 350  229
 355  224
 356  224
 361  219
 361  218
 362  217
 363  217
 364  216
 364  215
 365  214
 366  214
 368  212
 369  212
 370  211
 371  211
 373  209
 374  209
 401  182
 401  181
 403  179
 403  178
 404  177
 404  176
 407  173
 407  172
 411  168
 411  167
 413  165
 413  164
 414  163
 414  160
 415  159
 415  155
 416  154
 416  153
 417  152
 417  150
 418  149
 418  146
 419  145
 419  142
 418  141
 418  138
 417  137
 417  136
 416  135
 416  134
 415  133
 415  132
 414  131
 414  130
 411  127
 411  126
 410  126
 407  123
 406  123
 404  121
 403  121
 402  120
 401  120
 400  119
 399  119
 398  118
 397  118
 396  117
 395  117
 394  116
 393  116
 392  115
 391  115
 390  114
 387  114
 386  113
 385  113
 384  112
 382  112
 381  111
 379  111
 378  110
 376  110
 375  109
 371  109
 370  108
 367  108
 366  107
