 348   60
 347   61
 336   61
 335   62
 332   62
 331   63
 327   63
 326   64
 324   64
 323   65
 321   65
 320   66
 317   66
 316   67
 315   67
 314   68
 312   68
 311   69
 309   69
 308   70
 306   70
 305   71
 304   71
 303   72
 301   72
 300   73
 299   73
 298   74
 297   74
 296   75
 294   75
 293   76
 292   76
 291   77
 290   77
 288   79
 286   79
 285   80
 284   80
 283   81
 282   81
 280   83
 279   83
 278   84
 277   84
 275   86
 274   86
 272   88
 271   88
 269   90
 268   90
 265   93
 264   93
 261   96
 260   96
 256  100
 255  100
 251  104
 250  104
 241  113
 240  113
 231  122
 230  122
 220  132
 219  132
 199  152
 199  153
 189  163
 189  164
 180  173
 180  174
 172  182
 172  183
 163  192
 163  193
 156  200
 156  201
 152  205
 152  206
 149  209
 149  210
 147  212
 147  213
 145  215
 145  216
 142  219
 142  220
 139  223
 139  224
 135  228
 135  229
 133  231
 133  232
 130  235
 130  236
 128  238
 128  239
 126  241
 126  242
 125  243
 125  244
 122  247
 122  249
 119  252
 119  253
 118  254
 118  255
 115  258
 115  259
 113  261
 113  262
 112  263
 112  264
 109  267
 109  268
 108  269
 108  271
 106  273
 106  274
 105  275
 105  277
 104  278
 104  279
 103  280
 103  281
 102  282
 102  284
 100  286
 100  287
  99  288
  99  290
  96  293
  96  295
  95  296
  95  297
  94  298
  94  299
  92  301
  92  303
  91  304
  91  305
  89  307
  89  309
  88  310
  88  312
  86  314
  86  316
  85  317
  85  319
  82  322
  82  323
  81  324
  81  340
  83  342
  92  342
  93  343
  93  357
  91  359
  91  360
  88  363
  88  367
  87  368
  87  373
  86  374
  84  374
  83  375
  83  414
  89  420
  89  421
  91  423
  91  424
  92  425
  92  429
  93  430
  93  432
  94  433
  94  434
  95  435
  95  439
  96  440
  96  442
  97  443
  97  445
  98  446
  98  449
  99  450
  99  452
 100  453
 100  454
 101  455
 101  457
 102  458
 102  460
 103  461
 103  462
 104  463
 104  464
 105  465
 105  467
 106  468
 106  470
 107  471
 107  472
 108  473
 108  474
 109  475
 109  477
 110  478
 110  479
 111  480
 111  482
 112  483
 112  485
 114  487
 114  488
 115  489
 115  491
 116  492
 116  494
 117  495
 117  496
 118  497
 118  499
 119  500
 119  501
 120  502
 120  504
 121  505
 121  507
 122  508
 122  510
 123  511
 123  512
 124  513
 124  514
 125  515
 125  517
 126  518
 126  520
 128  522
 128  524
 129  525
 129  527
 130  528
 130  530
 131  531
 131  532
 132  533
 132  536
 133  537
 133  538
 135  540
 135  542
 136  543
 136  544
 138  546
 138  547
 144  553
 145  553
 148  556
 149  556
 152  559
 153  559
 155  561
 156  561
 158  563
 159  563
 160  564
 161  564
 162  565
 164  565
 165  566
 166  566
 167  567
 171  567
 172  568
 196  568
 197  569
 212  569
 213  570
 214  570
 215  571
 216  571
 217  572
 218  572
 220  574
 221  574
 225  578
 225  579
 226  580
 226  581
 228  583
 228  584
 229  585
 229  587
 230  588
 230  589
 231  590
 231  592
 232  593
 232  595
 233  596
 233  598
 234  599
 234  600
 235  601
 235  602
 236  603
 236  604
 240  608
 241  608
 243  610
 244  610
 245  611
 246  611
 247  612
 251  612
 252  611
 254  611
 255  610
 256  610
 258  608
 259  608
 260  607
 261  607
 263  605
 264  605
 265  604
 266  604
 267  603
 270  603
 271  602
 289  602
 290  603
 291  603
 292  604
 292  605
 293  606
 293  607
 295  609
 295  610
 296  611
 296  613
 298  615
 298  616
 300  618
 300  619
 305  624
 306  624
 307  625
 308  625
 309  626
 311  626
 312  627
 313  627
 314  626
 316  626
 317  625
 318  625
 320  623
 321  623
 325  619
 325  617
 326  616
 326  615
 327  614
 327  613
 328  612
 328  609
 333  604
 350  604
 351  605
 353  605
 354  606
 355  606
 366  617
 366  618
 368  620
 369  620
 370  621
 370  622
 371  622
 374  625
 375  625
 376  626
 377  626
 378  627
 381  627
 382  628
 383  627
 386  627
 387  626
 388  626
 389  625
 390  625
 391  624
 392  624
 395  621
 395  620
 398  617
 398  615
 399  614
 398  613
 398  611
 396  609
 396  608
 395  607
 395  606
 392  603
 392  602
 389  599
 389  598
 388  597
 387  597
 386  596
 386  595
 381  590
 381  589
 379  587
 379  586
 376  583
 375  583
 373  581
 372  581
 370  579
 369  579
 368  578
 367  578
 366  577
 364  577
 363  576
 362  576
 361  575
 359  575
 358  574
 356  574
 355  573
 353  573
 352  572
 350  572
 349  571
 347  571
 346  570
 343  570
 342  569
 341  569
 340  568
 338  568
 337  567
 336  567
 332  563
 332  562
 331  561
 331  558
 330  557
 330  536
 331  535
 331  532
 332  531
 332  529
 333  528
 333  527
 335  525
 335  524
 336  523
 337  523
 339  521
 341  521
 343  519
 344  519
 349  514
 349  512
 351  510
 351  508
 350  507
 350  506
 349  505
 349  504
 348  503
 348  502
 346  500
 346  499
 340  493
 339  493
 336  490
 335  490
 334  489
 333  489
 331  487
 330  487
 329  486
 328  486
 327  485
 326  485
 325  484
 323  484
 322  483
 320  483
 319  482
 318  482
 317  481
 315  481
 314  480
 312  480
 311  479
 309  479
 308  478
 307  478
 306  477
 303  477
 302  476
 301  476
 300  475
 299  475
 298  474
 297  474
 296  473
 295  473
 294  472
 293  472
 291  470
 291  469
 289  467
 289  465
 288  464
 288  442
 289  441
 289  439
 290  438
 290  437
 289  436
 289  435
 288  434
 288  433
 286  431
 285  431
 282  428
 281  428
 279  426
 278  426
 277  425
 276  425
 274  423
 272  423
 270  421
 268  421
 266  419
 264  419
 262  417
 261  417
 260  416
 259  416
 257  414
 256  414
 250  408
 250  407
 249  406
 249  405
 248  404
 248  401
 247  400
 247  399
 245  397
 245  395
 238  388
 237  388
 235  386
 234  386
 232  384
 231  384
 230  383
 229  383
 227  381
 226  381
 224  379
 223  379
 222  378
 221  378
 220  377
 219  377
 216  374
 213  374
 212  373
 212  359
 213  358
 241  358
 242  359
 243  359
 244  358
 253  358
 254  357
 262  357
 263  356
 264  356
 265  355
 266  355
 269  352
 269  351
 273  347
 274  347
 277  344
 277  343
 278  342
 281  342
 282  341
 282  340
 285  337
 285  335
 287  333
 287  332
 288  331
 288  330
 289  329
 289  328
 290  327
 290  326
 291  325
 291  324
 292  323
 292  321
 294  319
 294  318
 295  317
 295  315
 296  314
 296  313
 297  312
 297  311
 298  310
 298  308
 299  307
 299  306
 300  305
 300  304
 301  303
 301  302
 302  301
 302  300
 303  299
 303  298
 305  296
 305  293
 306  292
 306  291
 308  289
 308  288
 309  287
 309  285
 310  284
 310  283
 311  282
 311  281
 312  280
 312  278
 313  277
 313  275
 314  274
 314  273
 315  272
 315  271
 316  270
 316  269
 318  267
 318  266
 319  265
 319  264
 321  262
 321  261
 322  260
 322  259
 323  258
 323  257
 324  256
 324  255
 325  254
 325  252
 326  251
 326  248
 327  247
 327  246
 328  245
 328  243
 329  242
 329  239
 330  238
 330  236
 331  235
 331  231
 332  230
 332  228
 333  227
 333  226
 334  225
 334  224
 335  223
 335  222
 336  221
 336  220
 338  218
 338  216
 339  215
 339  214
 340  213
 340  211
 341  210
 341  208
 342  207
 342  204
 343  203
 343  202
 344  201
 344  197
 345  196
 345  187
 346  186
 346  185
 347  184
 347  183
 348  182
 348  181
 350  179
 350  178
 351  177
 351  176
 352  175
 352  173
 353  172
 353  171
 354  170
 354  168
 355  167
 355  164
 356  163
 356  161
 357  160
 357  158
 358  157
 358  153
 359  152
 359  150
 361  148
 361  147
 362  146
 362  145
 364  143
 364  142
 365  141
 365  139
 366  138
 366  135
 367  134
 367  133
 368  132
 368  130
 369  129
 369  123
 370  122
 370  120
 371  119
 371  117
 372  116
 372  111
 373  110
 373  105
 374  104
 374   98
 375   97
 375   92
 374   91
 374   83
 373   82
 373   77
 372   76
 372   72
 371   71
 371   70
 368   67
 368   66
 367   66
 364   63
 362   63
 361   62
 360   62
 359   61
 354   61
 353   60
