 344  104
 343  105
 334  105
 333  106
 330  106
 329  107
 324  107
 323  108
 320  108
 319  109
 315  109
 314  110
 312  110
 311  111
 309  111
 308  112
 306  112
 305  113
 303  113
 302  114
 300  114
 299  115
 297  115
 296  116
 294  116
 293  117
 292  117
 291  118
 289  118
 288  119
 287  119
 286  120
 285  120
 284  121
 282  121
 281  122
 280  122
 279  123
 277  123
 276  124
 275  124
 274  125
 273  125
 272  126
 271  126
 270  127
 269  127
 268  128
 267  128
 266  129
 264  129
 263  130
 262  130
 261  131
 260  131
 259  132
 258  132
 257  133
 256  133
 255  134
 254  134
 253  135
 252  135
 251  136
 250  136
 248  138
 247  138
 246  139
 245  139
 243  141
 242  141
 241  142
 240  142
 239  143
 238  143
 236  145
 235  145
 233  147
 232  147
 231  148
 230  148
 229  149
 228  149
 226  151
 225  151
 224  152
 223  152
 221  154
 220  154
 218  156
 217  156
 214  159
 213  159
 211  161
 210  161
 207  164
 206  164
 203  167
 202  167
 199  170
 198  170
 196  172
 195  172
 192  175
 191  175
 186  180
 185  180
 181  184
 180  184
 173  191
 172  191
 164  199
 163  199
 152  210
 151  210
 134  227
 134  228
 125  237
 125  238
 121  242
 121  243
 117  247
 117  248
 114  251
 114  252
 110  256
 110  257
 107  260
 107  263
 106  264
 106  265
 103  268
  99  268
  97  270
  97  281
  99  283
 104  283
 105  284
 105  298
 103  300
 103  301
 102  302
 102  303
 101  304
 101  305
 100  306
 100  307
  99  308
  99  311
  98  312
  98  315
  97  316
  97  321
  96  322
  91  322
  89  324
  89  334
  90  335
  90  336
  92  338
  92  339
  93  340
  93  341
  94  342
  94  343
  95  344
  95  345
  96  346
  96  348
  97  349
  97  352
  98  353
  98  354
  99  355
  99  357
 100  358
 100  359
 101  360
 101  362
 102  363
 102  365
 103  366
 103  372
 104  373
 104  384
 105  385
 105  389
 106  390
 106  393
 107  394
 107  402
 108  403
 108  408
 109  409
 109  412
 110  413
 110  423
 111  424
 111  441
 112  442
 112  448
 113  449
 113  460
 114  461
 114  466
 115  467
 115  468
 116  469
 116  471
 117  472
 117  473
 118  474
 118  475
 120  477
 122  477
 123  478
 125  478
 126  479
 129  479
 132  482
 132  483
 133  484
 133  486
 134  487
 134  489
 135  490
 135  492
 136  493
 136  495
 137  496
 137  517
 138  518
 138  520
 139  521
 139  523
 140  524
 140  525
 145  530
 146  530
 147  531
 149  529
 149  528
 150  527
 150  526
 153  523
 168  523
 171  526
 171  530
 172  531
 172  533
 175  536
 175  537
 176  537
 177  538
 179  536
 179  534
 180  533
 180  531
 181  530
 181  527
 182  526
 182  525
 184  523
 185  523
 186  522
 205  522
 215  532
 215  533
 218  536
 218  537
 219  538
 219  540
 220  541
 220  543
 221  544
 221  547
 222  548
 222  551
 223  552
 223  554
 224  555
 224  559
 225  560
 225  562
 226  563
 226  564
 227  565
 227  568
 228  569
 228  571
 229  572
 229  573
 230  574
 230  575
 231  576
 231  577
 232  578
 232  579
 234  581
 235  581
 237  583
 239  583
 241  581
 241  580
 242  579
 242  575
 241  574
 241  572
 240  571
 240  569
 239  568
 239  567
 238  566
 238  565
 237  564
 237  562
 236  561
 236  560
 233  557
 233  556
 232  555
 232  554
 230  552
 230  551
 229  550
 229  549
 227  547
 227  546
 225  544
 225  543
 224  542
 224  541
 222  539
 222  538
 220  536
 220  535
 218  533
 218  532
 217  531
 217  529
 216  528
 216  526
 214  524
 214  522
 213  521
 213  518
 212  517
 212  515
 211  514
 211  492
 212  491
 212  490
 215  487
 216  487
 217  486
 225  486
 226  485
 230  485
 234  481
 234  453
 239  448
 245  448
 246  447
 250  447
 251  446
 252  446
 254  444
 254  441
 253  440
 253  438
 252  437
 252  421
 253  420
 253  419
 255  417
 256  417
 257  416
 261  416
 262  415
 263  415
 266  412
 266  408
 265  407
 265  406
 264  405
 264  403
 259  398
 259  397
 258  396
 258  395
 257  394
 257  381
 256  380
 256  378
 255  377
 255  376
 253  374
 253  372
 251  370
 251  369
 249  367
 249  366
 247  364
 247  363
 245  361
 245  360
 243  358
 243  357
 233  347
 232  347
 230  345
 229  345
 224  340
 223  340
 221  338
 220  338
 217  335
 216  335
 213  332
 212  332
 210  330
 209  330
 208  329
 207  329
 206  328
 205  328
 199  322
 198  322
 197  321
 192  321
 191  320
 189  320
 186  317
 186  303
 187  302
 203  302
 204  303
 207  303
 208  304
 209  304
 210  305
 213  305
 214  306
 216  306
 217  307
 220  307
 221  308
 224  308
 225  309
 228  309
 229  310
 234  310
 235  311
 246  311
 247  310
 256  310
 257  309
 267  309
 268  308
 275  308
 276  307
 279  307
 281  305
 282  305
 283  304
 283  303
 284  302
 284  301
 287  298
 287  297
 288  296
 289  296
 294  291
 294  290
 295  289
 295  288
 299  284
 300  284
 301  283
 302  283
 303  282
 303  280
 304  279
 304  278
 305  277
 306  277
 310  273
 310  272
 313  269
 313  268
 314  267
 314  266
 315  265
 315  264
 316  263
 316  262
 317  261
 317  253
 318  252
 318  251
 319  250
 319  249
 321  247
 322  247
 322  246
 324  244
 324  243
 327  240
 327  239
 329  237
 329  236
 330  235
 330  233
 331  232
 331  230
 332  229
 332  226
 333  225
 333  222
 335  220
 336  220
 340  216
 340  215
 344  211
 344  210
 346  208
 346  207
 347  206
 347  204
 348  203
 348  201
 349  200
 349  199
 350  198
 350  196
 351  195
 351  194
 355  190
 355  189
 357  187
 357  186
 360  183
 360  182
 361  181
 361  180
 363  178
 363  177
 364  176
 364  174
 365  173
 365  172
 373  164
 373  163
 377  159
 377  158
 380  155
 380  154
 381  153
 381  152
 383  150
 383  149
 384  148
 384  147
 387  144
 387  142
 388  141
 388  139
 389  138
 389  137
 390  136
 390  132
 391  131
 391  122
 390  121
 390  120
 389  119
 389  118
 385  114
 384  114
 382  112
 381  112
 379  110
 378  110
 377  109
 375  109
 374  108
 373  108
 372  107
 369  107
 368  106
 366  106
 365  105
 359  105
 358  104
