 356   26
 355   27
 337   27
 336   28
 331   28
 330   29
 322   29
 321   30
 317   30
 316   31
 311   31
 310   32
 308   32
 307   33
 303   33
 302   34
 299   34
 298   35
 296   35
 295   36
 292   36
 291   37
 289   37
 288   38
 285   38
 284   39
 282   39
 281   40
 279   40
 278   41
 276   41
 275   42
 273   42
 272   43
 270   43
 269   44
 267   44
 266   45
 265   45
 264   46
 262   46
 261   47
 259   47
 258   48
 257   48
 256   49
 254   49
 253   50
 252   50
 251   51
 249   51
 248   52
 247   52
 246   53
 244   53
 243   54
 242   54
 241   55
 239   55
 238   56
 237   56
 236   57
 235   57
 234   58
 232   58
 231   59
 230   59
 229   60
 227   60
 226   61
 225   61
 224   62
 223   62
 222   63
 221   63
 220   64
 219   64
 218   65
 217   65
 216   66
 215   66
 214   67
 212   67
 210   69
 208   69
 207   70
 206   70
 205   71
 204   71
 203   72
 202   72
 201   73
 200   73
 199   74
 198   74
 197   75
 196   75
 195   76
 194   76
 193   77
 192   77
 191   78
 190   78
 189   79
 188   79
 187   80
 186   80
 185   81
 184   81
 183   82
 182   82
 181   83
 180   83
 179   84
 178   84
 176   86
 175   86
 173   88
 172   88
 171   89
 170   89
 168   91
 167   91
 166   92
 165   92
 163   94
 162   94
 160   96
 159   96
 156   99
 155   99
 153  101
 152  101
 150  103
 149  103
 147  105
 146  105
 143  108
 142  108
 139  111
 138  111
 133  116
 132  116
 128  120
 127  120
 119  128
 118  128
 112  134
 111  134
 109  136
 108  136
 104  140
 103  140
 100  143
  99  143
  96  146
  95  146
  93  148
  92  148
  89  151
  88  151
  86  153
  85  153
  82  156
  81  156
  76  161
  75  161
  65  171
  65  172
  62  175
  62  176
  60  178
  60  179
  58  181
  58  182
  56  184
  56  185
  54  187
  54  188
  48  194
  48  195
  45  198
  45  199
  41  203
  41  204
  40  205
  40  206
  38  208
  38  209
  37  210
  37  211
  35  213
  35  214
  34  215
  34  216
  32  218
  32  219
  31  220
  31  221
  29  223
  29  224
  27  226
  27  227
  25  229
  24  229
  23  230
  22  230
  21  231
  21  232
  20  233
  20  272
  21  273
  21  274
  22  275
  30  275
  31  276
  31  291
  30  292
  30  294
  29  295
  29  296
  28  297
  28  299
  27  300
  27  313
  26  314
  26  318
  25  319
  20  319
  19  320
  19  327
  20  328
  20  329
  21  330
  21  332
  23  334
  23  337
  24  338
  24  340
  25  341
  25  343
  26  344
  26  346
  27  347
  27  352
  28  353
  28  355
  29  356
  29  358
  30  359
  30  364
  31  365
  31  368
  32  369
  32  372
  33  373
  33  377
  34  378
  34  383
  35  384
  35  388
  36  389
  36  392
  37  393
  37  399
  38  400
  38  403
  39  404
  39  408
  40  409
  40  417
  41  418
  41  427
  42  428
  42  434
  43  435
  43  442
  44  443
  44  481
  45  482
  45  487
  46  488
  46  491
  47  492
  47  497
  48  498
  48  501
  49  502
  49  504
  50  505
  50  513
  51  514
  51  520
  52  521
  52  524
  53  525
  53  528
  54  529
  54  533
  55  534
  55  536
  56  537
  56  538
  57  539
  57  540
  58  541
  58  542
  60  544
  61  544
  62  545
  63  545
  64  546
  66  546
  67  547
  69  547
  70  548
  71  548
  72  549
  73  549
  78  554
  78  555
  79  556
  79  557
  80  558
  80  560
  81  561
  81  564
  82  565
  82  567
  83  568
  83  570
  84  571
  84  573
  85  574
  85  576
  86  577
  86  578
  87  579
  87  581
  88  582
  88  584
  89  585
  89  586
  90  587
  90  588
  91  589
  91  590
  92  591
  92  592
  94  594
  94  595
  95  596
  95  597
  98  600
  98  601
 104  607
 105  607
 107  609
 109  609
 110  610
 112  610
 113  611
 119  611
 120  610
 139  610
 140  611
 141  611
 142  612
 144  612
 145  613
 147  613
 148  614
 149  614
 150  613
 153  613
 155  611
 156  611
 158  609
 159  609
 161  607
 162  607
 164  605
 165  605
 166  604
 167  604
 168  603
 169  603
 171  601
 172  601
 173  600
 175  600
 176  599
 191  599
 192  600
 193  600
 198  605
 198  607
 200  609
 200  610
 201  611
 201  613
 202  614
 202  616
 203  617
 203  618
 204  619
 204  621
 205  622
 205  624
 207  626
 207  628
 208  629
 208  631
 209  632
 209  633
 210  634
 210  635
 211  636
 211  638
 212  639
 212  640
 213  641
 213  642
 214  643
 214  644
 215  645
 215  646
 218  649
 218  650
 226  658
 227  658
 229  660
 234  660
 239  655
 239  654
 240  653
 240  652
 241  651
 241  641
 240  640
 240  638
 239  637
 239  636
 238  635
 238  634
 237  633
 237  632
 236  631
 236  630
 234  628
 234  627
 233  626
 233  625
 231  623
 231  622
 229  620
 229  619
 227  617
 227  616
 226  615
 226  614
 224  612
 224  611
 223  610
 223  609
 221  607
 221  606
 220  605
 220  603
 217  600
 217  598
 216  597
 216  596
 214  594
 214  592
 213  591
 213  590
 212  589
 212  588
 211  587
 211  585
 210  584
 210  580
 209  579
 209  562
 210  561
 210  559
 211  558
 211  557
 215  553
 216  553
 219  550
 220  550
 221  549
 222  549
 223  548
 224  548
 225  547
 226  547
 228  545
 229  545
 231  543
 232  543
 236  539
 236  538
 239  535
 239  534
 240  533
 240  528
 241  527
 240  526
 240  509
 241  508
 241  504
 242  503
 242  502
 243  501
 243  499
 248  494
 249  494
 250  493
 251  493
 252  492
 253  492
 254  491
 256  491
 258  489
 259  489
 262  486
 262  485
 264  483
 264  482
 265  481
 265  480
 266  479
 266  475
 265  474
 265  469
 264  468
 264  463
 263  462
 263  461
 262  460
 262  459
 261  458
 261  455
 260  454
 260  439
 261  438
 261  431
 262  430
 262  428
 267  423
 267  422
 268  421
 268  420
 269  419
 269  417
 268  416
 268  414
 267  413
 267  411
 266  410
 266  409
 264  407
 264  405
 263  404
 263  403
 261  401
 261  400
 260  399
 260  398
 258  396
 258  395
 257  394
 257  393
 254  390
 254  388
 253  387
 253  386
 251  384
 251  382
 250  381
 250  362
 249  361
 249  360
 247  358
 247  356
 244  353
 244  352
 243  351
 243  350
 241  348
 241  347
 240  346
 240  345
 237  342
 237  341
 233  337
 233  336
 230  333
 230  332
 223  325
 223  323
 222  322
 222  308
 223  307
 241  307
 242  306
 250  306
 251  305
 254  305
 255  304
 259  304
 260  303
 265  303
 266  302
 268  302
 269  301
 270  301
 271  300
 272  300
 273  299
 274  299
 277  296
 278  296
 280  294
 281  294
 282  293
 283  293
 284  292
 285  292
 289  288
 289  287
 293  283
 294  283
 295  282
 296  282
 297  281
 299  281
 301  279
 302  279
 306  275
 308  275
 314  269
 314  268
 318  264
 318  263
 328  253
 328  252
 334  246
 334  245
 336  243
 336  242
 338  240
 338  239
 341  236
 341  235
 343  233
 343  232
 344  231
 344  230
 345  229
 345  228
 346  227
 346  226
 347  225
 347  224
 351  220
 351  219
 357  213
 357  212
 360  209
 360  208
 361  207
 361  206
 363  204
 363  203
 364  202
 364  200
 365  199
 365  198
 367  196
 367  195
 368  194
 368  193
 369  192
 369  191
 370  190
 370  189
 371  188
 371  187
 372  186
 372  185
 377  180
 378  180
 388  170
 388  169
 391  166
 391  165
 394  162
 394  161
 396  159
 396  158
 398  156
 398  155
 402  151
 402  150
 403  149
 404  149
 408  145
 409  145
 414  140
 414  139
 418  135
 418  134
 421  131
 421  130
 424  127
 424  126
 441  109
 441  108
 446  103
 446  102
 448  100
 448   99
 450   97
 450   96
 451   95
 451   94
 454   91
 454   90
 455   89
 455   88
 456   87
 456   86
 457   85
 457   82
 458   81
 458   77
 460   75
 460   74
 461   73
 461   70
 462   69
 462   64
 461   63
 461   60
 460   59
 460   58
 459   57
 459   56
 458   55
 458   54
 451   47
 450   47
 447   44
 446   44
 444   42
 443   42
 441   40
 440   40
 439   39
 438   39
 437   38
 435   38
 434   37
 433   37
 432   36
 430   36
 429   35
 427   35
 426   34
 424   34
 423   33
 419   33
 418   32
 415   32
 414   31
 408   31
 407   30
 403   30
 402   29
 390   29
 389   28
 380   28
 379   27
 359   27
 358   26
