 352   51
 351   52
 330   52
 329   53
 323   53
 322   54
 315   54
 314   55
 312   55
 311   56
 306   56
 305   57
 302   57
 301   58
 297   58
 296   59
 293   59
 292   60
 289   60
 288   61
 284   61
 283   62
 281   62
 280   63
 277   63
 276   64
 274   64
 273   65
 270   65
 269   66
 267   66
 266   67
 263   67
 262   68
 260   68
 259   69
 257   69
 256   70
 253   70
 252   71
 251   71
 250   72
 247   72
 246   73
 245   73
 244   74
 241   74
 240   75
 239   75
 238   76
 236   76
 235   77
 234   77
 233   78
 231   78
 230   79
 228   79
 227   80
 226   80
 225   81
 223   81
 222   82
 221   82
 220   83
 219   83
 218   84
 216   84
 215   85
 214   85
 213   86
 211   86
 210   87
 209   87
 208   88
 207   88
 206   89
 205   89
 204   90
 202   90
 201   91
 200   91
 199   92
 198   92
 197   93
 196   93
 195   94
 194   94
 193   95
 192   95
 191   96
 190   96
 189   97
 188   97
 187   98
 186   98
 185   99
 184   99
 183  100
 182  100
 181  101
 180  101
 178  103
 177  103
 176  104
 175  104
 173  106
 172  106
 170  108
 169  108
 167  110
 166  110
 164  112
 163  112
 161  114
 160  114
 157  117
 156  117
 154  119
 153  119
 151  121
 150  121
 147  124
 146  124
 143  127
 142  127
 138  131
 137  131
 133  135
 132  135
 128  139
 127  139
 123  143
 123  144
 121  146
 120  146
 120  147
 114  153
 113  153
 113  154
 111  156
 110  156
 110  157
 108  159
 107  159
 106  160
 106  161
 104  163
 103  163
  97  169
  96  169
  96  170
  94  172
  93  172
  93  173
  89  177
  89  178
  83  184
  83  185
  76  192
  76  193
  73  196
  73  197
  67  203
  67  204
  63  208
  63  209
  60  212
  60  213
  57  216
  57  217
  54  220
  54  221
  52  223
  52  224
  49  227
  49  228
  46  231
  46  232
  44  234
  44  235
  42  237
  42  238
  39  241
  39  242
  37  244
  37  245
  36  246
  36  247
  35  248
  35  249
  34  250
  33  250
  33  251
  31  253
  30  253
  28  255
  27  255
  24  258
  24  259
  23  260
  23  261
  22  262
  22  263
  21  264
  21  301
  22  302
  34  302
  35  303
  35  317
  34  318
  32  318
  30  320
  30  321
  28  323
  28  325
  27  326
  27  341
  26  342
  26  349
  32  355
  32  356
  34  358
  34  359
  37  362
  37  363
  41  367
  41  368
  43  370
  43  372
  44  373
  44  374
  45  375
  45  376
  46  377
  46  380
  47  381
  47  382
  48  383
  48  384
  49  385
  49  387
  50  388
  50  389
  51  390
  51  391
  52  392
  52  393
  53  394
  53  395
  55  397
  55  399
  56  400
  56  403
  57  404
  57  406
  58  407
  58  408
  59  409
  59  413
  60  414
  60  416
  61  417
  61  418
  62  419
  62  422
  63  423
  63  425
  64  426
  64  428
  65  429
  65  432
  66  433
  66  437
  67  438
  67  441
  68  442
  68  445
  69  446
  69  449
  70  450
  70  452
  71  453
  71  455
  72  456
  72  475
  73  476
  73  484
  74  485
  74  488
  75  489
  75  495
  76  496
  76  505
  77  506
  77  508
  78  509
  78  510
  79  511
  79  522
  80  523
  80  529
  81  530
  81  534
  82  535
  82  547
  83  548
  83  551
  84  552
  84  554
  85  555
  85  560
  86  561
  86  564
  87  565
  87  566
  88  567
  88  568
  89  569
  89  570
  94  575
  95  575
  95  573
  96  572
  96  570
  97  569
 111  569
 112  570
 113  570
 116  573
 116  577
 117  578
 117  580
 118  581
 118  582
 123  587
 123  588
 127  592
 127  593
 130  596
 130  598
 132  600
 132  604
 133  605
 133  611
 134  612
 134  615
 135  616
 135  622
 136  623
 136  630
 140  634
 141  634
 142  635
 147  635
 148  634
 149  634
 150  633
 151  633
 151  632
 152  631
 152  630
 153  629
 153  628
 154  627
 154  626
 157  623
 159  623
 160  622
 179  622
 180  623
 181  623
 182  624
 182  625
 183  626
 183  627
 184  628
 184  629
 185  630
 185  631
 186  632
 186  633
 189  636
 191  636
 192  635
 193  635
 194  634
 195  634
 199  630
 199  614
 203  610
 204  610
 205  609
 206  609
 207  608
 210  608
 211  607
 230  607
 234  611
 234  612
 237  615
 237  616
 238  616
 239  617
 240  616
 241  616
 242  615
 242  614
 243  613
 243  611
 244  610
 243  609
 243  601
 242  600
 242  593
 241  592
 241  591
 240  590
 240  589
 239  588
 239  567
 240  566
 240  565
 246  559
 247  559
 251  555
 252  555
 254  553
 271  553
 272  554
 274  554
 276  552
 276  551
 279  548
 279  546
 281  544
 281  543
 282  542
 282  538
 281  537
 281  536
 280  535
 280  533
 279  532
 279  531
 276  528
 276  527
 274  525
 274  524
 273  523
 273  522
 272  521
 272  517
 271  516
 271  499
 272  498
 272  497
 273  496
 273  495
 275  493
 275  492
 276  491
 276  490
 278  488
 278  487
 281  484
 282  484
 283  483
 298  483
 302  479
 302  478
 303  477
 303  476
 304  475
 303  474
 303  473
 302  472
 302  471
 300  469
 300  468
 299  467
 299  466
 296  463
 296  462
 289  455
 289  454
 286  451
 286  432
 287  431
 287  430
 288  429
 288  426
 289  425
 289  424
 290  423
 302  423
 303  422
 303  421
 305  419
 305  416
 306  415
 306  414
 305  413
 305  410
 304  409
 304  408
 303  407
 303  406
 294  397
 293  397
 291  395
 291  394
 290  393
 290  392
 289  391
 289  390
 288  389
 288  388
 287  387
 287  373
 286  372
 286  369
 285  368
 285  367
 282  364
 282  363
 279  360
 279  359
 274  354
 273  354
 267  348
 266  348
 264  346
 264  345
 263  344
 263  341
 236  341
 235  340
 233  340
 232  339
 232  325
 233  324
 248  324
 249  325
 264  325
 265  326
 265  327
 287  327
 288  326
 299  326
 300  325
 308  325
 309  324
 314  324
 315  323
 316  323
 317  322
 318  322
 321  319
 322  319
 326  315
 327  315
 328  314
 330  314
 331  313
 332  313
 334  311
 335  311
 337  309
 337  308
 339  306
 339  305
 342  302
 346  302
 348  300
 348  284
 350  282
 352  282
 353  281
 357  281
 358  280
 359  280
 363  276
 363  275
 364  274
 364  273
 365  272
 365  271
 366  270
 366  264
 365  263
 365  248
 366  247
 366  246
 367  245
 372  245
 373  244
 376  244
 377  243
 378  243
 382  239
 382  238
 383  237
 383  235
 384  234
 384  233
 385  232
 385  231
 386  230
 384  228
 384  213
 385  212
 386  212
 387  211
 390  211
 391  210
 396  210
 397  209
 398  209
 403  204
 403  203
 406  200
 406  199
 408  197
 408  196
 409  195
 409  193
 410  192
 410  182
 411  181
 414  181
 415  180
 418  180
 419  179
 420  179
 421  178
 422  178
 423  177
 423  176
 426  173
 426  172
 429  169
 429  168
 430  167
 430  166
 432  164
 432  162
 433  161
 433  157
 434  156
 434  155
 435  154
 436  154
 438  152
 439  152
 441  150
 442  150
 443  149
 443  148
 446  145
 446  143
 447  142
 447  141
 448  140
 448  139
 449  138
 449  137
 450  136
 450  135
 451  134
 451  133
 452  132
 452  130
 453  129
 453  128
 454  127
 454  126
 456  124
 456  123
 457  122
 457  120
 459  118
 459  115
 460  114
 460   95
 459   94
 459   92
 458   91
 458   90
 457   89
 457   88
 456   87
 456   86
 446   76
 445   76
 443   74
 442   74
 440   72
 439   72
 438   71
 437   71
 436   70
 435   70
 434   69
 433   69
 432   68
 431   68
 430   67
 429   67
 428   66
 427   66
 426   65
 425   65
 424   64
 423   64
 422   63
 420   63
 419   62
 418   62
 417   61
 414   61
 413   60
 412   60
 411   59
 408   59
 407   58
 405   58
 404   57
 401   57
 400   56
 396   56
 395   55
 392   55
 391   54
 385   54
 384   53
 380   53
 379   52
 365   52
 364   51
