 339  117
 338  118
 333  118
 332  119
 329  119
 328  120
 324  120
 323  121
 321  121
 320  122
 318  122
 317  123
 315  123
 314  124
 312  124
 311  125
 310  125
 309  126
 307  126
 306  127
 305  127
 304  128
 302  128
 301  129
 299  129
 298  130
 297  130
 296  131
 294  131
 293  132
 292  132
 291  133
 290  133
 289  134
 288  134
 287  135
 285  135
 284  136
 283  136
 282  137
 281  137
 280  138
 279  138
 278  139
 277  139
 276  140
 275  140
 274  141
 273  141
 272  142
 271  142
 270  143
 269  143
 268  144
 267  144
 265  146
 264  146
 263  147
 262  147
 261  148
 260  148
 258  150
 257  150
 255  152
 254  152
 253  153
 252  153
 250  155
 249  155
 247  157
 246  157
 245  158
 244  158
 242  160
 241  160
 240  161
 239  161
 237  163
 236  163
 234  165
 233  165
 230  168
 229  168
 227  170
 226  170
 223  173
 222  173
 219  176
 218  176
 215  179
 214  179
 209  184
 208  184
 196  196
 195  196
 192  199
 192  200
 184  208
 184  209
 172  221
 172  222
 158  236
 158  237
 152  243
 152  244
 148  248
 148  249
 142  255
 142  256
 138  260
 138  261
 135  264
 135  265
 132  268
 132  269
 129  272
 129  273
 128  274
 128  275
 125  278
 125  279
 124  280
 124  281
 122  283
 122  284
 121  285
 121  286
 120  287
 120  288
 118  290
 118  292
 117  293
 117  294
 115  296
 115  297
 110  302
 109  302
 107  304
 107  320
 109  322
 115  322
 116  323
 116  337
 115  338
 114  338
 112  340
 111  340
 110  341
 110  342
 109  343
 109  344
 108  345
 108  349
 107  350
 107  351
 106  352
 102  352
 100  354
 100  370
 101  371
 101  372
 105  376
 105  377
 106  378
 106  379
 108  381
 108  383
 109  384
 109  386
 110  387
 110  389
 111  390
 111  393
 112  394
 112  395
 113  396
 113  397
 114  398
 114  399
 115  400
 115  401
 116  402
 116  403
 117  404
 117  406
 118  407
 118  410
 119  411
 119  414
 120  415
 120  419
 121  420
 121  425
 122  426
 122  427
 123  428
 123  430
 124  431
 124  434
 125  435
 125  436
 126  437
 126  439
 127  440
 127  444
 128  445
 128  450
 129  451
 129  453
 130  454
 130  458
 131  459
 131  467
 132  468
 132  470
 133  471
 133  473
 134  474
 134  481
 135  482
 135  486
 136  487
 136  490
 137  491
 137  495
 138  496
 138  498
 139  499
 139  500
 140  501
 140  502
 141  503
 141  505
 142  506
 142  507
 143  508
 143  509
 144  510
 144  511
 146  513
 146  514
 149  517
 151  517
 152  518
 163  518
 164  519
 168  519
 169  520
 169  535
 168  536
 168  537
 169  538
 169  539
 170  540
 170  541
 171  542
 171  544
 172  545
 172  546
 174  548
 174  549
 175  550
 175  552
 177  554
 177  555
 178  556
 178  557
 181  560
 181  561
 182  562
 183  562
 186  565
 187  565
 188  566
 190  566
 192  564
 192  559
 193  558
 193  555
 195  553
 214  553
 215  554
 215  556
 216  557
 216  562
 217  563
 217  564
 219  566
 220  566
 223  569
 224  569
 225  570
 226  569
 227  569
 231  565
 231  564
 233  562
 233  557
 234  556
 234  552
 235  551
 250  551
 253  554
 253  555
 256  558
 257  558
 259  560
 260  560
 261  561
 262  561
 264  559
 264  554
 263  553
 263  549
 262  548
 262  545
 261  544
 261  540
 260  539
 260  538
 258  536
 258  519
 260  517
 260  516
 261  515
 274  515
 275  514
 276  514
 278  512
 278  511
 280  509
 280  501
 278  499
 278  498
 276  496
 276  480
 279  477
 289  477
 290  476
 294  476
 295  475
 296  475
 300  471
 300  466
 296  462
 295  462
 294  461
 293  461
 292  460
 292  444
 294  442
 302  442
 305  439
 305  435
 304  434
 304  430
 303  429
 303  427
 302  426
 302  425
 301  424
 301  421
 300  420
 300  418
 298  416
 298  415
 297  414
 297  413
 295  411
 294  411
 293  410
 289  410
 288  409
 287  409
 284  406
 284  389
 285  388
 284  387
 284  386
 282  384
 282  383
 277  378
 277  377
 269  369
 268  369
 265  366
 264  366
 261  363
 260  363
 259  362
 258  362
 256  360
 255  360
 254  359
 253  359
 252  358
 251  358
 248  355
 247  355
 245  353
 245  339
 246  338
 263  338
 264  339
 267  339
 268  340
 271  340
 272  341
 276  341
 277  342
 285  342
 286  341
 288  341
 289  340
 292  340
 293  339
 298  339
 299  338
 305  338
 306  337
 307  337
 310  334
 310  328
 311  327
 311  326
 312  325
 316  325
 317  324
 319  324
 322  321
 323  321
 323  320
 328  315
 328  314
 329  313
 329  312
 330  311
 330  308
 329  307
 329  291
 330  290
 333  290
 334  289
 336  289
 337  288
 337  287
 339  285
 339  284
 340  283
 340  280
 341  279
 341  277
 337  273
 337  258
 339  256
 341  256
 342  255
 343  255
 343  254
 345  252
 345  251
 346  250
 346  249
 347  248
 347  245
 346  244
 346  228
 348  226
 349  226
 352  223
 352  222
 354  220
 354  217
 355  216
 355  213
 356  212
 356  201
 359  198
 360  198
 361  197
 361  196
 364  193
 364  191
 365  190
 365  188
 366  187
 366  186
 367  185
 367  177
 371  173
 371  172
 373  170
 373  169
 374  168
 374  166
 375  165
 375  163
 376  162
 376  152
 377  151
 377  150
 378  149
 378  148
 379  147
 379  146
 380  145
 379  144
 379  142
 378  141
 378  134
 377  133
 377  130
 372  125
 371  125
 369  123
 368  123
 366  121
 365  121
 364  120
 361  120
 360  119
 358  119
 357  118
 352  118
 351  117
