 326   94
 325   95
 318   95
 317   96
 311   96
 310   97
 306   97
 305   98
 300   98
 299   99
 297   99
 296  100
 292  100
 291  101
 289  101
 288  102
 286  102
 285  103
 282  103
 281  104
 280  104
 279  105
 277  105
 276  106
 274  106
 273  107
 271  107
 270  108
 269  108
 268  109
 266  109
 265  110
 264  110
 263  111
 261  111
 260  112
 259  112
 258  113
 257  113
 256  114
 254  114
 253  115
 252  115
 251  116
 250  116
 249  117
 248  117
 247  118
 246  118
 245  119
 244  119
 243  120
 242  120
 241  121
 240  121
 239  122
 238  122
 237  123
 236  123
 235  124
 234  124
 233  125
 232  125
 231  126
 230  126
 229  127
 228  127
 226  129
 225  129
 224  130
 223  130
 222  131
 221  131
 219  133
 218  133
 217  134
 216  134
 214  136
 213  136
 211  138
 210  138
 207  141
 206  141
 204  143
 203  143
 199  147
 198  147
 194  151
 193  151
 187  157
 186  157
 182  161
 181  161
 181  162
 176  167
 176  168
 175  169
 174  169
 174  170
 160  184
 160  185
 147  198
 147  199
 144  202
 144  203
 142  205
 142  206
 141  207
 141  208
 139  210
 139  212
 137  214
 137  215
 136  216
 136  217
 134  219
 134  220
 132  222
 132  223
 131  224
 131  225
 130  226
 130  227
 129  228
 129  229
 127  231
 127  232
 126  233
 126  234
 124  236
 124  237
 123  238
 123  239
 122  240
 122  241
 120  243
 120  244
 119  245
 119  246
 117  248
 117  249
 116  250
 116  251
 115  252
 115  253
 113  255
 113  257
 111  259
 111  260
 110  261
 110  262
 109  263
 109  264
 108  265
 108  266
 107  267
 107  268
 106  269
 106  270
 104  272
 104  273
 103  274
 103  275
 102  276
 102  277
 100  279
 100  308
 101  309
 104  309
 105  310
 105  349
 107  351
 107  352
 110  355
 110  356
 113  359
 113  360
 116  363
 116  365
 117  366
 117  367
 119  369
 119  370
 120  371
 120  374
 122  376
 122  377
 123  378
 123  381
 124  382
 124  383
 125  384
 125  385
 126  386
 126  389
 127  390
 127  393
 128  394
 128  396
 129  397
 129  400
 130  401
 130  406
 131  407
 131  409
 132  410
 132  414
 133  415
 133  422
 134  423
 134  426
 135  427
 135  430
 136  431
 136  436
 137  437
 137  441
 138  442
 138  444
 139  445
 139  453
 140  454
 140  468
 141  469
 141  474
 142  475
 142  478
 143  479
 143  483
 144  484
 144  486
 145  487
 145  488
 146  489
 146  491
 147  492
 147  493
 149  495
 150  495
 153  498
 154  498
 155  499
 156  499
 157  500
 160  500
 161  501
 165  501
 166  502
 168  502
 172  506
 172  510
 173  511
 173  518
 174  519
 174  521
 176  523
 176  525
 177  526
 177  527
 185  535
 186  535
 187  536
 188  536
 189  537
 190  536
 193  536
 195  534
 196  534
 200  530
 201  530
 202  529
 218  529
 220  531
 221  531
 224  534
 225  534
 227  536
 231  536
 232  535
 232  534
 237  529
 238  529
 239  528
 257  528
 258  529
 260  529
 264  533
 264  534
 267  537
 267  538
 270  541
 270  542
 271  543
 271  544
 274  547
 274  549
 277  552
 277  554
 279  556
 279  557
 280  558
 280  559
 281  560
 281  561
 282  562
 282  563
 283  564
 283  565
 284  566
 284  568
 286  570
 286  571
 287  572
 287  574
 288  575
 288  576
 290  578
 290  579
 291  580
 291  581
 294  584
 294  585
 299  590
 300  590
 302  592
 303  592
 304  593
 306  593
 307  594
 309  594
 310  593
 312  593
 313  592
 314  592
 319  587
 319  586
 320  585
 320  583
 321  582
 321  579
 322  578
 322  575
 321  574
 321  571
 320  570
 320  567
 319  566
 319  564
 309  554
 308  554
 306  552
 305  552
 303  550
 302  550
 301  549
 300  549
 298  547
 297  547
 295  545
 294  545
 291  542
 290  542
 285  537
 284  537
 273  526
 273  525
 269  521
 269  520
 267  518
 267  517
 266  516
 266  514
 265  513
 265  496
 266  495
 266  492
 267  491
 267  490
 268  489
 268  488
 269  487
 270  487
 271  486
 272  486
 273  485
 277  485
 278  484
 279  484
 280  483
 281  483
 284  480
 284  479
 285  478
 285  476
 284  475
 284  474
 283  473
 283  452
 284  451
 284  450
 285  449
 285  448
 287  446
 288  446
 289  445
 290  445
 291  444
 293  444
 294  443
 295  443
 296  442
 298  442
 303  437
 303  435
 304  434
 304  432
 303  431
 303  427
 302  426
 302  425
 301  424
 301  423
 300  422
 300  406
 304  402
 305  402
 306  401
 306  400
 307  399
 307  398
 309  396
 309  390
 308  389
 308  388
 307  387
 307  385
 306  384
 306  382
 304  380
 304  379
 303  378
 303  377
 295  369
 294  369
 293  368
 293  367
 292  366
 292  363
 291  362
 291  355
 290  354
 290  352
 289  351
 289  350
 287  348
 287  347
 277  337
 276  337
 271  332
 270  332
 266  328
 265  328
 263  326
 262  326
 260  324
 260  310
 261  309
 290  309
 297  302
 297  301
 299  299
 299  298
 300  297
 300  296
 302  294
 302  293
 303  292
 303  291
 304  290
 304  289
 306  287
 306  286
 307  285
 307  284
 309  282
 309  280
 310  279
 310  277
 311  276
 311  274
 312  273
 312  268
 313  267
 313  265
 314  264
 314  263
 316  261
 316  260
 317  259
 317  258
 319  256
 319  254
 320  253
 320  250
 321  249
 321  246
 322  245
 322  235
 323  234
 323  230
 324  229
 324  228
 326  226
 326  225
 327  224
 327  222
 328  221
 328  220
 329  219
 329  213
 330  212
 330  204
 332  202
 332  201
 335  198
 335  197
 337  195
 337  194
 339  192
 339  191
 340  190
 340  188
 341  187
 341  186
 342  185
 342  184
 343  183
 343  180
 344  179
 344  178
 346  176
 346  175
 347  174
 348  174
 353  169
 353  168
 356  165
 356  163
 358  161
 358  160
 359  159
 359  158
 360  157
 360  156
 361  155
 361  154
 366  149
 366  148
 370  144
 370  143
 372  141
 372  140
 373  139
 373  138
 374  137
 374  136
 376  134
 376  132
 377  131
 377  130
 378  129
 378  128
 379  127
 379  124
 380  123
 380  118
 381  117
 381  116
 380  115
 380  111
 379  110
 379  109
 378  108
 378  107
 377  106
 376  106
 374  104
 373  104
 372  103
 371  103
 370  102
 369  102
 368  101
 367  101
 366  100
 364  100
 363   99
 362   99
 361   98
 357   98
 356   97
 354   97
 353   96
 347   96
 346   95
 340   95
 339   94
