 321  121
 320  122
 315  122
 314  123
 309  123
 308  124
 305  124
 304  125
 301  125
 300  126
 298  126
 297  127
 294  127
 293  128
 291  128
 290  129
 288  129
 287  130
 285  130
 284  131
 282  131
 281  132
 280  132
 279  133
 277  133
 276  134
 274  134
 273  135
 272  135
 271  136
 269  136
 268  137
 267  137
 266  138
 264  138
 263  139
 262  139
 261  140
 259  140
 258  141
 256  141
 255  142
 254  142
 253  143
 251  143
 250  144
 249  144
 248  145
 247  145
 246  146
 245  146
 244  147
 243  147
 242  148
 241  148
 240  149
 239  149
 238  150
 237  150
 236  151
 235  151
 233  153
 232  153
 231  154
 230  154
 228  156
 227  156
 225  158
 224  158
 222  160
 221  160
 220  161
 219  161
 217  163
 216  163
 214  165
 213  165
 212  166
 211  166
 209  168
 208  168
 205  171
 204  171
 200  175
 199  175
 196  178
 195  178
 192  181
 191  181
 187  185
 186  185
 181  190
 180  190
 175  195
 174  195
 166  203
 165  203
 140  228
 140  229
 134  235
 134  236
 130  240
 130  241
 126  245
 126  246
 123  249
 123  250
 120  253
 120  254
 119  255
 119  256
 117  258
 117  259
 116  260
 116  261
 114  263
 114  264
 111  267
 111  268
 110  269
 110  270
 108  272
 108  273
 107  274
 107  275
 106  276
 106  277
 104  279
 104  280
 103  281
 103  283
 100  286
 100  287
  99  288
  99  289
  98  290
  98  303
  97  304
  96  304
  95  305
  95  322
  96  323
 101  323
 102  324
 102  338
 101  339
 100  339
 100  340
  99  341
  99  342
  98  343
  98  344
  97  345
  97  354
  96  355
  96  361
  95  362
  95  367
  96  368
  96  369
  97  370
  97  371
  99  373
  99  374
 100  375
 100  376
 101  377
 101  379
 102  380
 102  381
 103  382
 103  384
 104  385
 104  386
 105  387
 105  389
 106  390
 106  391
 107  392
 107  394
 108  395
 108  396
 109  397
 109  400
 110  401
 110  404
 111  405
 111  408
 112  409
 112  412
 113  413
 113  417
 114  418
 114  421
 115  422
 115  423
 116  424
 116  428
 117  429
 117  434
 118  435
 118  437
 119  438
 119  440
 120  441
 120  444
 121  445
 121  447
 122  448
 122  450
 123  451
 123  453
 124  454
 124  458
 125  459
 125  462
 126  463
 126  467
 127  468
 127  472
 128  473
 128  474
 129  475
 129  477
 130  478
 130  482
 131  483
 131  485
 132  486
 132  487
 133  488
 133  493
 134  494
 134  496
 135  497
 135  498
 136  499
 136  502
 137  503
 137  506
 138  507
 138  508
 139  509
 139  511
 140  512
 140  514
 141  515
 141  516
 147  522
 148  522
 150  524
 151  524
 152  525
 155  525
 156  526
 158  526
 161  529
 162  529
 163  530
 163  531
 164  532
 164  539
 165  540
 165  542
 166  543
 166  545
 167  546
 167  548
 169  550
 169  551
 170  552
 170  553
 172  555
 172  556
 179  563
 180  563
 182  565
 183  565
 184  566
 185  566
 186  567
 187  567
 189  565
 189  561
 191  559
 210  559
 212  561
 213  561
 215  563
 217  563
 218  562
 219  562
 223  558
 223  556
 224  555
 224  554
 225  553
 225  552
 226  551
 226  550
 227  549
 228  549
 230  547
 231  547
 232  546
 233  546
 234  545
 246  545
 247  544
 249  544
 253  540
 253  521
 254  520
 254  519
 256  517
 256  516
 258  514
 261  514
 262  513
 270  513
 271  512
 272  512
 276  508
 276  499
 275  498
 275  496
 274  495
 274  494
 273  493
 273  472
 274  471
 275  471
 276  470
 277  470
 278  469
 285  469
 286  468
 287  468
 290  465
 290  459
 289  458
 289  457
 288  456
 288  455
 287  454
 287  453
 286  452
 286  451
 283  448
 283  446
 282  445
 282  428
 285  425
 290  425
 291  424
 292  424
 294  422
 294  421
 295  420
 294  419
 294  418
 293  417
 293  415
 291  413
 291  412
 289  410
 289  409
 281  401
 280  401
 277  398
 277  382
 273  378
 273  377
 266  370
 266  369
 264  367
 263  367
 255  359
 255  345
 256  344
 265  344
 265  339
 266  338
 268  338
 269  337
 274  337
 275  336
 280  336
 281  335
 285  335
 286  334
 287  334
 292  329
 293  329
 294  328
 295  328
 297  326
 297  325
 298  324
 298  323
 301  320
 302  320
 304  318
 305  318
 309  314
 309  313
 310  312
 310  311
 311  310
 311  308
 312  307
 312  304
 313  303
 313  300
 318  295
 319  295
 326  288
 326  287
 327  286
 327  285
 328  284
 328  283
 329  282
 329  280
 330  279
 330  266
 333  263
 333  262
 340  255
 340  254
 341  253
 341  252
 343  250
 343  244
 344  243
 344  236
 345  235
 345  234
 346  233
 346  232
 351  227
 351  226
 353  224
 353  223
 354  222
 354  221
 355  220
 355  219
 356  218
 356  214
 357  213
 357  210
 366  201
 366  200
 367  199
 367  198
 368  197
 368  196
 369  195
 369  194
 370  193
 370  189
 371  188
 371  187
 372  186
 372  185
 377  180
 377  179
 380  176
 380  173
 381  172
 381  171
 382  170
 382  169
 383  168
 383  161
 384  160
 384  158
 385  157
 385  155
 386  154
 385  153
 385  152
 384  151
 384  150
 383  149
 383  148
 382  147
 382  146
 381  145
 381  144
 380  143
 380  141
 379  140
 379  139
 375  135
 374  135
 372  133
 371  133
 370  132
 369  132
 368  131
 367  131
 366  130
 365  130
 364  129
 363  129
 362  128
 361  128
 360  127
 358  127
 357  126
 356  126
 355  125
 353  125
 352  124
 350  124
 349  123
 345  123
 344  122
 339  122
 338  121
