 359   69
 358   70
 347   70
 346   71
 342   71
 341   72
 335   72
 334   73
 332   73
 331   74
 325   74
 324   75
 322   75
 321   76
 317   76
 316   77
 313   77
 312   78
 310   78
 309   79
 307   79
 306   80
 304   80
 303   81
 300   81
 299   82
 298   82
 297   83
 295   83
 294   84
 292   84
 291   85
 289   85
 288   86
 287   86
 286   87
 285   87
 284   88
 282   88
 281   89
 280   89
 279   90
 278   90
 277   91
 276   91
 275   92
 274   92
 273   93
 272   93
 271   94
 269   94
 268   95
 267   95
 266   96
 265   96
 264   97
 263   97
 261   99
 259   99
 257  101
 256  101
 255  102
 254  102
 253  103
 252  103
 251  104
 250  104
 249  105
 248  105
 247  106
 246  106
 245  107
 244  107
 243  108
 242  108
 240  110
 239  110
 238  111
 237  111
 236  112
 235  112
 233  114
 232  114
 231  115
 230  115
 228  117
 227  117
 225  119
 224  119
 223  120
 222  120
 219  123
 218  123
 217  124
 216  124
 214  126
 213  126
 211  128
 210  128
 207  131
 206  131
 204  133
 203  133
 201  135
 200  135
 197  138
 196  138
 193  141
 192  141
 189  144
 188  144
 184  148
 183  148
 179  152
 178  152
 173  157
 172  157
 163  166
 162  166
 154  174
 153  174
 129  198
 129  199
 119  209
 119  210
 109  220
 109  221
 102  228
 102  229
  98  233
  98  234
  95  237
  95  238
  91  242
  91  243
  88  246
  88  247
  87  248
  87  249
  85  251
  85  252
  84  253
  84  254
  81  257
  81  258
  78  261
  78  262
  74  266
  74  267
  73  268
  73  269
  68  274
  68  283
  67  284
  67  285
  65  287
  65  288
  64  289
  64  290
  61  293
  61  294
  60  295
  60  312
  61  313
  78  313
  79  314
  79  328
  78  329
  75  329
  73  331
  72  331
  71  332
  71  333
  69  335
  69  337
  68  338
  68  340
  66  342
  63  342
  61  344
  61  368
  62  369
  62  370
  64  372
  64  373
  65  374
  65  375
  66  376
  66  377
  67  378
  67  379
  68  380
  68  383
  69  384
  69  385
  70  386
  70  387
  71  388
  71  390
  72  391
  72  392
  74  394
  74  396
  75  397
  75  399
  76  400
  76  401
  77  402
  77  403
  78  404
  78  406
  79  407
  79  408
  80  409
  80  410
  81  411
  81  412
  82  413
  82  415
  83  416
  83  417
  84  418
  84  421
  85  422
  85  425
  87  427
  87  429
  88  430
  88  432
  89  433
  89  435
  90  436
  90  437
  91  438
  91  442
  92  443
  92  445
  93  446
  93  447
  94  448
  94  452
  95  453
  95  456
  96  457
  96  458
  97  459
  97  461
  98  462
  98  466
  99  467
  99  469
 100  470
 100  471
 101  472
 101  475
 102  476
 102  478
 103  479
 103  480
 104  481
 104  484
 105  485
 105  488
 106  489
 106  490
 107  491
 107  493
 108  494
 108  497
 109  498
 109  500
 110  501
 110  502
 111  503
 111  506
 112  507
 112  509
 113  510
 113  511
 114  512
 114  514
 115  515
 115  517
 116  518
 116  519
 118  521
 118  523
 119  524
 119  525
 120  526
 120  527
 121  528
 121  529
 122  530
 122  531
 125  534
 125  535
 132  542
 132  543
 138  549
 139  549
 142  552
 142  553
 145  556
 145  558
 146  559
 146  560
 147  561
 147  562
 148  563
 148  565
 149  566
 149  568
 151  570
 151  571
 152  572
 152  573
 153  574
 153  575
 155  577
 155  578
 159  582
 160  582
 161  583
 162  583
 163  584
 165  584
 166  583
 168  583
 169  582
 170  582
 171  581
 172  581
 173  580
 175  580
 176  579
 177  579
 178  578
 179  578
 180  577
 181  577
 182  576
 185  576
 186  575
 188  575
 189  574
 197  574
 198  573
 199  573
 200  572
 201  572
 210  563
 211  563
 212  562
 214  562
 215  561
 235  561
 236  562
 237  562
 248  573
 248  574
 252  578
 252  579
 255  582
 255  583
 258  586
 258  587
 259  588
 259  589
 262  592
 262  593
 266  597
 266  598
 267  598
 272  603
 272  604
 273  605
 274  605
 279  610
 280  610
 283  613
 284  613
 287  616
 288  616
 290  618
 297  618
 298  617
 299  617
 301  615
 302  615
 305  612
 305  611
 307  609
 307  607
 308  606
 308  605
 309  604
 309  603
 310  602
 310  599
 309  598
 309  597
 308  596
 308  594
 304  590
 304  589
 302  587
 301  588
 285  588
 283  586
 282  586
 280  584
 279  584
 278  583
 276  583
 275  582
 274  582
 273  581
 271  581
 270  580
 269  580
 268  579
 267  579
 266  578
 265  578
 264  577
 261  577
 260  576
 260  568
 258  566
 258  565
 254  561
 254  560
 251  557
 251  556
 248  553
 248  552
 247  551
 247  550
 245  548
 245  547
 244  546
 244  543
 243  542
 243  541
 242  540
 242  537
 241  536
 241  515
 242  514
 242  513
 243  512
 243  511
 244  510
 244  507
 246  505
 246  504
 249  501
 249  500
 254  495
 254  494
 258  490
 258  488
 259  487
 259  486
 258  485
 258  479
 257  478
 257  463
 258  462
 258  457
 259  456
 259  455
 261  453
 261  451
 263  449
 263  448
 264  447
 264  446
 271  439
 271  434
 270  433
 270  432
 261  423
 261  403
 262  402
 262  399
 264  397
 264  396
 265  395
 265  393
 264  392
 264  391
 261  388
 261  387
 259  385
 258  385
 255  382
 254  382
 252  380
 251  380
 250  379
 249  379
 248  378
 247  378
 243  374
 243  372
 241  370
 241  368
 240  367
 240  366
 238  364
 238  361
 237  360
 237  355
 236  354
 236  353
 234  351
 234  350
 233  349
 232  349
 228  345
 227  345
 226  344
 226  330
 227  329
 241  329
 242  328
 255  328
 256  327
 264  327
 265  326
 272  326
 273  325
 275  325
 276  324
 277  324
 278  323
 279  323
 280  322
 281  322
 283  320
 284  320
 288  316
 288  315
 290  313
 292  313
 294  311
 294  310
 295  309
 295  308
 298  305
 298  304
 301  301
 301  300
 303  298
 303  297
 304  296
 304  295
 307  292
 307  291
 308  290
 308  289
 310  287
 310  286
 311  285
 311  284
 314  281
 314  279
 315  278
 315  277
 317  275
 317  274
 318  273
 318  272
 320  270
 320  269
 321  268
 321  267
 322  266
 322  265
 324  263
 324  262
 325  261
 325  260
 326  259
 326  258
 327  257
 327  256
 328  255
 328  254
 329  253
 329  252
 330  251
 330  250
 331  249
 331  246
 332  245
 332  243
 333  242
 333  241
 334  240
 334  238
 335  237
 335  236
 336  235
 336  234
 337  233
 337  232
 338  231
 338  230
 340  228
 340  227
 341  226
 341  224
 342  223
 342  220
 343  219
 343  217
 344  216
 344  211
 345  210
 345  208
 351  202
 351  201
 354  198
 354  197
 358  193
 358  192
 364  186
 364  185
 365  184
 365  182
 366  181
 367  181
 368  180
 368  179
 370  177
 370  176
 372  174
 373  174
 384  163
 384  162
 385  161
 385  160
 388  157
 388  156
 391  153
 391  152
 395  148
 395  147
 398  144
 398  143
 402  139
 402  138
 404  136
 404  135
 406  133
 406  132
 409  129
 409  128
 411  126
 411  125
 412  124
 412  123
 414  121
 414  120
 415  119
 415  118
 417  116
 417  115
 418  114
 418  111
 419  110
 419  106
 420  105
 420  104
 421  103
 421   97
 420   96
 420   94
 419   93
 419   91
 418   90
 418   88
 410   80
 409   80
 408   79
 407   79
 406   78
 405   78
 404   77
 403   77
 402   76
 401   76
 400   75
 399   75
 398   74
 395   74
 394   73
 393   73
 392   72
 387   72
 386   71
 383   71
 382   70
 373   70
 372   69
