 341  105
 340  106
 328  106
 327  107
 320  107
 319  108
 317  108
 316  109
 312  109
 311  110
 309  110
 308  111
 306  111
 305  112
 302  112
 301  113
 300  113
 299  114
 297  114
 296  115
 294  115
 293  116
 291  116
 290  117
 289  117
 288  118
 286  118
 285  119
 284  119
 283  120
 282  120
 281  121
 279  121
 278  122
 277  122
 276  123
 275  123
 273  125
 272  125
 271  126
 270  126
 269  127
 268  127
 267  128
 266  128
 265  129
 264  129
 263  130
 262  130
 260  132
 259  132
 258  133
 257  133
 255  135
 254  135
 253  136
 252  136
 250  138
 249  138
 247  140
 246  140
 244  142
 243  142
 241  144
 240  144
 238  146
 237  146
 235  148
 234  148
 231  151
 230  151
 227  154
 226  154
 223  157
 222  157
 218  161
 217  161
 213  165
 212  165
 209  168
 208  168
 200  176
 199  176
 185  190
 185  191
 166  210
 165  210
 163  212
 162  212
 160  214
 159  214
 157  216
 157  217
 156  218
 156  220
 154  222
 154  223
 144  233
 144  234
 141  237
 141  238
 131  248
 131  249
 125  255
 125  256
 121  260
 121  261
 118  264
 118  265
 116  267
 116  268
 114  270
 114  271
 112  273
 112  274
 111  275
 111  276
 109  278
 109  279
 107  281
 107  282
 106  283
 106  284
 105  285
 105  286
 104  287
 104  289
 103  290
 103  291
 102  292
 102  293
 101  294
 101  299
 100  300
 100  302
  97  305
  96  305
  96  312
  97  313
 104  313
 105  314
 105  328
 104  329
 103  329
 101  331
 101  332
 100  333
 100  334
  99  335
  99  339
  98  340
  98  347
  97  348
  97  356
  96  357
  91  357
  89  359
  89  364
  90  365
  90  367
  91  368
  91  369
  92  370
  92  372
  93  373
  93  383
  94  384
  94  386
  95  387
  95  388
  98  391
  98  392
 100  394
 100  395
 101  396
 101  397
 103  399
 103  400
 104  401
 104  404
 105  405
 105  406
 106  407
 106  408
 107  409
 107  412
 108  413
 108  415
 109  416
 109  417
 110  418
 110  424
 111  425
 111  428
 112  429
 112  430
 113  431
 113  433
 114  434
 114  435
 117  438
 117  441
 118  442
 118  448
 119  449
 119  453
 120  454
 120  463
 121  464
 121  467
 122  468
 122  469
 123  470
 123  472
 124  473
 124  476
 125  477
 125  478
 126  479
 126  480
 127  481
 127  483
 128  484
 128  486
 129  487
 129  488
 130  489
 130  492
 131  493
 131  494
 132  495
 132  496
 133  497
 133  499
 134  500
 134  501
 135  502
 135  503
 137  505
 137  507
 138  508
 138  509
 139  510
 139  511
 140  512
 140  513
 141  514
 141  515
 142  516
 142  517
 143  518
 143  519
 144  520
 144  522
 145  523
 145  524
 146  525
 146  526
 149  529
 150  529
 151  530
 152  530
 153  531
 155  531
 156  532
 158  532
 159  533
 165  533
 166  534
 166  555
 167  556
 167  559
 168  560
 168  561
 171  564
 171  565
 174  568
 174  569
 178  573
 179  573
 181  575
 182  575
 183  576
 184  576
 186  574
 186  572
 187  571
 187  570
 190  567
 209  567
 210  568
 210  571
 211  572
 211  576
 215  580
 216  580
 217  581
 218  581
 219  582
 220  582
 221  581
 222  581
 226  577
 226  576
 227  575
 227  562
 231  558
 232  558
 233  557
 248  557
 250  559
 250  560
 254  564
 255  564
 257  566
 260  566
 260  565
 262  563
 262  559
 261  558
 261  547
 260  546
 260  545
 258  543
 258  526
 260  524
 260  523
 261  522
 276  522
 278  524
 281  524
 283  522
 283  521
 284  520
 284  519
 285  518
 285  516
 286  515
 286  505
 284  503
 284  502
 283  501
 283  483
 284  482
 302  482
 307  477
 307  468
 305  466
 304  466
 303  465
 302  465
 300  463
 300  447
 301  446
 301  443
 302  442
 303  442
 304  441
 308  441
 311  438
 311  437
 312  436
 312  434
 311  433
 311  430
 310  429
 310  425
 309  424
 309  423
 308  422
 308  421
 307  420
 307  418
 306  417
 306  416
 305  415
 304  415
 302  413
 301  413
 296  408
 296  407
 293  404
 293  403
 292  402
 292  388
 291  387
 291  386
 287  382
 287  381
 273  367
 273  353
 274  352
 281  352
 281  345
 282  344
 285  344
 286  343
 295  343
 296  342
 306  342
 307  341
 311  341
 313  339
 313  336
 314  335
 314  332
 316  330
 317  330
 318  329
 321  329
 322  328
 323  328
 324  327
 324  326
 325  325
 325  324
 326  323
 326  320
 327  319
 327  317
 328  316
 328  315
 330  313
 333  313
 335  311
 335  299
 337  297
 338  297
 339  296
 340  296
 341  295
 342  295
 343  294
 343  293
 346  290
 346  289
 347  288
 347  284
 348  283
 348  279
 347  278
 347  277
 346  276
 346  260
 348  258
 349  258
 350  257
 351  257
 354  254
 354  252
 355  251
 355  250
 356  249
 356  247
 357  246
 357  242
 356  241
 356  225
 358  223
 359  223
 360  222
 361  222
 364  219
 364  217
 366  215
 366  214
 367  213
 367  210
 368  209
 368  206
 369  205
 369  196
 372  193
 373  193
 377  189
 377  187
 378  186
 378  185
 379  184
 379  183
 380  182
 380  170
 383  167
 383  166
 384  165
 384  164
 385  163
 385  162
 386  161
 386  159
 387  158
 387  146
 390  143
 390  142
 391  141
 391  136
 390  135
 390  134
 389  133
 389  124
 388  123
 388  122
 387  121
 387  119
 384  116
 384  115
 383  114
 382  114
 380  112
 379  112
 378  111
 377  111
 376  110
 375  110
 374  109
 372  109
 371  108
 370  108
 369  107
 361  107
 360  106
 347  106
 346  105
