 393   59
 392   60
 384   60
 383   61
 379   61
 378   62
 373   62
 372   63
 368   63
 367   64
 364   64
 363   65
 359   65
 358   66
 356   66
 355   67
 351   67
 350   68
 348   68
 347   69
 344   69
 343   70
 341   70
 340   71
 337   71
 336   72
 333   72
 332   73
 330   73
 329   74
 325   74
 324   75
 322   75
 321   76
 319   76
 318   77
 316   77
 315   78
 313   78
 312   79
 310   79
 309   80
 308   80
 307   81
 305   81
 304   82
 303   82
 302   83
 301   83
 300   84
 299   84
 298   85
 296   85
 295   86
 294   86
 293   87
 291   87
 290   88
 289   88
 288   89
 287   89
 286   90
 284   90
 283   91
 282   91
 281   92
 280   92
 279   93
 278   93
 277   94
 276   94
 275   95
 274   95
 273   96
 272   96
 271   97
 270   97
 269   98
 268   98
 266  100
 265  100
 264  101
 263  101
 261  103
 260  103
 259  104
 258  104
 256  106
 255  106
 254  107
 253  107
 251  109
 250  109
 248  111
 247  111
 246  112
 245  112
 243  114
 242  114
 240  116
 239  116
 238  117
 237  117
 236  118
 235  118
 233  120
 232  120
 231  121
 230  121
 228  123
 227  123
 225  125
 224  125
 223  126
 222  126
 220  128
 219  128
 217  130
 216  130
 214  132
 213  132
 212  133
 211  133
 209  135
 208  135
 206  137
 205  137
 203  139
 202  139
 200  141
 199  141
 197  143
 196  143
 193  146
 192  146
 190  148
 189  148
 186  151
 185  151
 182  154
 181  154
 178  157
 177  157
 174  160
 173  160
 169  164
 168  164
 165  167
 164  167
 158  173
 157  173
 150  180
 149  180
 141  188
 140  188
 134  194
 133  194
 133  195
 127  201
 126  201
 100  227
 100  228
  96  232
  96  233
  83  246
  83  247
  77  253
  77  254
  73  258
  73  259
  70  262
  70  263
  69  264
  69  265
  66  268
  66  269
  65  270
  65  271
  63  273
  63  274
  62  275
  62  276
  61  277
  61  278
  59  280
  59  282
  56  285
  56  287
  55  288
  55  289
  53  291
  53  292
  52  293
  52  294
  51  295
  51  296
  49  298
  49  300
  48  301
  48  303
  47  304
  47  305
  46  306
  46  308
  45  309
  45  312
  44  313
  43  313
  42  314
  42  315
  40  317
  37  317
  36  318
  35  318
  35  350
  34  351
  33  351
  32  352
  32  363
  33  364
  44  364
  45  365
  45  379
  44  380
  44  381
  41  384
  34  384
  33  385
  33  431
  35  433
  35  434
  36  435
  36  436
  37  437
  37  438
  38  439
  38  441
  39  442
  39  445
  40  446
  40  447
  41  448
  41  449
  42  450
  42  455
  43  456
  43  457
  44  458
  44  459
  45  460
  45  462
  46  463
  46  464
  47  465
  47  466
  48  467
  48  468
  49  469
  49  472
  51  474
  51  476
  52  477
  52  481
  53  482
  53  484
  55  486
  55  487
  56  488
  56  489
  59  492
  59  494
  60  495
  60  496
  62  498
  62  500
  63  501
  63  502
  65  504
  65  505
  66  506
  66  507
  69  510
  69  511
  70  512
  70  513
  72  515
  72  517
  73  518
  73  519
  75  521
  75  523
  76  524
  76  525
  78  527
  78  528
  79  529
  79  530
  81  532
  81  533
  86  538
  86  539
  89  542
  89  543
  90  544
  90  545
  93  548
  93  549
 103  559
 103  560
 105  562
 105  563
 106  564
 106  566
 107  567
 107  569
 108  570
 108  571
 113  576
 113  577
 114  578
 114  579
 115  580
 115  583
 117  585
 117  586
 120  589
 120  591
 122  593
 122  594
 123  595
 123  596
 126  599
 126  601
 127  602
 127  603
 129  605
 129  607
 130  608
 130  609
 132  611
 132  612
 133  613
 133  615
 137  619
 139  619
 146  626
 148  626
 150  624
 151  624
 152  623
 172  623
 173  624
 174  624
 176  626
 177  626
 179  628
 183  628
 184  627
 186  627
 187  626
 188  626
 189  625
 190  625
 192  623
 193  623
 193  622
 195  620
 195  619
 196  618
 196  617
 200  613
 201  613
 203  611
 205  611
 206  610
 207  610
 208  609
 211  609
 212  608
 228  608
 229  607
 230  607
 231  606
 232  606
 235  603
 235  602
 238  599
 238  598
 239  597
 239  593
 240  592
 240  585
 241  584
 241  580
 242  579
 242  576
 243  575
 243  574
 244  573
 244  572
 251  565
 252  565
 253  564
 257  564
 258  563
 263  563
 264  562
 266  562
 269  559
 269  557
 270  556
 270  555
 271  554
 271  551
 272  550
 272  539
 271  538
 271  518
 272  517
 272  512
 273  511
 273  508
 274  507
 274  505
 275  504
 275  503
 278  500
 279  500
 281  498
 282  498
 285  495
 285  493
 286  492
 286  489
 285  488
 285  486
 283  484
 283  483
 282  482
 282  481
 278  477
 278  476
 276  474
 276  473
 275  472
 275  470
 274  469
 274  467
 273  466
 273  465
 272  464
 272  462
 271  461
 271  446
 269  444
 269  443
 266  440
 266  439
 251  424
 250  424
 246  420
 245  420
 240  415
 239  415
 235  411
 234  411
 231  408
 230  408
 228  406
 227  406
 224  403
 223  403
 221  401
 220  401
 218  399
 217  399
 214  396
 213  396
 211  394
 210  394
 208  392
 207  392
 206  391
 205  391
 203  389
 202  389
 201  388
 200  388
 196  384
 178  384
 177  383
 175  383
 174  382
 174  368
 175  367
 200  367
 201  368
 213  368
 214  369
 223  369
 224  370
 231  370
 232  371
 241  371
 242  370
 252  370
 253  369
 261  369
 262  368
 269  368
 270  367
 282  367
 283  366
 293  366
 294  365
 297  365
 298  364
 301  364
 302  363
 302  362
 305  359
 312  359
 313  358
 315  358
 317  356
 317  354
 318  353
 318  352
 320  350
 323  350
 324  349
 328  349
 329  348
 330  348
 331  347
 332  347
 333  346
 334  346
 339  341
 339  340
 341  338
 341  337
 342  336
 342  335
 343  334
 343  332
 344  331
 344  329
 345  328
 345  326
 346  325
 346  324
 349  321
 350  321
 352  319
 353  319
 355  317
 356  317
 358  315
 358  314
 360  312
 360  311
 361  310
 361  309
 362  308
 362  306
 363  305
 363  303
 364  302
 364  301
 365  300
 365  297
 366  296
 366  293
 367  292
 367  290
 368  289
 368  287
 369  286
 369  283
 375  277
 375  276
 378  273
 378  272
 379  271
 379  270
 381  268
 381  267
 382  266
 382  264
 383  263
 383  260
 384  259
 384  258
 385  257
 385  256
 386  255
 386  253
 387  252
 387  251
 388  250
 388  249
 389  248
 389  242
 390  241
 390  238
 391  237
 391  236
 392  235
 392  233
 393  232
 393  231
 394  230
 394  229
 396  227
 396  226
 398  224
 398  223
 401  220
 401  219
 402  218
 402  217
 403  216
 403  214
 404  213
 404  211
 405  210
 405  209
 406  208
 406  206
 407  205
 407  204
 408  203
 408  202
 409  201
 409  197
 410  196
 410  191
 411  190
 411  189
 412  188
 412  187
 415  184
 415  183
 417  181
 417  180
 418  179
 418  178
 419  177
 419  175
 421  173
 421  172
 422  171
 422  170
 423  169
 423  167
 424  166
 424  165
 425  164
 425  162
 426  161
 426  160
 428  158
 428  157
 432  153
 432  152
 434  150
 434  149
 435  148
 435  147
 436  146
 436  144
 437  143
 437  141
 438  140
 438  139
 439  138
 439  136
 440  135
 440  134
 441  133
 441  132
 442  131
 442  130
 443  129
 443  125
 444  124
 444  121
 445  120
 445  118
 446  117
 446  113
 447  112
 447  102
 448  101
 448   96
 449   95
 449   91
 448   90
 448   82
 447   81
 447   79
 446   78
 446   77
 444   75
 444   74
 438   68
 437   68
 436   67
 435   67
 433   65
 431   65
 430   64
 428   64
 427   63
 424   63
 423   62
 419   62
 418   61
 413   61
 412   60
 402   60
 401   59
