 372   42
 371   43
 362   43
 361   44
 352   44
 351   45
 347   45
 346   46
 340   46
 339   47
 336   47
 335   48
 331   48
 330   49
 327   49
 326   50
 323   50
 322   51
 319   51
 318   52
 316   52
 315   53
 312   53
 311   54
 309   54
 308   55
 304   55
 303   56
 302   56
 301   57
 298   57
 297   58
 295   58
 294   59
 292   59
 291   60
 289   60
 288   61
 286   61
 285   62
 283   62
 282   63
 280   63
 279   64
 277   64
 276   65
 275   65
 274   66
 271   66
 270   67
 269   67
 268   68
 266   68
 265   69
 264   69
 263   70
 262   70
 261   71
 259   71
 258   72
 257   72
 256   73
 254   73
 253   74
 252   74
 251   75
 249   75
 248   76
 247   76
 246   77
 245   77
 244   78
 243   78
 242   79
 241   79
 240   80
 239   80
 238   81
 236   81
 235   82
 234   82
 233   83
 232   83
 231   84
 230   84
 229   85
 228   85
 227   86
 226   86
 225   87
 224   87
 223   88
 222   88
 221   89
 220   89
 219   90
 218   90
 217   91
 216   91
 215   92
 214   92
 213   93
 212   93
 210   95
 209   95
 208   96
 207   96
 206   97
 205   97
 204   98
 203   98
 202   99
 201   99
 200  100
 199  100
 197  102
 196  102
 195  103
 194  103
 193  104
 192  104
 190  106
 189  106
 188  107
 187  107
 185  109
 184  109
 183  110
 182  110
 179  113
 178  113
 174  117
 173  117
 171  119
 170  119
 167  122
 166  122
 164  124
 163  124
 161  126
 160  126
 158  128
 157  128
 155  130
 154  130
 151  133
 150  133
 145  138
 144  138
 137  145
 136  145
 129  152
 128  152
 126  154
 125  154
 107  172
 106  172
 106  173
 103  176
 102  176
 102  177
  87  192
  87  193
  79  201
  79  202
  75  206
  75  207
  71  211
  71  212
  68  215
  68  216
  65  219
  65  220
  61  224
  61  225
  58  228
  58  229
  56  231
  56  232
  54  234
  54  235
  52  237
  52  238
  51  239
  51  240
  48  243
  48  245
  45  248
  45  249
  44  250
  44  251
  42  253
  42  254
  41  255
  41  256
  38  259
  38  261
  37  262
  37  263
  35  265
  35  267
  34  268
  34  269
  32  271
  32  273
  31  274
  31  276
  30  277
  30  278
  29  279
  29  280
  28  281
  28  284
  27  285
  27  286
  26  287
  26  316
  27  317
  34  317
  35  318
  35  332
  29  338
  29  339
  28  340
  28  342
  27  343
  27  345
  25  347
  25  364
  28  367
  28  368
  31  371
  31  372
  32  373
  32  374
  34  376
  34  377
  38  381
  38  382
  40  384
  40  385
  41  386
  41  387
  42  388
  42  389
  43  390
  43  391
  44  392
  44  393
  45  394
  45  396
  47  398
  47  399
  49  401
  49  402
  52  405
  52  406
  55  409
  55  410
  56  411
  56  412
  58  414
  58  416
  60  418
  60  419
  61  420
  61  421
  62  422
  62  423
  64  425
  64  426
  65  427
  65  428
  66  429
  66  430
  67  431
  67  432
  69  434
  69  435
  70  436
  70  437
  71  438
  71  439
  72  440
  72  441
  73  442
  73  443
  74  444
  74  445
  75  446
  75  448
  76  449
  76  451
  77  452
  77  455
  78  456
  78  460
  79  461
  79  463
  80  464
  80  466
  81  467
  81  472
  82  473
  82  477
  83  478
  83  481
  84  482
  84  488
  85  489
  85  495
  86  496
  86  498
  87  499
  87  502
  88  503
  88  517
  89  518
  89  523
  90  524
  90  527
  91  528
  91  546
  92  547
  92  553
  93  554
  93  556
  94  557
  94  562
  95  563
  95  567
  96  568
  96  569
  98  571
  98  573
 101  576
 101  577
 103  579
 104  579
 106  581
 107  581
 108  582
 110  582
 111  583
 112  583
 113  584
 115  584
 116  585
 117  585
 118  586
 119  586
 123  590
 123  591
 125  593
 125  596
 126  597
 126  599
 127  600
 127  602
 128  603
 128  609
 129  610
 129  611
 130  612
 130  613
 131  614
 131  616
 132  617
 132  620
 134  622
 134  624
 135  625
 135  627
 136  628
 136  629
 139  632
 139  633
 149  643
 150  643
 151  644
 152  644
 153  645
 155  645
 156  646
 157  645
 159  645
 160  644
 162  644
 163  643
 164  643
 166  641
 167  641
 169  639
 170  639
 171  638
 173  638
 174  637
 195  637
 196  638
 199  638
 200  639
 202  639
 203  638
 204  638
 208  634
 208  633
 211  630
 211  629
 218  622
 219  622
 220  621
 221  621
 223  619
 225  619
 226  618
 241  618
 242  619
 243  619
 249  625
 249  626
 252  629
 257  629
 257  628
 255  626
 255  625
 251  621
 251  620
 248  617
 248  614
 247  613
 247  611
 246  610
 246  609
 245  608
 245  606
 244  605
 244  579
 245  578
 245  576
 248  573
 248  572
 252  568
 253  568
 254  567
 255  567
 256  566
 257  566
 258  565
 259  565
 260  564
 262  564
 263  563
 264  563
 266  561
 267  561
 267  560
 268  559
 268  558
 270  556
 270  554
 271  553
 271  545
 270  544
 270  541
 269  540
 269  535
 268  534
 268  519
 269  518
 269  517
 270  516
 270  515
 271  514
 271  512
 275  508
 278  508
 279  507
 281  507
 282  506
 284  506
 286  504
 287  504
 288  503
 289  503
 292  500
 292  499
 293  498
 293  495
 292  494
 292  491
 291  490
 291  487
 290  486
 290  485
 289  484
 289  482
 288  481
 288  479
 287  478
 287  477
 286  476
 286  475
 285  474
 285  473
 284  472
 284  471
 283  470
 283  469
 282  468
 282  466
 281  465
 281  448
 282  447
 283  447
 285  445
 286  445
 287  444
 287  438
 288  437
 292  437
 292  435
 291  434
 291  431
 289  429
 289  428
 288  427
 288  426
 287  425
 287  424
 274  411
 273  411
 270  408
 269  408
 264  403
 264  402
 261  399
 261  386
 260  385
 260  384
 258  382
 258  381
 255  378
 255  377
 251  373
 251  372
 250  371
 249  371
 248  370
 248  369
 243  364
 242  364
 237  359
 236  359
 232  355
 231  355
 229  353
 228  353
 223  348
 223  347
 221  345
 201  345
 200  344
 198  344
 197  343
 197  329
 198  328
 214  328
 215  329
 272  329
 273  328
 281  328
 282  327
 283  327
 286  324
 287  324
 287  323
 290  320
 291  320
 293  318
 294  318
 295  317
 298  317
 299  316
 300  316
 301  315
 301  314
 305  310
 305  309
 318  296
 318  295
 322  291
 322  290
 326  286
 326  285
 328  283
 328  282
 329  281
 329  280
 331  278
 331  276
 332  275
 332  274
 334  272
 334  271
 335  270
 335  269
 336  268
 337  268
 337  267
 341  263
 341  262
 345  258
 345  257
 348  254
 348  253
 350  251
 350  250
 351  249
 351  248
 352  247
 352  246
 353  245
 353  244
 354  243
 354  241
 355  240
 355  237
 356  236
 356  235
 357  234
 357  233
 358  232
 358  231
 360  229
 360  228
 362  226
 362  225
 365  222
 365  221
 368  218
 368  217
 371  214
 371  213
 372  212
 372  211
 374  209
 374  208
 375  207
 375  205
 376  204
 376  203
 377  202
 377  201
 378  200
 378  197
 379  196
 379  194
 381  192
 381  191
 382  190
 382  189
 392  179
 392  178
 397  173
 397  172
 398  171
 398  170
 401  167
 401  166
 402  165
 402  164
 404  162
 404  161
 413  152
 414  152
 421  145
 421  144
 424  141
 424  140
 425  139
 425  138
 427  136
 427  135
 428  134
 428  132
 429  131
 429  130
 431  128
 431  127
 433  125
 433  124
 435  122
 435  121
 441  115
 441  114
 444  111
 444  110
 445  109
 445  108
 447  106
 447  105
 448  104
 448  102
 449  101
 449   99
 451   97
 451   95
 452   94
 452   92
 453   91
 453   90
 454   89
 454   85
 455   84
 455   73
 454   72
 454   71
 453   70
 453   69
 452   68
 452   64
 451   63
 451   62
 449   60
 449   59
 447   57
 446   57
 443   54
 442   54
 441   53
 440   53
 438   51
 436   51
 435   50
 434   50
 433   49
 432   49
 431   48
 429   48
 428   47
 426   47
 425   46
 422   46
 421   45
 418   45
 417   44
 406   44
 405   43
 395   43
 394   42
