 352   88
 351   89
 340   89
 339   90
 336   90
 335   91
 330   91
 329   92
 327   92
 326   93
 323   93
 322   94
 319   94
 318   95
 317   95
 316   96
 313   96
 312   97
 311   97
 310   98
 308   98
 307   99
 305   99
 304  100
 303  100
 302  101
 301  101
 300  102
 299  102
 298  103
 297  103
 296  104
 295  104
 294  105
 293  105
 292  106
 291  106
 290  107
 289  107
 288  108
 287  108
 286  109
 285  109
 284  110
 283  110
 282  111
 281  111
 279  113
 278  113
 277  114
 276  114
 274  116
 273  116
 272  117
 271  117
 269  119
 268  119
 267  120
 266  120
 264  122
 263  122
 261  124
 260  124
 259  125
 258  125
 256  127
 255  127
 254  128
 253  128
 251  130
 250  130
 248  132
 247  132
 246  133
 245  133
 243  135
 242  135
 240  137
 239  137
 237  139
 236  139
 233  142
 232  142
 230  144
 229  144
 226  147
 225  147
 223  149
 222  149
 219  152
 218  152
 215  155
 214  155
 212  157
 211  157
 208  160
 207  160
 203  164
 202  164
 198  168
 197  168
 192  173
 191  173
 182  182
 181  182
 175  188
 174  188
 165  197
 164  197
 158  203
 157  203
 147  213
 147  214
 143  218
 143  219
 137  225
 137  226
 133  230
 133  231
 131  233
 131  234
 129  236
 129  237
 127  239
 127  240
 124  243
 124  244
 122  246
 122  247
 120  249
 120  250
 119  251
 119  252
 117  254
 117  255
 115  257
 115  258
 113  260
 113  261
 112  262
 112  263
 111  264
 111  265
 110  266
 110  267
 109  268
 109  269
 108  270
 108  271
 107  272
 107  273
 106  274
 106  275
 104  277
 104  279
 103  280
 103  281
 101  283
 101  285
 100  286
 100  288
  98  290
  98  291
  97  292
  97  294
  96  295
  96  296
  95  297
  95  298
  94  299
  94  302
  92  304
  92  305
  91  306
  91  310
  90  311
  90  315
  89  316
  89  318
  88  319
  88  322
  86  324
  86  325
  85  326
  85  346
  87  348
  97  348
  98  349
  98  363
  94  367
  94  368
  92  370
  88  370
  87  371
  86  371
  86  395
  87  396
  87  397
  88  398
  88  399
  90  401
  90  402
  91  403
  91  404
  94  407
  94  408
 104  418
 104  419
 107  422
 107  423
 109  425
 109  426
 111  428
 111  430
 114  433
 114  435
 116  437
 116  438
 117  439
 117  440
 118  441
 118  442
 120  444
 120  445
 121  446
 121  448
 124  451
 124  453
 125  454
 125  455
 126  456
 126  457
 127  458
 127  459
 128  460
 128  461
 129  462
 129  463
 130  464
 130  465
 131  466
 131  468
 132  469
 132  470
 133  471
 133  472
 134  473
 134  476
 135  477
 135  478
 136  479
 136  480
 137  481
 137  484
 138  485
 138  487
 139  488
 139  489
 140  490
 140  493
 141  494
 141  498
 142  499
 142  501
 143  502
 143  504
 144  505
 144  511
 145  512
 145  514
 146  515
 146  517
 147  518
 147  524
 148  525
 148  528
 149  529
 149  530
 150  531
 150  533
 151  534
 151  537
 152  538
 152  540
 154  542
 154  544
 155  545
 155  546
 158  549
 158  550
 160  552
 179  552
 180  553
 182  553
 186  557
 186  558
 188  560
 188  561
 190  563
 190  564
 191  565
 191  575
 193  577
 193  578
 194  579
 194  580
 198  584
 198  585
 201  588
 202  588
 203  589
 204  589
 206  591
 207  591
 211  595
 211  596
 212  597
 213  597
 214  598
 215  598
 216  599
 218  599
 219  600
 222  600
 223  599
 226  599
 227  598
 229  598
 230  597
 232  597
 233  596
 251  596
 252  597
 253  597
 254  598
 255  598
 256  599
 257  599
 258  600
 259  599
 260  599
 261  598
 262  598
 264  596
 265  596
 270  591
 270  590
 276  584
 277  584
 278  583
 279  583
 280  582
 292  582
 293  581
 294  581
 298  577
 298  573
 297  572
 297  555
 298  554
 298  553
 310  541
 310  540
 311  539
 311  537
 312  536
 312  535
 311  534
 311  532
 310  531
 310  525
 308  523
 308  522
 307  521
 307  520
 306  519
 306  518
 304  516
 304  515
 303  514
 303  513
 302  512
 302  511
 301  510
 301  508
 300  507
 300  502
 299  501
 299  485
 300  484
 300  482
 305  477
 305  476
 306  475
 306  474
 305  473
 305  472
 304  471
 304  470
 303  469
 303  468
 300  465
 300  464
 297  461
 297  460
 294  457
 294  456
 293  455
 293  434
 295  432
 295  430
 294  429
 294  428
 293  427
 293  426
 284  417
 283  417
 280  414
 279  414
 277  412
 276  412
 272  408
 271  408
 268  405
 267  405
 261  399
 261  393
 260  392
 260  390
 255  385
 254  385
 252  383
 251  383
 246  378
 245  378
 242  375
 241  375
 238  372
 237  372
 235  370
 216  370
 215  369
 215  355
 216  354
 265  354
 266  353
 277  353
 279  351
 280  351
 281  350
 281  349
 282  348
 288  348
 289  347
 290  347
 290  346
 294  342
 294  341
 298  337
 298  336
 300  334
 300  333
 301  332
 301  331
 303  329
 303  328
 306  325
 306  324
 316  314
 316  313
 317  312
 317  310
 318  309
 318  308
 319  307
 319  306
 320  305
 320  302
 321  301
 321  296
 322  295
 322  293
 323  292
 323  290
 324  289
 324  288
 325  287
 325  286
 329  282
 329  281
 330  280
 330  279
 331  278
 331  277
 333  275
 333  272
 334  271
 334  264
 335  263
 335  255
 336  254
 336  251
 337  250
 337  249
 338  248
 338  247
 340  245
 340  244
 341  243
 341  242
 342  241
 342  240
 343  239
 343  238
 344  237
 344  232
 345  231
 345  228
 346  227
 346  224
 347  223
 347  219
 349  217
 349  216
 358  207
 358  206
 360  204
 360  203
 361  202
 361  201
 362  200
 362  199
 363  198
 363  197
 364  196
 364  193
 365  192
 365  191
 367  189
 367  187
 370  184
 370  183
 374  179
 374  178
 376  176
 376  175
 377  174
 377  172
 378  171
 378  170
 379  169
 379  168
 380  167
 380  166
 381  165
 381  163
 383  161
 383  160
 384  159
 384  158
 387  155
 387  154
 389  152
 389  151
 390  150
 390  149
 391  148
 391  146
 392  145
 392  144
 393  143
 393  142
 394  141
 394  137
 395  136
 395  126
 396  125
 396  117
 395  116
 395  110
 394  109
 394  105
 392  103
 392  102
 390  100
 390   99
 385   94
 384   94
 383   93
 381   93
 380   92
 372   92
 369   89
 366   89
 365   88
