 344   84
 343   85
 334   85
 333   86
 327   86
 326   87
 323   87
 322   88
 319   88
 318   89
 315   89
 314   90
 312   90
 311   91
 309   91
 308   92
 306   92
 305   93
 303   93
 302   94
 300   94
 299   95
 297   95
 296   96
 295   96
 294   97
 292   97
 291   98
 289   98
 288   99
 287   99
 286  100
 284  100
 283  101
 282  101
 281  102
 280  102
 279  103
 277  103
 276  104
 275  104
 274  105
 273  105
 272  106
 271  106
 270  107
 269  107
 268  108
 267  108
 266  109
 265  109
 264  110
 263  110
 262  111
 261  111
 260  112
 259  112
 258  113
 257  113
 255  115
 254  115
 253  116
 252  116
 251  117
 250  117
 248  119
 247  119
 246  120
 245  120
 243  122
 242  122
 240  124
 239  124
 237  126
 236  126
 234  128
 233  128
 231  130
 230  130
 228  132
 227  132
 225  134
 224  134
 221  137
 220  137
 218  139
 217  139
 213  143
 212  143
 209  146
 208  146
 204  150
 203  150
 198  155
 197  155
 174  178
 174  179
 167  186
 167  187
 163  191
 163  192
 160  195
 160  196
 158  198
 158  199
 156  201
 156  202
 153  205
 153  206
 151  208
 151  209
 149  211
 149  212
 146  215
 146  216
 144  218
 144  219
 143  220
 143  221
 141  223
 141  224
 139  226
 139  227
 138  228
 138  229
 136  231
 136  232
 135  233
 135  234
 133  236
 133  238
 131  240
 131  241
 130  242
 130  243
 129  244
 129  245
 126  248
 126  250
 124  252
 124  253
 123  254
 123  256
 122  257
 122  258
 120  260
 120  261
 119  262
 119  264
 117  266
 117  267
 116  268
 116  270
 114  272
 114  273
 113  274
 113  275
 112  276
 112  278
 110  280
 110  281
 109  282
 109  285
 107  287
 107  288
 106  289
 106  305
 107  305
 108  306
 118  306
 119  307
 119  322
 117  324
 117  325
 115  327
 115  328
 114  329
 114  331
 113  332
 113  334
 111  336
 110  336
 109  337
 109  371
 112  374
 113  374
 119  380
 119  381
 121  383
 121  384
 123  386
 123  387
 125  389
 125  390
 126  391
 126  393
 127  394
 127  395
 128  396
 128  398
 129  399
 129  400
 130  401
 130  402
 131  403
 131  405
 132  406
 132  407
 133  408
 133  410
 134  411
 134  412
 135  413
 135  414
 136  415
 136  417
 137  418
 137  419
 138  420
 138  422
 139  423
 139  425
 140  426
 140  428
 141  429
 141  431
 142  432
 142  435
 143  436
 143  439
 144  440
 144  441
 145  442
 145  444
 146  445
 146  448
 147  449
 147  451
 148  452
 148  454
 149  455
 149  458
 150  459
 150  461
 151  462
 151  464
 152  465
 152  467
 153  468
 153  471
 154  472
 154  474
 155  475
 155  478
 156  479
 156  484
 157  485
 157  487
 158  488
 158  491
 159  492
 159  496
 160  497
 160  501
 161  502
 161  503
 162  504
 162  506
 163  507
 163  509
 164  510
 164  511
 165  512
 165  513
 166  514
 166  516
 168  518
 168  519
 170  521
 170  522
 174  526
 174  527
 175  527
 177  529
 178  529
 179  530
 183  530
 184  531
 192  531
 193  532
 195  532
 197  534
 197  539
 198  540
 198  541
 199  542
 199  544
 200  545
 200  546
 202  548
 202  549
 203  550
 203  551
 210  558
 210  559
 211  559
 215  563
 216  563
 218  565
 222  565
 223  564
 225  564
 226  563
 227  563
 230  560
 230  559
 231  558
 231  555
 234  552
 250  552
 255  557
 256  557
 257  558
 258  558
 259  559
 263  559
 266  556
 266  554
 267  553
 267  551
 270  548
 271  548
 272  547
 293  547
 294  548
 295  548
 297  550
 297  551
 316  570
 316  571
 320  575
 320  576
 322  578
 322  579
 324  581
 324  582
 327  585
 327  586
 330  589
 330  590
 331  591
 331  592
 338  599
 339  599
 341  601
 342  601
 343  602
 344  602
 345  603
 350  603
 351  602
 352  602
 353  601
 354  601
 359  596
 359  595
 360  594
 360  593
 361  592
 361  590
 362  589
 362  584
 361  583
 361  580
 360  579
 360  578
 359  577
 359  575
 358  574
 358  573
 357  572
 357  571
 355  569
 355  568
 354  567
 353  567
 350  564
 349  564
 347  562
 346  562
 345  561
 344  561
 343  560
 341  560
 340  559
 339  559
 338  558
 337  558
 336  557
 334  557
 333  556
 332  556
 331  555
 330  555
 329  554
 328  554
 327  553
 326  553
 324  551
 323  551
 322  550
 321  550
 319  548
 318  548
 317  547
 316  547
 315  546
 314  546
 312  544
 311  544
 308  541
 307  541
 305  539
 304  539
 291  526
 291  525
 290  524
 290  508
 291  507
 291  503
 292  502
 292  501
 294  499
 300  499
 301  498
 302  498
 303  497
 304  497
 307  494
 307  493
 308  492
 308  488
 306  486
 306  484
 304  482
 303  482
 301  480
 300  480
 297  477
 297  462
 304  455
 306  455
 307  454
 308  454
 309  453
 310  453
 311  452
 312  452
 314  450
 315  450
 319  446
 319  444
 320  443
 320  440
 319  439
 319  437
 318  436
 318  435
 312  429
 311  429
 308  426
 308  411
 309  410
 310  410
 311  409
 314  409
 315  408
 317  408
 321  404
 321  402
 322  401
 322  400
 321  399
 321  397
 320  396
 320  395
 319  394
 319  393
 318  392
 318  391
 316  389
 316  388
 314  386
 314  385
 309  380
 309  379
 308  378
 307  378
 305  376
 303  376
 302  375
 300  375
 299  374
 298  374
 296  372
 296  361
 295  360
 295  358
 292  355
 291  355
 287  351
 286  351
 283  348
 282  348
 280  346
 279  346
 276  343
 275  343
 272  340
 271  340
 268  337
 267  337
 265  335
 264  335
 263  334
 262  334
 261  333
 260  333
 259  332
 259  331
 258  330
 258  316
 259  315
 274  315
 275  316
 277  316
 278  315
 292  315
 293  314
 295  314
 297  312
 298  312
 299  311
 299  310
 300  309
 301  309
 304  306
 308  306
 309  305
 309  304
 311  302
 311  301
 312  300
 312  297
 313  296
 313  295
 314  294
 314  293
 316  291
 316  290
 319  287
 319  285
 320  284
 320  282
 321  281
 321  278
 322  277
 322  266
 323  265
 323  264
 325  262
 325  261
 327  259
 327  258
 329  256
 329  253
 330  252
 330  251
 331  250
 331  226
 332  225
 332  224
 333  223
 333  221
 334  220
 334  218
 335  217
 335  196
 339  192
 339  191
 340  190
 340  189
 341  188
 341  187
 342  186
 342  184
 343  183
 343  182
 344  181
 344  178
 345  177
 345  169
 346  168
 346  167
 353  160
 353  159
 355  157
 355  155
 356  154
 356  153
 357  152
 357  151
 358  150
 358  149
 359  148
 359  145
 360  144
 360  142
 361  141
 361  140
 362  139
 362  138
 365  135
 365  134
 366  133
 366  132
 368  130
 368  129
 369  128
 369  126
 370  125
 370  124
 371  123
 371  122
 372  121
 372  118
 373  117
 373  112
 374  111
 374  106
 375  105
 374  104
 374  100
 373   99
 373   97
 372   96
 372   94
 371   93
 371   92
 367   88
 365   88
 364   87
 363   87
 362   86
 358   86
 357   85
 351   85
 350   84
