 326  117
 325  118
 315  118
 314  119
 310  119
 309  120
 303  120
 302  121
 298  121
 297  122
 293  122
 292  123
 287  123
 286  124
 284  124
 283  125
 279  125
 278  126
 275  126
 274  127
 270  127
 269  128
 267  128
 266  129
 263  129
 262  130
 259  130
 258  131
 256  131
 255  132
 252  132
 251  133
 249  133
 248  134
 244  134
 243  135
 242  135
 241  136
 237  136
 236  137
 234  137
 233  138
 231  138
 230  139
 228  139
 227  140
 226  140
 225  141
 223  141
 222  142
 220  142
 219  143
 217  143
 216  144
 215  144
 214  145
 211  145
 210  146
 209  146
 208  147
 206  147
 205  148
 204  148
 203  149
 201  149
 200  150
 198  150
 197  151
 196  151
 195  152
 193  152
 192  153
 191  153
 190  154
 188  154
 187  155
 186  155
 185  156
 183  156
 182  157
 181  157
 180  158
 179  158
 178  159
 177  159
 176  160
 175  160
 174  161
 173  161
 172  162
 171  162
 170  163
 169  163
 168  164
 167  164
 166  165
 165  165
 164  166
 163  166
 162  167
 161  167
 160  168
 159  168
 158  169
 157  169
 155  171
 154  171
 153  172
 152  172
 150  174
 149  174
 148  175
 147  175
 145  177
 144  177
 143  178
 142  178
 140  180
 139  180
 138  181
 137  181
 135  183
 134  183
 132  185
 131  185
 128  188
 127  188
 125  190
 124  190
 122  192
 121  192
 119  194
 118  194
 116  196
 115  196
 112  199
 111  199
 108  202
 107  202
 103  206
 102  206
  94  214
  93  214
  89  218
  89  219
  87  221
  86  221
  86  222
  73  235
  73  236
  69  240
  69  241
  64  246
  64  247
  63  248
  63  249
  59  253
  59  254
  55  258
  55  259
  50  264
  50  283
  51  284
  56  284
  57  285
  57  299
  56  300
  55  300
  54  301
  53  301
  51  303
  51  304
  50  305
  50  309
  49  310
  49  317
  48  318
  48  349
  49  350
  49  371
  50  372
  50  380
  51  381
  51  394
  52  395
  52  437
  53  438
  53  441
  54  442
  54  446
  55  447
  55  487
  56  488
  56  492
  57  493
  57  495
  58  496
  58  500
  59  501
  59  503
  60  504
  60  505
  61  506
  61  507
  62  508
  62  509
  64  511
  64  512
  65  513
  66  513
  67  514
  68  514
  69  515
  70  515
  71  516
  73  516
  74  517
  75  517
  78  520
  78  521
  79  522
  79  524
  80  525
  80  526
  81  527
  81  529
  82  530
  82  537
  83  538
  83  540
  84  541
  84  542
  85  543
  85  546
  86  547
  86  550
  88  552
  88  553
  89  554
  89  556
  90  557
  90  558
  92  560
  92  561
  95  564
  96  564
  99  567
 101  567
 102  568
 104  568
 105  569
 134  569
 135  570
 138  570
 139  571
 141  571
 142  570
 143  570
 144  569
 145  569
 146  568
 147  568
 149  566
 150  566
 153  563
 155  563
 156  562
 175  562
 176  563
 178  563
 181  566
 183  566
 184  565
 184  564
 185  563
 185  546
 186  545
 186  542
 187  541
 187  540
 188  539
 188  538
 192  534
 193  534
 195  532
 196  532
 197  531
 199  531
 200  530
 201  530
 202  529
 204  529
 205  528
 206  528
 207  527
 208  527
 213  522
 213  521
 215  519
 215  486
 216  485
 216  483
 217  482
 217  481
 218  480
 218  478
 224  472
 225  472
 226  471
 227  471
 231  467
 231  466
 232  465
 232  457
 231  456
 231  453
 230  452
 230  451
 229  450
 229  428
 232  425
 233  425
 236  422
 236  421
 238  419
 238  414
 237  413
 237  411
 236  410
 236  408
 235  407
 235  403
 233  401
 233  400
 232  399
 232  397
 231  396
 231  395
 229  393
 229  390
 228  389
 228  374
 227  373
 227  372
 226  371
 226  370
 225  369
 225  367
 222  364
 222  363
 221  362
 221  361
 219  359
 219  358
 218  357
 218  356
 215  353
 215  338
 216  337
 236  337
 237  336
 245  336
 246  335
 247  335
 248  334
 249  334
 253  330
 254  330
 255  329
 256  329
 257  328
 258  328
 259  327
 260  327
 261  326
 261  325
 266  320
 266  318
 267  317
 267  316
 270  313
 271  313
 272  312
 274  312
 276  310
 277  310
 278  309
 278  308
 279  307
 279  306
 280  305
 280  303
 281  302
 281  299
 282  298
 283  298
 284  297
 285  297
 286  296
 287  296
 288  295
 289  295
 292  292
 292  291
 294  289
 294  288
 295  287
 295  286
 297  284
 299  284
 305  278
 305  277
 306  276
 306  275
 311  270
 311  269
 314  266
 315  266
 320  261
 321  261
 331  251
 331  250
 335  246
 335  245
 343  237
 344  237
 347  234
 348  234
 351  231
 352  231
 356  227
 357  227
 362  222
 363  222
 366  219
 367  219
 368  218
 369  218
 371  216
 372  216
 373  215
 374  215
 375  214
 376  214
 377  213
 378  213
 380  211
 381  211
 383  209
 384  209
 387  206
 388  206
 396  198
 397  198
 400  195
 401  195
 404  192
 405  192
 422  175
 422  174
 425  171
 425  170
 426  169
 426  168
 429  165
 429  163
 430  162
 430  161
 431  160
 431  158
 432  157
 432  153
 433  152
 433  150
 432  149
 432  147
 431  146
 431  145
 425  139
 424  139
 422  137
 421  137
 420  136
 419  136
 417  134
 416  134
 415  133
 414  133
 413  132
 411  132
 410  131
 409  131
 408  130
 407  130
 406  129
 404  129
 403  128
 402  128
 401  127
 399  127
 398  126
 396  126
 395  125
 393  125
 392  124
 390  124
 389  123
 385  123
 384  122
 381  122
 380  121
 375  121
 374  120
 369  120
 368  119
 363  119
 362  118
 350  118
 349  117
