 319  153
 318  154
 310  154
 309  155
 305  155
 304  156
 302  156
 301  157
 298  157
 297  158
 296  158
 295  159
 292  159
 291  160
 290  160
 289  161
 287  161
 286  162
 284  162
 283  163
 281  163
 280  164
 279  164
 278  165
 276  165
 275  166
 273  166
 272  167
 271  167
 270  168
 269  168
 268  169
 267  169
 266  170
 264  170
 263  171
 262  171
 261  172
 260  172
 259  173
 258  173
 257  174
 255  174
 254  175
 253  175
 252  176
 251  176
 250  177
 249  177
 248  178
 247  178
 246  179
 245  179
 244  180
 243  180
 241  182
 240  182
 239  183
 238  183
 237  184
 236  184
 234  186
 233  186
 232  187
 231  187
 230  188
 229  188
 227  190
 226  190
 225  191
 224  191
 222  193
 221  193
 220  194
 219  194
 217  196
 216  196
 214  198
 213  198
 211  200
 210  200
 207  203
 206  203
 204  205
 203  205
 201  207
 200  207
 197  210
 196  210
 193  213
 192  213
 189  216
 188  216
 184  220
 183  220
 173  230
 172  230
 155  247
 155  248
 149  254
 149  255
 147  257
 147  258
 145  260
 145  261
 142  264
 142  265
 140  267
 140  268
 138  270
 138  271
 135  274
 135  275
 132  278
 132  279
 130  281
 130  282
 128  284
 128  285
 125  288
 125  289
 124  290
 124  291
 122  293
 122  295
 121  296
 121  297
 114  304
 114  334
 115  335
 120  335
 121  336
 121  350
 119  352
 113  352
 112  353
 112  375
 114  377
 114  378
 115  379
 115  380
 117  382
 117  383
 118  384
 118  385
 119  386
 119  387
 121  389
 121  390
 122  391
 122  392
 123  393
 123  394
 124  395
 124  396
 125  397
 125  398
 126  399
 126  400
 127  401
 127  402
 128  403
 128  404
 129  405
 129  406
 130  407
 130  408
 131  409
 131  410
 132  411
 132  412
 133  413
 133  414
 134  415
 134  416
 135  417
 135  419
 136  420
 136  421
 137  422
 137  423
 138  424
 138  427
 139  428
 139  429
 140  430
 140  431
 141  432
 141  434
 142  435
 142  436
 143  437
 143  438
 144  439
 144  440
 145  441
 145  443
 146  444
 146  445
 148  447
 148  449
 149  450
 149  451
 150  452
 150  453
 151  454
 151  456
 152  457
 152  459
 153  460
 153  461
 154  462
 154  463
 155  464
 155  466
 156  467
 156  468
 158  470
 158  472
 159  473
 159  474
 160  475
 160  477
 161  478
 161  479
 162  480
 162  482
 163  483
 163  484
 164  485
 164  487
 165  488
 165  489
 166  490
 166  491
 167  492
 167  493
 168  494
 168  495
 170  497
 170  498
 171  499
 171  500
 172  501
 172  503
 173  504
 173  505
 175  507
 175  508
 177  510
 177  511
 178  512
 178  513
 179  514
 179  515
 180  516
 180  517
 181  518
 181  519
 182  520
 182  522
 184  524
 184  525
 185  526
 185  527
 191  533
 192  533
 193  534
 196  534
 197  535
 199  535
 200  534
 204  534
 205  533
 220  533
 221  532
 225  532
 226  531
 227  531
 229  529
 230  529
 233  526
 234  526
 235  525
 236  525
 237  524
 241  524
 242  523
 253  523
 254  522
 255  522
 258  519
 258  517
 259  516
 259  511
 260  510
 260  505
 261  504
 261  503
 268  496
 269  496
 273  492
 273  491
 274  490
 274  489
 275  488
 275  482
 274  481
 274  461
 275  460
 275  459
 284  450
 284  449
 285  448
 285  446
 286  445
 286  443
 285  442
 285  438
 284  437
 284  436
 283  435
 283  434
 282  433
 282  416
 284  414
 284  413
 285  412
 285  409
 284  408
 284  406
 283  405
 283  404
 282  403
 282  402
 281  401
 281  400
 279  398
 279  397
 278  396
 278  395
 277  394
 277  393
 273  389
 273  388
 272  387
 272  386
 271  385
 271  383
 270  382
 270  379
 268  377
 268  375
 266  373
 266  372
 260  366
 259  366
 255  362
 255  348
 256  347
 261  347
 261  341
 262  340
 266  340
 267  339
 273  339
 274  338
 279  338
 282  335
 283  335
 284  334
 285  334
 287  332
 288  332
 289  331
 290  331
 294  327
 295  327
 298  324
 298  323
 301  320
 301  319
 302  318
 302  317
 303  316
 303  314
 304  313
 304  312
 310  306
 311  306
 312  305
 312  304
 315  301
 315  300
 317  298
 317  297
 318  296
 318  295
 320  293
 320  291
 321  290
 321  285
 323  283
 323  282
 328  277
 328  276
 330  274
 330  273
 331  272
 331  271
 332  270
 332  269
 333  268
 333  266
 334  265
 334  261
 335  260
 335  259
 338  256
 338  255
 341  252
 341  251
 342  250
 342  249
 343  248
 343  246
 344  245
 344  244
 345  243
 345  242
 347  240
 347  238
 348  237
 348  235
 352  231
 352  230
 354  228
 354  227
 355  226
 355  225
 356  224
 356  223
 357  222
 357  220
 358  219
 358  217
 359  216
 359  214
 360  213
 360  212
 361  211
 361  210
 363  208
 363  207
 364  206
 364  205
 365  204
 365  202
 366  201
 366  200
 367  199
 367  196
 368  195
 368  188
 369  187
 369  186
 368  185
 368  179
 367  178
 367  177
 366  176
 366  175
 365  174
 365  173
 364  172
 364  171
 361  168
 361  167
 360  167
 357  164
 356  164
 354  162
 353  162
 351  160
 350  160
 349  159
 347  159
 346  158
 345  158
 344  157
 342  157
 341  156
 339  156
 338  155
 335  155
 334  154
 330  154
 329  153
