 332   37
 331   38
 318   38
 317   39
 312   39
 311   40
 303   40
 302   41
 297   41
 296   42
 291   42
 290   43
 286   43
 285   44
 283   44
 282   45
 278   45
 277   46
 275   46
 274   47
 270   47
 269   48
 267   48
 266   49
 263   49
 262   50
 260   50
 259   51
 257   51
 256   52
 254   52
 253   53
 251   53
 250   54
 248   54
 247   55
 245   55
 244   56
 242   56
 241   57
 239   57
 238   58
 236   58
 235   59
 233   59
 232   60
 230   60
 229   61
 228   61
 227   62
 225   62
 224   63
 222   63
 221   64
 220   64
 219   65
 217   65
 216   66
 215   66
 214   67
 211   67
 210   68
 209   68
 208   69
 206   69
 205   70
 204   70
 203   71
 202   71
 201   72
 199   72
 198   73
 197   73
 196   74
 195   74
 194   75
 193   75
 192   76
 190   76
 189   77
 188   77
 187   78
 186   78
 185   79
 184   79
 183   80
 182   80
 181   81
 180   81
 179   82
 178   82
 177   83
 176   83
 175   84
 174   84
 172   86
 171   86
 170   87
 169   87
 168   88
 167   88
 166   89
 165   89
 164   90
 163   90
 162   91
 161   91
 160   92
 159   92
 157   94
 156   94
 155   95
 154   95
 153   96
 152   96
 150   98
 149   98
 148   99
 147   99
 145  101
 144  101
 142  103
 141  103
 139  105
 138  105
 136  107
 135  107
 133  109
 132  109
 130  111
 129  111
 127  113
 126  113
 124  115
 123  115
 121  117
 120  117
 118  119
 117  119
 114  122
 113  122
 110  125
 109  125
 107  127
 106  127
 103  130
 102  130
 100  132
  99  132
  96  135
  95  135
  92  138
  91  138
  87  142
  86  142
  79  149
  78  149
  71  156
  70  156
  60  166
  60  167
  51  176
  51  177
  47  181
  47  182
  43  186
  43  187
  38  192
  38  193
  35  196
  35  197
  33  199
  33  200
  31  202
  31  203
  28  206
  28  207
  24  211
  24  212
  19  217
  18  217
  17  218
  16  218
  15  219
  15  220
  14  221
  14  224
  15  225
  15  226
  16  227
  35  227
  36  228
  36  243
  34  245
  33  245
  32  246
  31  246
  30  247
  29  247
  28  248
  27  248
  27  249
  26  250
  26  251
  25  252
  25  253
  24  254
  24  256
  23  257
  23  267
  22  268
  22  305
  23  306
  23  320
  22  321
  19  321
  18  322
  18  323
  17  324
  17  326
  18  327
  18  357
  19  358
  19  359
  20  360
  20  361
  21  362
  21  365
  22  366
  22  370
  23  371
  23  379
  24  380
  24  391
  25  392
  25  399
  26  400
  26  426
  25  427
  25  472
  24  473
  24  475
  23  476
  23  480
  24  481
  24  484
  25  485
  25  494
  26  495
  26  514
  27  515
  27  518
  28  519
  28  520
  29  521
  29  526
  30  527
  30  529
  33  532
  33  533
  34  534
  35  534
  36  535
  37  535
  38  536
  41  536
  42  537
  44  537
  45  538
  48  538
  52  542
  52  543
  53  544
  53  552
  54  553
  54  555
  55  556
  55  558
  56  559
  56  563
  57  564
  57  566
  58  567
  58  569
  59  570
  59  573
  60  574
  60  576
  61  577
  61  578
  62  579
  62  580
  63  581
  63  583
  64  584
  64  585
  66  587
  66  588
  67  589
  67  590
  70  593
  70  594
  74  598
  75  598
  76  599
  77  599
  78  600
  79  600
  80  601
  83  601
  84  602
  88  602
  89  601
 108  601
 109  602
 110  602
 111  603
 112  603
 113  604
 114  604
 115  605
 116  605
 117  606
 118  606
 119  605
 121  605
 123  603
 124  603
 125  602
 126  602
 128  600
 129  600
 132  597
 133  597
 134  596
 135  596
 136  595
 137  595
 138  594
 139  594
 140  593
 142  593
 143  592
 160  592
 161  593
 162  593
 163  594
 163  595
 164  596
 164  597
 166  599
 166  600
 167  601
 167  603
 168  604
 168  606
 169  607
 169  608
 170  609
 170  613
 171  614
 171  615
 172  616
 172  617
 173  618
 173  621
 174  622
 174  624
 175  625
 175  626
 176  627
 176  628
 177  629
 177  631
 178  632
 178  633
 180  635
 180  637
 182  639
 182  640
 185  643
 185  644
 187  646
 188  646
 190  648
 191  648
 192  649
 194  649
 196  647
 196  646
 198  644
 198  643
 199  642
 199  626
 198  625
 198  623
 197  622
 197  621
 196  620
 196  617
 195  616
 195  615
 194  614
 194  613
 193  612
 193  610
 192  609
 192  608
 190  606
 190  605
 189  604
 189  602
 186  599
 186  597
 185  596
 185  595
 184  594
 184  593
 183  592
 183  591
 182  590
 182  588
 181  587
 181  586
 180  585
 180  583
 179  582
 179  556
 186  549
 187  549
 189  547
 191  547
 192  546
 193  546
 194  545
 195  545
 196  544
 198  544
 200  542
 201  542
 202  541
 203  541
 209  535
 209  534
 210  533
 210  532
 212  530
 212  526
 213  525
 213  512
 214  511
 214  508
 215  507
 215  505
 216  504
 216  502
 218  500
 218  499
 219  498
 219  497
 220  496
 221  496
 224  493
 225  493
 226  492
 228  492
 229  491
 231  491
 232  490
 233  490
 235  488
 236  488
 239  485
 239  484
 240  483
 240  482
 242  480
 242  476
 243  475
 242  474
 242  468
 241  467
 241  465
 240  464
 240  461
 239  460
 239  438
 240  437
 240  435
 241  434
 241  432
 245  428
 246  428
 250  424
 250  423
 251  422
 251  421
 252  420
 252  418
 253  417
 253  416
 252  415
 252  411
 250  409
 250  408
 249  407
 249  405
 246  402
 246  401
 243  398
 243  397
 239  393
 239  389
 238  388
 238  387
 237  386
 237  385
 236  384
 236  359
 235  358
 235  357
 234  356
 234  355
 233  354
 233  352
 232  351
 232  350
 230  348
 230  347
 229  346
 229  344
 226  341
 226  339
 224  337
 224  336
 223  335
 223  334
 222  333
 222  320
 206  320
 204  318
 204  303
 205  302
 221  302
 222  303
 227  303
 228  304
 236  304
 237  305
 237  317
 239  317
 240  316
 244  316
 245  315
 247  315
 247  306
 248  305
 251  305
 252  304
 263  304
 264  303
 266  303
 267  302
 268  302
 269  301
 270  301
 275  296
 276  296
 277  295
 278  295
 279  294
 281  294
 282  293
 283  293
 284  292
 285  292
 293  284
 294  284
 296  282
 297  282
 298  281
 299  281
 305  275
 305  274
 306  273
 306  272
 307  271
 307  270
 308  269
 308  268
 310  266
 311  266
 312  265
 313  265
 314  264
 315  264
 322  257
 322  256
 323  255
 323  252
 324  251
 324  249
 328  245
 329  245
 330  244
 331  244
 332  243
 333  243
 334  242
 334  241
 337  238
 337  237
 339  235
 339  234
 340  233
 340  229
 342  227
 347  227
 353  221
 353  220
 356  217
 356  216
 357  215
 357  214
 359  212
 359  211
 362  208
 362  207
 363  206
 363  205
 366  202
 366  201
 367  200
 367  199
 375  191
 376  191
 381  186
 382  186
 383  185
 383  184
 390  177
 390  176
 394  172
 394  171
 402  163
 403  163
 405  161
 406  161
 408  159
 409  159
 417  151
 417  150
 423  144
 423  143
 428  138
 429  138
 438  129
 439  129
 443  125
 443  124
 449  118
 449  117
 453  113
 453  112
 455  110
 455  109
 457  107
 457  106
 459  104
 459  103
 460  102
 460  100
 461   99
 461   98
 462   97
 462   96
 463   95
 463   93
 464   92
 464   89
 465   88
 465   86
 466   85
 466   81
 465   80
 465   78
 464   77
 464   76
 463   75
 463   74
 462   73
 462   72
 460   70
 460   69
 458   67
 457   67
 452   62
 451   62
 449   60
 448   60
 446   58
 445   58
 444   57
 443   57
 442   56
 441   56
 439   54
 437   54
 436   53
 435   53
 434   52
 433   52
 432   51
 431   51
 430   50
 429   50
 428   49
 426   49
 425   48
 424   48
 423   47
 419   47
 418   46
 416   46
 415   45
 411   45
 410   44
 406   44
 405   43
 400   43
 399   42
 394   42
 393   41
 389   41
 388   40
 381   40
 380   39
 375   39
 374   38
 357   38
 356   37
