 366   76
 365   77
 358   77
 357   78
 350   78
 349   79
 345   79
 344   80
 341   80
 340   81
 337   81
 336   82
 334   82
 333   83
 330   83
 329   84
 327   84
 326   85
 324   85
 323   86
 321   86
 320   87
 318   87
 317   88
 316   88
 315   89
 313   89
 312   90
 310   90
 309   91
 308   91
 307   92
 305   92
 304   93
 303   93
 302   94
 300   94
 299   95
 298   95
 297   96
 295   96
 294   97
 293   97
 292   98
 290   98
 289   99
 288   99
 287  100
 286  100
 285  101
 284  101
 283  102
 282  102
 280  104
 279  104
 278  105
 277  105
 276  106
 275  106
 274  107
 273  107
 271  109
 270  109
 269  110
 268  110
 266  112
 265  112
 264  113
 263  113
 261  115
 260  115
 259  116
 258  116
 256  118
 255  118
 253  120
 252  120
 250  122
 249  122
 246  125
 245  125
 242  128
 241  128
 238  131
 237  131
 234  134
 233  134
 228  139
 227  139
 222  144
 221  144
 213  152
 212  152
 201  163
 200  163
 179  184
 179  185
 168  196
 168  197
 162  203
 162  204
 154  212
 154  213
 148  219
 148  220
 142  226
 142  227
 138  231
 138  232
 132  238
 132  239
 128  243
 128  244
 125  247
 125  248
 122  251
 122  252
 118  256
 118  257
 114  261
 114  262
 112  264
 112  265
 111  266
 111  267
 110  268
 110  269
 109  270
 109  271
 108  272
 108  273
 107  274
 107  275
 106  276
 106  277
 105  278
 105  279
 104  280
 104  281
 100  285
  99  285
  97  287
  97  288
  96  289
  94  289
  92  291
  92  292
  89  295
  89  297
  88  298
  88  300
  86  302
  86  303
  85  304
  85  307
  84  308
  84  309
  82  311
  82  313
  81  314
  81  316
  80  317
  80  318
  79  319
  79  320
  78  321
  78  328
  77  329
  77  333
  76  334
  76  336
  75  337
  75  350
  74  351
  74  358
  76  360
  89  360
  90  361
  90  376
  89  377
  88  377
  87  378
  87  379
  86  380
  86  381
  85  382
  79  382
  77  384
  77  427
  81  431
  81  432
  82  433
  82  434
  84  436
  84  437
  85  438
  85  439
  87  441
  87  442
  88  443
  88  444
  89  445
  89  446
  91  448
  91  449
  92  450
  92  451
  94  453
  94  454
  95  455
  95  456
  98  459
  98  460
 101  463
 101  465
 103  467
 103  468
 105  470
 105  471
 106  472
 106  473
 108  475
 108  476
 109  477
 109  478
 111  480
 111  481
 113  483
 113  484
 114  485
 114  486
 116  488
 116  489
 118  491
 118  492
 126  500
 126  501
 135  510
 136  510
 138  512
 138  513
 141  516
 141  517
 145  521
 145  522
 152  529
 152  530
 153  530
 155  532
 155  533
 158  536
 158  537
 159  538
 159  539
 167  547
 167  548
 168  549
 168  551
 170  553
 170  554
 177  561
 177  562
 178  562
 181  565
 181  566
 182  567
 182  573
 184  575
 185  575
 186  576
 186  577
 187  578
 187  581
 188  582
 188  585
 189  586
 189  587
 190  588
 190  589
 191  590
 191  592
 193  594
 193  595
 195  597
 195  598
 198  601
 198  602
 204  608
 205  608
 206  609
 207  609
 208  610
 210  610
 211  611
 213  611
 217  607
 217  606
 219  604
 219  603
 220  602
 235  602
 236  603
 237  603
 239  605
 240  605
 243  608
 244  608
 245  609
 249  609
 250  608
 251  608
 252  607
 253  607
 257  603
 257  601
 258  600
 258  596
 259  595
 259  594
 260  593
 260  591
 261  590
 261  589
 263  587
 264  587
 265  586
 266  586
 267  585
 284  585
 286  583
 287  583
 289  581
 289  580
 291  578
 291  568
 290  567
 290  565
 289  564
 289  547
 292  544
 293  544
 294  543
 295  543
 296  542
 298  542
 299  541
 303  541
 304  540
 305  540
 306  539
 307  539
 311  535
 311  533
 312  532
 312  531
 313  530
 313  526
 312  525
 312  523
 311  522
 311  520
 310  519
 310  517
 308  515
 308  514
 307  513
 307  511
 306  510
 306  495
 310  491
 311  491
 313  489
 314  489
 320  483
 320  478
 318  476
 318  475
 317  474
 317  473
 314  470
 314  469
 304  459
 304  458
 302  456
 302  442
 303  441
 303  440
 301  438
 301  437
 298  434
 298  433
 291  426
 291  425
 286  420
 285  420
 280  415
 279  415
 277  413
 276  413
 273  410
 272  410
 271  409
 270  409
 268  407
 267  407
 265  405
 264  405
 262  403
 261  403
 260  402
 259  402
 257  400
 256  400
 255  399
 254  399
 253  398
 251  398
 250  397
 249  397
 248  396
 247  396
 246  395
 244  395
 243  394
 242  394
 240  392
 239  392
 238  391
 237  391
 236  390
 234  390
 233  389
 231  389
 230  388
 227  388
 226  387
 223  387
 222  386
 222  381
 200  381
 199  380
 199  366
 200  365
 229  365
 230  366
 247  366
 248  365
 275  365
 276  364
 283  364
 284  363
 286  363
 287  362
 288  362
 289  361
 290  361
 291  360
 298  360
 299  359
 300  359
 301  358
 302  358
 303  357
 304  357
 305  356
 306  356
 308  354
 309  354
 312  351
 313  351
 321  343
 321  336
 323  334
 326  334
 327  333
 330  333
 331  332
 332  332
 337  327
 337  326
 340  323
 340  322
 341  321
 341  316
 342  315
 342  303
 345  300
 346  300
 347  299
 348  299
 350  297
 351  297
 352  296
 352  295
 354  293
 354  266
 355  265
 355  264
 361  258
 361  257
 362  256
 362  255
 363  254
 363  252
 364  251
 364  245
 365  244
 365  224
 367  222
 367  221
 368  220
 369  220
 373  216
 373  215
 374  214
 374  211
 375  210
 375  207
 376  206
 376  203
 377  202
 377  200
 378  199
 378  194
 379  193
 379  189
 380  188
 380  185
 381  184
 381  183
 382  182
 382  181
 387  176
 387  175
 388  174
 388  172
 389  171
 389  169
 390  168
 390  166
 391  165
 391  163
 392  162
 392  160
 393  159
 393  155
 394  154
 394  151
 395  150
 395  149
 398  146
 398  145
 399  144
 399  143
 400  142
 400  139
 401  138
 401  133
 402  132
 402  127
 403  126
 403  122
 404  121
 404  118
 405  117
 405  113
 406  112
 406   96
 405   95
 405   91
 404   90
 404   89
 403   88
 403   87
 401   85
 401   84
 400   83
 399   83
 397   81
 396   81
 395   80
 394   80
 393   79
 391   79
 390   78
 386   78
 385   77
 380   77
 379   76
