 350   80
 349   81
 343   81
 342   82
 335   82
 334   83
 331   83
 330   84
 325   84
 324   85
 322   85
 321   86
 319   86
 318   87
 316   87
 315   88
 313   88
 312   89
 310   89
 309   90
 308   90
 307   91
 305   91
 304   92
 303   92
 302   93
 300   93
 299   94
 298   94
 297   95
 296   95
 295   96
 294   96
 293   97
 292   97
 291   98
 290   98
 289   99
 288   99
 287  100
 286  100
 285  101
 284  101
 283  102
 282  102
 280  104
 279  104
 278  105
 277  105
 276  106
 275  106
 273  108
 272  108
 271  109
 270  109
 268  111
 267  111
 265  113
 264  113
 262  115
 261  115
 260  116
 259  116
 257  118
 256  118
 254  120
 253  120
 251  122
 250  122
 248  124
 247  124
 245  126
 244  126
 242  128
 241  128
 240  129
 239  129
 237  131
 236  131
 234  133
 233  133
 230  136
 229  136
 227  138
 226  138
 224  140
 223  140
 220  143
 219  143
 217  145
 216  145
 213  148
 212  148
 208  152
 207  152
 201  158
 200  158
 197  161
 196  161
 191  166
 190  166
 184  172
 183  172
 171  184
 170  184
 150  204
 150  205
 142  213
 142  214
 141  215
 140  215
 140  216
 134  222
 134  223
 131  226
 131  227
 129  229
 129  230
 126  233
 126  234
 124  236
 124  237
 122  239
 122  240
 120  242
 120  243
 119  244
 119  245
 116  248
 116  249
 115  250
 115  251
 113  253
 113  254
 112  255
 112  256
 111  257
 111  258
 109  260
 109  262
 107  264
 107  265
 106  266
 106  268
 105  269
 105  270
 103  272
 103  273
 102  274
 102  276
 100  278
 100  279
  99  280
  99  282
  97  284
  97  285
  96  286
  96  287
  95  288
  95  289
  93  291
  93  293
  92  294
  92  296
  90  298
  90  299
  89  300
  89  304
  88  305
  88  306
  87  307
  87  309
  86  310
  86  312
  83  315
  83  324
  85  326
  96  326
  97  327
  98  327
  99  328
  99  343
  98  344
  98  345
  96  347
  96  348
  95  349
  95  351
  94  352
  94  354
  93  355
  93  356
  92  357
  92  360
  91  361
  91  365
  88  368
  88  383
  89  384
  89  385
  92  388
  92  390
  93  391
  93  392
  95  394
  95  395
  96  396
  96  397
  97  398
  97  399
  99  401
  99  402
 103  406
 103  407
 107  411
 107  412
 109  414
 109  415
 112  418
 112  419
 113  420
 113  421
 115  423
 115  424
 116  425
 116  426
 118  428
 118  429
 119  430
 119  432
 121  434
 121  435
 122  436
 122  437
 124  439
 124  441
 125  442
 125  446
 126  447
 126  451
 127  452
 127  453
 128  454
 128  456
 129  457
 129  461
 130  462
 130  464
 131  465
 131  466
 132  467
 132  470
 133  471
 133  474
 134  475
 134  476
 135  477
 135  479
 136  480
 136  483
 137  484
 137  486
 138  487
 138  490
 139  491
 139  500
 140  501
 140  504
 141  505
 141  509
 142  510
 142  522
 143  523
 143  528
 144  529
 144  531
 145  532
 145  534
 146  535
 146  536
 147  537
 147  538
 149  540
 149  542
 152  545
 152  546
 155  549
 157  549
 158  550
 170  550
 171  551
 173  551
 174  552
 175  552
 180  557
 180  559
 181  560
 181  562
 182  563
 182  564
 183  565
 183  568
 184  569
 184  572
 185  573
 185  574
 186  575
 186  578
 188  580
 188  581
 189  582
 189  583
 191  585
 191  586
 206  601
 207  601
 209  603
 210  603
 211  604
 216  604
 217  605
 218  605
 219  604
 240  604
 241  605
 242  605
 243  606
 245  606
 246  607
 249  607
 250  606
 251  606
 252  605
 253  605
 256  602
 257  602
 263  596
 264  596
 266  594
 267  594
 268  593
 281  593
 282  592
 284  592
 286  590
 287  590
 287  589
 289  587
 289  566
 290  565
 290  564
 294  560
 295  560
 297  558
 298  558
 302  554
 302  553
 305  550
 305  548
 306  547
 306  539
 305  538
 305  535
 303  533
 303  532
 302  531
 302  529
 300  527
 300  526
 299  525
 299  524
 298  523
 298  521
 297  520
 297  519
 296  518
 296  516
 295  515
 295  496
 300  491
 301  491
 305  487
 305  486
 306  485
 306  483
 305  482
 305  480
 304  479
 304  478
 301  475
 301  474
 293  466
 292  466
 288  462
 288  444
 291  441
 294  441
 295  440
 296  440
 296  438
 295  437
 295  436
 294  435
 294  434
 288  428
 287  428
 286  427
 285  427
 283  425
 282  425
 279  422
 278  422
 276  420
 275  420
 271  416
 270  416
 268  414
 268  413
 267  412
 267  411
 266  410
 266  409
 265  408
 265  407
 264  406
 264  395
 263  394
 263  392
 259  388
 259  387
 254  382
 253  382
 247  376
 246  376
 244  374
 243  374
 240  371
 239  371
 238  370
 237  370
 235  368
 234  368
 233  367
 233  353
 234  352
 256  352
 257  351
 260  351
 261  350
 266  350
 267  349
 272  349
 273  348
 277  348
 278  347
 279  347
 282  344
 282  343
 288  337
 289  337
 293  333
 293  332
 294  331
 294  329
 295  328
 295  327
 296  326
 299  326
 301  324
 301  323
 302  322
 302  321
 303  320
 303  319
 306  316
 306  315
 311  310
 311  309
 312  308
 312  307
 313  306
 313  305
 314  304
 314  303
 315  302
 315  301
 316  300
 316  297
 317  296
 317  294
 318  293
 318  290
 319  289
 319  286
 320  285
 320  284
 322  282
 322  281
 324  279
 324  278
 325  277
 325  276
 326  275
 326  274
 328  272
 328  270
 329  269
 329  265
 330  264
 330  261
 331  260
 331  258
 332  257
 332  249
 333  248
 333  245
 334  244
 334  243
 335  242
 335  241
 337  239
 337  238
 338  237
 338  236
 339  235
 339  234
 341  232
 341  231
 342  230
 342  227
 343  226
 343  224
 344  223
 344  222
 345  221
 345  216
 346  215
 346  211
 348  209
 348  208
 356  200
 356  199
 359  196
 359  194
 360  193
 360  192
 361  191
 361  190
 362  189
 362  187
 363  186
 363  184
 365  182
 365  180
 367  178
 367  177
 369  175
 369  174
 373  170
 373  169
 375  167
 375  166
 376  165
 376  163
 378  161
 378  160
 379  159
 379  157
 380  156
 380  155
 381  154
 381  153
 382  152
 382  151
 384  149
 384  148
 385  147
 385  146
 388  143
 388  142
 389  141
 389  139
 390  138
 390  137
 391  136
 391  135
 392  134
 392  132
 393  131
 393  129
 394  128
 394  127
 395  126
 395  124
 396  123
 396  118
 397  117
 397  108
 396  107
 396  101
 395  100
 395   98
 393   96
 393   95
 392   94
 392   93
 390   91
 390   90
 386   86
 385   86
 384   85
 383   85
 382   84
 380   84
 379   83
 377   83
 376   82
 372   82
 371   81
 365   81
 364   80
