 308  140
 307  141
 304  141
 303  142
 299  142
 298  143
 296  143
 295  144
 292  144
 291  145
 289  145
 288  146
 287  146
 286  147
 284  147
 283  148
 281  148
 280  149
 279  149
 278  150
 277  150
 276  151
 274  151
 273  152
 272  152
 271  153
 270  153
 269  154
 268  154
 267  155
 266  155
 264  157
 263  157
 262  158
 261  158
 259  160
 258  160
 257  161
 256  161
 254  163
 253  163
 251  165
 250  165
 248  167
 247  167
 245  169
 244  169
 242  171
 241  171
 239  173
 238  173
 235  176
 234  176
 231  179
 230  179
 227  182
 226  182
 219  189
 218  189
 210  197
 209  197
 181  225
 181  226
 174  233
 174  234
 168  240
 168  241
 164  245
 164  246
 162  248
 162  249
 160  251
 160  252
 157  255
 157  256
 154  259
 154  260
 151  263
 151  264
 150  265
 150  266
 147  269
 147  270
 146  271
 146  272
 144  274
 144  275
 142  277
 142  278
 140  280
 140  282
 137  285
 137  286
 135  288
 135  289
 133  291
 133  293
 131  295
 131  296
 130  297
 130  299
 128  301
 127  301
 127  316
 128  317
 134  317
 135  318
 135  332
 131  336
 128  336
 126  338
 126  341
 127  342
 127  344
 128  345
 128  352
 129  353
 129  355
 130  356
 130  358
 131  359
 131  361
 133  363
 133  365
 134  366
 134  368
 136  370
 136  371
 137  372
 137  374
 138  375
 138  376
 139  377
 139  379
 140  380
 140  384
 141  385
 141  390
 142  391
 142  395
 143  396
 143  408
 144  409
 144  420
 145  421
 145  423
 146  424
 146  425
 147  426
 147  431
 148  432
 148  435
 149  436
 149  438
 150  439
 150  447
 151  448
 151  453
 152  454
 152  456
 153  457
 153  460
 154  461
 154  464
 155  465
 155  466
 156  467
 156  468
 157  469
 157  471
 161  475
 162  475
 163  476
 166  476
 167  477
 173  477
 175  479
 175  480
 176  481
 176  483
 177  484
 177  488
 178  489
 178  491
 179  492
 179  494
 180  495
 180  498
 181  499
 181  501
 183  503
 183  504
 190  511
 192  511
 193  510
 194  510
 195  509
 196  509
 198  507
 216  507
 218  509
 219  509
 222  512
 226  508
 226  507
 228  505
 243  505
 245  507
 246  507
 251  512
 251  514
 254  517
 254  518
 255  519
 255  521
 256  522
 256  523
 257  524
 257  529
 258  530
 258  534
 259  535
 259  536
 260  537
 260  538
 261  539
 261  541
 263  543
 263  544
 265  546
 266  546
 268  548
 271  548
 272  547
 273  547
 274  546
 275  546
 277  544
 277  543
 278  542
 278  540
 279  539
 278  538
 278  537
 277  536
 277  533
 274  530
 274  529
 270  525
 270  524
 268  522
 267  522
 256  511
 256  510
 253  507
 253  506
 250  503
 250  501
 249  500
 249  499
 248  498
 248  497
 247  496
 247  477
 248  476
 248  475
 249  474
 249  472
 250  471
 250  469
 253  466
 254  466
 255  465
 257  465
 260  462
 260  457
 259  456
 259  455
 258  454
 258  453
 257  452
 257  433
 258  432
 258  431
 259  430
 259  429
 260  428
 260  427
 261  426
 262  426
 263  425
 264  425
 265  424
 268  424
 271  421
 270  420
 270  419
 267  416
 267  398
 270  395
 272  395
 273  394
 274  394
 276  392
 274  390
 274  389
 269  384
 268  384
 267  383
 266  383
 265  382
 264  382
 263  381
 262  381
 259  378
 259  377
 257  375
 257  374
 256  373
 256  359
 249  352
 248  352
 246  350
 245  350
 242  347
 241  347
 239  345
 238  345
 237  344
 236  344
 235  343
 234  343
 233  342
 232  342
 230  340
 228  340
 227  339
 227  325
 228  324
 261  324
 262  323
 272  323
 273  322
 276  322
 281  317
 283  317
 287  313
 287  311
 288  310
 288  309
 290  307
 290  306
 292  304
 293  304
 296  301
 296  300
 300  296
 300  291
 301  290
 301  286
 302  285
 302  284
 309  277
 309  276
 310  275
 310  274
 311  273
 311  272
 312  271
 312  269
 313  268
 313  260
 314  259
 314  257
 320  251
 320  249
 321  248
 321  247
 322  246
 322  244
 323  243
 323  235
 324  234
 324  233
 330  227
 330  226
 331  225
 331  224
 332  223
 332  222
 333  221
 333  218
 334  217
 334  212
 336  210
 336  209
 342  203
 342  202
 343  201
 343  200
 344  199
 344  197
 345  196
 345  193
 346  192
 346  191
 347  190
 347  188
 349  186
 349  185
 350  184
 350  183
 351  182
 351  180
 352  179
 352  177
 353  176
 353  172
 354  171
 354  157
 353  156
 353  152
 351  150
 351  149
 347  145
 346  145
 345  144
 344  144
 343  143
 342  143
 341  142
 338  142
 337  141
 335  141
 334  140
