 332   89
 331   90
 322   90
 321   91
 309   91
 308   92
 301   92
 300   93
 296   93
 295   94
 291   94
 290   95
 288   95
 287   96
 285   96
 284   97
 282   97
 281   98
 278   98
 277   99
 276   99
 275  100
 274  100
 273  101
 271  101
 270  102
 269  102
 268  103
 266  103
 265  104
 263  104
 262  105
 261  105
 260  106
 259  106
 258  107
 256  107
 255  108
 254  108
 253  109
 252  109
 251  110
 249  110
 248  111
 247  111
 246  112
 245  112
 244  113
 243  113
 242  114
 241  114
 240  115
 239  115
 238  116
 236  116
 234  118
 232  118
 231  119
 230  119
 229  120
 228  120
 227  121
 226  121
 225  122
 224  122
 223  123
 222  123
 220  125
 219  125
 218  126
 217  126
 216  127
 215  127
 214  128
 213  128
 212  129
 211  129
 209  131
 208  131
 207  132
 206  132
 204  134
 203  134
 201  136
 200  136
 199  137
 198  137
 196  139
 195  139
 193  141
 192  141
 190  143
 189  143
 187  145
 186  145
 183  148
 182  148
 180  150
 179  150
 177  152
 176  152
 172  156
 171  156
 167  160
 166  160
 162  164
 161  164
 156  169
 155  169
 149  175
 148  175
 136  187
 135  187
 135  188
 128  195
 128  196
 125  199
 125  200
 122  203
 122  204
 119  207
 119  208
 115  212
 115  213
 110  218
 110  219
 106  223
 106  224
 102  228
 102  229
  98  233
  98  234
  95  237
  95  238
  91  242
  91  243
  88  246
  88  247
  86  249
  86  250
  85  251
  85  252
  84  253
  84  254
  82  256
  82  257
  81  258
  81  259
  78  262
  78  264
  75  267
  75  268
  72  271
  71  271
  71  272
  70  273
  70  296
  71  297
  83  297
  84  298
  86  298
  87  299
  87  313
  86  314
  81  314
  80  315
  79  315
  76  318
  76  319
  75  320
  75  322
  74  323
  74  327
  73  328
  73  335
  71  337
  71  339
  69  341
  66  341
  65  342
  65  360
  66  361
  66  362
  68  364
  68  365
  71  368
  71  369
  72  370
  72  371
  73  372
  73  373
  75  375
  75  376
  76  377
  76  378
  78  380
  78  381
  79  382
  79  383
  81  385
  81  386
  84  389
  84  390
  85  391
  85  392
  87  394
  87  395
  89  397
  89  398
  91  400
  91  401
  93  403
  93  404
  95  406
  95  407
  97  409
  97  410
  98  411
  98  412
  99  413
  99  414
 101  416
 101  417
 104  420
 104  421
 105  422
 105  423
 108  426
 108  427
 112  431
 112  432
 115  435
 115  436
 116  437
 116  438
 119  441
 119  442
 121  444
 121  445
 122  446
 122  451
 123  452
 123  470
 124  471
 124  483
 125  484
 125  493
 126  494
 126  497
 127  498
 127  501
 128  502
 128  508
 129  509
 129  512
 130  513
 130  514
 131  515
 131  518
 132  519
 132  521
 133  522
 133  524
 134  525
 134  528
 135  529
 135  532
 137  534
 137  535
 138  536
 138  537
 142  541
 142  542
 146  546
 159  546
 161  548
 161  555
 162  556
 162  560
 163  561
 163  562
 164  563
 164  566
 165  567
 165  571
 166  572
 166  573
 167  574
 167  575
 168  576
 168  578
 169  579
 169  580
 171  582
 171  583
 172  584
 172  585
 173  586
 173  587
 175  589
 175  590
 181  596
 182  596
 184  598
 190  598
 191  597
 192  597
 196  593
 197  593
 199  591
 219  591
 220  592
 221  592
 222  593
 223  593
 225  595
 228  595
 229  594
 230  594
 235  589
 235  588
 236  587
 236  586
 237  585
 237  583
 238  582
 238  580
 243  575
 245  575
 246  574
 259  574
 260  573
 261  573
 262  572
 263  572
 263  571
 264  570
 264  568
 265  567
 265  564
 264  563
 264  544
 265  543
 265  540
 266  539
 266  538
 267  537
 267  536
 268  535
 268  533
 269  532
 269  531
 273  527
 274  527
 276  525
 278  525
 279  524
 281  524
 283  522
 284  522
 286  520
 286  519
 288  517
 288  516
 289  515
 289  511
 288  510
 288  504
 287  503
 287  502
 286  501
 286  499
 285  498
 285  471
 287  469
 287  468
 288  467
 289  467
 291  465
 292  465
 293  464
 294  464
 295  463
 297  463
 298  462
 299  462
 301  460
 302  460
 306  456
 306  455
 307  454
 307  453
 308  452
 308  450
 307  449
 307  446
 305  444
 305  443
 304  442
 304  441
 302  439
 302  437
 301  436
 301  418
 302  417
 302  416
 305  413
 306  413
 308  411
 308  410
 310  408
 310  406
 309  405
 309  404
 308  403
 308  401
 307  400
 307  399
 306  398
 306  397
 305  396
 305  395
 297  387
 296  387
 294  385
 294  384
 292  382
 292  381
 290  379
 290  378
 289  377
 289  375
 288  374
 288  373
 284  369
 284  368
 283  367
 282  367
 281  366
 281  365
 275  359
 275  358
 273  356
 272  356
 266  350
 265  350
 261  346
 260  346
 258  344
 257  344
 254  341
 253  341
 250  338
 249  338
 247  336
 246  336
 245  335
 244  335
 243  334
 242  334
 241  333
 239  333
 238  332
 238  318
 239  317
 256  317
 257  318
 270  318
 271  317
 291  317
 292  316
 298  316
 299  315
 300  315
 306  309
 307  309
 313  303
 314  303
 318  299
 318  298
 319  297
 324  297
 325  296
 325  295
 329  291
 329  290
 331  288
 331  286
 332  285
 332  280
 333  279
 333  277
 337  273
 338  273
 343  268
 343  267
 344  266
 344  265
 345  264
 345  262
 346  261
 346  260
 347  259
 347  256
 348  255
 348  247
 353  242
 354  242
 359  237
 359  236
 360  235
 360  234
 361  233
 361  230
 362  229
 362  227
 363  226
 363  223
 364  222
 364  219
 365  218
 365  217
 366  216
 367  216
 368  215
 369  215
 370  214
 371  214
 372  213
 373  213
 375  211
 375  210
 378  207
 378  205
 380  203
 380  202
 381  201
 381  199
 382  198
 382  195
 383  194
 383  192
 389  186
 390  186
 391  185
 391  184
 394  181
 394  180
 395  179
 395  177
 397  175
 397  174
 398  173
 398  171
 399  170
 399  167
 401  165
 401  164
 404  161
 404  160
 405  159
 405  158
 407  156
 407  155
 408  154
 408  152
 409  151
 409  150
 410  149
 410  148
 411  147
 411  144
 412  143
 412  140
 413  139
 413  138
 414  137
 414  136
 415  135
 415  123
 414  122
 414  120
 412  118
 412  117
 411  116
 411  115
 407  111
 406  111
 403  108
 402  108
 400  106
 399  106
 397  104
 396  104
 395  103
 394  103
 393  102
 392  102
 391  101
 390  101
 389  100
 388  100
 387   99
 386   99
 385   98
 383   98
 382   97
 380   97
 379   96
 377   96
 376   95
 374   95
 373   94
 370   94
 369   93
 365   93
 364   92
 359   92
 358   91
 350   91
 349   90
 341   90
 340   89
