 367   62
 366   63
 356   63
 355   64
 346   64
 345   65
 341   65
 340   66
 335   66
 334   67
 330   67
 329   68
 326   68
 325   69
 322   69
 321   70
 318   70
 317   71
 314   71
 313   72
 311   72
 310   73
 307   73
 306   74
 304   74
 303   75
 301   75
 300   76
 298   76
 297   77
 295   77
 294   78
 291   78
 290   79
 289   79
 288   80
 285   80
 284   81
 282   81
 281   82
 279   82
 278   83
 277   83
 276   84
 274   84
 273   85
 272   85
 271   86
 269   86
 268   87
 267   87
 266   88
 265   88
 264   89
 262   89
 261   90
 260   90
 259   91
 258   91
 257   92
 256   92
 255   93
 254   93
 253   94
 252   94
 251   95
 250   95
 248   97
 247   97
 246   98
 245   98
 244   99
 243   99
 242  100
 241  100
 239  102
 238  102
 237  103
 236  103
 235  104
 234  104
 232  106
 231  106
 230  107
 229  107
 227  109
 226  109
 225  110
 224  110
 223  111
 222  111
 220  113
 219  113
 217  115
 216  115
 215  116
 214  116
 213  117
 212  117
 210  119
 209  119
 207  121
 206  121
 205  122
 204  122
 202  124
 201  124
 199  126
 198  126
 196  128
 195  128
 193  130
 192  130
 191  131
 190  131
 188  133
 187  133
 185  135
 184  135
 183  136
 182  136
 180  138
 179  138
 178  139
 177  139
 176  140
 175  140
 173  142
 172  142
 171  143
 170  143
 168  145
 167  145
 165  147
 164  147
 162  149
 161  149
 159  151
 158  151
 155  154
 154  154
 151  157
 150  157
 147  160
 146  160
 141  165
 140  165
 131  174
 130  174
 122  182
 121  182
 111  192
 110  192
  89  213
  89  214
  80  223
  80  224
  76  228
  76  229
  71  234
  71  235
  69  237
  69  238
  66  241
  66  242
  63  245
  63  246
  62  247
  62  248
  60  250
  60  251
  59  252
  59  254
  58  255
  58  259
  59  260
  71  260
  72  261
  73  261
  74  262
  74  276
  73  277
  71  277
  70  278
  68  278
  64  282
  64  283
  63  284
  63  285
  62  286
  62  290
  61  291
  61  295
  60  296
  60  299
  59  300
  59  318
  58  319
  56  319
  55  320
  55  336
  56  337
  56  338
  57  339
  57  340
  58  341
  58  342
  59  343
  59  344
  60  345
  60  347
  61  348
  61  349
  62  350
  62  353
  63  354
  63  355
  64  356
  64  357
  65  358
  65  361
  66  362
  66  365
  67  366
  67  367
  68  368
  68  370
  69  371
  69  374
  70  375
  70  376
  71  377
  71  378
  72  379
  72  382
  73  383
  73  385
  74  386
  74  388
  75  389
  75  392
  76  393
  76  398
  77  399
  77  401
  78  402
  78  404
  79  405
  79  408
  80  409
  80  410
  81  411
  81  413
  82  414
  82  415
  83  416
  83  417
  84  418
  84  419
  85  420
  85  436
  84  437
  84  438
  83  439
  83  442
  82  443
  82  450
  81  451
  81  453
  80  454
  80  459
  79  460
  79  467
  80  468
  80  475
  81  476
  81  479
  82  480
  82  494
  83  495
  83  497
  85  499
  85  500
  89  504
  90  504
  91  505
  92  505
  93  506
  94  506
  95  507
  97  507
  98  508
 100  508
 106  514
 106  515
 107  516
 107  517
 108  518
 108  520
 109  521
 109  532
 110  533
 110  536
 111  537
 111  538
 112  539
 112  540
 113  541
 113  542
 114  543
 114  544
 120  550
 121  550
 122  551
 127  551
 131  547
 132  547
 133  546
 136  546
 137  545
 155  545
 156  546
 157  546
 158  547
 159  547
 160  548
 161  548
 162  547
 163  547
 167  543
 167  542
 168  541
 168  540
 171  537
 189  537
 192  540
 192  542
 193  543
 193  544
 194  545
 194  546
 196  548
 196  549
 197  550
 197  551
 199  553
 199  554
 200  555
 200  557
 202  559
 202  560
 203  561
 203  563
 204  564
 204  565
 205  566
 205  567
 206  568
 206  571
 207  572
 207  574
 208  575
 208  576
 209  577
 209  580
 210  581
 210  584
 211  585
 211  586
 212  587
 212  590
 213  591
 213  595
 215  597
 215  598
 216  599
 216  602
 217  603
 217  605
 219  607
 219  608
 220  609
 220  611
 223  614
 223  615
 228  620
 229  620
 231  622
 232  622
 234  624
 236  624
 237  625
 239  625
 240  624
 242  624
 244  622
 245  622
 249  618
 249  617
 252  614
 252  605
 251  604
 251  603
 250  602
 250  601
 249  600
 249  598
 248  597
 248  596
 246  594
 246  593
 243  590
 243  589
 242  588
 242  587
 239  584
 239  583
 236  580
 236  579
 229  572
 229  571
 222  564
 222  563
 216  557
 216  556
 213  553
 213  552
 211  550
 211  549
 209  547
 209  546
 208  545
 208  544
 206  542
 206  541
 205  540
 205  537
 204  536
 204  535
 203  534
 203  532
 202  531
 202  524
 201  523
 201  522
 200  521
 200  502
 202  500
 202  499
 203  498
 205  498
 207  496
 209  496
 210  495
 219  495
 220  494
 222  494
 223  493
 224  493
 229  488
 229  481
 228  480
 228  479
 227  478
 227  477
 226  476
 226  458
 227  457
 227  456
 230  453
 231  453
 233  451
 234  451
 235  450
 241  450
 242  449
 245  449
 249  445
 249  442
 248  441
 248  440
 243  435
 242  435
 241  434
 241  433
 239  431
 239  415
 240  414
 241  414
 244  411
 245  411
 246  410
 249  410
 250  409
 251  409
 255  405
 255  403
 253  401
 253  400
 248  395
 247  395
 246  394
 245  394
 241  390
 240  390
 237  387
 237  386
 235  384
 235  383
 233  381
 233  380
 232  379
 232  360
 222  350
 222  349
 215  342
 215  341
 210  336
 210  335
 208  333
 207  333
 205  331
 205  330
 203  328
 202  328
 196  322
 195  322
 191  318
 191  304
 192  303
 206  303
 207  304
 257  304
 258  303
 260  303
 262  301
 263  301
 268  296
 269  296
 270  295
 271  295
 272  294
 273  294
 274  293
 275  293
 278  290
 278  287
 279  286
 279  285
 280  284
 280  283
 285  278
 286  278
 290  274
 290  273
 291  272
 291  271
 292  270
 292  269
 293  268
 293  267
 297  263
 298  263
 301  260
 302  260
 303  259
 303  258
 305  256
 305  255
 306  254
 306  253
 316  243
 316  242
 319  239
 319  238
 320  237
 320  236
 322  234
 322  232
 323  231
 323  229
 324  228
 324  227
 325  226
 325  224
 326  223
 326  221
 327  220
 327  219
 329  217
 329  216
 333  212
 334  212
 340  206
 340  205
 343  202
 343  201
 345  199
 345  198
 346  197
 346  194
 347  193
 347  191
 348  190
 348  189
 349  188
 349  186
 352  183
 352  182
 357  177
 358  177
 360  175
 360  174
 364  170
 364  169
 367  166
 367  165
 369  163
 369  162
 370  161
 370  160
 372  158
 372  157
 380  149
 381  149
 393  137
 393  136
 400  129
 401  129
 406  124
 406  123
 409  120
 409  119
 413  115
 413  114
 415  112
 415  111
 416  110
 416  109
 418  107
 418  106
 419  105
 419  103
 420  102
 420  100
 421   99
 421   98
 423   96
 423   94
 424   93
 424   90
 425   89
 425   83
 423   81
 423   79
 420   76
 419   76
 417   74
 416   74
 415   73
 414   73
 412   71
 410   71
 409   70
 408   70
 407   69
 406   69
 405   68
 403   68
 402   67
 400   67
 399   66
 397   66
 396   65
 393   65
 392   64
 385   64
 384   63
 375   63
 374   62
