 320  137
 319  138
 313  138
 312  139
 309  139
 308  140
 305  140
 304  141
 302  141
 301  142
 298  142
 297  143
 296  143
 295  144
 292  144
 291  145
 290  145
 289  146
 287  146
 286  147
 285  147
 284  148
 283  148
 282  149
 280  149
 279  150
 278  150
 277  151
 276  151
 275  152
 274  152
 273  153
 272  153
 271  154
 270  154
 269  155
 268  155
 266  157
 265  157
 264  158
 263  158
 261  160
 260  160
 258  162
 257  162
 255  164
 254  164
 252  166
 251  166
 249  168
 248  168
 245  171
 244  171
 242  173
 241  173
 239  175
 238  175
 235  178
 234  178
 231  181
 230  181
 226  185
 225  185
 222  188
 221  188
 212  197
 211  197
 193  215
 193  216
 180  229
 180  230
 173  237
 173  238
 167  244
 167  245
 164  248
 164  249
 162  251
 162  252
 159  255
 159  256
 157  258
 157  259
 156  260
 156  261
 153  264
 153  265
 152  266
 152  267
 149  270
 149  271
 148  272
 148  273
 146  275
 146  276
 145  277
 145  278
 143  280
 143  282
 142  283
 142  284
 140  286
 140  287
 139  288
 139  290
 138  291
 138  292
 136  294
 136  297
 135  298
 135  299
 133  301
 133  304
 132  305
 132  306
 130  308
 130  310
 129  311
 129  313
 127  315
 127  316
 126  317
 126  318
 124  320
 123  320
 121  322
 121  387
 122  388
 122  390
 123  391
 123  394
 124  395
 124  396
 125  397
 125  398
 126  399
 126  400
 127  401
 127  402
 129  404
 129  406
 130  407
 130  408
 132  410
 132  411
 133  412
 133  413
 134  414
 134  415
 136  417
 136  419
 138  421
 138  422
 139  423
 139  424
 140  425
 140  426
 142  428
 142  429
 143  430
 143  432
 145  434
 145  435
 146  436
 146  437
 147  438
 147  439
 148  440
 148  441
 149  442
 149  444
 151  446
 151  447
 153  449
 153  451
 155  453
 155  454
 156  455
 156  457
 157  458
 157  459
 159  461
 159  463
 160  464
 160  465
 161  466
 161  467
 163  469
 163  471
 164  472
 164  473
 165  474
 165  475
 166  476
 166  478
 167  479
 167  481
 169  483
 169  485
 170  486
 170  488
 171  489
 171  490
 172  491
 172  493
 173  494
 173  497
 174  498
 174  499
 175  500
 175  501
 176  502
 176  503
 177  504
 177  505
 178  506
 178  507
 179  508
 179  509
 180  510
 180  511
 181  512
 181  513
 183  515
 183  516
 188  521
 189  521
 191  523
 192  523
 193  524
 195  524
 196  525
 197  525
 198  526
 203  526
 204  527
 207  527
 213  533
 213  535
 216  538
 216  539
 217  540
 217  541
 220  544
 220  545
 223  548
 224  548
 226  550
 229  550
 230  549
 231  549
 232  548
 234  548
 235  547
 236  547
 237  546
 238  546
 239  545
 251  545
 252  544
 256  544
 257  543
 258  543
 262  539
 262  538
 264  536
 265  536
 267  534
 268  534
 269  533
 270  533
 271  532
 272  532
 273  531
 277  531
 278  530
 282  530
 283  529
 284  529
 285  528
 286  528
 288  526
 289  526
 291  524
 291  523
 292  522
 292  519
 293  518
 293  509
 294  508
 294  507
 296  505
 296  504
 297  503
 298  503
 299  502
 301  502
 302  501
 303  501
 304  500
 305  500
 309  496
 309  495
 310  494
 310  492
 311  491
 311  489
 310  488
 310  486
 309  485
 309  468
 310  467
 310  466
 316  460
 316  459
 317  458
 317  457
 319  455
 319  449
 318  448
 318  447
 317  446
 317  445
 316  444
 316  443
 313  440
 313  438
 312  437
 312  419
 313  418
 313  413
 312  412
 312  410
 309  407
 309  406
 306  403
 306  402
 303  399
 302  399
 296  393
 296  392
 295  391
 295  390
 293  388
 293  386
 292  385
 292  384
 289  381
 289  380
 287  378
 286  378
 282  374
 281  374
 279  372
 278  372
 277  371
 276  371
 275  370
 274  370
 273  369
 272  369
 271  368
 270  368
 269  367
 269  353
 270  352
 277  352
 278  351
 281  351
 282  350
 284  350
 285  349
 286  349
 288  347
 289  347
 291  345
 292  345
 295  342
 295  341
 306  330
 306  327
 307  326
 307  325
 310  322
 311  322
 314  319
 314  318
 316  316
 316  315
 317  314
 317  313
 318  312
 318  311
 319  310
 319  304
 320  303
 320  301
 322  299
 322  298
 323  297
 324  297
 325  296
 325  295
 327  293
 327  292
 329  290
 329  288
 330  287
 330  285
 331  284
 331  281
 332  280
 332  268
 334  266
 334  265
 336  263
 336  260
 337  259
 337  258
 338  257
 338  255
 339  254
 339  241
 342  238
 342  237
 343  236
 343  235
 344  234
 344  233
 345  232
 345  230
 346  229
 346  224
 347  223
 347  217
 348  216
 348  215
 349  214
 349  213
 352  210
 352  209
 353  208
 353  207
 354  206
 354  205
 355  204
 355  201
 356  200
 356  192
 357  191
 357  187
 358  186
 358  185
 359  184
 359  179
 360  178
 360  170
 359  169
 359  165
 358  164
 358  163
 357  162
 357  160
 356  159
 356  158
 354  156
 354  155
 352  153
 352  152
 344  144
 343  144
 341  142
 340  142
 339  141
 338  141
 337  140
 335  140
 334  139
 331  139
 330  138
 325  138
 324  137
