 346  104
 345  105
 340  105
 339  106
 332  106
 331  107
 328  107
 327  108
 323  108
 322  109
 320  109
 319  110
 316  110
 315  111
 312  111
 311  112
 309  112
 308  113
 304  113
 303  114
 301  114
 300  115
 297  115
 296  116
 294  116
 293  117
 291  117
 290  118
 288  118
 287  119
 284  119
 283  120
 281  120
 280  121
 278  121
 277  122
 274  122
 273  123
 272  123
 271  124
 268  124
 267  125
 265  125
 264  126
 261  126
 260  127
 259  127
 258  128
 256  128
 255  129
 253  129
 252  130
 250  130
 249  131
 247  131
 246  132
 245  132
 244  133
 242  133
 241  134
 240  134
 239  135
 237  135
 236  136
 235  136
 234  137
 232  137
 231  138
 230  138
 229  139
 228  139
 227  140
 226  140
 225  141
 224  141
 223  142
 221  142
 219  144
 217  144
 215  146
 213  146
 212  147
 211  147
 210  148
 209  148
 208  149
 207  149
 205  151
 203  151
 201  153
 200  153
 199  154
 198  154
 197  155
 196  155
 194  157
 193  157
 191  159
 190  159
 188  161
 187  161
 185  163
 184  163
 182  165
 181  165
 179  167
 178  167
 176  169
 175  169
 173  171
 172  171
 170  173
 169  173
 166  176
 165  176
 162  179
 161  179
 159  181
 158  181
 156  183
 155  183
 153  185
 152  185
 149  188
 148  188
 146  190
 145  190
 143  192
 142  192
 139  195
 138  195
 136  197
 135  197
 132  200
 131  200
 129  202
 128  202
 124  206
 123  206
 119  210
 118  210
 116  212
 115  212
 112  215
 111  215
 108  218
 107  218
 103  222
 102  222
  98  226
  97  226
  92  231
  91  231
  85  237
  84  237
  79  242
  78  242
  71  249
  71  263
  72  264
  86  264
  88  266
  88  280
  87  281
  81  281
  80  282
  80  283
  78  285
  78  287
  77  288
  77  306
  78  307
  78  310
  79  311
  79  317
  80  318
  80  319
  81  320
  81  321
  83  323
  83  325
  84  326
  84  327
  86  329
  86  332
  87  333
  87  335
  88  336
  88  337
  89  338
  89  339
  90  340
  90  344
  91  345
  91  346
  92  347
  92  348
  93  349
  93  352
  94  353
  94  355
  96  357
  96  360
  97  361
  97  364
  98  365
  98  366
  99  367
  99  369
 100  370
 100  374
 101  375
 101  377
 102  378
 102  379
 103  380
 103  386
 104  387
 104  390
 105  391
 105  393
 106  394
 106  402
 107  403
 107  446
 108  447
 108  451
 109  452
 109  459
 110  460
 110  467
 111  468
 111  469
 113  471
 113  472
 114  473
 115  473
 120  478
 120  515
 121  516
 121  518
 122  519
 122  520
 123  521
 123  522
 128  527
 128  528
 131  531
 131  532
 132  532
 139  539
 140  539
 141  540
 142  540
 143  541
 145  541
 146  540
 163  540
 167  544
 167  545
 173  551
 174  551
 175  552
 176  552
 177  551
 178  551
 179  550
 180  550
 186  544
 186  543
 189  540
 189  539
 190  538
 190  536
 191  535
 191  534
 192  533
 192  532
 196  528
 213  528
 221  536
 221  537
 222  538
 222  539
 223  540
 223  541
 224  542
 224  544
 225  545
 225  546
 226  547
 226  549
 227  550
 227  556
 228  557
 228  560
 229  561
 229  563
 230  564
 230  570
 231  571
 231  574
 232  575
 232  576
 233  577
 233  578
 236  581
 237  581
 238  582
 241  582
 242  583
 252  583
 253  582
 254  582
 258  578
 258  577
 260  575
 260  572
 261  571
 261  569
 262  568
 262  564
 261  563
 261  560
 260  559
 260  555
 259  554
 259  553
 257  551
 257  550
 256  549
 256  548
 250  542
 250  541
 242  533
 241  533
 235  527
 234  527
 223  516
 223  514
 222  513
 222  511
 221  510
 221  509
 220  508
 220  503
 219  502
 219  479
 222  476
 240  476
 241  475
 242  475
 243  474
 244  474
 246  472
 246  471
 249  468
 249  463
 247  461
 247  460
 243  456
 243  455
 241  453
 240  453
 237  450
 236  450
 233  447
 232  447
 230  445
 229  445
 219  435
 219  432
 218  431
 218  416
 219  415
 219  414
 220  413
 221  413
 226  408
 226  407
 227  406
 227  404
 226  403
 226  401
 218  393
 217  393
 215  391
 214  391
 212  389
 211  389
 208  386
 207  386
 203  382
 203  380
 202  379
 202  375
 201  374
 201  372
 200  371
 200  356
 199  355
 199  354
 192  347
 192  346
 190  344
 190  343
 189  342
 189  325
 181  317
 180  317
 177  314
 176  314
 174  312
 174  298
 175  297
 189  297
 190  298
 191  298
 192  299
 193  299
 196  302
 197  302
 198  303
 200  303
 201  304
 244  304
 245  303
 247  303
 248  302
 249  302
 250  301
 251  301
 253  299
 254  299
 255  298
 256  298
 257  297
 259  297
 261  295
 262  295
 265  292
 266  292
 268  290
 269  290
 270  289
 271  289
 275  285
 275  284
 276  283
 277  283
 278  282
 279  282
 280  281
 282  281
 283  280
 284  280
 290  274
 292  274
 293  273
 294  273
 295  272
 296  272
 302  266
 304  266
 305  265
 306  265
 310  261
 310  260
 313  257
 313  256
 315  254
 316  254
 318  252
 319  252
 321  250
 322  250
 330  242
 330  241
 331  240
 332  240
 333  239
 333  238
 335  236
 335  235
 340  230
 341  230
 342  229
 343  229
 344  228
 345  228
 362  211
 363  211
 365  209
 366  209
 368  207
 369  207
 377  199
 377  198
 378  197
 379  197
 380  196
 380  195
 384  191
 384  190
 386  188
 386  187
 391  182
 391  181
 393  179
 393  178
 396  175
 396  174
 397  173
 397  172
 399  170
 399  169
 400  168
 400  167
 402  165
 402  164
 403  163
 403  161
 404  160
 404  159
 406  157
 406  155
 407  154
 407  148
 406  147
 406  144
 405  143
 405  127
 406  126
 408  126
 407  125
 407  124
 402  119
 401  119
 399  117
 398  117
 397  116
 396  116
 395  115
 394  115
 393  114
 392  114
 391  113
 389  113
 388  112
 387  112
 386  111
 384  111
 383  110
 381  110
 380  109
 378  109
 377  108
 373  108
 372  107
 370  107
 369  106
 363  106
 362  105
 355  105
 354  104
