 385   57
 384   58
 378   58
 377   59
 368   59
 367   60
 364   60
 363   61
 359   61
 358   62
 354   62
 353   63
 351   63
 350   64
 347   64
 346   65
 344   65
 343   66
 340   66
 339   67
 337   67
 336   68
 334   68
 333   69
 331   69
 330   70
 328   70
 327   71
 325   71
 324   72
 323   72
 322   73
 319   73
 318   74
 317   74
 316   75
 315   75
 314   76
 313   76
 312   77
 310   77
 309   78
 308   78
 307   79
 306   79
 305   80
 304   80
 303   81
 302   81
 301   82
 300   82
 299   83
 298   83
 297   84
 296   84
 295   85
 294   85
 293   86
 292   86
 290   88
 288   88
 286   90
 285   90
 284   91
 283   91
 282   92
 281   92
 280   93
 279   93
 277   95
 275   95
 273   97
 272   97
 271   98
 270   98
 269   99
 268   99
 267  100
 266  100
 264  102
 263  102
 262  103
 261  103
 259  105
 258  105
 257  106
 256  106
 254  108
 253  108
 252  109
 251  109
 249  111
 248  111
 246  113
 245  113
 243  115
 242  115
 241  116
 240  116
 238  118
 237  118
 235  120
 234  120
 232  122
 231  122
 229  124
 228  124
 225  127
 224  127
 222  129
 221  129
 218  132
 217  132
 214  135
 213  135
 210  138
 209  138
 205  142
 204  142
 195  151
 194  151
 189  156
 188  156
 185  159
 184  159
 181  162
 180  162
 176  166
 175  166
 170  171
 169  171
 140  200
 139  200
 133  206
 133  207
 129  211
 129  212
 120  221
 119  221
 119  222
 117  224
 116  224
  98  242
  98  243
  95  246
  95  247
  92  250
  92  251
  90  253
  90  254
  89  255
  89  256
  88  257
  88  258
  85  261
  85  262
  83  264
  83  265
  82  266
  82  267
  79  270
  79  271
  76  274
  76  275
  75  276
  75  277
  73  279
  73  280
  72  281
  72  283
  71  284
  71  285
  69  287
  69  289
  68  290
  68  292
  67  293
  67  294
  66  295
  66  296
  65  297
  65  299
  64  300
  64  301
  62  303
  62  306
  61  307
  61  308
  59  310
  59  311
  58  312
  58  313
  57  314
  57  315
  55  317
  55  319
  54  320
  54  321
  53  322
  53  323
  52  324
  52  329
  51  330
  51  333
  48  336
  48  337
  45  340
  45  352
  46  353
  56  353
  57  354
  57  369
  56  370
  56  372
  55  373
  55  389
  54  390
  50  390
  49  391
  49  443
  51  445
  51  446
  52  447
  52  449
  54  451
  54  452
  55  453
  55  456
  56  457
  56  458
  58  460
  58  462
  59  463
  59  465
  61  467
  61  468
  62  469
  62  471
  64  473
  64  474
  65  475
  65  477
  66  478
  66  479
  67  480
  67  481
  68  482
  68  486
  73  491
  73  492
  75  494
  75  496
  77  498
  77  499
  78  500
  78  501
  79  502
  79  503
  81  505
  81  506
  82  507
  82  508
  83  509
  83  510
  85  512
  85  514
  86  515
  86  516
  88  518
  88  519
  90  521
  90  522
  92  524
  92  525
  94  527
  94  528
  96  530
  96  531
  97  532
  97  533
  99  535
  99  536
 101  538
 101  539
 103  541
 103  542
 105  544
 105  545
 107  547
 107  548
 109  550
 109  551
 115  557
 116  557
 118  559
 119  559
 120  560
 121  560
 122  561
 123  561
 125  563
 126  563
 128  565
 129  565
 131  567
 132  567
 133  568
 134  568
 139  573
 139  574
 140  575
 140  578
 141  579
 141  583
 142  584
 142  590
 143  591
 143  593
 144  594
 144  595
 145  596
 145  600
 146  601
 146  603
 147  604
 147  605
 148  606
 148  608
 149  609
 149  611
 150  612
 150  613
 152  615
 152  617
 160  625
 161  625
 163  627
 164  627
 165  628
 166  628
 167  629
 169  629
 170  628
 170  627
 173  624
 193  624
 194  625
 195  625
 196  626
 197  626
 198  627
 199  627
 200  628
 202  628
 203  627
 205  627
 206  626
 208  626
 209  625
 210  625
 212  623
 213  623
 215  621
 215  620
 217  618
 217  617
 218  616
 218  615
 219  614
 219  613
 225  607
 226  607
 227  606
 228  606
 229  605
 230  605
 231  604
 246  604
 247  603
 248  603
 249  602
 250  602
 252  600
 252  599
 254  597
 254  596
 255  595
 255  593
 256  592
 256  591
 257  590
 257  587
 258  586
 258  572
 259  571
 259  569
 260  568
 260  567
 262  565
 262  564
 263  563
 263  562
 266  559
 267  559
 268  558
 271  558
 272  557
 278  557
 279  556
 280  556
 283  553
 283  552
 285  550
 285  545
 286  544
 286  536
 285  535
 285  531
 284  530
 284  529
 283  528
 283  527
 282  526
 282  504
 283  503
 283  502
 284  501
 284  499
 285  498
 285  497
 288  494
 288  493
 290  491
 291  491
 291  490
 293  488
 294  488
 294  487
 295  486
 295  484
 296  483
 295  482
 295  479
 293  477
 293  476
 292  475
 292  474
 289  471
 289  470
 287  468
 286  468
 284  466
 284  465
 281  462
 281  460
 280  459
 280  458
 279  457
 279  454
 278  453
 278  439
 264  425
 263  425
 260  422
 259  422
 254  417
 253  417
 250  414
 249  414
 246  411
 245  411
 240  406
 239  406
 234  401
 233  401
 231  399
 230  399
 229  398
 228  398
 227  397
 227  383
 228  382
 255  382
 256  381
 262  381
 263  380
 267  380
 268  379
 270  379
 271  378
 272  378
 273  377
 274  377
 275  376
 277  376
 278  375
 279  375
 280  374
 283  374
 284  373
 288  373
 289  372
 297  372
 299  370
 299  368
 302  365
 304  365
 305  364
 309  364
 310  363
 311  363
 314  360
 314  359
 317  356
 318  356
 319  355
 320  355
 321  354
 323  354
 324  353
 326  353
 327  352
 328  352
 329  351
 330  351
 334  347
 335  347
 339  343
 339  342
 342  339
 342  338
 343  337
 343  336
 344  335
 344  333
 345  332
 345  329
 346  328
 346  325
 347  324
 347  323
 349  321
 350  321
 351  320
 352  320
 354  318
 355  318
 359  314
 359  312
 360  311
 360  310
 361  309
 361  308
 362  307
 362  306
 363  305
 363  304
 364  303
 364  301
 365  300
 365  296
 366  295
 366  289
 367  288
 367  286
 368  285
 368  283
 369  282
 369  280
 370  279
 370  278
 375  273
 375  272
 378  269
 378  268
 379  267
 379  265
 380  264
 380  263
 381  262
 381  260
 382  259
 382  257
 383  256
 383  255
 384  254
 384  253
 385  252
 385  250
 386  249
 386  246
 387  245
 387  242
 388  241
 388  238
 389  237
 389  233
 390  232
 390  231
 391  230
 391  228
 392  227
 392  226
 393  225
 393  224
 396  221
 396  220
 398  218
 398  217
 399  216
 399  212
 400  211
 400  208
 401  207
 401  206
 402  205
 402  203
 403  202
 403  200
 404  199
 404  197
 405  196
 405  191
 406  190
 406  185
 408  183
 408  182
 412  178
 412  176
 413  175
 413  174
 414  173
 414  172
 415  171
 415  170
 416  169
 416  168
 417  167
 417  166
 418  165
 418  164
 419  163
 419  160
 420  159
 420  158
 421  157
 421  156
 425  152
 425  151
 427  149
 427  148
 428  147
 428  146
 429  145
 429  143
 430  142
 430  139
 431  138
 431  137
 432  136
 432  133
 433  132
 433  129
 434  128
 434  126
 435  125
 435  120
 436  119
 436   73
 435   72
 435   71
 433   69
 433   68
 430   65
 429   65
 427   63
 426   63
 425   62
 423   62
 422   61
 420   61
 419   60
 416   60
 415   59
 409   59
 408   58
 402   58
 401   57
