 347  124
 346  125
 338  125
 337  126
 330  126
 329  127
 325  127
 324  128
 321  128
 320  129
 316  129
 315  130
 313  130
 312  131
 309  131
 308  132
 306  132
 305  133
 302  133
 301  134
 299  134
 298  135
 296  135
 295  136
 293  136
 292  137
 291  137
 290  138
 288  138
 287  139
 286  139
 285  140
 282  140
 281  141
 280  141
 279  142
 278  142
 277  143
 276  143
 275  144
 273  144
 272  145
 271  145
 270  146
 269  146
 268  147
 266  147
 265  148
 264  148
 263  149
 262  149
 261  150
 260  150
 259  151
 258  151
 257  152
 256  152
 255  153
 253  153
 251  155
 250  155
 249  156
 248  156
 247  157
 246  157
 245  158
 244  158
 243  159
 242  159
 241  160
 240  160
 239  161
 238  161
 237  162
 236  162
 235  163
 234  163
 233  164
 232  164
 230  166
 229  166
 228  167
 227  167
 225  169
 224  169
 223  170
 222  170
 220  172
 219  172
 217  174
 216  174
 215  175
 214  175
 212  177
 211  177
 208  180
 207  180
 205  182
 204  182
 202  184
 201  184
 200  185
 199  185
 197  187
 196  187
 194  189
 193  189
 191  191
 190  191
 187  194
 186  194
 183  197
 182  197
 180  199
 179  199
 177  201
 176  201
 175  202
 174  202
 173  203
 172  203
 170  205
 169  205
 167  207
 166  207
 164  209
 163  209
 157  215
 156  215
 156  216
 155  217
 154  217
 152  219
 152  220
 147  225
 147  226
 145  228
 145  229
 144  230
 144  231
 140  235
 140  236
 136  240
 136  241
 130  247
 130  248
 127  251
 127  252
 123  256
 123  257
 122  258
 122  259
 119  262
 119  263
 116  266
 116  267
 115  268
 115  269
 113  271
 113  272
 112  273
 112  274
 109  277
 109  279
 107  281
 107  282
 106  283
 106  284
 105  285
 105  286
 104  287
 104  288
 103  289
 103  290
 102  291
 102  293
  99  296
  99  298
  96  301
  96  302
  95  303
  95  306
  97  308
 103  308
 104  309
 104  323
 103  324
 102  324
  99  327
  99  328
  98  329
  98  330
  97  331
  97  333
  96  334
  96  336
  95  337
  95  344
  94  345
  89  345
  88  346
  88  359
  92  363
  92  365
  93  366
  93  367
  94  368
  94  369
  95  370
  95  371
  96  372
  96  374
  98  376
  98  377
  99  378
  99  380
 100  381
 100  383
 101  384
 101  385
 102  386
 102  388
 103  389
 103  391
 105  393
 105  395
 106  396
 106  398
 107  399
 107  400
 108  401
 108  402
 109  403
 109  406
 110  407
 110  408
 111  409
 111  411
 112  412
 112  415
 113  416
 113  419
 114  420
 114  421
 115  422
 115  424
 116  425
 116  429
 117  430
 117  431
 118  432
 118  434
 119  435
 119  439
 120  440
 120  442
 121  443
 121  444
 122  445
 122  453
 123  454
 123  458
 124  459
 124  461
 125  462
 125  469
 126  470
 126  475
 127  476
 127  479
 128  480
 128  484
 129  485
 129  490
 130  491
 130  492
 131  493
 131  495
 132  496
 132  500
 133  501
 133  503
 134  504
 134  505
 135  506
 135  507
 136  508
 136  509
 137  510
 138  510
 139  511
 141  511
 142  512
 144  512
 145  513
 147  513
 148  514
 149  514
 150  515
 151  515
 152  516
 155  516
 156  517
 156  518
 158  520
 158  521
 160  523
 160  525
 161  526
 161  527
 162  528
 162  532
 163  533
 163  536
 164  537
 164  538
 166  540
 166  542
 167  543
 167  544
 169  546
 169  547
 178  556
 179  556
 181  558
 182  558
 183  559
 184  559
 185  560
 188  560
 189  561
 206  561
 207  562
 212  562
 213  563
 217  563
 218  562
 221  562
 223  560
 225  560
 226  559
 228  559
 229  558
 231  558
 232  557
 237  557
 238  556
 242  556
 243  555
 245  555
 247  553
 248  553
 248  552
 249  551
 249  550
 250  549
 250  542
 251  541
 251  536
 252  535
 252  533
 260  525
 261  525
 262  524
 262  523
 264  521
 264  520
 265  519
 265  513
 264  512
 264  511
 263  510
 263  508
 262  507
 262  503
 261  502
 261  501
 260  500
 260  499
 259  498
 259  493
 258  492
 258  477
 259  476
 259  472
 260  471
 260  470
 266  464
 266  463
 265  462
 265  460
 264  459
 264  458
 263  457
 263  456
 262  455
 262  450
 261  449
 261  432
 264  429
 264  427
 262  425
 262  424
 252  414
 252  413
 251  412
 251  411
 250  410
 250  409
 249  408
 249  397
 248  396
 248  393
 247  392
 247  391
 245  389
 245  388
 228  371
 227  371
 217  361
 216  361
 213  358
 212  358
 209  355
 209  341
 210  340
 213  340
 213  334
 214  333
 229  333
 230  334
 235  334
 236  333
 241  333
 242  332
 249  332
 250  331
 257  331
 258  330
 259  330
 260  329
 261  329
 262  328
 263  328
 265  326
 266  326
 268  324
 269  324
 273  320
 273  319
 277  315
 278  315
 280  313
 281  313
 282  312
 282  311
 289  304
 289  303
 292  300
 292  299
 295  296
 295  294
 297  292
 297  291
 298  290
 298  289
 301  286
 301  285
 305  281
 305  280
 308  277
 308  276
 309  275
 309  274
 311  272
 311  271
 312  270
 312  268
 314  266
 314  265
 315  264
 315  263
 316  262
 316  261
 318  259
 318  258
 323  253
 323  252
 327  248
 327  247
 330  244
 330  243
 332  241
 332  240
 333  239
 333  238
 334  237
 334  236
 335  235
 335  234
 336  233
 336  232
 338  230
 338  229
 339  228
 339  227
 347  219
 347  218
 349  216
 349  215
 351  213
 351  212
 352  211
 352  210
 356  206
 356  205
 357  204
 358  204
 365  197
 365  196
 369  192
 369  191
 371  189
 371  188
 373  186
 373  185
 376  182
 376  181
 379  178
 379  177
 381  175
 381  174
 383  172
 383  171
 385  169
 385  168
 386  167
 386  166
 387  165
 387  164
 389  162
 389  160
 390  159
 390  157
 391  156
 391  154
 392  153
 392  149
 393  148
 393  147
 392  146
 392  142
 390  140
 390  139
 388  137
 388  136
 387  136
 383  132
 382  132
 381  131
 380  131
 379  130
 378  130
 377  129
 376  129
 375  128
 373  128
 372  127
 369  127
 368  126
 363  126
 362  125
 352  125
 351  124
