 312  158
 311  159
 305  159
 304  160
 301  160
 300  161
 296  161
 295  162
 293  162
 292  163
 288  163
 287  164
 285  164
 284  165
 282  165
 281  166
 279  166
 278  167
 277  167
 276  168
 273  168
 272  169
 271  169
 270  170
 268  170
 267  171
 266  171
 265  172
 263  172
 262  173
 261  173
 260  174
 258  174
 256  176
 254  176
 253  177
 252  177
 251  178
 250  178
 249  179
 248  179
 247  180
 246  180
 245  181
 244  181
 243  182
 242  182
 241  183
 240  183
 238  185
 237  185
 236  186
 234  186
 232  188
 231  188
 230  189
 229  189
 228  190
 227  190
 226  191
 225  191
 223  193
 222  193
 221  194
 220  194
 218  196
 217  196
 216  197
 215  197
 213  199
 212  199
 210  201
 209  201
 208  202
 207  202
 205  204
 204  204
 202  206
 201  206
 199  208
 198  208
 195  211
 194  211
 191  214
 190  214
 187  217
 186  217
 183  220
 182  220
 177  225
 176  225
 168  233
 167  233
 152  248
 152  249
 151  250
 150  250
 150  251
 142  259
 142  260
 139  263
 139  264
 133  270
 133  271
 129  275
 129  276
 126  279
 126  280
 123  283
 123  284
 122  285
 122  286
 121  287
 120  287
 118  289
 114  289
 113  290
 113  315
 114  316
 124  316
 125  317
 125  331
 123  333
 123  336
 122  337
 122  347
 123  348
 123  350
 124  351
 124  352
 125  353
 125  356
 126  357
 126  358
 127  359
 127  360
 128  361
 128  362
 129  363
 129  365
 130  366
 130  367
 132  369
 132  373
 133  374
 133  377
 134  378
 134  379
 135  380
 135  383
 136  384
 136  387
 137  388
 137  389
 138  390
 138  392
 139  393
 139  398
 140  399
 140  402
 141  403
 141  405
 142  406
 142  413
 143  414
 143  418
 144  419
 144  420
 145  421
 145  426
 146  427
 146  433
 147  434
 147  437
 148  438
 148  447
 149  448
 149  454
 150  455
 150  457
 151  458
 151  459
 152  460
 152  462
 156  466
 171  466
 173  468
 173  473
 174  474
 174  476
 175  477
 175  479
 176  480
 176  482
 178  484
 178  485
 179  486
 179  487
 183  491
 183  492
 186  495
 187  495
 189  497
 191  497
 194  494
 210  494
 218  502
 219  502
 220  503
 221  503
 222  502
 223  502
 224  501
 224  500
 225  499
 225  497
 226  496
 226  495
 229  492
 245  492
 246  493
 247  493
 249  495
 249  496
 252  499
 252  500
 253  501
 253  502
 255  504
 255  505
 256  506
 256  507
 257  508
 257  509
 259  511
 259  512
 260  513
 260  514
 261  515
 261  516
 263  518
 263  519
 270  526
 271  526
 273  528
 274  528
 275  529
 280  529
 281  528
 282  528
 286  524
 286  523
 287  522
 287  521
 288  520
 288  519
 287  518
 287  517
 286  516
 286  514
 285  513
 285  512
 282  509
 282  508
 279  505
 279  504
 274  499
 273  499
 270  496
 269  496
 264  491
 263  491
 260  488
 259  488
 245  474
 245  459
 248  456
 250  456
 251  455
 254  455
 255  454
 259  454
 262  451
 262  450
 263  449
 263  447
 262  446
 262  445
 258  441
 258  424
 259  423
 260  423
 261  422
 262  422
 263  421
 267  421
 268  420
 269  420
 270  419
 271  419
 273  417
 273  415
 272  414
 272  413
 269  410
 269  394
 270  393
 271  393
 272  392
 273  392
 276  389
 276  387
 275  386
 275  384
 269  378
 268  378
 266  376
 265  376
 264  375
 263  375
 262  374
 262  373
 259  370
 259  363
 258  362
 258  358
 256  356
 256  355
 252  351
 252  337
 253  336
 254  336
 255  335
 257  335
 257  329
 258  328
 259  328
 260  327
 265  327
 266  326
 268  326
 269  325
 270  325
 271  324
 271  323
 272  322
 272  321
 274  319
 276  319
 277  318
 280  318
 282  316
 284  316
 285  315
 286  315
 289  312
 289  311
 291  309
 291  299
 292  298
 296  298
 297  297
 298  297
 299  296
 300  296
 302  294
 303  294
 305  292
 305  291
 307  289
 307  288
 308  287
 308  275
 309  274
 311  274
 312  273
 315  273
 320  268
 320  267
 321  266
 321  265
 322  264
 322  254
 324  252
 327  252
 328  251
 329  251
 330  250
 331  250
 332  249
 332  248
 335  245
 335  243
 336  242
 336  241
 337  240
 337  237
 338  236
 338  235
 341  232
 342  232
 343  231
 344  231
 345  230
 346  230
 350  226
 350  225
 352  223
 352  221
 353  220
 353  219
 354  218
 354  217
 355  216
 355  215
 359  211
 359  210
 361  208
 361  207
 362  206
 362  203
 363  202
 363  201
 364  200
 364  198
 365  197
 365  195
 366  194
 366  191
 367  190
 367  188
 368  187
 368  182
 367  181
 367  179
 366  178
 366  175
 365  174
 365  173
 360  168
 359  168
 357  166
 356  166
 355  165
 353  165
 352  164
 351  164
 350  163
 347  163
 346  162
 344  162
 343  161
 338  161
 337  160
 334  160
 333  159
 325  159
 324  158
