 324  110
 323  111
 315  111
 314  112
 310  112
 309  113
 304  113
 303  114
 301  114
 300  115
 296  115
 295  116
 293  116
 292  117
 289  117
 288  118
 286  118
 285  119
 282  119
 281  120
 279  120
 278  121
 276  121
 275  122
 272  122
 271  123
 269  123
 268  124
 265  124
 264  125
 263  125
 262  126
 259  126
 258  127
 257  127
 256  128
 254  128
 253  129
 252  129
 251  130
 249  130
 248  131
 246  131
 245  132
 244  132
 243  133
 242  133
 241  134
 240  134
 239  135
 237  135
 236  136
 235  136
 234  137
 232  137
 231  138
 230  138
 229  139
 228  139
 227  140
 226  140
 225  141
 224  141
 223  142
 222  142
 220  144
 219  144
 218  145
 217  145
 215  147
 214  147
 213  148
 212  148
 210  150
 209  150
 207  152
 206  152
 204  154
 203  154
 201  156
 200  156
 197  159
 196  159
 194  161
 193  161
 190  164
 189  164
 186  167
 185  167
 182  170
 181  170
 178  173
 177  173
 174  176
 173  176
 140  209
 140  210
 132  218
 132  219
 126  225
 126  226
 123  229
 123  230
 120  233
 120  234
 116  238
 116  239
 114  241
 114  242
 113  243
 113  244
 111  246
 111  247
 109  249
 109  250
 103  256
 103  257
 101  259
 101  260
 100  261
 100  281
 102  283
 102  298
 101  299
 101  300
 100  301
 100  302
  99  303
  99  304
  98  305
  98  314
  97  315
  97  316
  96  317
  92  317
  91  318
  91  326
  92  327
  92  329
  93  330
  93  332
  94  333
  94  334
  95  335
  95  339
  96  340
  96  346
  97  347
  97  348
  98  349
  98  351
  99  352
  99  356
 100  357
 100  361
 101  362
 101  364
 102  365
 102  372
 103  373
 103  379
 104  380
 104  383
 105  384
 105  389
 106  390
 106  404
 107  405
 107  413
 108  414
 108  419
 109  420
 109  433
 110  434
 110  438
 111  439
 111  442
 112  443
 112  451
 113  452
 113  456
 114  457
 114  459
 115  460
 115  461
 116  462
 116  466
 117  467
 117  468
 119  470
 119  471
 120  472
 120  473
 125  478
 126  478
 127  479
 128  479
 129  480
 130  480
 131  481
 132  481
 135  484
 135  486
 136  487
 136  496
 137  497
 137  500
 138  501
 138  503
 139  504
 139  506
 140  507
 140  509
 142  511
 142  512
 143  513
 143  514
 148  519
 149  519
 151  521
 153  521
 157  517
 175  517
 176  518
 176  519
 178  521
 179  521
 181  523
 184  523
 190  517
 191  517
 192  516
 209  516
 210  517
 211  517
 221  527
 221  528
 223  530
 223  531
 224  532
 224  533
 226  535
 226  536
 227  537
 227  538
 228  539
 228  540
 229  541
 229  542
 230  543
 230  544
 231  545
 231  546
 233  548
 233  549
 234  550
 234  551
 236  553
 236  554
 237  555
 237  556
 238  557
 238  558
 240  560
 240  561
 241  562
 241  563
 243  565
 243  566
 251  574
 252  574
 253  575
 254  575
 255  576
 256  576
 257  577
 258  577
 259  576
 260  576
 261  575
 262  575
 265  572
 265  571
 266  570
 266  568
 267  567
 266  566
 266  562
 265  561
 265  560
 264  559
 264  558
 262  556
 262  555
 256  549
 256  548
 254  546
 253  546
 252  545
 252  544
 251  543
 250  543
 249  542
 249  541
 244  536
 243  536
 242  535
 242  534
 241  533
 240  533
 235  528
 235  527
 232  524
 232  523
 229  520
 229  519
 228  518
 228  517
 226  515
 226  514
 225  513
 225  511
 224  510
 224  509
 223  508
 223  493
 225  491
 225  490
 229  486
 229  485
 231  483
 232  483
 233  482
 236  482
 237  481
 238  481
 239  480
 240  480
 244  476
 244  475
 245  474
 245  471
 244  470
 244  468
 243  467
 243  449
 246  446
 248  446
 249  445
 250  445
 251  444
 253  444
 255  442
 256  442
 259  439
 259  438
 260  437
 260  436
 261  435
 261  433
 262  432
 262  416
 263  415
 263  414
 266  411
 268  411
 269  410
 270  410
 272  408
 273  408
 276  405
 276  398
 275  397
 275  393
 274  392
 274  391
 273  390
 273  387
 272  386
 272  382
 271  381
 271  379
 270  378
 270  377
 269  376
 269  365
 268  364
 268  362
 267  361
 267  360
 266  359
 266  357
 263  354
 263  353
 259  349
 259  348
 255  344
 255  343
 231  319
 231  305
 232  304
 252  304
 253  305
 267  305
 268  304
 279  304
 280  303
 281  303
 282  302
 283  302
 284  301
 285  301
 288  298
 289  298
 292  295
 293  295
 295  293
 295  292
 298  289
 299  289
 302  286
 302  285
 303  284
 303  283
 305  281
 305  280
 306  279
 306  278
 316  268
 316  267
 318  265
 318  264
 319  263
 319  261
 320  260
 320  258
 321  257
 321  255
 322  254
 322  250
 323  249
 323  247
 326  244
 326  243
 328  241
 328  240
 329  239
 329  237
 330  236
 330  234
 331  233
 331  232
 332  231
 332  227
 333  226
 333  223
 334  222
 334  221
 336  219
 336  218
 337  217
 338  217
 339  216
 339  215
 342  212
 342  211
 343  210
 343  209
 346  206
 346  205
 347  204
 347  203
 349  201
 349  199
 354  194
 355  194
 356  193
 356  192
 357  191
 358  191
 359  190
 359  189
 363  185
 363  184
 366  181
 366  180
 368  178
 368  177
 373  172
 373  171
 376  168
 376  167
 379  164
 379  163
 380  162
 380  161
 382  159
 382  158
 383  157
 383  156
 385  154
 385  153
 386  152
 386  151
 387  150
 387  149
 388  148
 388  146
 389  145
 389  141
 390  140
 390  137
 389  136
 389  134
 388  133
 388  132
 387  131
 386  131
 383  128
 382  128
 381  127
 380  127
 378  125
 377  125
 375  123
 374  123
 373  122
 372  122
 371  121
 370  121
 369  120
 368  120
 367  119
 365  119
 364  118
 363  118
 362  117
 360  117
 359  116
 357  116
 356  115
 354  115
 353  114
 351  114
 350  113
 348  113
 347  112
 344  112
 343  111
 337  111
 336  110
