 339  116
 338  117
 329  117
 328  118
 323  118
 322  119
 318  119
 317  120
 314  120
 313  121
 310  121
 309  122
 307  122
 306  123
 303  123
 302  124
 301  124
 300  125
 297  125
 296  126
 295  126
 294  127
 292  127
 291  128
 289  128
 288  129
 287  129
 286  130
 284  130
 283  131
 282  131
 281  132
 279  132
 278  133
 277  133
 276  134
 275  134
 274  135
 273  135
 272  136
 270  136
 269  137
 268  137
 267  138
 266  138
 265  139
 263  139
 261  141
 259  141
 258  142
 257  142
 256  143
 255  143
 254  144
 253  144
 252  145
 251  145
 250  146
 249  146
 248  147
 247  147
 246  148
 245  148
 244  149
 243  149
 242  150
 241  150
 240  151
 239  151
 238  152
 237  152
 235  154
 234  154
 233  155
 232  155
 231  156
 230  156
 228  158
 227  158
 226  159
 225  159
 224  160
 223  160
 221  162
 220  162
 219  163
 218  163
 216  165
 215  165
 214  166
 213  166
 211  168
 210  168
 208  170
 207  170
 204  173
 203  173
 201  175
 200  175
 198  177
 197  177
 193  181
 192  181
 188  185
 187  185
 183  189
 182  189
 176  195
 175  195
 153  217
 153  218
 147  224
 147  225
 143  229
 143  230
 139  234
 139  235
 136  238
 136  239
 133  242
 133  243
 131  245
 131  246
 129  248
 129  249
 125  253
 125  254
 124  255
 124  256
 122  258
 122  259
 121  260
 121  261
 119  263
 119  264
 118  265
 118  266
 115  269
 115  271
 113  273
 113  274
 112  275
 112  276
 111  277
 111  278
 109  280
 109  282
 108  283
 108  284
 106  286
 106  287
 105  288
 105  290
 104  291
 104  293
 102  295
 102  297
 101  298
 101  299
  99  301
  99  308
  97  310
  97  311
  96  312
  96  313
  95  314
  94  314
  93  315
  93  329
  94  330
  94  331
 102  331
 103  332
 103  346
  99  350
  99  351
  97  353
  97  358
  96  359
  96  360
  95  361
  94  361
  93  362
  93  367
  94  368
  94  369
  95  370
  95  373
  96  374
  96  375
  98  377
  98  380
  99  381
  99  382
 100  383
 100  384
 101  385
 101  386
 102  387
 102  389
 103  390
 103  391
 105  393
 105  396
 106  397
 106  398
 107  399
 107  400
 108  401
 108  403
 109  404
 109  406
 111  408
 111  410
 112  411
 112  415
 113  416
 113  417
 114  418
 114  420
 115  421
 115  426
 116  427
 116  430
 117  431
 117  433
 118  434
 118  439
 119  440
 119  443
 120  444
 120  446
 121  447
 121  451
 122  452
 122  460
 123  461
 123  467
 124  468
 124  490
 125  491
 125  501
 126  502
 126  505
 127  506
 127  507
 128  508
 128  510
 129  511
 129  514
 131  516
 131  517
 132  518
 132  519
 133  520
 133  521
 138  526
 139  526
 140  527
 141  527
 142  528
 146  528
 147  529
 149  529
 150  530
 151  530
 152  531
 153  531
 157  535
 157  536
 158  537
 158  540
 159  541
 159  544
 160  545
 160  546
 161  547
 161  548
 162  549
 162  551
 165  554
 165  555
 166  556
 166  557
 169  560
 169  561
 176  568
 177  568
 179  570
 180  570
 181  571
 186  571
 188  569
 189  569
 193  565
 210  565
 211  566
 212  566
 213  567
 214  567
 215  568
 216  567
 217  567
 218  566
 219  566
 221  564
 221  562
 222  561
 222  559
 225  556
 226  556
 228  554
 229  554
 230  553
 231  553
 232  552
 249  552
 251  554
 253  554
 255  552
 255  534
 256  533
 256  531
 263  524
 264  524
 265  523
 271  523
 272  522
 273  522
 274  521
 275  521
 276  520
 277  520
 277  519
 279  517
 279  516
 281  514
 281  488
 282  487
 282  486
 284  484
 284  483
 285  482
 285  480
 286  479
 287  479
 289  477
 291  477
 292  476
 296  476
 297  475
 298  475
 300  473
 301  473
 301  472
 303  470
 303  469
 304  468
 304  467
 305  466
 305  463
 304  462
 304  460
 303  459
 303  458
 302  457
 302  456
 301  455
 301  454
 299  452
 299  451
 298  450
 298  449
 297  448
 297  430
 298  429
 299  429
 300  428
 303  428
 305  426
 305  425
 302  422
 302  421
 301  420
 301  419
 299  417
 299  416
 298  415
 298  414
 295  411
 295  410
 285  400
 285  399
 282  396
 282  395
 280  393
 280  392
 279  391
 279  389
 278  388
 278  383
 277  382
 277  381
 276  380
 276  379
 275  378
 275  375
 274  374
 274  373
 272  371
 272  370
 271  369
 271  368
 270  367
 269  367
 268  366
 268  365
 267  364
 266  364
 263  361
 263  347
 264  346
 289  346
 290  345
 295  345
 299  341
 299  340
 300  339
 301  339
 304  336
 304  335
 305  334
 305  332
 310  327
 312  327
 317  322
 317  321
 318  320
 318  319
 320  317
 320  316
 321  315
 321  313
 322  312
 322  306
 323  305
 323  304
 324  303
 324  302
 332  294
 332  292
 334  290
 334  288
 335  287
 335  273
 336  272
 336  271
 337  270
 337  269
 340  266
 341  266
 341  265
 342  264
 342  263
 343  262
 343  260
 344  259
 344  254
 345  253
 345  246
 351  240
 351  239
 353  237
 353  236
 355  234
 355  232
 356  231
 356  230
 357  229
 357  228
 358  227
 358  220
 359  219
 359  217
 369  207
 369  206
 371  204
 371  202
 372  201
 372  198
 373  197
 373  194
 374  193
 374  189
 375  188
 375  186
 378  183
 378  182
 381  179
 381  178
 382  177
 382  174
 383  173
 383  171
 384  170
 384  168
 385  167
 385  158
 386  157
 386  154
 387  153
 386  152
 386  137
 385  136
 385  131
 384  130
 384  129
 383  128
 383  127
 380  124
 379  124
 378  123
 377  123
 375  121
 373  121
 372  120
 370  120
 369  119
 365  119
 364  118
 359  118
 358  117
 352  117
 351  116
