 325  112
 324  113
 317  113
 316  114
 310  114
 309  115
 305  115
 304  116
 302  116
 301  117
 296  117
 295  118
 293  118
 292  119
 289  119
 288  120
 286  120
 285  121
 282  121
 281  122
 279  122
 278  123
 276  123
 275  124
 273  124
 272  125
 270  125
 269  126
 267  126
 266  127
 264  127
 263  128
 261  128
 260  129
 259  129
 258  130
 256  130
 255  131
 254  131
 253  132
 252  132
 251  133
 249  133
 248  134
 247  134
 246  135
 245  135
 244  136
 243  136
 242  137
 240  137
 239  138
 238  138
 237  139
 236  139
 235  140
 234  140
 233  141
 232  141
 231  142
 230  142
 229  143
 228  143
 227  144
 226  144
 225  145
 224  145
 223  146
 222  146
 221  147
 220  147
 219  148
 218  148
 217  149
 216  149
 215  150
 214  150
 212  152
 211  152
 210  153
 209  153
 207  155
 206  155
 205  156
 204  156
 202  158
 201  158
 199  160
 198  160
 196  162
 195  162
 193  164
 192  164
 189  167
 188  167
 186  169
 185  169
 181  173
 180  173
 176  177
 175  177
 168  184
 167  184
 144  207
 144  208
 134  218
 134  219
 124  229
 124  230
 117  237
 117  238
 110  245
 110  246
 106  250
 106  251
 103  254
 103  255
 100  258
 100  259
  98  261
  98  262
  97  263
  97  264
  95  266
  95  267
  93  269
  93  270
  90  273
  90  274
  89  275
  89  276
  87  278
  87  279
  86  280
  86  281
  84  283
  84  284
  83  285
  83  287
  80  290
  80  292
  77  295
  77  297
  76  298
  76  307
  78  309
  90  309
  91  310
  91  324
  90  325
  87  325
  84  328
  84  329
  83  330
  83  332
  82  333
  82  337
  81  338
  81  342
  80  343
  80  348
  79  349
  79  356
  78  357
  75  357
  74  358
  74  364
  76  366
  76  368
  77  369
  77  372
  79  374
  79  375
  80  376
  80  379
  81  380
  81  381
  83  383
  83  386
  84  387
  84  388
  86  390
  86  392
  87  393
  87  395
  88  396
  88  398
  89  399
  89  401
  90  402
  90  406
  91  407
  91  408
  92  409
  92  410
  93  411
  93  413
  94  414
  94  415
  95  416
  95  417
  96  418
  96  422
  97  423
  97  427
  98  428
  98  430
  99  431
  99  434
 100  435
 100  441
 101  442
 101  445
 102  446
 102  450
 103  451
 103  457
 104  458
 104  463
 105  464
 105  467
 106  468
 106  484
 107  485
 107  495
 108  496
 108  498
 109  499
 109  503
 110  504
 110  514
 111  515
 111  518
 112  519
 112  520
 113  521
 113  524
 114  525
 114  526
 117  529
 117  530
 118  531
 119  531
 121  533
 123  533
 124  534
 131  534
 132  535
 136  535
 137  536
 137  537
 138  538
 138  542
 139  543
 139  546
 140  547
 140  550
 141  551
 141  552
 143  554
 143  555
 144  556
 144  557
 148  561
 148  562
 151  565
 151  566
 152  566
 156  570
 157  570
 159  572
 160  572
 161  573
 162  573
 163  574
 164  574
 165  575
 169  575
 170  574
 171  574
 172  573
 173  573
 175  571
 193  571
 196  574
 198  574
 199  575
 202  575
 203  574
 205  574
 208  571
 208  570
 211  567
 212  567
 213  566
 232  566
 238  572
 239  572
 242  569
 242  568
 243  567
 243  541
 245  539
 246  539
 247  538
 248  538
 251  535
 259  535
 260  534
 262  534
 264  532
 265  532
 265  531
 266  530
 266  529
 267  528
 267  527
 268  526
 268  525
 269  524
 269  521
 270  520
 270  503
 276  497
 277  497
 278  496
 279  496
 280  495
 287  495
 288  494
 289  494
 290  493
 291  493
 294  490
 294  489
 296  487
 296  484
 297  483
 297  476
 296  475
 296  474
 295  473
 295  472
 294  471
 294  455
 295  454
 295  453
 296  452
 296  450
 298  448
 304  448
 305  447
 306  447
 310  443
 310  435
 309  434
 309  432
 308  431
 308  430
 307  429
 307  428
 306  427
 306  425
 304  423
 303  423
 300  420
 299  420
 296  417
 296  416
 294  414
 294  396
 286  388
 286  387
 285  386
 284  386
 283  385
 283  384
 269  370
 268  370
 265  367
 265  353
 266  352
 276  352
 277  351
 277  344
 278  343
 285  343
 286  342
 295  342
 296  341
 297  341
 299  339
 300  339
 305  334
 306  334
 307  333
 308  333
 311  330
 312  330
 314  328
 314  327
 315  326
 316  326
 318  324
 319  324
 320  323
 321  323
 324  320
 324  319
 325  318
 325  312
 326  311
 326  310
 329  307
 329  303
 333  299
 334  299
 335  298
 336  298
 338  296
 339  296
 339  295
 343  291
 343  289
 344  288
 344  286
 345  285
 345  270
 349  266
 350  266
 351  265
 352  265
 353  264
 353  263
 356  260
 356  258
 357  257
 357  252
 356  251
 356  237
 359  234
 360  234
 362  232
 363  232
 365  230
 365  229
 366  228
 366  227
 367  226
 367  224
 368  223
 368  222
 369  221
 369  218
 370  217
 370  210
 374  206
 375  206
 376  205
 377  205
 379  203
 380  203
 383  200
 383  199
 385  197
 385  196
 386  195
 386  193
 387  192
 387  190
 391  186
 392  186
 393  185
 394  185
 399  180
 399  179
 400  178
 400  176
 401  175
 401  173
 402  172
 402  167
 403  166
 403  164
 404  163
 404  162
 405  161
 405  160
 406  159
 406  154
 405  153
 405  142
 404  141
 404  140
 403  139
 403  138
 400  135
 399  135
 396  132
 395  132
 393  130
 392  130
 390  128
 389  128
 388  127
 387  127
 386  126
 385  126
 384  125
 383  125
 382  124
 381  124
 380  123
 379  123
 378  122
 377  122
 376  121
 374  121
 373  120
 372  120
 371  119
 369  119
 368  118
 366  118
 365  117
 362  117
 361  116
 359  116
 358  115
 353  115
 352  114
 347  114
 346  113
 339  113
 338  112
