 355   66
 354   67
 347   67
 346   68
 340   68
 339   69
 334   69
 333   70
 330   70
 329   71
 324   71
 323   72
 320   72
 319   73
 316   73
 315   74
 313   74
 312   75
 309   75
 308   76
 306   76
 305   77
 303   77
 302   78
 300   78
 299   79
 298   79
 297   80
 295   80
 294   81
 292   81
 291   82
 289   82
 288   83
 287   83
 286   84
 284   84
 283   85
 282   85
 281   86
 279   86
 278   87
 277   87
 276   88
 274   88
 273   89
 272   89
 271   90
 270   90
 269   91
 267   91
 266   92
 265   92
 264   93
 263   93
 262   94
 261   94
 260   95
 259   95
 258   96
 257   96
 256   97
 255   97
 254   98
 253   98
 252   99
 251   99
 250  100
 249  100
 248  101
 247  101
 246  102
 245  102
 244  103
 243  103
 242  104
 241  104
 240  105
 239  105
 238  106
 237  106
 236  107
 235  107
 233  109
 232  109
 231  110
 230  110
 229  111
 228  111
 226  113
 225  113
 224  114
 223  114
 222  115
 221  115
 219  117
 218  117
 217  118
 216  118
 214  120
 213  120
 211  122
 210  122
 209  123
 208  123
 206  125
 205  125
 203  127
 202  127
 200  129
 199  129
 196  132
 195  132
 192  135
 191  135
 188  138
 187  138
 184  141
 183  141
 180  144
 179  144
 175  148
 174  148
 170  152
 169  152
 165  156
 164  156
 160  160
 159  160
 153  166
 152  166
 140  178
 139  178
 132  185
 131  185
 122  194
 122  195
 105  212
 105  213
 102  216
 102  217
  99  220
  99  221
  96  224
  96  225
  92  229
  92  230
  89  233
  89  234
  87  236
  87  237
  84  240
  84  241
  81  244
  81  245
  80  246
  80  247
  77  250
  77  251
  74  254
  74  255
  72  257
  72  258
  70  260
  70  261
  68  263
  68  264
  66  266
  66  267
  65  268
  65  269
  64  270
  64  271
  62  273
  62  274
  61  275
  61  276
  58  279
  58  280
  56  282
  55  282
  55  283
  54  284
  54  286
  53  287
  53  288
  52  289
  52  290
  51  291
  51  296
  52  297
  55  297
  56  298
  56  300
  57  301
  57  302
  58  303
  64  303
  65  304
  65  318
  63  320
  62  320
  59  323
  59  324
  56  327
  56  329
  54  331
  54  333
  53  334
  53  336
  52  337
  52  346
  51  347
  51  351
  50  352
  50  371
  51  372
  51  376
  54  379
  54  380
  57  383
  57  384
  59  386
  59  387
  61  389
  61  391
  64  394
  64  395
  65  396
  65  397
  68  400
  68  402
  70  404
  70  407
  71  408
  71  413
  72  414
  72  415
  73  416
  73  417
  74  418
  74  421
  75  422
  75  423
  76  424
  76  425
  77  426
  77  428
  78  429
  78  430
  79  431
  79  432
  81  434
  81  436
  82  437
  82  438
  83  439
  83  440
  84  441
  84  443
  85  444
  85  446
  86  447
  86  448
  87  449
  87  451
  88  452
  88  455
  90  457
  90  459
  91  460
  91  462
  92  463
  92  464
  93  465
  93  466
  94  467
  94  470
  95  471
  95  472
  97  474
  97  475
  98  476
  98  478
 101  481
 101  518
 102  519
 102  521
 103  522
 103  523
 104  524
 104  527
 105  528
 105  531
 106  532
 106  533
 107  534
 107  542
 108  543
 108  549
 109  550
 109  552
 110  553
 110  556
 111  557
 111  562
 113  564
 113  565
 115  567
 115  568
 116  568
 118  570
 119  570
 120  571
 121  571
 122  572
 123  572
 124  573
 126  573
 127  574
 128  574
 129  575
 130  575
 132  577
 133  577
 138  582
 138  583
 139  584
 139  585
 140  586
 140  588
 141  589
 141  595
 142  596
 142  597
 144  599
 144  601
 145  602
 145  603
 148  606
 148  607
 149  608
 149  609
 152  612
 152  613
 153  613
 155  615
 155  616
 156  617
 157  617
 159  619
 160  619
 161  620
 162  620
 163  621
 164  621
 165  622
 172  622
 173  621
 176  621
 177  620
 181  620
 182  619
 185  619
 186  618
 207  618
 208  619
 211  619
 212  618
 214  618
 215  617
 216  617
 220  613
 220  612
 221  611
 221  610
 227  604
 228  604
 231  601
 232  601
 234  599
 235  599
 236  598
 252  598
 253  599
 254  599
 255  600
 256  600
 258  602
 259  602
 260  603
 263  600
 263  596
 262  595
 262  594
 261  593
 261  590
 260  589
 260  587
 259  586
 259  585
 258  584
 258  581
 257  580
 257  560
 266  551
 267  551
 268  550
 269  550
 270  549
 272  549
 273  548
 276  548
 284  540
 284  538
 285  537
 285  536
 286  535
 285  534
 285  531
 284  530
 284  523
 283  522
 283  521
 281  519
 281  501
 283  499
 283  498
 284  497
 284  495
 289  490
 290  490
 291  489
 292  489
 293  488
 295  488
 298  485
 299  485
 300  484
 300  483
 303  480
 303  479
 304  478
 304  474
 303  473
 303  472
 301  470
 301  468
 298  465
 298  464
 296  462
 295  462
 294  461
 294  460
 292  458
 292  457
 291  456
 291  436
 292  435
 292  434
 296  430
 297  430
 300  427
 300  426
 301  425
 300  424
 300  422
 298  420
 298  418
 297  417
 297  416
 296  415
 296  414
 294  412
 294  411
 291  408
 291  407
 285  401
 284  401
 283  400
 282  400
 281  399
 280  399
 279  398
 278  398
 272  392
 272  391
 270  389
 270  388
 269  387
 269  386
 268  385
 268  380
 267  379
 267  377
 259  369
 258  369
 252  363
 252  349
 253  348
 256  348
 257  347
 260  347
 261  346
 265  346
 266  345
 268  345
 268  341
 269  340
 273  340
 275  338
 276  338
 277  337
 278  337
 279  336
 280  336
 281  335
 284  335
 285  334
 286  334
 287  333
 288  333
 298  323
 298  322
 301  319
 301  318
 304  315
 304  314
 306  312
 306  310
 307  309
 307  308
 312  303
 315  303
 318  300
 318  299
 320  297
 320  296
 321  295
 321  294
 322  293
 322  292
 324  290
 324  289
 325  288
 325  287
 327  285
 327  284
 328  283
 328  281
 331  278
 331  277
 334  274
 334  273
 337  270
 337  269
 338  268
 338  267
 340  265
 340  264
 341  263
 341  262
 343  260
 343  259
 344  258
 344  253
 345  252
 345  249
 346  248
 346  247
 347  246
 347  244
 348  243
 348  241
 350  239
 350  238
 351  237
 351  236
 354  233
 354  231
 356  229
 356  228
 357  227
 357  225
 358  224
 358  223
 359  222
 359  221
 360  220
 360  219
 361  218
 361  216
 363  214
 363  213
 364  212
 364  211
 365  210
 365  209
 372  202
 372  201
 374  199
 374  198
 377  195
 377  194
 378  193
 378  191
 381  188
 381  187
 382  186
 382  185
 384  183
 384  181
 385  180
 385  179
 386  178
 386  177
 387  176
 387  175
 397  165
 397  164
 400  161
 400  160
 401  159
 401  158
 402  157
 402  156
 403  155
 403  154
 404  153
 404  152
 407  149
 407  148
 408  147
 408  146
 409  145
 409  144
 411  142
 411  141
 415  137
 415  136
 418  133
 418  132
 420  130
 420  129
 422  127
 422  126
 424  124
 424  122
 425  121
 425  119
 426  118
 426  116
 427  115
 427  114
 428  113
 428  110
 429  109
 429  106
 430  105
 430   99
 429   98
 429   95
 428   94
 428   91
 427   90
 427   89
 426   88
 426   87
 421   82
 420   82
 418   80
 417   80
 414   77
 413   77
 411   75
 410   75
 409   74
 408   74
 407   73
 406   73
 404   71
 402   71
 401   70
 400   70
 399   69
 396   69
 395   68
 393   68
 392   67
 388   67
 387   66
