 343  111
 342  112
 333  112
 332  113
 324  113
 323  114
 319  114
 318  115
 311  115
 310  116
 307  116
 306  117
 299  117
 298  118
 296  118
 295  119
 290  119
 289  120
 286  120
 285  121
 282  121
 281  122
 278  122
 277  123
 274  123
 273  124
 271  124
 270  125
 268  125
 267  126
 264  126
 263  127
 261  127
 260  128
 257  128
 256  129
 254  129
 253  130
 251  130
 250  131
 247  131
 246  132
 245  132
 244  133
 241  133
 240  134
 238  134
 237  135
 235  135
 234  136
 232  136
 231  137
 230  137
 229  138
 227  138
 226  139
 224  139
 223  140
 221  140
 220  141
 219  141
 218  142
 216  142
 215  143
 214  143
 213  144
 211  144
 210  145
 209  145
 208  146
 206  146
 205  147
 204  147
 203  148
 202  148
 201  149
 200  149
 199  150
 198  150
 197  151
 195  151
 194  152
 193  152
 192  153
 190  153
 188  155
 186  155
 185  156
 184  156
 183  157
 182  157
 181  158
 179  158
 177  160
 175  160
 174  161
 173  161
 172  162
 171  162
 170  163
 169  163
 168  164
 167  164
 166  165
 165  165
 164  166
 163  166
 162  167
 161  167
 160  168
 159  168
 158  169
 157  169
 156  170
 155  170
 154  171
 153  171
 151  173
 150  173
 149  174
 148  174
 146  176
 145  176
 143  178
 142  178
 140  180
 139  180
 137  182
 136  182
 135  183
 134  183
 133  184
 132  184
 130  186
 129  186
 127  188
 126  188
 124  190
 123  190
 121  192
 120  192
 117  195
 116  195
 113  198
 112  198
 109  201
 108  201
 103  206
 102  206
  93  215
  92  215
  72  235
  72  236
  66  242
  66  243
  61  248
  61  249
  58  252
  58  253
  55  256
  55  257
  52  260
  52  261
  47  266
  47  268
  46  269
  46  272
  47  273
  47  274
  48  275
  58  275
  60  277
  60  292
  58  294
  58  295
  57  296
  57  297
  56  298
  56  306
  55  307
  55  318
  54  319
  54  339
  55  340
  55  366
  57  368
  57  370
  58  371
  58  378
  59  379
  59  381
  60  382
  60  384
  61  385
  61  389
  62  390
  62  391
  63  392
  63  395
  64  396
  64  404
  65  405
  65  408
  66  409
  66  410
  67  411
  67  416
  68  417
  68  425
  69  426
  69  428
  70  429
  70  434
  71  435
  71  491
  72  492
  72  497
  73  498
  73  502
  74  503
  74  509
  75  510
  75  512
  77  514
  77  515
  78  516
  78  518
  82  522
  83  522
  84  523
  86  523
  87  524
  92  524
  97  529
  97  530
  98  531
  98  535
  99  536
  99  538
 100  539
 100  542
 101  543
 101  547
 102  548
 102  550
 103  551
 103  552
 104  553
 104  556
 105  557
 105  559
 106  560
 106  561
 107  562
 107  563
 108  564
 108  566
 110  568
 110  569
 116  575
 116  564
 117  563
 117  562
 120  559
 135  559
 138  562
 138  563
 142  567
 142  568
 146  572
 148  572
 149  573
 154  573
 155  574
 157  574
 158  575
 160  575
 161  576
 162  575
 163  575
 165  573
 166  573
 174  565
 175  565
 176  564
 177  564
 179  562
 180  562
 181  561
 199  561
 200  562
 201  562
 202  563
 204  563
 204  562
 206  560
 206  554
 207  553
 207  539
 208  538
 208  537
 212  533
 213  533
 215  531
 216  531
 217  530
 219  530
 220  529
 221  529
 222  528
 223  528
 224  527
 225  527
 226  526
 228  526
 234  520
 234  518
 235  517
 235  511
 234  510
 234  504
 233  503
 233  501
 232  500
 232  497
 231  496
 231  481
 232  480
 232  478
 233  477
 233  476
 234  475
 234  474
 240  468
 242  468
 243  467
 244  467
 245  466
 246  466
 248  464
 249  464
 250  463
 250  462
 251  461
 251  460
 252  459
 252  458
 253  457
 253  455
 252  454
 252  452
 251  451
 251  447
 250  446
 250  445
 248  443
 248  441
 247  440
 247  438
 246  437
 246  436
 245  435
 245  416
 251  410
 251  409
 253  407
 253  406
 254  405
 253  404
 253  401
 252  400
 252  399
 251  398
 251  395
 250  394
 250  393
 248  391
 248  390
 247  389
 247  388
 245  386
 245  385
 244  384
 244  383
 243  382
 242  382
 241  381
 241  380
 233  372
 233  361
 232  360
 227  360
 221  354
 221  340
 222  339
 233  339
 234  338
 240  338
 241  337
 244  337
 245  336
 246  336
 247  335
 248  335
 249  334
 250  334
 253  331
 254  331
 255  330
 256  330
 257  329
 258  329
 267  320
 268  320
 269  319
 271  319
 272  318
 273  318
 281  310
 282  310
 283  309
 284  309
 288  305
 288  304
 290  302
 290  301
 291  300
 291  297
 295  293
 296  293
 297  292
 298  292
 299  291
 300  291
 302  289
 303  289
 303  288
 304  287
 304  286
 305  285
 305  282
 306  281
 306  279
 309  276
 310  276
 311  275
 312  275
 320  267
 321  267
 331  257
 331  256
 334  253
 334  252
 335  251
 335  250
 337  248
 337  247
 338  246
 338  245
 348  235
 349  235
 359  225
 360  225
 360  224
 367  217
 368  217
 370  215
 371  215
 372  214
 373  214
 375  212
 376  212
 378  210
 379  210
 380  209
 381  209
 384  206
 385  206
 390  201
 391  201
 397  195
 397  194
 398  193
 398  191
 401  188
 402  188
 403  187
 404  187
 405  186
 406  186
 407  185
 408  185
 410  183
 411  183
 417  177
 417  176
 420  173
 420  172
 421  171
 421  170
 422  169
 422  168
 423  167
 423  166
 426  163
 426  162
 428  160
 428  159
 429  158
 429  157
 430  156
 430  155
 431  154
 431  152
 432  151
 432  148
 433  147
 433  145
 434  144
 434  143
 433  142
 433  141
 432  140
 432  139
 430  137
 430  136
 429  135
 429  134
 424  129
 423  129
 421  127
 420  127
 419  126
 418  126
 416  124
 415  124
 414  123
 412  123
 411  122
 410  122
 409  121
 408  121
 407  120
 405  120
 404  119
 402  119
 401  118
 399  118
 398  117
 395  117
 394  116
 392  116
 391  115
 387  115
 386  114
 383  114
 382  113
 374  113
 373  112
 365  112
 364  111
