 329  116
 328  117
 328  120
 327  121
 327  122
 326  123
 316  123
 315  124
 309  124
 308  125
 306  125
 305  126
 302  126
 301  127
 299  127
 298  128
 297  128
 296  129
 294  129
 293  130
 292  130
 291  131
 290  131
 289  132
 288  132
 287  133
 285  133
 283  135
 282  135
 281  136
 280  136
 279  137
 278  137
 277  138
 276  138
 274  140
 273  140
 270  143
 269  143
 265  147
 265  148
 264  149
 263  149
 262  150
 261  150
 259  152
 258  152
 256  154
 255  154
 252  157
 251  157
 234  174
 234  175
 233  176
 233  180
 232  181
 218  181
 217  180
 216  180
 214  178
 214  166
 211  169
 210  169
 177  202
 177  203
 172  208
 172  209
 170  211
 170  212
 167  215
 167  216
 165  218
 165  219
 163  221
 163  222
 160  225
 160  226
 158  228
 158  229
 157  230
 157  231
 155  233
 155  234
 153  236
 153  237
 151  239
 151  240
 149  242
 149  243
 147  245
 147  246
 146  247
 146  248
 144  250
 144  251
 143  252
 143  253
 141  255
 141  256
 140  257
 140  259
 137  262
 137  263
 136  264
 136  265
 135  266
 135  267
 134  268
 134  269
 133  270
 133  271
 132  272
 132  273
 130  275
 130  278
 129  279
 129  280
 128  281
 128  282
 127  283
 127  285
 126  286
 126  288
 125  289
 125  290
 124  291
 124  292
 123  293
 123  294
 121  296
 121  297
 120  298
 120  300
 119  301
 119  303
 118  304
 118  310
 117  311
 117  339
 118  340
 135  340
 136  341
 136  355
 135  356
 128  356
 127  357
 127  396
 130  399
 130  400
 132  402
 132  403
 133  404
 133  405
 134  406
 134  407
 135  408
 135  409
 136  410
 136  411
 137  412
 137  413
 139  415
 139  416
 140  417
 140  419
 141  420
 141  421
 143  423
 143  425
 144  426
 144  429
 145  430
 145  432
 146  433
 146  439
 147  440
 147  448
 148  449
 148  452
 149  453
 149  454
 150  455
 150  461
 151  462
 151  465
 152  466
 152  468
 153  469
 153  475
 154  476
 154  483
 155  484
 155  488
 156  489
 156  493
 157  494
 157  501
 158  502
 158  504
 159  505
 159  508
 160  509
 160  515
 161  516
 161  519
 163  521
 163  523
 164  524
 164  526
 165  527
 165  528
 167  530
 167  531
 168  532
 168  533
 174  539
 175  539
 177  541
 178  541
 179  542
 183  542
 184  543
 185  543
 187  545
 187  548
 188  549
 188  550
 189  551
 189  552
 190  553
 190  554
 191  555
 191  556
 193  558
 193  559
 194  560
 194  561
 197  564
 197  565
 201  569
 202  569
 204  571
 205  571
 206  572
 212  572
 213  571
 214  571
 215  570
 216  570
 217  569
 218  569
 219  568
 234  568
 235  569
 236  569
 237  570
 238  570
 239  571
 241  571
 242  570
 243  570
 244  569
 245  569
 246  568
 246  567
 247  566
 247  565
 252  560
 270  560
 271  559
 272  559
 276  555
 276  554
 277  553
 277  539
 278  538
 278  537
 282  533
 284  533
 285  532
 289  532
 290  531
 292  531
 294  529
 295  529
 296  528
 296  527
 298  525
 298  524
 299  523
 299  521
 300  520
 300  517
 299  516
 299  500
 300  499
 300  497
 305  492
 306  492
 307  491
 308  491
 309  490
 311  490
 312  489
 313  489
 317  485
 317  484
 319  482
 319  481
 320  480
 320  474
 319  473
 319  472
 317  470
 317  469
 316  468
 316  467
 314  465
 314  463
 313  462
 313  446
 314  445
 314  443
 318  439
 319  439
 319  438
 320  437
 320  431
 319  430
 319  428
 317  426
 317  424
 316  423
 316  422
 314  420
 314  419
 307  412
 307  411
 306  410
 306  408
 305  407
 305  403
 304  402
 304  399
 303  398
 303  396
 301  394
 301  393
 294  386
 293  386
 290  383
 289  383
 287  381
 286  381
 284  379
 283  379
 281  377
 280  377
 278  375
 277  375
 275  373
 274  373
 272  371
 271  371
 270  370
 269  370
 267  368
 266  368
 265  367
 264  367
 263  366
 262  366
 261  365
 260  365
 259  364
 258  364
 257  363
 256  363
 255  362
 254  362
 253  361
 252  361
 251  360
 250  360
 249  359
 248  359
 247  358
 246  358
 245  357
 243  357
 242  356
 242  342
 243  341
 287  341
 288  340
 291  340
 292  339
 293  339
 295  337
 296  337
 300  333
 300  331
 301  330
 301  329
 304  326
 305  326
 307  324
 308  324
 310  322
 310  320
 311  319
 311  316
 313  314
 314  314
 315  313
 316  313
 317  312
 318  312
 322  308
 322  307
 323  306
 323  305
 324  304
 324  303
 326  301
 326  298
 327  297
 327  286
 328  285
 329  285
 330  284
 331  284
 334  281
 334  280
 336  278
 336  277
 337  276
 337  273
 338  272
 338  271
 339  270
 338  269
 338  252
 340  250
 341  250
 343  248
 343  247
 344  246
 344  245
 345  244
 345  243
 346  242
 346  239
 347  238
 347  237
 346  236
 346  222
 349  219
 349  218
 350  217
 350  215
 351  214
 351  212
 352  211
 352  207
 353  206
 353  194
 356  191
 356  190
 358  188
 358  187
 359  186
 359  184
 360  183
 360  169
 361  168
 361  167
 363  165
 363  163
 364  162
 364  154
 363  153
 363  148
 362  147
 362  144
 361  143
 361  142
 360  141
 360  138
 358  136
 358  135
 356  133
 356  132
 353  129
 353  128
 349  124
 348  124
 346  122
 345  122
 344  121
 343  121
 342  120
 341  120
 340  119
 338  119
 337  118
 335  118
 334  117
 330  117
