 296  211
 295  212
 292  212
 291  213
 288  213
 287  214
 285  214
 284  215
 281  215
 280  216
 279  216
 278  217
 276  217
 275  218
 274  218
 273  219
 272  219
 271  220
 270  220
 269  221
 268  221
 267  222
 266  222
 265  223
 264  223
 263  224
 262  224
 261  225
 260  225
 259  226
 258  226
 256  228
 255  228
 254  229
 253  229
 251  231
 250  231
 249  232
 248  232
 246  234
 245  234
 243  236
 242  236
 240  238
 239  238
 238  239
 237  239
 234  242
 233  242
 230  245
 229  245
 226  248
 225  248
 221  252
 220  252
 213  259
 212  259
 210  261
 210  262
 199  273
 199  274
 193  280
 193  281
 189  285
 189  286
 185  290
 185  291
 182  294
 182  295
 179  298
 179  299
 176  302
 176  303
 174  305
 174  306
 173  307
 173  308
 171  310
 171  311
 170  312
 170  313
 169  314
 169  315
 168  316
 168  317
 167  318
 167  322
 165  324
 165  325
 161  329
 160  329
 159  330
 158  330
 158  331
 157  332
 157  337
 158  338
 164  338
 167  341
 168  341
 170  343
 170  357
 169  358
 168  358
 167  359
 166  359
 165  360
 165  361
 163  363
 163  365
 162  366
 162  371
 163  372
 163  373
 164  374
 164  377
 168  381
 168  382
 171  385
 171  386
 172  387
 172  388
 174  390
 174  391
 175  392
 175  393
 176  394
 176  395
 178  397
 178  398
 179  399
 179  400
 181  402
 181  403
 182  404
 182  405
 184  407
 184  408
 185  409
 185  410
 186  411
 186  412
 188  414
 188  415
 189  416
 189  417
 190  418
 190  419
 191  420
 191  421
 193  423
 193  424
 194  425
 194  426
 195  427
 195  428
 198  431
 198  432
 199  433
 199  434
 200  435
 200  436
 201  437
 201  438
 202  439
 202  440
 203  441
 203  442
 204  443
 204  444
 205  445
 205  446
 206  447
 206  448
 207  449
 207  450
 208  451
 208  452
 209  453
 209  454
 211  456
 212  456
 213  457
 214  457
 215  458
 217  458
 218  459
 221  459
 222  460
 222  467
 223  468
 223  469
 224  470
 224  471
 229  476
 230  476
 231  475
 231  471
 232  470
 246  470
 249  473
 250  472
 251  472
 253  470
 253  465
 254  464
 254  460
 255  459
 269  459
 270  458
 271  458
 271  456
 270  455
 270  438
 271  437
 275  437
 276  436
 277  436
 279  434
 279  416
 280  415
 282  415
 283  414
 284  414
 286  412
 286  411
 287  410
 285  408
 285  394
 289  390
 286  387
 284  387
 283  386
 282  386
 281  385
 281  375
 280  374
 280  373
 279  372
 279  371
 276  368
 276  367
 271  362
 270  362
 267  359
 266  359
 265  358
 265  344
 266  343
 274  343
 275  342
 279  342
 280  341
 281  341
 282  340
 283  340
 284  339
 285  339
 286  338
 294  338
 295  337
 296  337
 298  335
 299  335
 305  329
 305  328
 306  327
 306  322
 307  321
 307  320
 308  319
 309  319
 309  318
 310  317
 310  316
 311  315
 311  314
 312  313
 312  310
 313  309
 313  305
 317  301
 317  299
 318  298
 318  284
 319  283
 319  268
 320  267
 320  252
 321  251
 321  248
 322  247
 322  238
 323  237
 323  235
 324  234
 324  227
 323  226
 323  225
 322  224
 322  223
 321  222
 321  220
 320  219
 320  216
 318  214
 317  214
 316  213
 315  213
 314  212
 312  212
 311  211
