 328  127
 327  128
 323  128
 322  129
 316  129
 315  130
 313  130
 312  131
 309  131
 308  132
 306  132
 305  133
 303  133
 302  134
 299  134
 298  135
 297  135
 296  136
 293  136
 292  137
 291  137
 290  138
 288  138
 287  139
 286  139
 285  140
 283  140
 282  141
 281  141
 280  142
 279  142
 278  143
 277  143
 276  144
 275  144
 274  145
 272  145
 271  146
 270  146
 269  147
 268  147
 267  148
 266  148
 265  149
 264  149
 263  150
 262  150
 261  151
 260  151
 259  152
 258  152
 257  153
 256  153
 254  155
 253  155
 252  156
 251  156
 249  158
 247  158
 245  160
 244  160
 243  161
 242  161
 241  162
 240  162
 238  164
 237  164
 236  165
 235  165
 232  168
 231  168
 228  171
 227  171
 224  174
 223  174
 220  177
 219  177
 216  180
 215  180
 209  186
 208  186
 202  192
 201  192
 175  218
 174  218
 169  223
 169  224
 168  225
 167  225
 163  229
 163  230
 161  232
 160  232
 160  233
 143  250
 143  251
 137  257
 137  258
 133  262
 133  263
 129  267
 129  268
 126  271
 126  272
 123  275
 123  276
 120  279
 120  280
 119  281
 119  282
 115  286
 111  286
 109  288
 109  307
 110  308
 117  308
 118  309
 118  323
 117  324
 116  324
 115  325
 114  325
 111  328
 111  330
 110  331
 110  333
 109  334
 109  338
 108  339
 108  348
 107  349
 102  349
 102  350
 101  351
 101  366
 102  367
 102  368
 103  369
 104  369
 105  370
 105  371
 106  372
 106  376
 107  377
 107  379
 108  380
 108  381
 109  382
 109  385
 110  386
 110  388
 111  389
 111  390
 112  391
 112  394
 113  395
 113  398
 114  399
 114  400
 115  401
 115  402
 116  403
 116  406
 117  407
 117  409
 119  411
 119  413
 120  414
 120  416
 122  418
 122  420
 123  421
 123  422
 124  423
 124  424
 125  425
 125  426
 126  427
 126  429
 127  430
 127  432
 128  433
 128  434
 129  435
 129  452
 130  453
 130  460
 131  461
 131  463
 132  464
 132  468
 133  469
 133  479
 134  480
 134  487
 135  488
 135  492
 136  493
 136  498
 137  499
 137  501
 138  502
 138  504
 139  505
 139  507
 140  508
 140  509
 142  511
 143  511
 144  512
 145  512
 146  513
 147  513
 148  514
 149  514
 150  515
 152  515
 153  516
 155  516
 156  517
 156  534
 157  535
 157  537
 158  538
 158  539
 159  540
 159  542
 160  543
 160  544
 161  545
 161  546
 163  548
 163  549
 165  551
 165  552
 166  553
 167  553
 169  555
 170  555
 172  557
 173  557
 174  558
 175  558
 176  557
 176  556
 177  555
 177  553
 178  552
 178  547
 180  545
 195  545
 196  546
 196  551
 197  552
 197  554
 199  556
 199  557
 201  559
 202  559
 203  560
 204  560
 207  557
 207  556
 209  554
 209  551
 210  550
 210  547
 211  546
 211  543
 213  541
 229  541
 230  542
 230  544
 236  550
 237  550
 240  553
 241  553
 242  552
 242  550
 243  549
 243  535
 242  534
 242  531
 241  530
 241  513
 242  512
 242  511
 243  510
 243  509
 245  507
 261  507
 263  505
 264  505
 264  504
 266  502
 266  496
 267  495
 267  491
 266  490
 266  473
 267  472
 267  471
 269  469
 272  469
 273  468
 282  468
 283  467
 284  467
 285  466
 286  466
 287  465
 288  465
 288  464
 290  462
 290  461
 291  460
 291  459
 292  458
 292  457
 291  456
 291  454
 290  453
 290  452
 286  448
 285  448
 284  447
 284  446
 283  445
 283  430
 285  428
 287  428
 288  427
 291  427
 294  424
 294  423
 295  422
 295  417
 294  416
 294  415
 293  414
 293  412
 292  411
 292  409
 291  408
 291  407
 289  405
 289  404
 287  402
 285  402
 284  401
 282  401
 281  400
 279  400
 277  398
 277  397
 275  395
 275  382
 273  380
 273  379
 272  378
 272  377
 270  375
 270  374
 269  373
 269  372
 258  361
 257  361
 254  358
 253  358
 250  355
 249  355
 248  354
 248  340
 249  339
 264  339
 265  340
 271  340
 272  341
 276  341
 277  340
 279  340
 280  339
 282  339
 283  338
 286  338
 287  337
 289  337
 290  336
 294  336
 295  335
 297  335
 298  334
 299  334
 300  333
 301  333
 303  331
 303  330
 304  329
 304  326
 306  324
 307  324
 308  323
 310  323
 311  322
 312  322
 316  318
 317  318
 319  316
 319  315
 321  313
 321  309
 322  308
 323  308
 324  307
 324  305
 325  304
 325  296
 329  292
 330  292
 334  288
 334  287
 336  285
 336  281
 337  280
 337  278
 335  276
 335  261
 338  258
 340  258
 342  256
 342  255
 343  254
 343  253
 344  252
 344  251
 345  250
 345  248
 346  247
 346  231
 347  230
 348  230
 349  229
 350  229
 353  226
 353  225
 354  224
 354  223
 355  222
 355  221
 356  220
 356  217
 357  216
 357  210
 358  209
 358  208
 359  207
 360  207
 365  202
 365  201
 366  200
 366  199
 367  198
 367  196
 368  195
 368  193
 369  192
 369  185
 376  178
 376  175
 377  174
 377  161
 379  159
 379  154
 377  152
 377  151
 376  150
 376  142
 374  140
 374  139
 370  135
 369  135
 367  133
 366  133
 365  132
 364  132
 363  131
 361  131
 360  130
 359  130
 358  129
 354  129
 353  128
 350  128
 349  127
