 339  123
 338  124
 328  124
 327  125
 324  125
 323  126
 319  126
 318  127
 317  127
 316  128
 313  128
 312  129
 310  129
 309  130
 307  130
 306  131
 304  131
 303  132
 301  132
 300  133
 299  133
 298  134
 296  134
 295  135
 293  135
 292  136
 291  136
 290  137
 288  137
 287  138
 286  138
 285  139
 284  139
 283  140
 282  140
 281  141
 280  141
 279  142
 278  142
 277  143
 276  143
 275  144
 274  144
 273  145
 272  145
 270  147
 269  147
 268  148
 267  148
 266  149
 265  149
 263  151
 262  151
 261  152
 260  152
 259  153
 258  153
 256  155
 255  155
 254  156
 253  156
 251  158
 250  158
 249  159
 248  159
 246  161
 245  161
 244  162
 243  162
 241  164
 240  164
 238  166
 237  166
 235  168
 234  168
 230  172
 229  172
 223  178
 222  178
 216  184
 215  184
 207  192
 206  192
 196  202
 195  202
 182  215
 181  215
 180  216
 179  216
 179  217
 178  218
 178  219
 168  229
 168  230
 161  237
 161  238
 154  245
 154  246
 147  253
 147  254
 141  260
 141  261
 137  265
 137  266
 134  269
 134  270
 131  273
 131  274
 128  277
 128  278
 125  281
 125  282
 124  283
 124  284
 121  287
 121  288
 120  289
 120  290
 117  293
 117  294
 116  295
 116  296
 114  298
 114  299
 111  302
 109  302
 107  304
 107  334
 108  335
 111  335
 112  336
 112  350
 110  352
 110  353
 109  354
 109  355
 108  356
 104  356
 103  357
 103  364
 104  365
 104  370
 106  372
 106  373
 107  374
 107  376
 108  377
 108  378
 110  380
 110  381
 111  382
 111  383
 112  384
 112  385
 114  387
 114  390
 116  392
 116  393
 117  394
 117  397
 118  398
 118  400
 119  401
 119  402
 120  403
 120  408
 121  409
 121  412
 122  413
 122  414
 123  415
 123  417
 124  418
 124  421
 125  422
 125  424
 126  425
 126  426
 127  427
 127  433
 128  434
 128  436
 129  437
 129  438
 130  439
 130  442
 131  443
 131  446
 132  447
 132  449
 133  450
 133  453
 134  454
 134  462
 135  463
 135  465
 136  466
 136  468
 137  469
 137  475
 138  476
 138  482
 139  483
 139  487
 140  488
 140  493
 141  494
 141  497
 142  498
 142  500
 143  501
 143  503
 144  504
 144  506
 145  507
 145  508
 147  510
 147  511
 149  513
 150  513
 152  515
 156  515
 157  516
 163  516
 164  517
 164  530
 165  531
 165  533
 166  534
 166  535
 167  536
 167  539
 168  540
 168  541
 169  542
 169  543
 170  544
 170  545
 171  546
 171  548
 172  549
 172  550
 174  552
 174  553
 179  558
 180  558
 182  560
 186  556
 186  553
 187  552
 187  550
 188  549
 204  549
 207  552
 207  557
 208  558
 208  559
 211  562
 212  562
 213  563
 214  563
 216  561
 216  560
 217  559
 217  558
 218  557
 218  556
 219  555
 219  550
 220  549
 220  548
 222  546
 237  546
 243  552
 244  552
 249  557
 250  557
 252  559
 253  558
 253  551
 252  550
 252  547
 251  546
 251  541
 250  540
 250  536
 249  535
 249  517
 250  516
 250  515
 252  513
 253  513
 254  512
 269  512
 270  511
 271  511
 275  507
 275  506
 276  505
 276  501
 275  500
 275  497
 274  496
 274  477
 278  473
 279  473
 280  472
 288  472
 289  471
 291  471
 292  470
 294  470
 295  469
 296  469
 298  467
 298  466
 299  465
 299  463
 298  462
 298  460
 297  459
 297  457
 294  454
 294  453
 291  450
 291  435
 292  434
 292  433
 294  431
 295  431
 296  430
 298  430
 299  429
 300  429
 300  428
 301  427
 301  426
 302  425
 302  424
 301  423
 301  420
 300  419
 300  416
 298  414
 298  413
 297  412
 297  411
 294  408
 294  407
 293  406
 292  406
 291  405
 290  405
 289  404
 286  404
 285  403
 284  403
 281  400
 281  385
 280  384
 280  383
 266  369
 265  369
 262  366
 261  366
 258  363
 257  363
 255  361
 254  361
 252  359
 251  359
 249  357
 249  343
 250  342
 292  342
 293  341
 298  341
 299  340
 300  340
 301  339
 302  339
 303  338
 304  338
 308  334
 309  334
 310  333
 310  332
 311  331
 311  326
 314  323
 319  323
 320  322
 321  322
 327  316
 327  315
 329  313
 329  312
 330  311
 330  293
 332  291
 335  291
 336  290
 338  290
 340  288
 340  287
 341  286
 341  285
 342  284
 342  282
 343  281
 343  280
 342  279
 342  278
 338  274
 338  259
 339  258
 341  258
 343  256
 344  256
 344  255
 346  253
 346  252
 347  251
 347  246
 346  245
 346  229
 347  228
 348  228
 349  227
 350  227
 351  226
 351  225
 353  223
 353  222
 354  221
 354  215
 355  214
 355  205
 359  201
 359  200
 360  199
 360  198
 361  197
 361  196
 362  195
 362  193
 363  192
 363  189
 364  188
 364  183
 371  176
 371  175
 372  174
 372  172
 373  171
 373  169
 374  168
 374  159
 376  157
 376  156
 377  155
 377  151
 376  150
 376  149
 375  148
 375  141
 374  140
 374  137
 373  136
 373  135
 368  130
 367  130
 365  128
 363  128
 362  127
 361  127
 360  126
 357  126
 356  125
 354  125
 353  124
 343  124
 342  123
