 349   42
 348   43
 343   43
 342   44
 337   44
 336   45
 333   45
 332   46
 328   46
 327   47
 325   47
 324   48
 322   48
 321   49
 319   49
 318   50
 316   50
 315   51
 313   51
 312   52
 311   52
 310   53
 308   53
 307   54
 306   54
 305   55
 303   55
 302   56
 301   56
 300   57
 298   57
 297   58
 296   58
 295   59
 294   59
 293   60
 292   60
 291   61
 290   61
 289   62
 288   62
 287   63
 286   63
 285   64
 284   64
 283   65
 282   65
 281   66
 280   66
 278   68
 277   68
 276   69
 275   69
 273   71
 272   71
 271   72
 270   72
 268   74
 267   74
 265   76
 264   76
 262   78
 261   78
 259   80
 258   80
 256   82
 255   82
 252   85
 251   85
 248   88
 247   88
 245   90
 244   90
 241   93
 240   93
 236   97
 235   97
 231  101
 230  101
 225  106
 224  106
 220  110
 219  110
 214  115
 213  115
 208  120
 207  120
 185  142
 184  142
 161  165
 160  165
 157  168
 155  168
 154  169
 149  169
 148  170
 146  170
 143  173
 143  174
 142  175
 142  176
 140  178
 140  179
 139  180
 139  181
 138  182
 138  183
 136  185
 136  186
 134  188
 134  189
 133  190
 133  191
 130  194
 130  195
 129  196
 129  197
 126  200
 126  201
 124  203
 124  204
 122  206
 122  207
 120  209
 120  210
 117  213
 117  214
 114  217
 114  218
 112  220
 113  221
 113  235
 112  236
 112  238
 110  240
 110  242
 109  243
 109  244
 108  245
 108  246
 106  248
 106  250
 103  253
 103  255
 102  256
 102  257
 101  258
 101  259
 100  260
 100  262
  99  263
  99  264
  97  266
  97  267
  96  268
  96  271
  94  273
  94  274
  93  275
  93  278
  92  279
  92  282
  91  283
  91  284
  88  287
  88  323
  89  324
  93  324
  94  325
  94  372
  95  373
  95  374
  96  375
  96  377
  97  378
  97  379
  99  381
  99  382
 100  383
 100  384
 102  386
 102  387
 103  388
 103  390
 106  393
 106  395
 107  396
 107  397
 109  399
 109  401
 110  402
 110  404
 111  405
 111  407
 112  408
 112  409
 113  410
 113  412
 115  414
 115  415
 116  416
 116  417
 117  418
 117  419
 118  420
 118  421
 119  422
 119  424
 120  425
 120  427
 121  428
 121  429
 122  430
 122  432
 123  433
 123  436
 124  437
 124  438
 125  439
 125  442
 126  443
 126  446
 127  447
 127  450
 128  451
 128  454
 129  455
 129  461
 130  462
 130  467
 131  468
 131  473
 132  474
 132  481
 133  482
 133  489
 134  490
 134  494
 135  495
 135  500
 136  501
 136  505
 137  506
 137  508
 138  509
 138  510
 139  511
 139  513
 140  514
 140  516
 142  518
 142  519
 143  520
 143  522
 144  523
 144  524
 145  525
 145  526
 146  527
 146  529
 147  530
 147  531
 148  532
 148  533
 149  534
 149  536
 150  537
 150  538
 152  540
 152  541
 157  546
 158  546
 160  548
 163  548
 164  549
 167  549
 168  550
 171  550
 173  552
 173  553
 176  556
 176  557
 177  558
 177  559
 179  561
 179  563
 180  564
 180  565
 182  567
 182  568
 183  569
 183  570
 184  571
 184  572
 186  574
 186  575
 188  577
 188  578
 190  580
 190  581
 193  584
 193  585
 201  593
 202  593
 204  595
 205  595
 206  596
 207  596
 208  597
 214  597
 215  596
 216  596
 217  595
 218  595
 219  594
 236  594
 237  595
 239  595
 241  597
 243  597
 244  598
 246  598
 247  599
 251  599
 252  598
 254  598
 255  597
 256  597
 259  594
 260  594
 261  593
 278  593
 279  594
 280  594
 281  595
 282  595
 284  597
 285  597
 288  600
 288  601
 293  606
 293  607
 297  611
 297  612
 300  615
 300  616
 304  620
 304  621
 318  635
 318  636
 321  639
 322  639
 326  643
 327  643
 329  645
 330  645
 331  646
 335  646
 342  639
 342  637
 343  636
 343  627
 342  626
 342  624
 340  622
 340  621
 339  620
 339  619
 336  616
 336  615
 335  614
 335  613
 333  611
 333  610
 323  600
 323  599
 311  587
 311  586
 309  584
 309  583
 300  574
 300  573
 298  571
 298  570
 296  568
 296  566
 295  565
 295  564
 294  563
 294  562
 293  561
 293  558
 292  557
 292  541
 293  540
 293  539
 299  533
 300  533
 301  532
 302  532
 303  531
 304  531
 306  529
 307  529
 309  527
 309  526
 310  525
 310  524
 311  523
 311  522
 312  521
 312  514
 311  513
 311  512
 310  511
 310  509
 309  508
 309  507
 308  506
 308  505
 306  503
 306  502
 305  501
 305  500
 303  498
 303  478
 304  477
 304  476
 305  475
 305  474
 307  472
 308  472
 309  471
 310  471
 311  470
 312  470
 314  468
 315  468
 315  467
 317  465
 317  464
 318  463
 318  461
 319  460
 318  459
 318  458
 317  457
 317  456
 316  455
 316  454
 315  453
 315  452
 312  449
 312  448
 304  440
 304  422
 305  421
 305  420
 306  419
 306  418
 311  413
 311  410
 310  409
 310  407
 309  406
 309  405
 308  404
 308  403
 306  401
 306  400
 299  393
 299  392
 298  391
 297  391
 296  390
 295  390
 294  389
 292  389
 286  383
 286  382
 285  381
 285  379
 284  378
 284  376
 283  375
 283  374
 282  373
 282  372
 279  369
 279  368
 276  365
 275  365
 273  363
 272  363
 269  360
 268  360
 265  357
 264  357
 261  354
 260  354
 258  352
 257  352
 255  350
 254  350
 252  348
 251  348
 249  346
 248  346
 247  345
 246  345
 244  343
 243  343
 242  342
 241  342
 240  341
 239  341
 238  340
 237  340
 236  339
 236  324
 237  323
 239  323
 240  322
 242  322
 243  321
 247  321
 248  320
 250  320
 251  319
 254  319
 255  318
 256  318
 257  317
 260  317
 261  316
 263  316
 264  315
 265  315
 266  314
 268  314
 269  313
 270  313
 271  312
 272  312
 276  308
 277  308
 279  306
 279  305
 283  301
 283  300
 286  297
 286  296
 288  294
 288  293
 292  289
 292  288
 296  284
 296  283
 299  280
 299  279
 300  278
 300  277
 302  275
 302  274
 303  273
 303  272
 304  271
 304  270
 305  269
 305  268
 306  267
 306  265
 307  264
 307  263
 308  262
 308  261
 309  260
 309  258
 310  257
 310  256
 311  255
 311  254
 312  253
 312  251
 313  250
 313  249
 315  247
 315  246
 316  245
 316  243
 317  242
 317  241
 318  240
 318  239
 319  238
 319  235
 320  234
 320  233
 321  232
 321  231
 322  230
 322  226
 323  225
 323  223
 324  222
 324  221
 325  220
 325  219
 326  218
 326  215
 327  214
 327  213
 328  212
 328  211
 329  210
 329  208
 330  207
 330  205
 331  204
 331  203
 332  202
 332  199
 333  198
 333  196
 334  195
 334  193
 335  192
 335  189
 336  188
 336  184
 337  183
 337  181
 338  180
 338  179
 339  178
 339  177
 340  176
 340  175
 342  173
 342  171
 343  170
 343  168
 344  167
 344  166
 345  165
 345  164
 346  163
 346  161
 347  160
 347  159
 348  158
 348  156
 349  155
 349  153
 350  152
 350  151
 353  148
 353  147
 356  144
 356  143
 357  142
 357  141
 359  139
 359  138
 360  137
 360  136
 361  135
 361  134
 362  133
 362  132
 363  131
 363  129
 364  128
 364  127
 365  126
 365  125
 366  124
 366  122
 367  121
 367  120
 368  119
 368  118
 369  117
 369  116
 370  115
 370  114
 372  112
 372  111
 373  110
 373  109
 375  107
 375  106
 376  105
 376  104
 377  103
 377  102
 379  100
 379   98
 380   97
 380   96
 382   94
 382   92
 383   91
 383   90
 385   88
 385   87
 386   86
 386   85
 387   84
 387   83
 388   82
 388   81
 389   80
 389   78
 390   77
 390   74
 391   73
 391   71
 392   70
 392   68
 393   67
 393   59
 392   58
 392   56
 391   55
 391   54
 389   52
 389   51
 387   49
 386   49
 384   47
 383   47
 382   46
 381   46
 380   45
 379   45
 378   44
 375   44
 374   43
 370   43
 369   42
