 335  116
 334  117
 329  117
 328  118
 325  118
 324  119
 321  119
 320  120
 318  120
 317  121
 315  121
 314  122
 312  122
 311  123
 309  123
 308  124
 306  124
 305  125
 304  125
 303  126
 301  126
 300  127
 299  127
 298  128
 296  128
 295  129
 294  129
 293  130
 291  130
 290  131
 289  131
 288  132
 287  132
 286  133
 285  133
 284  134
 283  134
 282  135
 281  135
 280  136
 279  136
 278  137
 277  137
 276  138
 275  138
 274  139
 273  139
 271  141
 270  141
 269  142
 268  142
 267  143
 266  143
 264  145
 263  145
 262  146
 261  146
 259  148
 258  148
 257  149
 256  149
 254  151
 253  151
 251  153
 250  153
 247  156
 246  156
 243  159
 242  159
 240  161
 239  161
 236  164
 235  164
 233  166
 232  166
 228  170
 227  170
 224  173
 223  173
 214  182
 213  182
 213  183
 211  185
 210  185
 198  197
 197  197
 179  215
 178  215
 175  218
 174  218
 171  221
 170  221
 158  233
 157  233
 143  247
 142  247
 142  248
 137  253
 136  253
 120  269
 120  281
 119  282
 119  283
 118  284
 118  286
 116  288
 116  289
 112  293
 112  294
 111  295
 111  323
 112  324
 112  325
 116  325
 117  326
 117  341
 114  344
 114  345
 113  346
 113  348
 112  349
 112  350
 111  351
 111  354
 110  355
 110  356
 109  357
 105  357
 103  359
 103  370
 104  371
 104  376
 105  377
 105  382
 106  383
 106  384
 107  385
 107  386
 108  387
 108  391
 109  392
 109  393
 110  394
 110  395
 111  396
 111  397
 112  398
 112  400
 113  401
 113  402
 114  403
 114  404
 115  405
 115  407
 116  408
 116  410
 117  411
 117  413
 118  414
 118  418
 119  419
 119  422
 120  423
 120  425
 121  426
 121  429
 122  430
 122  434
 123  435
 123  436
 124  437
 124  440
 125  441
 125  447
 126  448
 126  450
 127  451
 127  454
 128  455
 128  462
 129  463
 129  468
 130  469
 130  471
 131  472
 131  480
 132  481
 132  494
 133  495
 133  497
 134  498
 134  500
 135  501
 135  504
 136  505
 136  506
 137  507
 137  508
 138  509
 138  511
 139  512
 139  513
 140  514
 140  515
 142  517
 142  518
 143  518
 144  519
 145  519
 146  520
 163  520
 164  521
 164  536
 163  537
 163  541
 164  542
 164  543
 165  544
 165  547
 166  548
 166  550
 167  551
 167  552
 168  553
 168  554
 169  555
 169  556
 170  557
 170  558
 173  561
 173  562
 177  566
 178  566
 179  567
 181  567
 184  564
 184  560
 187  557
 188  557
 189  556
 204  556
 205  557
 205  564
 206  565
 206  566
 211  571
 212  571
 213  572
 214  571
 215  571
 218  568
 218  566
 219  565
 219  564
 220  563
 220  561
 221  560
 221  555
 222  554
 223  554
 224  553
 241  553
 242  554
 242  555
 243  556
 243  557
 246  560
 247  560
 250  563
 251  563
 253  565
 255  565
 257  563
 257  556
 256  555
 256  550
 255  549
 255  542
 253  540
 253  524
 254  523
 254  522
 257  519
 271  519
 272  520
 275  520
 277  518
 277  517
 278  516
 278  510
 277  509
 277  507
 274  504
 274  487
 275  486
 292  486
 293  485
 294  485
 295  484
 296  484
 297  483
 297  482
 298  481
 298  476
 297  475
 297  474
 296  473
 296  472
 293  469
 292  469
 291  468
 290  468
 289  467
 289  451
 292  448
 301  448
 302  447
 303  447
 304  446
 304  445
 305  444
 305  439
 304  438
 304  436
 303  435
 303  434
 302  433
 302  430
 301  429
 301  427
 300  426
 300  425
 298  423
 298  422
 297  421
 297  420
 296  420
 295  419
 287  419
 284  416
 284  415
 283  414
 283  399
 284  398
 284  397
 282  395
 282  394
 280  392
 280  391
 261  372
 260  372
 259  371
 258  371
 257  370
 256  370
 254  368
 253  368
 252  367
 252  353
 253  352
 274  352
 274  350
 276  348
 279  348
 280  347
 282  347
 283  346
 285  346
 286  345
 287  345
 288  344
 290  344
 291  343
 295  343
 296  342
 303  342
 304  341
 305  341
 308  338
 308  337
 309  336
 309  334
 310  333
 310  328
 313  325
 314  325
 315  324
 319  324
 320  323
 321  323
 324  320
 324  319
 326  317
 326  316
 328  314
 328  312
 329  311
 329  310
 330  309
 330  307
 329  306
 329  292
 331  290
 334  290
 335  289
 336  289
 337  288
 337  287
 338  286
 338  284
 339  283
 339  281
 338  280
 338  279
 335  276
 335  261
 336  260
 338  260
 339  259
 341  259
 342  258
 343  258
 345  256
 345  254
 346  253
 346  252
 347  251
 347  247
 345  245
 344  245
 342  243
 342  228
 343  227
 347  227
 348  226
 349  226
 352  223
 352  221
 353  220
 353  219
 354  218
 354  217
 353  216
 353  200
 354  199
 357  199
 359  197
 360  197
 360  196
 362  194
 362  191
 363  190
 363  176
 364  175
 366  175
 370  171
 370  170
 371  169
 371  168
 372  167
 372  153
 375  150
 375  149
 376  148
 376  147
 377  146
 377  145
 378  144
 374  140
 374  125
 373  124
 373  123
 372  122
 371  122
 369  120
 368  120
 367  119
 366  119
 365  118
 363  118
 362  117
 358  117
 357  116
