 324   97
 323   98
 318   98
 317   99
 309   99
 308  100
 305  100
 304  101
 300  101
 299  102
 297  102
 296  103
 293  103
 292  104
 289  104
 288  105
 287  105
 286  106
 283  106
 282  107
 280  107
 279  108
 277  108
 276  109
 274  109
 273  110
 271  110
 270  111
 268  111
 267  112
 266  112
 265  113
 263  113
 262  114
 260  114
 259  115
 257  115
 256  116
 255  116
 254  117
 252  117
 251  118
 250  118
 249  119
 248  119
 247  120
 246  120
 245  121
 243  121
 242  122
 241  122
 240  123
 239  123
 238  124
 237  124
 236  125
 235  125
 234  126
 232  126
 231  127
 230  127
 229  128
 228  128
 227  129
 226  129
 225  130
 224  130
 223  131
 222  131
 220  133
 219  133
 218  134
 217  134
 215  136
 214  136
 213  137
 212  137
 211  138
 210  138
 208  140
 207  140
 206  141
 205  141
 203  143
 202  143
 199  146
 198  146
 196  148
 195  148
 192  151
 191  151
 188  154
 187  154
 184  157
 183  157
 179  161
 178  161
 171  168
 170  168
 160  178
 159  178
 146  191
 146  192
 141  197
 141  198
 136  203
 136  204
 130  210
 130  211
 127  214
 127  215
 124  218
 124  219
 120  223
 120  224
 118  226
 118  227
 116  229
 116  230
 113  233
 113  234
 112  235
 112  236
 110  238
 110  239
 108  241
 108  242
 106  244
 106  245
 103  248
 103  250
 101  252
 101  253
  99  255
  99  256
  98  257
  98  258
  96  260
  96  261
  95  262
  95  263
  93  265
  93  267
  89  271
  89  300
  90  301
  90  302
 100  302
 101  303
 101  317
 100  318
  98  318
  97  319
  96  319
  96  322
  95  323
  91  323
  90  324
  90  345
  91  346
  91  348
  92  349
  92  350
  93  351
  93  353
  94  354
  94  355
  95  356
  95  357
  96  358
  96  361
  97  362
  97  363
  99  365
  99  367
 100  368
 100  370
 101  371
 101  372
 102  373
 102  374
 103  375
 103  377
 104  378
 104  379
 105  380
 105  381
 106  382
 106  385
 107  386
 107  387
 108  388
 108  389
 109  390
 109  393
 110  394
 110  395
 111  396
 111  397
 112  398
 112  400
 113  401
 113  404
 114  405
 114  406
 115  407
 115  409
 116  410
 116  414
 117  415
 117  417
 118  418
 118  419
 119  420
 119  425
 120  426
 120  428
 121  429
 121  430
 122  431
 122  435
 123  436
 123  440
 124  441
 124  442
 125  443
 125  446
 126  447
 126  451
 127  452
 127  454
 128  455
 128  457
 129  458
 129  463
 130  464
 130  466
 131  467
 131  469
 132  470
 132  472
 133  473
 133  476
 134  477
 134  478
 135  479
 135  480
 136  481
 136  484
 137  485
 137  486
 138  487
 138  488
 139  489
 139  490
 140  491
 140  492
 145  497
 146  497
 147  498
 150  498
 151  499
 155  499
 156  500
 157  500
 159  502
 159  503
 160  504
 160  509
 161  510
 161  514
 162  515
 162  520
 163  521
 163  526
 164  527
 164  528
 165  529
 165  530
 166  531
 166  532
 167  533
 167  534
 169  536
 169  537
 171  539
 172  539
 173  540
 178  540
 179  539
 180  539
 181  538
 182  538
 183  537
 184  537
 185  536
 204  536
 205  537
 206  537
 208  539
 209  539
 210  540
 212  540
 213  539
 214  539
 220  533
 222  533
 223  532
 241  532
 242  533
 244  533
 245  534
 246  534
 249  537
 249  538
 255  544
 255  545
 257  547
 257  548
 260  551
 260  552
 262  554
 262  555
 263  556
 263  557
 265  559
 265  560
 267  562
 267  563
 269  565
 269  566
 270  567
 270  568
 272  570
 272  571
 275  574
 275  575
 277  577
 277  578
 280  581
 280  582
 283  585
 284  585
 288  589
 289  589
 290  590
 295  590
 297  588
 298  588
 305  581
 305  579
 306  578
 306  576
 305  575
 305  573
 304  572
 304  571
 294  561
 293  561
 291  559
 290  559
 286  555
 286  553
 283  550
 283  549
 274  540
 273  540
 258  525
 258  524
 256  522
 256  521
 253  518
 253  517
 252  516
 252  513
 251  512
 251  497
 252  496
 252  493
 255  490
 259  490
 260  489
 262  489
 263  488
 264  488
 266  486
 266  485
 268  483
 268  479
 267  478
 267  477
 266  476
 266  454
 269  451
 270  451
 271  450
 273  450
 274  449
 276  449
 278  447
 279  447
 280  446
 281  446
 285  442
 285  441
 286  440
 286  432
 285  431
 285  429
 284  428
 284  411
 288  407
 289  407
 294  402
 294  401
 295  400
 295  394
 294  393
 294  392
 293  391
 293  389
 292  388
 292  385
 290  383
 290  382
 289  381
 289  380
 288  379
 288  378
 286  376
 286  375
 281  370
 280  370
 279  369
 279  368
 278  367
 277  367
 276  366
 276  365
 275  364
 275  352
 274  351
 274  350
 272  348
 272  347
 258  333
 257  333
 254  330
 253  330
 250  327
 249  327
 247  325
 246  325
 245  324
 244  324
 243  323
 242  323
 240  321
 239  321
 237  319
 237  305
 238  304
 277  304
 278  303
 281  303
 282  302
 289  302
 296  295
 296  294
 297  293
 297  292
 299  290
 299  289
 305  283
 305  282
 306  281
 306  280
 309  277
 309  275
 310  274
 310  271
 311  270
 311  268
 312  267
 312  265
 319  258
 319  257
 320  256
 320  255
 322  253
 322  250
 323  249
 323  242
 324  241
 324  237
 325  236
 325  233
 326  232
 326  231
 330  227
 330  226
 332  224
 332  223
 333  222
 333  219
 334  218
 334  212
 335  211
 335  206
 340  201
 340  200
 342  198
 342  197
 345  194
 345  193
 346  192
 346  191
 348  189
 348  188
 349  187
 349  186
 350  185
 350  184
 351  183
 352  183
 362  173
 362  172
 364  170
 364  169
 366  167
 366  166
 381  151
 381  150
 382  149
 382  148
 383  147
 383  146
 385  144
 385  143
 386  142
 386  140
 388  138
 388  137
 389  136
 389  135
 390  134
 390  132
 391  131
 391  126
 390  125
 390  123
 389  122
 389  121
 388  120
 388  119
 386  117
 386  113
 385  112
 385  111
 384  110
 384  109
 383  109
 381  107
 380  107
 379  106
 378  106
 377  105
 376  105
 375  104
 374  104
 373  103
 371  103
 370  102
 369  102
 368  101
 364  101
 363  100
 362  100
 361   99
 356   99
 355   98
 351   98
 350   97
