 321  166
 320  167
 314  167
 313  168
 308  168
 307  169
 305  169
 304  170
 301  170
 300  171
 297  171
 296  172
 294  172
 293  173
 291  173
 290  174
 289  174
 288  175
 286  175
 285  176
 283  176
 282  177
 281  177
 280  178
 279  178
 278  179
 276  179
 275  180
 274  180
 273  181
 272  181
 271  182
 270  182
 269  183
 268  183
 267  184
 266  184
 265  185
 264  185
 263  186
 262  186
 260  188
 259  188
 258  189
 257  189
 256  190
 255  190
 254  191
 253  191
 251  193
 250  193
 249  194
 248  194
 245  197
 244  197
 242  199
 241  199
 240  200
 239  200
 237  202
 236  202
 234  204
 233  204
 231  206
 230  206
 227  209
 226  209
 223  212
 222  212
 217  217
 216  217
 212  221
 211  221
 208  224
 198  224
 197  225
 193  225
 183  235
 183  236
 170  249
 169  249
 163  255
 162  255
 158  259
 157  259
 151  265
 150  265
 147  268
 146  268
 144  270
 143  270
 142  271
 141  271
 139  273
 139  274
 137  276
 137  277
 136  278
 136  279
 135  280
 135  281
 132  284
 132  285
 131  286
 131  332
 133  334
 137  334
 138  335
 138  349
 136  351
 136  352
 134  354
 129  354
 127  356
 127  375
 128  376
 128  378
 129  379
 129  380
 131  382
 131  383
 132  384
 132  386
 134  388
 134  389
 135  390
 135  391
 137  393
 137  394
 138  395
 138  396
 139  397
 139  398
 140  399
 140  400
 141  401
 141  402
 142  403
 142  405
 143  406
 143  407
 145  409
 145  411
 146  412
 146  413
 148  415
 148  416
 149  417
 149  418
 151  420
 151  421
 152  422
 152  423
 153  424
 153  425
 155  427
 155  428
 157  430
 157  431
 158  432
 158  433
 160  435
 160  436
 161  437
 161  438
 162  439
 162  440
 163  441
 163  442
 164  443
 164  444
 165  445
 165  446
 166  447
 166  448
 168  450
 168  451
 169  452
 169  453
 171  455
 171  456
 172  457
 172  458
 175  461
 175  463
 176  464
 176  465
 177  466
 177  468
 178  469
 178  471
 179  472
 179  474
 180  475
 180  476
 181  477
 181  478
 183  480
 183  481
 185  483
 185  484
 188  487
 188  488
 192  492
 193  492
 194  493
 197  493
 200  496
 200  499
 201  500
 201  508
 202  509
 202  511
 205  514
 205  515
 210  520
 211  520
 212  521
 213  521
 214  520
 214  518
 215  517
 215  512
 216  511
 230  511
 232  513
 232  514
 234  516
 235  515
 236  515
 236  514
 237  513
 237  497
 238  496
 253  496
 256  499
 256  500
 257  501
 257  502
 258  502
 259  503
 259  502
 260  501
 260  497
 258  495
 258  494
 257  493
 257  474
 258  473
 258  472
 259  471
 273  471
 276  468
 276  467
 277  466
 277  465
 276  464
 276  449
 280  445
 283  445
 284  444
 287  444
 288  443
 289  443
 291  441
 291  438
 286  433
 286  415
 287  414
 289  414
 290  413
 292  413
 292  408
 291  407
 291  406
 290  405
 289  405
 283  399
 283  398
 282  397
 282  391
 281  390
 281  388
 280  387
 280  386
 277  383
 277  382
 271  376
 270  376
 267  373
 266  373
 263  370
 262  370
 260  368
 259  368
 257  366
 256  366
 254  364
 253  364
 251  362
 250  362
 248  360
 247  360
 246  359
 245  359
 244  358
 243  358
 240  355
 239  355
 237  353
 237  339
 240  336
 241  336
 242  335
 260  335
 261  336
 261  339
 264  342
 276  342
 277  341
 287  341
 288  340
 292  340
 293  339
 294  339
 296  337
 296  336
 298  334
 298  333
 299  332
 299  328
 300  327
 301  327
 302  326
 305  326
 308  323
 308  322
 309  321
 309  320
 310  319
 310  316
 311  315
 311  304
 312  303
 314  303
 316  301
 317  301
 317  300
 318  299
 318  297
 319  296
 319  293
 318  292
 318  278
 321  275
 321  274
 322  273
 322  272
 323  271
 323  257
 324  256
 325  256
 328  253
 328  252
 329  251
 329  250
 330  249
 330  247
 331  246
 331  236
 333  234
 334  234
 337  231
 337  230
 338  229
 338  228
 339  227
 339  225
 340  224
 340  216
 341  215
 342  215
 344  213
 344  212
 345  211
 345  209
 346  208
 346  200
 351  195
 351  194
 352  193
 352  178
 347  173
 346  173
 345  172
 344  172
 343  171
 342  171
 341  170
 339  170
 338  169
 335  169
 334  168
 330  168
 329  167
 326  167
 325  166
