 352   40
 351   41
 336   41
 335   42
 329   42
 328   43
 321   43
 320   44
 317   44
 316   45
 311   45
 310   46
 307   46
 306   47
 300   47
 299   48
 296   48
 295   49
 293   49
 292   50
 288   50
 287   51
 285   51
 284   52
 280   52
 279   53
 277   53
 276   54
 273   54
 272   55
 270   55
 269   56
 267   56
 266   57
 264   57
 263   58
 261   58
 260   59
 257   59
 256   60
 255   60
 254   61
 252   61
 251   62
 249   62
 248   63
 246   63
 245   64
 243   64
 242   65
 241   65
 240   66
 238   66
 237   67
 235   67
 234   68
 233   68
 232   69
 230   69
 229   70
 228   70
 227   71
 226   71
 225   72
 223   72
 222   73
 221   73
 220   74
 218   74
 217   75
 216   75
 215   76
 214   76
 213   77
 212   77
 211   78
 210   78
 209   79
 208   79
 207   80
 206   80
 205   81
 203   81
 201   83
 200   83
 199   84
 198   84
 197   85
 196   85
 195   86
 194   86
 193   87
 192   87
 191   88
 190   88
 189   89
 188   89
 187   90
 186   90
 184   92
 183   92
 182   93
 181   93
 180   94
 179   94
 177   96
 176   96
 175   97
 174   97
 172   99
 171   99
 169  101
 168  101
 167  102
 166  102
 164  104
 163  104
 162  105
 161  105
 159  107
 158  107
 155  110
 154  110
 152  112
 151  112
 148  115
 147  115
 143  119
 142  119
 134  127
 133  127
 103  157
 103  158
  99  162
  99  163
  96  166
  96  167
  92  171
  92  172
  86  178
  86  179
  79  186
  79  187
  77  189
  77  190
  75  192
  75  193
  72  196
  72  197
  69  200
  69  201
  66  204
  66  205
  65  206
  65  207
  62  210
  62  212
  59  215
  59  216
  58  217
  58  218
  56  220
  56  221
  55  222
  55  223
  53  225
  53  226
  52  227
  52  228
  50  230
  50  231
  49  232
  49  233
  46  236
  46  237
  45  238
  45  239
  42  242
  42  254
  41  255
  37  255
  36  256
  35  256
  34  257
  34  258
  28  264
  28  275
  29  276
  49  276
  50  277
  91  277
  92  278
 111  278
 112  279
 119  279
 120  280
 124  280
 125  281
 125  295
 124  296
 104  296
 103  295
  66  295
  65  294
  49  294
  48  295
  44  295
  43  296
  40  296
  36  300
  36  301
  35  302
  35  303
  34  304
  34  307
  33  308
  33  311
  32  312
  32  315
  31  316
  31  322
  30  323
  30  329
  29  330
  29  335
  28  336
  25  336
  24  337
  24  349
  25  350
  25  353
  26  354
  26  355
  28  357
  28  358
  31  361
  31  362
  32  363
  32  364
  34  366
  34  367
  35  368
  35  369
  36  370
  36  371
  37  372
  37  373
  38  374
  38  377
  39  378
  39  380
  40  381
  40  383
  41  384
  41  385
  42  386
  42  388
  43  389
  43  390
  44  391
  44  393
  45  394
  45  396
  46  397
  46  398
  47  399
  47  400
  48  401
  48  404
  49  405
  49  410
  50  411
  50  413
  51  414
  51  417
  52  418
  52  421
  53  422
  53  426
  54  427
  54  432
  55  433
  55  439
  56  440
  56  444
  57  445
  57  448
  58  449
  58  454
  59  455
  59  459
  60  460
  60  463
  61  464
  61  468
  62  469
  62  473
  63  474
  63  479
  64  480
  64  490
  65  491
  65  514
  66  515
  66  533
  67  534
  67  538
  68  539
  68  551
  69  552
  69  558
  70  559
  70  561
  71  562
  71  568
  72  569
  72  574
  73  575
  73  577
  75  579
  75  580
  78  583
  79  583
  80  584
  81  583
  83  583
  86  580
 100  580
 101  581
 101  598
 100  599
 100  600
  99  601
  99  603
  98  604
  98  610
  99  611
  99  612
 100  613
 100  614
 102  616
 102  617
 105  620
 105  621
 107  623
 107  624
 109  626
 109  627
 110  628
 110  629
 112  631
 112  632
 114  634
 114  635
 116  637
 116  638
 119  641
 119  642
 122  645
 123  645
 124  646
 127  646
 128  645
 128  642
 129  641
 129  639
 130  638
 130  637
 133  634
 156  634
 159  637
 159  640
 160  641
 160  643
 164  647
 172  647
 173  646
 174  646
 177  643
 177  642
 178  641
 178  631
 181  628
 182  628
 183  627
 188  627
 189  626
 208  626
 211  629
 211  630
 212  631
 212  633
 213  634
 213  635
 216  638
 217  638
 219  636
 220  636
 221  635
 221  634
 222  633
 222  632
 224  630
 224  628
 225  627
 225  620
 224  619
 224  592
 225  591
 225  590
 227  588
 229  588
 230  587
 231  587
 232  586
 233  586
 234  585
 235  585
 241  579
 255  579
 256  580
 257  580
 259  578
 260  578
 265  573
 265  572
 266  571
 266  570
 267  569
 267  568
 268  567
 268  561
 267  560
 267  559
 266  558
 266  557
 265  556
 265  555
 263  553
 263  552
 262  551
 262  550
 261  549
 261  548
 260  547
 260  546
 259  545
 259  543
 258  542
 258  540
 257  539
 257  524
 264  517
 264  516
 268  512
 269  512
 270  511
 272  511
 273  510
 289  510
 290  509
 291  509
 293  507
 294  507
 296  505
 296  504
 298  502
 298  500
 299  499
 299  497
 298  496
 298  494
 292  488
 292  487
 288  483
 288  482
 285  479
 285  478
 281  474
 281  473
 280  472
 280  458
 282  456
 283  456
 288  451
 300  451
 302  449
 303  449
 303  448
 305  446
 305  436
 304  435
 304  434
 303  433
 303  432
 302  431
 302  429
 301  428
 301  427
 297  423
 297  422
 292  417
 292  416
 291  415
 291  414
 289  412
 289  411
 288  410
 288  397
 286  395
 286  394
 285  393
 285  392
 284  391
 284  390
 282  388
 282  387
 281  386
 281  385
 279  383
 279  382
 276  379
 276  378
 272  374
 272  373
 257  358
 256  358
 252  354
 251  354
 247  350
 246  350
 241  345
 240  345
 237  342
 236  342
 234  340
 233  340
 229  336
 221  336
 220  335
 219  335
 218  334
 216  334
 215  333
 215  319
 216  318
 233  318
 234  319
 238  319
 239  320
 247  320
 248  321
 252  321
 253  322
 256  322
 257  323
 260  323
 261  324
 263  324
 264  325
 266  325
 267  326
 269  326
 270  327
 281  327
 282  326
 285  326
 286  325
 288  325
 289  324
 291  324
 292  323
 295  323
 296  322
 299  322
 300  321
 305  321
 306  320
 311  320
 312  319
 315  319
 316  318
 317  318
 318  317
 319  317
 321  315
 322  315
 325  312
 326  312
 327  311
 328  311
 331  308
 331  307
 336  302
 337  302
 339  300
 340  300
 342  298
 343  298
 344  297
 345  297
 350  292
 350  287
 351  286
 351  281
 352  280
 352  271
 353  270
 355  270
 356  269
 358  269
 359  268
 360  268
 361  267
 363  267
 369  261
 369  259
 370  258
 370  256
 371  255
 371  251
 370  250
 370  249
 369  248
 369  232
 370  231
 371  231
 372  230
 375  230
 376  229
 379  229
 381  227
 382  227
 384  225
 384  224
 386  222
 386  221
 387  220
 387  219
 388  218
 388  217
 389  216
 389  211
 388  210
 388  195
 390  193
 396  193
 397  192
 400  192
 402  190
 403  190
 405  188
 405  187
 407  185
 407  184
 408  183
 408  182
 409  181
 409  179
 411  177
 411  161
 412  160
 413  160
 414  159
 418  159
 419  158
 421  158
 422  157
 423  157
 426  154
 426  153
 428  151
 428  150
 429  149
 429  148
 431  146
 431  145
 432  144
 432  142
 433  141
 433  133
 436  130
 438  130
 439  129
 440  129
 445  124
 445  123
 446  122
 446  121
 448  119
 448  118
 449  117
 449  114
 450  113
 450  108
 451  107
 451  106
 452  105
 452  104
 455  101
 455  100
 456   99
 456   96
 457   95
 457   94
 456   93
 456   86
 455   85
 455   76
 454   75
 454   74
 453   73
 453   72
 452   71
 452   70
 445   63
 444   63
 441   60
 440   60
 438   58
 437   58
 435   56
 434   56
 433   55
 432   55
 431   54
 430   54
 429   53
 428   53
 427   52
 425   52
 424   51
 423   51
 422   50
 421   50
 420   49
 418   49
 417   48
 415   48
 414   47
 412   47
 411   46
 409   46
 408   45
 404   45
 403   44
 400   44
 399   43
 393   43
 392   42
 385   42
 384   41
 365   41
 364   40
