 306  109
 305  110
 299  110
 298  111
 293  111
 292  112
 288  112
 287  113
 283  113
 282  114
 280  114
 279  115
 276  115
 275  116
 273  116
 272  117
 269  117
 268  118
 266  118
 265  119
 262  119
 261  120
 259  120
 258  121
 256  121
 255  122
 253  122
 252  123
 251  123
 250  124
 248  124
 247  125
 246  125
 245  126
 243  126
 242  127
 240  127
 239  128
 238  128
 237  129
 235  129
 234  130
 233  130
 232  131
 230  131
 229  132
 228  132
 227  133
 225  133
 224  134
 223  134
 222  135
 221  135
 220  136
 219  136
 218  137
 217  137
 216  138
 215  138
 214  139
 213  139
 212  140
 211  140
 210  141
 209  141
 207  143
 206  143
 205  144
 204  144
 202  146
 201  146
 200  147
 199  147
 197  149
 196  149
 194  151
 193  151
 191  153
 190  153
 188  155
 187  155
 184  158
 183  158
 180  161
 179  161
 176  164
 175  164
 169  170
 168  170
 154  184
 154  185
 144  195
 144  196
 137  203
 137  204
 134  207
 134  208
 125  217
 125  218
 121  222
 121  223
 117  227
 117  228
 114  231
 114  232
 110  236
 110  237
 107  240
 107  241
 104  244
 104  245
 101  248
 101  249
 100  250
 100  251
  97  254
  97  255
  96  256
  96  257
  94  259
  94  260
  93  261
  93  262
  91  264
  91  265
  90  266
  90  268
  89  269
  89  270
  88  271
  88  272
  87  273
  87  275
  85  277
  85  278
  84  279
  84  281
  81  284
  81  285
  80  286
  80  287
  77  290
  77  291
  76  292
  76  323
  78  325
  79  325
  80  326
  80  341
  79  342
  79  343
  78  344
  78  357
  76  359
  76  365
  77  366
  77  370
  78  371
  78  372
  79  373
  79  375
  80  376
  80  380
  81  381
  81  383
  82  384
  82  386
  83  387
  83  390
  84  391
  84  394
  85  395
  85  397
  86  398
  86  400
  87  401
  87  405
  88  406
  88  408
  89  409
  89  411
  90  412
  90  416
  91  417
  91  419
  92  420
  92  421
  93  422
  93  424
  94  425
  94  428
  95  429
  95  430
  96  431
  96  432
  97  433
  97  437
  98  438
  98  440
  99  441
  99  443
 100  444
 100  463
 101  464
 101  469
 102  470
 102  477
 103  478
 103  486
 104  487
 104  498
 105  499
 105  500
 107  502
 108  502
 110  504
 110  505
 114  509
 114  510
 115  510
 117  512
 118  512
 120  514
 121  514
 124  517
 124  518
 129  523
 129  524
 131  526
 131  528
 133  530
 133  531
 134  532
 134  534
 136  536
 136  537
 137  538
 137  539
 139  541
 139  542
 141  544
 141  545
 144  548
 144  549
 148  553
 148  554
 150  556
 151  556
 153  558
 154  558
 155  559
 156  559
 157  560
 159  560
 160  561
 162  561
 163  562
 167  562
 168  563
 174  563
 175  564
 177  564
 182  569
 182  570
 187  575
 188  575
 190  577
 193  574
 193  572
 196  569
 197  569
 198  568
 216  568
 221  573
 221  574
 225  578
 226  578
 229  575
 229  574
 230  573
 230  570
 231  569
 231  565
 232  564
 232  553
 233  552
 233  550
 238  545
 239  545
 242  542
 243  542
 244  541
 252  541
 253  540
 255  540
 256  539
 257  539
 263  533
 263  532
 264  531
 264  530
 265  529
 265  528
 266  527
 266  522
 267  521
 267  514
 268  513
 268  512
 269  511
 269  510
 272  507
 272  506
 279  499
 281  499
 282  498
 287  498
 288  497
 291  497
 292  496
 293  496
 294  495
 295  495
 297  493
 297  492
 300  489
 300  488
 301  487
 301  486
 302  485
 302  483
 303  482
 303  481
 302  480
 302  479
 301  478
 301  476
 300  475
 300  453
 301  452
 301  448
 302  447
 302  446
 305  443
 306  443
 307  442
 308  442
 309  441
 310  441
 313  438
 313  436
 314  435
 314  433
 313  432
 313  427
 311  425
 311  423
 310  422
 310  421
 301  412
 301  411
 300  410
 300  408
 299  407
 299  405
 298  404
 298  391
 297  390
 297  388
 295  386
 295  385
 287  377
 287  376
 275  364
 274  364
 270  360
 270  345
 271  344
 275  344
 276  343
 281  343
 282  342
 283  342
 285  340
 286  340
 287  339
 287  338
 289  336
 290  336
 291  335
 292  335
 296  331
 296  328
 297  327
 297  326
 303  320
 303  319
 304  318
 304  316
 305  315
 305  314
 306  313
 306  310
 307  309
 307  297
 308  296
 308  295
 315  288
 315  287
 316  286
 316  284
 317  283
 317  265
 318  264
 318  263
 321  260
 322  260
 327  255
 327  253
 329  251
 329  249
 330  248
 330  238
 331  237
 331  236
 336  231
 337  231
 338  230
 339  230
 340  229
 341  229
 344  226
 345  226
 347  224
 347  223
 350  220
 350  218
 351  217
 351  215
 352  214
 352  213
 357  208
 359  208
 360  207
 361  207
 362  206
 363  206
 364  205
 366  205
 367  204
 368  204
 375  197
 375  196
 377  194
 377  193
 379  191
 380  191
 383  188
 385  188
 386  187
 387  187
 388  186
 389  186
 392  183
 393  183
 393  182
 397  178
 397  177
 398  176
 398  175
 399  174
 399  173
 400  172
 400  169
 401  168
 401  166
 403  164
 403  162
 404  161
 404  158
 405  157
 405  150
 404  149
 404  144
 403  143
 403  142
 401  140
 401  139
 394  132
 393  132
 390  129
 389  129
 387  127
 386  127
 385  126
 384  126
 383  125
 382  125
 381  124
 380  124
 379  123
 378  123
 377  122
 376  122
 375  121
 373  121
 372  120
 371  120
 370  119
 368  119
 367  118
 365  118
 364  117
 362  117
 361  116
 359  116
 358  115
 355  115
 354  114
 352  114
 351  113
 347  113
 346  112
 343  112
 342  111
 337  111
 336  110
 329  110
 328  109
