 367  117
 366  118
 359  118
 358  119
 356  119
 355  120
 351  120
 350  121
 347  121
 346  122
 343  122
 342  123
 339  123
 338  124
 337  124
 336  125
 333  125
 332  126
 330  126
 329  127
 327  127
 326  128
 324  128
 323  129
 321  129
 320  130
 318  130
 317  131
 316  131
 315  132
 312  132
 311  133
 310  133
 309  134
 307  134
 306  135
 305  135
 304  136
 303  136
 302  137
 300  137
 299  138
 298  138
 297  139
 296  139
 295  140
 294  140
 292  142
 291  142
 290  143
 289  143
 288  144
 287  144
 286  145
 285  145
 284  146
 283  146
 281  148
 280  148
 279  149
 278  149
 276  151
 275  151
 274  152
 273  152
 272  153
 271  153
 269  155
 268  155
 267  156
 266  156
 264  158
 263  158
 261  160
 260  160
 259  161
 258  161
 256  163
 255  163
 254  164
 253  164
 251  166
 250  166
 248  168
 247  168
 245  170
 244  170
 242  172
 241  172
 239  174
 238  174
 236  176
 235  176
 233  178
 232  178
 230  180
 229  180
 226  183
 225  183
 222  186
 221  186
 218  189
 217  189
 215  191
 214  191
 211  194
 210  194
 207  197
 206  197
 202  201
 201  201
 198  204
 197  204
 193  208
 192  208
 187  213
 186  213
 179  220
 178  220
 173  225
 172  225
 163  234
 162  234
 156  240
 155  240
 146  249
 145  249
 128  266
 128  267
 122  273
 122  274
 118  278
 118  279
 115  282
 115  283
 112  286
 112  287
 111  288
 111  289
 109  291
 109  292
 108  293
 108  294
 105  297
 105  298
 104  299
 104  300
 102  302
 102  303
 101  304
 101  305
 100  306
 100  307
  99  308
  99  309
  98  310
  98  311
  97  312
  97  313
  95  315
  95  317
  94  318
  94  319
  92  321
  92  323
  91  324
  91  326
  90  327
  90  333
  89  334
  89  338
  88  339
  88  342
  87  343
  87  344
  86  345
  86  347
  85  348
  85  351
  84  352
  84  353
  83  354
  80  354
  79  355
  79  363
  80  364
  80  379
  79  380
  79  388
  80  389
  85  389
  86  390
  86  404
  82  408
  82  409
  81  410
  81  411
  78  414
  78  415
  77  416
  77  417
  76  418
  70  418
  69  419
  69  517
  71  519
  83  519
  84  520
  85  520
  89  524
  89  525
  91  527
  91  528
  95  532
  95  533
  99  537
  99  538
 111  550
 112  550
 115  553
 116  553
 118  555
 119  555
 120  556
 121  556
 123  558
 124  558
 125  559
 126  559
 127  560
 129  560
 130  561
 132  561
 133  562
 136  562
 137  563
 154  563
 155  564
 156  564
 157  565
 159  565
 161  567
 163  567
 165  569
 167  569
 168  570
 169  570
 170  571
 172  571
 173  572
 174  572
 175  571
 181  571
 182  570
 185  570
 186  569
 188  569
 189  568
 190  568
 191  567
 192  567
 193  566
 194  566
 199  561
 200  561
 203  558
 204  558
 205  557
 206  557
 207  556
 209  556
 211  554
 212  554
 214  552
 215  552
 221  546
 221  545
 222  544
 222  543
 224  541
 224  539
 225  538
 225  537
 226  536
 226  535
 227  534
 227  533
 229  531
 229  530
 231  528
 231  527
 234  524
 234  523
 237  520
 237  519
 239  517
 239  516
 241  514
 241  510
 242  509
 242  502
 243  501
 243  496
 244  495
 244  489
 245  488
 245  484
 246  483
 246  481
 247  480
 247  477
 248  476
 248  440
 247  439
 247  438
 245  436
 245  435
 244  434
 244  433
 241  430
 241  429
 238  426
 238  425
 224  411
 223  411
 222  410
 218  410
 217  409
 215  409
 213  407
 212  407
 210  405
 209  405
 208  404
 208  390
 209  389
 271  389
 272  388
 274  388
 275  387
 278  387
 279  386
 281  386
 282  385
 284  385
 285  384
 286  384
 287  383
 288  383
 289  382
 290  382
 291  381
 292  381
 293  380
 294  380
 296  378
 297  378
 299  376
 300  376
 302  374
 303  374
 318  359
 318  358
 322  354
 322  353
 324  351
 324  350
 325  349
 325  348
 328  345
 328  343
 329  342
 329  341
 331  339
 331  337
 332  336
 332  335
 333  334
 333  333
 335  331
 335  329
 336  328
 336  327
 338  325
 338  324
 339  323
 339  322
 341  320
 341  319
 342  318
 342  317
 344  315
 344  314
 345  313
 345  312
 347  310
 347  309
 348  308
 348  306
 349  305
 349  304
 350  303
 350  302
 351  301
 351  299
 352  298
 352  297
 353  296
 353  295
 354  294
 354  292
 355  291
 355  290
 356  289
 356  288
 357  287
 357  286
 358  285
 358  283
 359  282
 359  281
 361  279
 361  277
 363  275
 363  274
 364  273
 364  272
 365  271
 365  270
 367  268
 367  267
 368  266
 368  265
 369  264
 369  263
 371  261
 371  259
 372  258
 372  255
 373  254
 373  253
 374  252
 374  250
 375  249
 375  246
 376  245
 376  243
 377  242
 377  241
 378  240
 378  239
 379  238
 379  237
 381  235
 381  234
 382  233
 382  232
 384  230
 384  229
 385  228
 385  226
 386  225
 386  224
 388  222
 388  220
 389  219
 389  218
 391  216
 391  215
 392  214
 392  212
 394  210
 394  209
 395  208
 395  207
 396  206
 396  205
 398  203
 398  201
 399  200
 399  199
 400  198
 400  197
 401  196
 401  194
 402  193
 402  190
 403  189
 403  188
 404  187
 404  186
 405  185
 405  183
 406  182
 406  180
 407  179
 407  178
 408  177
 408  174
 409  173
 409  169
 410  168
 410  165
 411  164
 411  152
 412  151
 412  137
 411  136
 411  134
 409  132
 409  131
 408  130
 408  129
 405  126
 404  126
 402  124
 401  124
 400  123
 399  123
 398  122
 397  122
 396  121
 394  121
 393  120
 392  120
 391  119
 389  119
 388  118
 382  118
 381  117
