 348   63
 347   64
 341   64
 340   65
 332   65
 331   66
 327   66
 326   67
 322   67
 321   68
 318   68
 317   69
 315   69
 314   70
 311   70
 310   71
 308   71
 307   72
 306   72
 305   73
 304   73
 303   74
 301   74
 300   75
 299   75
 298   76
 296   76
 294   78
 293   78
 292   79
 290   79
 289   80
 288   80
 287   81
 286   81
 285   82
 284   82
 283   83
 282   83
 281   84
 280   84
 279   85
 278   85
 277   86
 276   86
 275   87
 274   87
 273   88
 272   88
 271   89
 270   89
 269   90
 268   90
 267   91
 266   91
 265   92
 264   92
 263   93
 262   93
 261   94
 260   94
 259   95
 258   95
 257   96
 256   96
 255   97
 254   97
 253   98
 252   98
 251   99
 250   99
 249  100
 248  100
 247  101
 246  101
 245  102
 244  102
 243  103
 242  103
 240  105
 239  105
 238  106
 237  106
 236  107
 235  107
 234  108
 233  108
 232  109
 231  109
 230  110
 229  110
 228  111
 227  111
 226  112
 225  112
 223  114
 222  114
 221  115
 220  115
 218  117
 217  117
 216  118
 215  118
 214  119
 213  119
 211  121
 210  121
 209  122
 208  122
 207  123
 206  123
 204  125
 203  125
 201  127
 200  127
 199  128
 198  128
 196  130
 195  130
 194  131
 193  131
 191  133
 190  133
 189  134
 188  134
 186  136
 185  136
 183  138
 182  138
 180  140
 179  140
 178  141
 177  141
 175  143
 174  143
 172  145
 171  145
 169  147
 168  147
 166  149
 165  149
 162  152
 161  152
 159  154
 158  154
 155  157
 154  157
 150  161
 149  161
 144  166
 143  166
 139  170
 138  170
 132  176
 131  176
 122  185
 121  185
 110  196
 110  197
  97  210
  97  211
  90  218
  90  219
  86  223
  86  224
  80  230
  80  231
  77  234
  77  235
  74  238
  74  239
  72  241
  72  242
  70  244
  70  245
  68  247
  68  248
  66  250
  66  251
  64  253
  64  254
  63  255
  63  256
  61  258
  61  259
  60  260
  60  262
  58  264
  58  276
  59  277
  65  277
  66  278
  66  280
  68  282
  68  299
  67  300
  67  301
  66  302
  66  306
  65  307
  65  313
  64  314
  64  317
  63  318
  59  318
  58  319
  58  360
  60  362
  68  362
  70  364
  70  365
  71  366
  71  368
  72  369
  72  371
  73  372
  73  376
  74  377
  74  379
  75  380
  75  384
  76  385
  76  390
  77  391
  77  394
  78  395
  78  399
  79  400
  79  410
  80  411
  80  419
  81  420
  81  428
  82  429
  82  441
  83  442
  83  484
  84  485
  84  489
  85  490
  85  495
  86  496
  86  500
  87  501
  87  502
  89  504
  90  504
  91  505
  92  505
  93  506
  95  506
  96  507
 100  507
 101  508
 102  508
 104  510
 105  510
 107  512
 107  513
 108  514
 108  516
 109  517
 109  520
 110  521
 110  531
 111  532
 111  534
 112  535
 112  536
 113  537
 113  540
 114  541
 114  542
 116  544
 116  545
 117  546
 117  547
 121  551
 122  551
 123  552
 125  552
 126  551
 127  551
 132  546
 133  546
 134  545
 135  545
 137  543
 139  543
 140  542
 158  542
 160  544
 161  544
 162  545
 167  545
 172  540
 172  539
 174  537
 190  537
 194  541
 194  543
 196  545
 196  546
 197  547
 197  549
 199  551
 199  552
 200  553
 200  555
 201  556
 201  557
 202  558
 202  559
 203  560
 203  563
 204  564
 204  566
 205  567
 205  569
 206  570
 206  572
 207  573
 207  577
 208  578
 208  580
 209  581
 209  583
 210  584
 210  588
 211  589
 211  592
 212  593
 212  594
 213  595
 213  598
 214  599
 214  602
 215  603
 215  604
 216  605
 216  606
 217  607
 217  609
 218  610
 218  611
 220  613
 220  614
 221  615
 221  616
 226  621
 227  621
 229  623
 230  623
 231  624
 233  624
 234  625
 236  625
 237  624
 239  624
 240  623
 241  623
 242  622
 243  622
 249  616
 249  615
 250  614
 250  609
 249  608
 249  605
 248  604
 248  603
 247  602
 247  601
 246  600
 246  598
 244  596
 244  595
 243  594
 243  593
 240  590
 240  589
 239  588
 239  587
 236  584
 236  583
 233  580
 233  579
 230  576
 230  575
 226  571
 226  570
 223  567
 223  566
 222  565
 222  564
 219  561
 219  560
 216  557
 216  556
 214  554
 214  553
 213  552
 213  551
 212  550
 212  549
 210  547
 210  546
 209  545
 209  543
 207  541
 207  540
 206  539
 206  535
 205  534
 205  530
 204  529
 204  527
 203  526
 203  503
 205  501
 205  500
 207  498
 208  498
 210  496
 212  496
 213  495
 216  495
 217  494
 224  494
 225  493
 226  493
 227  492
 228  492
 229  491
 229  490
 230  489
 230  488
 231  487
 231  485
 230  484
 230  481
 229  480
 229  477
 228  476
 228  461
 236  453
 237  453
 238  452
 244  452
 247  449
 248  449
 248  448
 249  447
 249  444
 246  441
 246  440
 243  437
 243  418
 246  415
 247  415
 248  414
 253  414
 254  413
 256  413
 259  410
 259  404
 257  402
 257  401
 254  398
 253  398
 251  396
 250  396
 249  395
 247  395
 246  394
 245  394
 237  386
 237  385
 236  384
 236  366
 237  365
 237  364
 238  363
 238  362
 219  343
 219  342
 214  337
 213  337
 212  336
 212  335
 209  332
 208  332
 201  325
 200  325
 195  320
 194  320
 193  319
 192  319
 191  318
 191  304
 192  303
 257  303
 258  302
 261  302
 262  301
 263  301
 264  300
 265  300
 267  298
 268  298
 270  296
 271  296
 277  290
 277  289
 280  286
 281  286
 282  285
 284  285
 290  279
 290  278
 291  277
 292  277
 299  270
 299  269
 302  266
 302  265
 303  264
 303  263
 304  262
 304  261
 305  260
 305  258
 306  257
 306  255
 307  254
 307  253
 309  251
 309  250
 312  247
 312  246
 319  239
 319  238
 322  235
 322  234
 323  233
 323  230
 324  229
 324  228
 325  227
 325  225
 326  224
 326  222
 327  221
 327  219
 329  217
 329  216
 335  210
 336  210
 340  206
 340  205
 343  202
 343  201
 346  198
 346  195
 347  194
 347  189
 348  188
 348  187
 349  186
 349  185
 350  184
 350  183
 360  173
 360  172
 364  168
 364  167
 366  165
 366  164
 367  163
 367  162
 369  160
 369  159
 370  158
 370  157
 371  156
 372  156
 373  155
 373  154
 375  152
 376  152
 384  144
 385  144
 387  142
 387  141
 392  136
 392  135
 406  121
 406  120
 409  117
 409  116
 410  115
 410  114
 412  112
 412  111
 414  109
 414  108
 416  106
 416  105
 417  104
 417  103
 418  102
 418  101
 419  100
 419   99
 420   98
 420   95
 421   94
 421   91
 422   90
 422   87
 423   86
 423   85
 422   84
 422   83
 421   82
 421   81
 417   77
 416   77
 414   75
 413   75
 412   74
 411   74
 410   73
 409   73
 408   72
 406   72
 405   71
 404   71
 403   70
 401   70
 400   69
 398   69
 397   68
 395   68
 394   67
 391   67
 390   66
 388   66
 387   65
 380   65
 379   64
 373   64
 372   63
