 349   85
 348   86
 334   86
 333   87
 325   87
 324   88
 317   88
 316   89
 313   89
 312   90
 306   90
 305   91
 302   91
 301   92
 296   92
 295   93
 293   93
 292   94
 288   94
 287   95
 285   95
 284   96
 281   96
 280   97
 277   97
 276   98
 274   98
 273   99
 270   99
 269  100
 267  100
 266  101
 263  101
 262  102
 260  102
 259  103
 256  103
 255  104
 253  104
 252  105
 250  105
 249  106
 247  106
 246  107
 244  107
 243  108
 241  108
 240  109
 239  109
 238  110
 236  110
 235  111
 234  111
 233  112
 231  112
 230  113
 229  113
 228  114
 226  114
 225  115
 224  115
 223  116
 222  116
 221  117
 220  117
 219  118
 218  118
 217  119
 215  119
 213  121
 211  121
 209  123
 208  123
 207  124
 206  124
 205  125
 204  125
 203  126
 202  126
 201  127
 200  127
 198  129
 197  129
 196  130
 195  130
 194  131
 193  131
 191  133
 190  133
 189  134
 188  134
 186  136
 185  136
 183  138
 182  138
 180  140
 179  140
 177  142
 176  142
 174  144
 173  144
 171  146
 170  146
 167  149
 166  149
 164  151
 163  151
 160  154
 159  154
 157  156
 156  156
 151  161
 150  161
 146  165
 145  165
 141  169
 140  169
 102  207
 102  208
  94  216
  94  217
  88  223
  88  224
  83  229
  83  230
  79  234
  79  235
  76  238
  76  239
  75  240
  75  241
  73  243
  73  244
  72  245
  72  246
  69  249
  69  250
  66  253
  66  254
  65  255
  65  256
  63  258
  63  259
  62  260
  62  261
  60  263
  60  264
  59  265
  59  266
  58  267
  58  268
  57  269
  57  270
  56  271
  56  272
  55  273
  55  276
  58  279
  58  281
  59  282
  59  283
  60  284
  60  285
  63  288
  63  305
  62  306
  62  307
  61  308
  61  309
  60  310
  60  312
  59  313
  59  315
  58  316
  58  324
  59  325
  59  343
  58  344
  54  344
  53  345
  53  360
  59  366
  59  367
  65  373
  65  374
  66  375
  66  376
  67  377
  67  378
  69  380
  69  382
  72  385
  72  386
  73  387
  73  388
  76  391
  76  392
  79  395
  79  396
  80  397
  80  398
  83  401
  83  402
  86  405
  86  406
  88  408
  88  409
  89  410
  89  411
  90  412
  90  413
  92  415
  92  416
  93  417
  93  418
  96  421
  96  422
  97  423
  97  424
  98  425
  98  426
  99  427
  99  434
 100  435
 100  438
 101  439
 101  440
 102  441
 102  442
 103  443
 103  445
 105  447
 105  448
 106  449
 106  451
 107  452
 107  454
 108  455
 108  456
 109  457
 109  460
 110  461
 110  463
 111  464
 111  465
 112  466
 112  468
 113  469
 113  471
 114  472
 114  473
 115  474
 115  476
 116  477
 116  482
 117  483
 117  484
 118  485
 118  486
 119  487
 119  490
 120  491
 120  492
 121  493
 121  494
 122  495
 122  496
 123  497
 123  499
 124  500
 124  501
 125  502
 125  503
 126  504
 126  507
 127  508
 127  510
 128  511
 128  512
 129  513
 129  516
 130  517
 130  519
 131  520
 131  521
 132  522
 132  524
 133  525
 133  528
 134  529
 134  530
 135  531
 135  532
 136  533
 136  537
 137  538
 137  539
 138  540
 138  541
 139  542
 139  543
 140  544
 140  545
 143  548
 160  548
 161  549
 161  550
 162  551
 162  558
 163  559
 163  561
 165  563
 165  564
 166  565
 166  567
 168  569
 168  570
 169  571
 169  572
 170  573
 170  574
 172  576
 172  577
 173  578
 173  580
 176  583
 176  585
 178  587
 178  588
 180  590
 180  591
 183  594
 183  595
 187  599
 188  599
 190  601
 191  601
 192  602
 193  602
 194  601
 196  601
 197  600
 198  600
 201  597
 201  596
 202  595
 202  594
 205  591
 220  591
 221  592
 222  592
 223  593
 224  593
 227  596
 228  596
 232  600
 233  600
 234  601
 238  601
 245  594
 245  584
 246  583
 246  581
 251  576
 269  576
 270  577
 272  577
 274  579
 277  579
 278  578
 279  578
 281  576
 281  575
 282  574
 282  565
 281  564
 281  560
 280  559
 280  536
 282  534
 282  533
 285  530
 286  530
 287  529
 291  529
 292  528
 296  528
 297  527
 298  527
 299  526
 300  526
 303  523
 303  522
 305  520
 305  513
 304  512
 304  511
 303  510
 303  506
 302  505
 302  499
 301  498
 301  497
 299  495
 299  492
 298  491
 298  489
 297  488
 297  468
 298  467
 298  466
 299  465
 299  464
 300  463
 302  463
 303  462
 305  462
 306  461
 310  461
 311  460
 312  460
 313  459
 314  459
 319  454
 319  448
 318  447
 318  446
 316  444
 316  443
 315  442
 315  440
 313  438
 313  437
 310  434
 310  433
 308  431
 308  430
 307  429
 307  428
 306  427
 306  409
 307  408
 307  407
 308  406
 309  406
 310  405
 314  405
 314  404
 306  396
 306  382
 307  381
 313  381
 313  380
 311  378
 310  378
 309  377
 308  377
 306  375
 305  375
 299  369
 299  355
 298  354
 298  353
 296  351
 296  350
 292  346
 292  345
 291  344
 291  330
 293  328
 297  328
 299  326
 300  326
 305  321
 306  321
 307  320
 308  320
 309  319
 310  319
 311  318
 312  318
 316  314
 316  312
 317  311
 317  309
 319  307
 319  306
 322  303
 323  303
 324  302
 325  302
 329  298
 329  297
 330  296
 330  294
 331  293
 331  291
 332  290
 332  289
 333  288
 333  287
 334  286
 335  286
 337  284
 338  284
 340  282
 341  282
 342  281
 342  280
 344  278
 346  278
 347  277
 347  276
 349  274
 349  272
 350  271
 350  270
 351  269
 351  265
 352  264
 352  260
 356  256
 357  256
 363  250
 363  249
 365  247
 365  245
 366  244
 366  242
 367  241
 367  239
 368  238
 368  235
 369  234
 369  225
 370  224
 370  222
 374  218
 375  218
 379  214
 379  213
 382  210
 382  209
 384  207
 384  206
 386  204
 386  203
 387  202
 387  201
 388  200
 388  199
 389  198
 389  196
 400  185
 400  184
 404  180
 404  179
 406  177
 406  175
 408  173
 408  172
 409  171
 409  167
 410  166
 410  164
 412  162
 412  161
 415  158
 415  157
 416  156
 416  154
 418  152
 418  151
 419  150
 419  149
 420  148
 420  147
 421  146
 421  145
 422  144
 422  142
 423  141
 423  140
 426  137
 426  135
 427  134
 427  132
 428  131
 428  130
 427  129
 427  123
 426  122
 426  118
 425  117
 425  115
 424  114
 424  113
 423  112
 423  109
 422  108
 422  105
 421  104
 421  102
 420  101
 420  100
 418   98
 417   98
 416   97
 414   97
 413   96
 411   96
 410   95
 408   95
 407   94
 402   94
 401   93
 399   93
 398   92
 395   92
 394   91
 393   91
 392   90
 388   90
 387   89
 385   89
 384   88
 378   88
 377   87
 371   87
 370   86
 357   86
 356   85
