 308  164
 307  165
 303  165
 302  166
 299  166
 298  167
 295  167
 294  168
 292  168
 291  169
 289  169
 288  170
 286  170
 285  171
 283  171
 282  172
 281  172
 280  173
 278  173
 277  174
 276  174
 275  175
 274  175
 273  176
 271  176
 269  178
 268  178
 267  179
 266  179
 265  180
 264  180
 262  182
 261  182
 260  183
 259  183
 258  184
 257  184
 256  185
 255  185
 254  186
 253  186
 252  187
 251  187
 250  188
 249  188
 248  189
 247  189
 246  190
 245  190
 243  192
 242  192
 240  194
 239  194
 237  196
 236  196
 234  198
 233  198
 231  200
 230  200
 228  202
 227  202
 224  205
 223  205
 221  207
 220  207
 217  210
 216  210
 211  215
 210  215
 205  220
 204  220
 195  229
 194  229
 193  230
 193  231
 191  233
 190  233
 186  237
 186  238
 184  240
 183  240
 183  241
 179  245
 179  246
 163  262
 163  263
 157  269
 157  270
 156  271
 156  272
 154  274
 154  275
 152  277
 152  278
 150  280
 150  281
 149  282
 149  283
 148  284
 148  285
 146  287
 146  288
 144  290
 144  292
 143  293
 143  294
 142  295
 142  296
 141  297
 141  298
 139  300
 139  301
 138  302
 138  304
 137  305
 137  306
 136  307
 136  308
 135  309
 135  310
 134  311
 134  312
 133  313
 133  314
 132  315
 132  317
 131  318
 131  319
 129  321
 129  322
 128  323
 128  346
 130  348
 137  348
 138  349
 138  391
 140  393
 140  394
 146  400
 146  401
 150  405
 150  406
 153  409
 153  410
 155  412
 155  413
 156  414
 156  415
 157  416
 157  417
 159  419
 159  421
 160  422
 160  423
 161  424
 161  425
 162  426
 162  429
 163  430
 163  432
 164  433
 164  434
 166  436
 166  438
 168  440
 168  441
 169  442
 169  443
 171  445
 171  446
 172  447
 172  448
 173  449
 173  451
 174  452
 174  453
 175  454
 175  455
 176  456
 176  457
 177  458
 177  459
 178  460
 178  461
 179  462
 179  464
 180  465
 180  467
 181  468
 181  469
 182  470
 182  474
 183  475
 183  479
 184  480
 184  481
 185  482
 185  484
 186  485
 186  488
 187  489
 187  490
 188  491
 189  491
 191  493
 195  493
 196  494
 199  494
 200  495
 201  495
 203  497
 203  499
 204  500
 204  501
 205  502
 205  503
 206  504
 206  505
 207  506
 207  507
 210  510
 210  511
 219  520
 220  520
 222  522
 223  522
 224  523
 225  523
 227  521
 227  520
 229  518
 245  518
 247  520
 248  520
 249  519
 250  519
 253  516
 253  515
 254  514
 254  513
 255  512
 255  510
 259  506
 272  506
 273  505
 275  505
 279  501
 279  482
 281  480
 282  480
 283  479
 285  479
 286  478
 288  478
 289  477
 290  477
 291  476
 292  476
 292  475
 295  472
 295  469
 294  468
 294  467
 292  465
 292  464
 290  462
 290  461
 289  460
 289  445
 293  441
 294  441
 296  439
 297  439
 299  437
 299  436
 300  435
 300  432
 299  431
 299  430
 298  429
 298  428
 292  422
 292  407
 297  402
 297  400
 296  399
 296  398
 295  397
 295  396
 289  390
 289  389
 286  386
 285  386
 283  384
 281  384
 280  383
 279  383
 275  379
 275  377
 274  376
 274  375
 273  374
 273  372
 272  371
 272  370
 271  369
 270  369
 268  367
 267  367
 265  365
 264  365
 263  364
 261  364
 260  363
 260  349
 261  348
 270  348
 272  346
 273  346
 274  345
 275  345
 276  344
 277  344
 280  341
 281  341
 282  340
 282  339
 286  335
 287  335
 289  333
 290  333
 296  327
 296  325
 297  324
 297  323
 298  322
 298  320
 299  319
 299  316
 302  313
 302  312
 306  308
 306  307
 309  304
 309  303
 310  302
 310  300
 311  299
 311  294
 312  293
 312  284
 313  283
 313  282
 318  277
 318  276
 319  275
 319  273
 320  272
 320  270
 321  269
 321  263
 322  262
 322  257
 326  253
 326  252
 329  249
 329  247
 330  246
 330  245
 331  244
 331  242
 332  241
 332  239
 333  238
 333  237
 342  228
 342  227
 343  226
 343  225
 344  224
 344  223
 345  222
 345  220
 346  219
 346  216
 347  215
 347  214
 348  213
 348  212
 349  211
 349  210
 350  209
 350  208
 352  206
 352  189
 351  188
 351  186
 350  185
 350  184
 349  183
 349  181
 348  180
 348  179
 346  177
 346  176
 345  175
 345  174
 342  171
 341  171
 339  169
 338  169
 337  168
 336  168
 335  167
 333  167
 332  166
 330  166
 329  165
 325  165
 324  164
