 365   88
 364   89
 350   89
 349   90
 345   90
 344   91
 339   91
 338   92
 335   92
 334   93
 331   93
 330   94
 326   94
 325   95
 322   95
 321   96
 317   96
 316   97
 314   97
 313   98
 310   98
 309   99
 307   99
 306  100
 304  100
 303  101
 301  101
 300  102
 299  102
 298  103
 296  103
 295  104
 293  104
 292  105
 289  105
 288  106
 287  106
 286  107
 284  107
 283  108
 282  108
 281  109
 280  109
 279  110
 277  110
 276  111
 275  111
 274  112
 273  112
 272  113
 271  113
 270  114
 269  114
 268  115
 267  115
 266  116
 265  116
 264  117
 263  117
 262  118
 260  118
 258  120
 256  120
 255  121
 254  121
 252  123
 251  123
 250  124
 249  124
 248  125
 247  125
 246  126
 245  126
 244  127
 243  127
 242  128
 241  128
 240  129
 239  129
 238  130
 237  130
 235  132
 234  132
 232  134
 231  134
 230  135
 229  135
 228  136
 227  136
 225  138
 224  138
 223  139
 222  139
 220  141
 219  141
 217  143
 216  143
 215  144
 214  144
 212  146
 211  146
 209  148
 208  148
 206  150
 205  150
 203  152
 202  152
 200  154
 199  154
 197  156
 196  156
 194  158
 193  158
 191  160
 190  160
 188  162
 187  162
 185  164
 184  164
 182  166
 181  166
 179  168
 178  168
 175  171
 174  171
 171  174
 170  174
 167  177
 166  177
 164  179
 163  179
 159  183
 158  183
 153  188
 152  188
 146  194
 145  194
 103  236
 103  237
  97  243
  97  244
  90  251
  90  252
  84  258
  84  259
  80  263
  80  264
  77  267
  77  268
  75  270
  75  271
  73  273
  73  274
  71  276
  71  277
  69  279
  69  280
  68  281
  68  282
  66  284
  66  285
  65  286
  65  287
  63  289
  63  290
  62  291
  62  292
  60  294
  60  322
  61  323
  70  323
  71  324
  71  338
  70  339
  69  339
  67  341
  66  341
  64  343
  64  344
  63  345
  63  346
  62  347
  62  350
  61  351
  61  355
  60  356
  60  365
  59  366
  59  375
  58  376
  53  376
  52  377
  52  378
  51  379
  51  388
  52  389
  52  391
  53  392
  53  393
  55  395
  55  397
  56  398
  56  400
  57  401
  57  402
  58  403
  58  405
  59  406
  59  409
  60  410
  60  411
  61  412
  61  414
  62  415
  62  419
  63  420
  63  423
  64  424
  64  426
  65  427
  65  431
  66  432
  66  437
  67  438
  67  442
  68  443
  68  448
  69  449
  69  458
  70  459
  70  464
  71  465
  71  468
  72  469
  72  477
  73  478
  73  484
  74  485
  74  488
  75  489
  75  497
  76  498
  76  507
  77  508
  77  510
  78  511
  78  515
  79  516
  79  522
  80  523
  80  528
  81  529
  81  532
  82  533
  82  539
  83  540
  83  542
  84  543
  84  545
  85  546
  85  548
  86  549
  86  551
  87  552
  87  554
  89  556
  89  557
  90  558
  90  559
  94  563
  94  564
  97  567
  98  567
  99  568
 100  568
 101  569
 102  569
 103  570
 104  570
 105  571
 105  572
 107  574
 107  575
 109  577
 109  578
 110  579
 110  580
 111  581
 111  582
 113  584
 113  585
 114  586
 114  587
 117  590
 117  591
 119  593
 120  593
 122  595
 123  595
 124  596
 125  596
 126  597
 127  597
 128  598
 132  598
 133  597
 136  597
 137  596
 164  596
 165  597
 167  597
 168  598
 170  598
 171  599
 172  598
 173  598
 174  597
 175  597
 186  586
 187  586
 188  585
 189  585
 190  584
 191  584
 192  583
 193  583
 194  582
 197  582
 198  581
 211  581
 212  580
 215  580
 216  579
 217  579
 218  578
 218  577
 219  576
 219  575
 220  574
 220  573
 221  572
 221  571
 222  570
 222  569
 223  568
 223  567
 225  565
 225  564
 226  563
 226  562
 232  556
 233  556
 235  554
 236  554
 237  553
 238  553
 239  552
 240  552
 241  551
 243  551
 244  550
 245  550
 246  549
 247  549
 252  544
 252  543
 253  542
 253  540
 254  539
 254  538
 255  537
 255  515
 256  514
 256  512
 259  509
 259  508
 260  507
 261  507
 263  505
 265  505
 266  504
 267  504
 268  503
 271  503
 272  502
 274  502
 276  500
 276  499
 278  497
 277  496
 277  495
 276  494
 276  492
 275  491
 275  489
 274  488
 274  487
 273  486
 273  464
 274  463
 274  462
 275  461
 275  460
 280  455
 279  454
 279  451
 278  450
 278  449
 276  447
 276  446
 275  445
 275  444
 272  441
 272  440
 269  437
 269  436
 267  434
 267  433
 266  433
 265  432
 265  431
 262  428
 262  427
 259  424
 259  422
 258  421
 258  418
 257  417
 257  415
 256  414
 256  411
 255  410
 255  409
 254  408
 254  407
 252  405
 252  404
 248  400
 248  399
 234  385
 233  385
 227  379
 227  376
 217  376
 216  375
 216  361
 217  360
 234  360
 235  361
 235  362
 248  362
 249  361
 254  361
 255  360
 260  360
 261  359
 263  359
 264  358
 265  358
 266  357
 267  357
 269  355
 270  355
 274  351
 275  351
 278  348
 278  347
 279  346
 279  345
 285  339
 286  339
 287  338
 288  338
 288  337
 292  333
 292  332
 293  331
 293  329
 294  328
 294  324
 295  323
 299  323
 302  320
 302  319
 303  318
 303  316
 305  314
 305  313
 306  312
 306  310
 308  308
 308  307
 309  306
 309  304
 312  301
 312  300
 318  294
 318  293
 319  292
 319  291
 320  290
 320  289
 321  288
 321  287
 322  286
 322  284
 323  283
 323  281
 324  280
 324  279
 325  278
 325  276
 326  275
 326  272
 327  271
 327  269
 328  268
 328  267
 329  266
 329  264
 330  263
 330  262
 332  260
 332  258
 336  254
 336  252
 338  250
 338  249
 339  248
 339  247
 340  246
 340  245
 342  243
 342  241
 345  238
 345  237
 350  232
 351  232
 353  230
 354  230
 357  227
 358  227
 363  222
 363  221
 366  218
 366  216
 369  213
 369  212
 372  209
 372  208
 373  207
 373  206
 375  204
 375  203
 391  187
 391  186
 392  185
 392  184
 394  182
 394  181
 396  179
 396  178
 399  175
 399  174
 400  173
 400  172
 406  166
 406  165
 410  161
 410  160
 412  158
 412  157
 413  156
 413  155
 415  153
 415  152
 416  151
 416  150
 417  149
 417  148
 418  147
 418  146
 419  145
 419  143
 420  142
 420  141
 422  139
 422  138
 423  137
 423  135
 424  134
 424  133
 425  132
 425  130
 426  129
 426  127
 427  126
 427  122
 428  121
 428  119
 429  118
 429  111
 428  110
 428  109
 426  107
 426  106
 420  100
 419  100
 417   98
 416   98
 415   97
 414   97
 413   96
 411   96
 410   95
 408   95
 407   94
 405   94
 404   93
 403   93
 402   92
 399   92
 398   91
 394   91
 393   90
 389   90
 388   89
 377   89
 376   88
