 365  114
 364  115
 360  115
 359  116
 353  116
 352  117
 350  117
 349  118
 345  118
 344  119
 342  119
 341  120
 339  120
 338  121
 335  121
 334  122
 332  122
 331  123
 329  123
 328  124
 326  124
 325  125
 323  125
 322  126
 321  126
 320  127
 318  127
 317  128
 316  128
 315  129
 313  129
 312  130
 311  130
 310  131
 309  131
 308  132
 306  132
 305  133
 304  133
 303  134
 302  134
 301  135
 300  135
 299  136
 298  136
 297  137
 296  137
 295  138
 294  138
 293  139
 292  139
 291  140
 290  140
 288  142
 287  142
 285  144
 284  144
 283  145
 282  145
 280  147
 279  147
 277  149
 276  149
 274  151
 273  151
 271  153
 270  153
 268  155
 267  155
 265  157
 264  157
 262  159
 261  159
 259  161
 258  161
 255  164
 254  164
 251  167
 250  167
 248  169
 247  169
 245  171
 244  171
 241  174
 240  174
 236  178
 235  178
 231  182
 230  182
 226  186
 225  186
 221  190
 220  190
 216  194
 215  194
 210  199
 209  199
 202  206
 201  206
 193  214
 192  214
 186  220
 185  220
 177  228
 176  228
 160  244
 159  244
 159  245
 156  248
 155  248
 136  267
 136  268
 129  275
 129  276
 125  280
 125  281
 121  285
 121  286
 119  288
 119  289
 116  292
 116  293
 114  295
 114  296
 112  298
 112  299
 111  300
 111  301
 108  304
 108  305
 107  306
 107  307
 105  309
 105  311
 103  313
 103  314
 102  315
 102  316
 101  317
 101  318
 100  319
 100  320
  99  321
  99  322
  98  323
  98  326
  97  327
  97  328
  96  329
  96  331
  95  332
  95  336
  94  337
  94  338
  93  339
  93  340
  92  341
  92  345
  91  346
  91  349
  90  350
  90  351
  89  352
  89  354
  88  355
  88  356
  84  360
  84  367
  85  368
  91  368
  92  369
  92  383
  90  385
  90  388
  89  389
  89  392
  88  393
  88  396
  87  397
  79  397
  77  399
  77  497
  78  498
  78  499
  80  501
  80  502
  81  503
  81  505
  82  506
  82  507
  84  509
  84  510
  85  511
  85  513
  87  515
  87  516
  88  517
  88  518
  89  519
  89  520
  92  523
  92  524
  95  527
  95  528
  98  531
  98  532
 102  536
 102  537
 115  550
 116  550
 118  552
 119  552
 121  554
 122  554
 124  556
 125  556
 126  557
 127  557
 128  558
 129  558
 130  559
 131  559
 132  560
 133  560
 134  561
 135  561
 136  562
 138  562
 139  563
 141  563
 142  564
 157  564
 159  566
 159  567
 160  568
 160  569
 162  571
 163  571
 164  572
 165  572
 166  573
 167  573
 168  574
 169  574
 170  573
 174  573
 175  572
 179  572
 180  571
 183  571
 184  570
 185  570
 186  569
 187  569
 188  568
 189  568
 190  567
 191  567
 193  565
 194  565
 196  563
 197  563
 199  561
 200  561
 201  560
 202  560
 203  559
 204  559
 205  558
 206  558
 207  557
 208  557
 210  555
 211  555
 213  553
 214  553
 214  552
 217  549
 217  548
 219  546
 219  545
 220  544
 220  543
 221  542
 221  541
 222  540
 222  539
 224  537
 224  536
 234  526
 234  525
 235  524
 235  523
 237  521
 237  519
 238  518
 238  511
 239  510
 239  507
 240  506
 240  504
 241  503
 241  498
 242  497
 242  495
 243  494
 243  493
 244  492
 244  490
 245  489
 245  487
 246  486
 246  484
 247  483
 247  480
 248  479
 248  470
 249  469
 249  463
 250  462
 250  456
 251  455
 251  454
 250  453
 250  451
 249  450
 249  449
 248  448
 248  446
 245  443
 245  442
 244  441
 244  440
 241  437
 241  436
 238  433
 238  432
 231  425
 231  424
 230  423
 229  423
 220  414
 219  414
 215  410
 215  396
 217  394
 232  394
 233  393
 242  393
 243  392
 244  392
 244  382
 245  381
 269  381
 270  380
 281  380
 282  379
 283  379
 287  375
 287  374
 288  373
 289  373
 291  371
 293  371
 294  370
 295  370
 296  369
 297  369
 298  368
 306  368
 318  356
 318  355
 321  352
 321  351
 322  350
 322  349
 324  347
 324  346
 325  345
 325  344
 327  342
 327  341
 328  340
 328  338
 329  337
 329  336
 331  334
 331  332
 332  331
 332  330
 333  329
 333  328
 334  327
 334  326
 335  325
 335  323
 336  322
 336  321
 337  320
 337  319
 338  318
 338  317
 339  316
 339  314
 341  312
 341  310
 342  309
 342  307
 343  306
 343  305
 344  304
 344  303
 345  302
 345  299
 346  298
 346  297
 347  296
 347  295
 348  294
 348  292
 349  291
 349  289
 351  287
 351  285
 352  284
 352  282
 354  280
 354  278
 355  277
 355  275
 356  274
 356  273
 357  272
 357  271
 358  270
 358  267
 359  266
 359  265
 360  264
 360  263
 361  262
 361  261
 362  260
 362  258
 363  257
 363  256
 364  255
 364  252
 365  251
 365  248
 366  247
 366  246
 367  245
 367  243
 368  242
 368  238
 369  237
 369  235
 370  234
 370  233
 371  232
 371  230
 372  229
 372  228
 373  227
 373  226
 374  225
 374  224
 375  223
 375  221
 377  219
 377  218
 378  217
 378  216
 380  214
 380  213
 381  212
 381  211
 382  210
 382  209
 384  207
 384  206
 385  205
 385  203
 387  201
 387  200
 388  199
 388  197
 389  196
 389  193
 390  192
 390  191
 391  190
 391  188
 392  187
 392  186
 393  185
 393  184
 395  182
 395  179
 396  178
 396  177
 397  176
 397  175
 398  174
 398  171
 399  170
 399  167
 400  166
 400  164
 401  163
 401  159
 402  158
 402  144
 403  143
 403  142
 401  140
 401  139
 400  139
 398  137
 398  130
 397  129
 397  127
 396  126
 396  125
 395  124
 395  123
 393  121
 392  121
 390  119
 389  119
 388  118
 386  118
 385  117
 384  117
 383  116
 380  116
 379  115
 375  115
 374  114
