 307  187
 306  188
 297  188
 296  189
 293  189
 292  190
 289  190
 288  191
 286  191
 285  192
 283  192
 282  193
 279  193
 278  194
 277  194
 276  195
 274  195
 273  196
 272  196
 271  197
 269  197
 268  198
 267  198
 266  199
 264  199
 263  200
 262  200
 261  201
 260  201
 259  202
 257  202
 256  203
 255  203
 254  204
 253  204
 252  205
 251  205
 250  206
 249  206
 248  207
 247  207
 246  208
 245  208
 243  210
 242  210
 241  211
 240  211
 239  212
 238  212
 237  213
 236  213
 235  214
 234  214
 233  215
 232  215
 230  217
 229  217
 227  219
 226  219
 224  221
 223  221
 221  223
 220  223
 218  225
 217  225
 215  227
 214  227
 212  229
 211  229
 208  232
 207  232
 204  235
 203  235
 200  238
 199  238
 196  241
 195  241
 190  246
 189  246
 189  247
 177  259
 176  259
 171  264
 171  265
 170  266
 169  266
 167  268
 167  269
 164  272
 163  272
 161  274
 161  275
 159  277
 158  277
 157  278
 157  279
 147  289
 147  290
 141  296
 141  297
 136  302
 133  302
 131  304
 131  313
 132  314
 132  315
 133  316
 140  316
 141  317
 141  333
 140  334
 140  335
 139  336
 139  337
 138  338
 138  343
 137  344
 137  358
 136  359
 136  386
 137  387
 137  388
 138  388
 139  389
 142  389
 143  390
 143  392
 144  393
 144  397
 145  398
 145  399
 146  400
 146  401
 147  402
 147  403
 148  404
 148  405
 149  406
 149  407
 150  408
 150  409
 151  410
 151  411
 152  412
 152  413
 153  414
 153  415
 154  416
 154  418
 155  419
 155  421
 156  422
 156  423
 157  424
 157  427
 158  428
 158  429
 159  430
 159  431
 160  432
 160  435
 161  436
 161  439
 162  440
 162  441
 163  442
 163  444
 164  445
 164  448
 165  449
 165  450
 166  451
 166  453
 167  454
 167  457
 168  458
 168  459
 169  460
 169  461
 171  463
 171  464
 172  465
 172  466
 175  469
 175  470
 179  474
 180  474
 181  475
 193  475
 194  476
 194  490
 195  491
 195  493
 197  495
 197  496
 200  499
 201  499
 202  500
 204  500
 205  499
 206  499
 206  497
 207  496
 223  496
 224  497
 225  496
 226  496
 227  495
 228  495
 228  494
 229  493
 229  481
 230  480
 245  480
 247  482
 249  482
 249  481
 250  480
 250  462
 253  459
 258  459
 259  458
 261  458
 264  455
 264  454
 265  453
 265  436
 267  434
 268  434
 269  433
 272  433
 273  432
 274  432
 277  429
 276  428
 276  409
 279  406
 280  406
 281  405
 281  404
 280  403
 280  402
 277  399
 277  382
 276  381
 276  380
 275  379
 275  378
 273  376
 273  375
 265  367
 265  349
 266  348
 266  347
 267  346
 268  346
 269  345
 276  345
 277  344
 279  344
 280  343
 281  343
 282  342
 283  342
 286  339
 286  336
 287  335
 287  334
 289  332
 293  332
 294  331
 295  331
 295  330
 296  329
 296  327
 297  326
 297  323
 298  322
 298  315
 299  314
 300  314
 301  313
 303  313
 304  312
 305  312
 307  310
 307  307
 308  306
 308  290
 310  288
 312  288
 313  287
 313  285
 314  284
 314  283
 315  282
 315  270
 316  269
 317  269
 318  268
 319  268
 321  266
 321  265
 323  263
 323  261
 324  260
 324  254
 327  251
 328  251
 331  248
 331  247
 333  245
 333  242
 334  241
 334  237
 336  235
 337  235
 340  232
 340  230
 341  229
 341  222
 344  219
 345  219
 347  217
 347  202
 348  201
 348  199
 344  195
 342  195
 341  194
 340  194
 339  193
 338  193
 337  192
 335  192
 334  191
 333  191
 332  190
 331  190
 330  189
 328  189
 327  188
 321  188
 320  187
