 300  146
 299  147
 296  147
 295  148
 291  148
 290  149
 288  149
 287  150
 285  150
 284  151
 283  151
 282  152
 281  152
 280  153
 279  153
 278  154
 277  154
 275  156
 274  156
 273  157
 272  157
 270  159
 269  159
 267  161
 266  161
 265  162
 264  162
 262  164
 261  164
 259  166
 258  166
 254  170
 253  170
 239  184
 238  184
 232  190
 232  191
 230  193
 229  193
 229  194
 218  205
 218  206
 212  212
 212  213
 210  215
 209  215
 205  219
 205  220
 201  224
 201  225
 199  227
 199  228
 197  230
 197  231
 195  233
 195  234
 191  238
 191  239
 186  244
 186  245
 185  246
 185  247
 182  250
 182  251
 181  252
 181  253
 178  256
 178  257
 175  260
 175  261
 172  264
 172  265
 171  266
 171  267
 168  270
 168  271
 165  274
 165  275
 163  277
 162  277
 162  278
 160  280
 160  281
 158  283
 158  284
 157  285
 157  286
 155  288
 155  290
 154  291
 154  292
 150  296
 150  297
 149  298
 149  327
 147  329
 147  353
 149  355
 150  355
 155  360
 155  361
 158  364
 158  365
 159  366
 159  367
 160  368
 160  370
 161  371
 161  372
 162  373
 162  374
 163  375
 163  376
 164  377
 164  379
 165  380
 165  381
 166  382
 166  383
 167  384
 167  385
 168  386
 168  387
 169  388
 169  389
 171  391
 171  393
 172  394
 172  395
 174  397
 174  398
 175  399
 175  400
 178  403
 178  404
 179  405
 179  406
 181  408
 181  409
 182  410
 182  411
 186  415
 186  416
 188  418
 188  419
 190  421
 190  422
 193  425
 193  426
 196  429
 196  430
 199  433
 199  434
 201  436
 201  437
 205  441
 205  442
 207  444
 207  445
 209  447
 209  448
 210  449
 210  450
 215  455
 215  456
 216  456
 218  458
 219  458
 221  460
 222  460
 224  462
 225  462
 229  466
 229  467
 230  468
 230  473
 231  474
 231  488
 232  489
 232  490
 233  490
 234  491
 234  492
 235  493
 236  493
 240  489
 241  489
 243  487
 258  487
 260  489
 260  492
 261  493
 261  495
 262  496
 263  496
 270  489
 290  489
 297  496
 294  493
 294  492
 283  481
 283  480
 282  479
 282  478
 281  477
 281  458
 282  457
 282  456
 283  455
 283  454
 286  451
 282  447
 282  446
 278  442
 278  441
 276  439
 276  420
 277  419
 277  418
 278  417
 278  415
 279  414
 279  413
 281  411
 281  410
 283  408
 280  405
 280  404
 279  403
 279  402
 278  401
 278  384
 279  383
 279  381
 280  380
 280  378
 281  377
 281  375
 283  373
 280  370
 280  369
 278  367
 278  359
 277  358
 277  351
 270  344
 269  344
 267  342
 266  342
 264  340
 263  340
 262  339
 261  339
 260  338
 259  338
 257  336
 256  336
 255  335
 253  335
 252  334
 250  334
 249  333
 248  333
 247  332
 246  332
 245  331
 244  331
 243  330
 242  330
 241  329
 239  329
 238  328
 237  328
 236  327
 236  320
 232  320
 231  319
 231  318
 230  317
 230  302
 231  301
 231  298
 232  297
 247  297
 248  298
 248  308
 254  308
 257  311
 257  312
 258  313
 258  314
 260  316
 263  316
 264  315
 274  315
 275  314
 277  314
 279  312
 280  312
 283  309
 283  308
 286  305
 286  304
 288  302
 288  301
 290  299
 290  297
 291  296
 291  295
 292  294
 292  293
 293  292
 293  291
 294  290
 294  288
 295  287
 295  285
 296  284
 296  280
 297  279
 297  268
 298  267
 298  262
 299  261
 299  258
 300  257
 300  250
 301  249
 301  242
 302  241
 302  238
 303  237
 303  232
 304  231
 304  222
 305  221
 305  218
 306  217
 306  215
 307  214
 307  210
 308  209
 308  206
 309  205
 309  202
 310  201
 310  196
 311  195
 311  191
 312  190
 312  189
 313  188
 313  185
 314  184
 314  179
 315  178
 315  175
 316  174
 316  172
 317  171
 317  166
 318  165
 318  162
 319  161
 319  159
 320  158
 320  153
 318  151
 318  150
 317  149
 316  149
 315  148
 312  148
 311  147
 308  147
 307  146
