 339   74
 338   75
 331   75
 330   76
 322   76
 321   77
 318   77
 317   78
 311   78
 310   79
 307   79
 306   80
 301   80
 300   81
 296   81
 295   82
 293   82
 292   83
 288   83
 287   84
 286   84
 285   85
 283   85
 282   86
 280   86
 279   87
 278   87
 277   88
 275   88
 274   89
 273   89
 272   90
 270   90
 269   91
 268   91
 267   92
 265   92
 263   94
 261   94
 260   95
 259   95
 258   96
 256   96
 254   98
 252   98
 251   99
 250   99
 249  100
 248  100
 247  101
 246  101
 245  102
 244  102
 243  103
 242  103
 240  105
 239  105
 238  106
 237  106
 236  107
 235  107
 234  108
 233  108
 232  109
 231  109
 230  110
 229  110
 228  111
 227  111
 226  112
 225  112
 223  114
 221  114
 218  117
 217  117
 216  118
 215  118
 214  119
 213  119
 212  120
 211  120
 210  121
 209  121
 207  123
 206  123
 204  125
 203  125
 201  127
 200  127
 199  128
 198  128
 196  130
 195  130
 193  132
 192  132
 190  134
 189  134
 186  137
 185  137
 182  140
 181  140
 179  142
 178  142
 176  144
 175  144
 174  145
 172  145
 171  146
 168  146
 167  147
 164  147
 163  148
 161  148
 160  149
 159  149
 158  150
 157  150
 155  152
 154  152
 153  153
 152  153
 149  156
 148  156
 128  176
 128  177
 126  179
 125  179
 122  182
 122  183
 101  204
 101  205
  99  207
  98  207
  95  210
  95  211
  90  216
  90  217
  89  218
  88  218
  85  221
  85  222
  80  227
  80  228
  71  237
  71  238
  69  240
  68  240
  68  241
  63  246
  63  248
  62  249
  62  316
  64  318
  74  318
  75  319
  75  334
  74  335
  74  337
  73  338
  73  342
  72  343
  72  364
  73  365
  73  366
  74  367
  74  368
  76  370
  76  371
  81  376
  84  376
  85  377
  89  377
  90  378
  92  378
  94  380
  96  380
  97  381
 101  381
 102  382
 104  382
 105  383
 108  383
 109  384
 110  384
 111  385
 112  385
 117  390
 117  391
 123  397
 123  398
 124  399
 124  404
 125  405
 125  429
 123  431
 122  431
 121  432
 121  433
 120  434
 120  450
 121  451
 121  455
 122  456
 122  458
 123  459
 123  466
 124  467
 124  476
 125  477
 125  479
 126  480
 126  482
 127  483
 127  487
 128  488
 128  489
 129  490
 129  491
 130  492
 130  494
 131  495
 131  496
 132  497
 132  498
 134  500
 134  502
 135  503
 135  504
 137  506
 137  507
 138  508
 138  509
 141  512
 141  516
 142  517
 142  521
 143  522
 143  528
 144  529
 144  550
 145  551
 145  552
 147  554
 147  555
 149  557
 149  558
 150  559
 150  563
 151  564
 151  568
 152  569
 152  570
 153  571
 153  574
 154  575
 154  580
 155  581
 155  583
 156  584
 156  585
 160  589
 162  589
 163  590
 166  590
 167  591
 169  591
 170  592
 187  592
 188  593
 188  595
 190  597
 190  599
 193  602
 194  602
 195  603
 202  603
 203  604
 204  604
 205  605
 206  605
 207  606
 208  606
 212  610
 213  610
 215  612
 216  612
 217  613
 218  612
 219  612
 224  607
 224  606
 226  604
 226  602
 227  601
 227  598
 228  597
 228  595
 229  594
 229  564
 230  563
 245  563
 246  564
 246  568
 247  569
 247  575
 248  576
 248  586
 249  587
 249  588
 251  590
 252  590
 254  592
 257  592
 260  589
 260  588
 261  587
 261  586
 262  585
 262  568
 263  567
 263  553
 264  552
 264  551
 266  549
 266  548
 269  545
 270  545
 272  543
 276  543
 277  542
 278  542
 279  541
 281  541
 287  535
 287  534
 289  532
 289  531
 290  530
 290  523
 289  522
 289  517
 288  516
 288  514
 287  513
 287  510
 286  509
 286  491
 287  490
 287  484
 288  483
 288  482
 289  481
 289  480
 292  477
 293  477
 294  476
 296  476
 297  475
 298  475
 299  474
 300  474
 301  473
 302  473
 303  472
 303  471
 306  468
 306  467
 307  466
 307  462
 306  461
 306  459
 305  458
 305  457
 304  456
 304  454
 303  453
 303  452
 300  449
 300  447
 299  446
 299  425
 300  424
 307  424
 308  423
 309  423
 313  419
 313  416
 312  415
 312  413
 311  412
 311  410
 310  409
 310  406
 309  405
 309  404
 308  403
 308  402
 307  401
 307  400
 306  399
 306  398
 297  389
 297  387
 296  386
 296  385
 295  384
 295  382
 294  381
 294  369
 293  368
 293  367
 291  365
 291  364
 284  357
 283  357
 279  353
 278  353
 273  348
 273  329
 274  328
 276  328
 277  327
 297  327
 298  326
 302  326
 303  325
 305  325
 306  324
 308  324
 314  318
 319  318
 324  313
 324  312
 326  310
 326  309
 327  308
 327  306
 329  304
 329  303
 330  302
 330  301
 331  300
 331  299
 332  298
 332  297
 333  296
 333  294
 334  293
 334  291
 344  281
 344  279
 346  277
 346  275
 347  274
 347  273
 348  272
 348  270
 349  269
 349  268
 350  267
 350  265
 351  264
 351  262
 352  261
 352  259
 353  258
 353  255
 354  254
 354  251
 357  248
 357  247
 360  244
 360  242
 361  241
 361  240
 362  239
 362  238
 363  237
 363  235
 364  234
 364  231
 365  230
 365  228
 366  227
 366  225
 367  224
 367  213
 373  207
 373  206
 374  205
 374  203
 375  202
 375  201
 376  200
 376  199
 377  198
 377  197
 380  194
 380  192
 381  191
 381  188
 382  187
 382  186
 384  184
 384  183
 385  182
 386  182
 389  179
 389  178
 391  176
 391  175
 392  174
 392  173
 393  172
 393  171
 394  170
 394  169
 396  167
 396  166
 397  165
 397  163
 398  162
 398  161
 399  160
 399  159
 400  158
 400  156
 401  155
 401  153
 402  152
 402  151
 403  150
 403  149
 404  148
 404  146
 405  145
 405  144
 406  143
 406  142
 407  141
 407  140
 408  139
 408  138
 410  136
 410  134
 411  133
 411  131
 412  130
 412  129
 413  128
 413  127
 414  126
 414  123
 415  122
 415  121
 416  120
 416  118
 417  117
 417  114
 418  113
 418   98
 417   97
 417   95
 413   91
 412   91
 411   90
 410   90
 409   89
 408   89
 407   88
 406   88
 405   87
 404   87
 402   85
 400   85
 399   84
 398   84
 397   83
 396   83
 395   82
 394   82
 393   81
 390   81
 389   80
 387   80
 386   79
 383   79
 382   78
 378   78
 377   77
 373   77
 372   76
 361   76
 360   75
 352   75
 351   74
