 328  123
 327  124
 320  124
 319  125
 316  125
 315  126
 313  126
 312  127
 309  127
 308  128
 306  128
 305  129
 303  129
 302  130
 301  130
 300  131
 298  131
 297  132
 296  132
 295  133
 293  133
 292  134
 291  134
 290  135
 288  135
 287  136
 285  136
 284  137
 283  137
 282  138
 280  138
 279  139
 278  139
 277  140
 276  140
 275  141
 274  141
 273  142
 272  142
 271  143
 270  143
 269  144
 268  144
 267  145
 266  145
 281  145
 282  146
 283  146
 284  147
 284  148
 286  150
 286  164
 283  167
 283  168
 281  170
 267  170
 266  169
 266  167
 265  167
 263  165
 263  164
 262  163
 262  148
 264  146
 263  147
 262  147
 260  149
 259  149
 258  150
 257  150
 255  152
 254  152
 253  153
 252  153
 250  155
 249  155
 248  156
 247  156
 245  158
 244  158
 242  160
 241  160
 239  162
 238  162
 237  163
 236  163
 234  165
 233  165
 231  167
 230  167
 228  169
 227  169
 224  172
 223  172
 220  175
 219  175
 215  179
 214  179
 206  187
 205  187
 182  210
 182  211
 175  218
 175  219
 171  223
 171  224
 168  227
 168  228
 167  229
 167  230
 164  233
 164  234
 161  237
 161  238
 159  240
 159  241
 158  242
 158  244
 157  245
 157  246
 151  252
 151  253
 150  254
 150  255
 149  256
 149  257
 147  259
 146  259
 144  261
 143  261
 142  262
 142  263
 141  264
 141  265
 140  266
 140  272
 134  278
 133  278
 132  279
 132  280
 131  281
 131  283
 130  284
 130  289
 122  297
 122  299
 121  300
 121  304
 120  305
 115  305
 114  306
 113  306
 113  307
 112  308
 112  336
 113  336
 114  337
 123  337
 124  338
 124  352
 120  356
 120  358
 119  359
 119  362
 118  363
 118  368
 117  369
 117  370
 116  371
 114  371
 112  373
 112  384
 113  385
 113  387
 114  388
 114  390
 115  391
 115  392
 116  393
 116  396
 117  397
 117  402
 118  403
 118  406
 119  407
 119  409
 120  410
 120  416
 121  417
 121  421
 122  422
 122  426
 123  427
 123  435
 124  436
 124  441
 125  442
 125  446
 126  447
 126  456
 127  457
 127  465
 128  466
 128  469
 129  470
 129  476
 130  477
 130  491
 131  492
 131  495
 132  496
 132  498
 133  499
 133  501
 134  502
 134  504
 136  506
 136  507
 140  511
 141  511
 142  512
 143  512
 144  513
 146  513
 147  514
 152  514
 153  515
 153  529
 150  532
 150  535
 151  536
 151  537
 154  540
 154  541
 157  544
 157  545
 158  546
 159  546
 161  548
 162  548
 163  549
 164  549
 165  550
 166  550
 169  547
 185  547
 187  549
 187  550
 188  551
 188  553
 189  554
 189  555
 190  556
 190  557
 196  563
 197  563
 198  564
 202  564
 206  560
 206  559
 207  558
 207  556
 208  555
 208  554
 209  553
 209  552
 212  549
 229  549
 234  554
 235  554
 237  556
 238  556
 240  558
 241  558
 243  560
 244  560
 245  561
 246  561
 247  562
 250  559
 250  545
 249  544
 249  541
 248  540
 248  524
 250  522
 250  521
 251  520
 252  520
 253  519
 270  519
 271  518
 272  518
 274  516
 274  515
 275  514
 275  509
 274  508
 274  504
 273  503
 273  487
 274  486
 291  486
 292  485
 293  485
 294  484
 295  484
 296  483
 296  482
 297  481
 297  477
 296  476
 296  474
 295  473
 295  472
 291  468
 291  453
 292  452
 303  452
 306  449
 306  447
 307  446
 306  445
 306  442
 305  441
 305  440
 304  439
 304  436
 303  435
 303  433
 302  432
 302  431
 301  430
 301  429
 300  428
 300  427
 298  425
 297  425
 296  424
 291  424
 287  420
 287  405
 288  404
 289  404
 287  402
 287  400
 285  398
 285  397
 283  395
 283  394
 281  392
 281  391
 278  388
 278  387
 272  381
 271  381
 268  378
 267  378
 266  377
 265  377
 264  376
 263  376
 262  375
 261  375
 260  374
 259  374
 257  372
 256  372
 253  369
 252  369
 248  365
 248  351
 249  350
 263  350
 264  351
 265  351
 266  352
 268  352
 269  353
 275  353
 276  352
 279  352
 280  351
 282  351
 283  350
 286  350
 287  349
 292  349
 293  348
 299  348
 300  347
 302  347
 304  345
 304  341
 307  338
 312  338
 313  337
 314  337
 315  336
 316  336
 320  332
 320  331
 323  328
 323  327
 324  326
 324  324
 325  323
 325  322
 326  321
 326  304
 327  303
 329  303
 330  302
 331  302
 332  301
 333  301
 333  300
 334  299
 334  298
 335  297
 335  296
 336  295
 336  293
 337  292
 336  291
 336  290
 334  288
 334  273
 336  271
 338  271
 339  270
 340  270
 344  266
 344  265
 345  264
 345  263
 346  262
 346  257
 343  254
 343  240
 344  239
 345  239
 346  238
 347  238
 350  235
 350  233
 351  232
 351  228
 350  227
 350  212
 351  211
 352  211
 353  210
 354  210
 357  207
 357  206
 358  205
 358  204
 359  203
 359  202
 360  201
 360  186
 361  185
 362  185
 362  184
 364  182
 364  179
 365  178
 365  176
 366  175
 366  161
 367  160
 367  158
 368  157
 368  155
 369  154
 368  153
 368  151
 366  149
 366  148
 365  147
 365  135
 364  134
 364  133
 363  132
 363  131
 360  128
 359  128
 358  127
 357  127
 356  126
 355  126
 354  125
 352  125
 351  124
 345  124
 344  123
