 333  121
 332  122
 329  122
 328  123
 323  123
 322  124
 320  124
 319  125
 316  125
 315  126
 313  126
 312  127
 310  127
 309  128
 307  128
 306  129
 305  129
 304  130
 301  130
 300  131
 299  131
 298  132
 297  132
 296  133
 294  133
 293  134
 292  134
 291  135
 290  135
 289  136
 287  136
 286  137
 285  137
 284  138
 283  138
 282  139
 281  139
 280  140
 279  140
 278  141
 277  141
 276  142
 275  142
 274  143
 273  143
 272  144
 271  144
 270  145
 269  145
 268  146
 267  146
 266  147
 265  147
 264  148
 263  148
 262  149
 261  149
 260  150
 259  150
 257  152
 256  152
 255  153
 254  153
 253  154
 252  154
 250  156
 249  156
 248  157
 247  157
 245  159
 244  159
 243  160
 242  160
 240  162
 239  162
 237  164
 236  164
 234  166
 233  166
 231  168
 230  168
 229  169
 228  169
 225  172
 224  172
 222  174
 221  174
 219  176
 218  176
 216  178
 215  178
 212  181
 211  181
 209  183
 208  183
 205  186
 204  186
 202  188
 201  188
 198  191
 197  191
 194  194
 193  194
 191  196
 190  196
 185  201
 184  201
 178  207
 177  207
 170  214
 169  214
 161  222
 161  223
 155  229
 154  229
 151  232
 151  233
 146  238
 146  239
 143  242
 143  243
 141  245
 141  246
 140  247
 140  248
 137  251
 137  252
 134  255
 134  256
 132  258
 132  259
 130  261
 130  262
 127  265
 127  266
 125  268
 125  269
 123  271
 123  272
 121  274
 121  275
 120  276
 120  277
 118  279
 118  280
 117  281
 117  282
 115  284
 115  285
 114  286
 114  287
 113  288
 113  289
 111  291
 111  293
 110  294
 110  295
 109  296
 109  297
 108  298
 108  299
 107  300
 107  302
 105  304
 105  306
 104  307
 104  308
 102  310
 102  311
  99  314
  97  314
  96  315
  95  315
  95  332
  96  333
 109  333
 110  334
 110  348
 106  352
 106  353
 102  357
 102  379
 103  380
 103  382
 104  383
 104  386
 105  387
 105  388
 107  390
 107  392
 109  394
 109  395
 111  397
 111  399
 113  401
 113  402
 114  403
 114  404
 115  405
 115  406
 117  408
 117  409
 118  410
 118  411
 120  413
 120  414
 121  415
 121  416
 122  417
 122  418
 124  420
 124  421
 125  422
 125  423
 127  425
 127  426
 128  427
 128  428
 130  430
 130  431
 131  432
 131  434
 132  435
 132  436
 133  437
 133  438
 134  439
 134  441
 136  443
 136  445
 137  446
 137  448
 138  449
 138  451
 139  452
 139  453
 140  454
 140  456
 141  457
 141  459
 143  461
 143  463
 144  464
 144  466
 145  467
 145  469
 146  470
 146  471
 147  472
 147  477
 148  478
 148  480
 149  481
 149  482
 150  483
 150  484
 151  485
 151  488
 152  489
 152  490
 153  491
 153  492
 154  493
 154  497
 155  498
 155  499
 156  500
 156  502
 157  503
 157  506
 158  507
 158  509
 160  511
 160  512
 161  513
 161  514
 164  517
 164  518
 169  523
 171  523
 172  524
 174  524
 175  525
 178  525
 179  526
 182  526
 183  527
 184  527
 189  532
 189  533
 192  536
 192  537
 193  538
 193  539
 194  540
 194  541
 195  542
 195  544
 197  546
 197  547
 198  548
 198  549
 199  550
 199  551
 201  553
 201  554
 209  562
 210  562
 211  563
 212  563
 213  564
 214  564
 215  565
 217  565
 218  566
 222  566
 223  567
 225  567
 226  566
 231  566
 232  565
 247  565
 248  566
 252  566
 253  565
 255  565
 256  564
 257  564
 258  563
 259  563
 260  562
 261  562
 262  561
 263  561
 264  560
 265  560
 266  559
 268  559
 269  558
 270  558
 271  557
 272  557
 274  555
 279  555
 282  552
 282  551
 283  550
 283  530
 284  529
 284  527
 285  526
 285  525
 292  518
 292  517
 294  515
 294  509
 293  508
 293  506
 292  505
 292  504
 291  503
 291  502
 290  501
 290  500
 288  498
 288  497
 287  496
 287  494
 286  493
 286  492
 285  491
 285  490
 284  489
 284  466
 285  465
 285  464
 287  462
 287  459
 286  458
 286  457
 284  455
 284  453
 282  451
 282  450
 281  449
 281  448
 280  447
 280  426
 281  425
 281  424
 280  423
 280  422
 277  419
 277  418
 270  411
 270  410
 267  407
 267  405
 265  403
 265  402
 264  401
 264  398
 263  397
 263  393
 262  392
 262  391
 255  384
 254  384
 253  383
 253  382
 252  381
 251  381
 248  378
 247  378
 242  373
 241  373
 238  370
 237  370
 234  367
 233  367
 230  364
 229  364
 227  362
 226  362
 224  360
 223  360
 222  359
 221  359
 220  358
 220  342
 221  341
 254  341
 255  340
 258  340
 259  339
 261  339
 262  338
 263  338
 268  333
 272  333
 273  332
 273  331
 275  329
 275  328
 277  326
 277  325
 280  322
 280  321
 284  317
 284  316
 287  313
 287  312
 291  308
 291  307
 294  304
 294  303
 296  301
 296  300
 297  299
 297  297
 298  296
 298  295
 299  294
 299  293
 300  292
 300  290
 301  289
 301  288
 303  286
 303  285
 304  284
 304  283
 307  280
 307  279
 309  277
 309  276
 310  275
 310  274
 311  273
 311  272
 312  271
 312  270
 313  269
 313  268
 314  267
 314  265
 315  264
 315  263
 316  262
 316  261
 317  260
 317  258
 320  255
 320  254
 323  251
 323  250
 327  246
 327  245
 329  243
 329  242
 330  241
 330  240
 331  239
 331  238
 332  237
 332  236
 333  235
 333  233
 334  232
 334  229
 335  228
 335  227
 337  225
 337  224
 340  221
 340  220
 343  217
 343  216
 344  215
 344  214
 346  212
 346  211
 347  210
 347  209
 348  208
 348  207
 350  205
 350  204
 352  202
 352  201
 360  193
 360  192
 361  191
 361  190
 363  188
 363  187
 364  186
 364  185
 367  182
 367  181
 368  180
 368  179
 370  177
 370  176
 373  173
 373  172
 375  170
 375  169
 377  167
 377  166
 378  165
 378  164
 380  162
 380  161
 381  160
 381  158
 382  157
 382  156
 383  155
 383  154
 384  153
 384  150
 385  149
 385  143
 386  142
 386  141
 385  140
 385  137
 384  136
 384  135
 383  134
 383  133
 379  129
 378  129
 376  127
 375  127
 374  126
 373  126
 372  125
 370  125
 369  124
 367  124
 366  123
 361  123
 360  122
 357  122
 356  121
