 355   62
 354   63
 349   63
 348   64
 342   64
 341   65
 338   65
 337   66
 334   66
 333   67
 331   67
 330   68
 328   68
 327   69
 326   69
 325   70
 323   70
 322   71
 321   71
 320   72
 319   72
 318   73
 316   73
 315   74
 314   74
 313   75
 311   75
 310   76
 309   76
 308   77
 307   77
 306   78
 305   78
 304   79
 302   79
 301   80
 300   80
 299   81
 298   81
 297   82
 295   82
 294   83
 293   83
 292   84
 291   84
 290   85
 289   85
 288   86
 286   86
 285   87
 284   87
 283   88
 282   88
 281   89
 280   89
 279   90
 278   90
 277   91
 275   91
 273   93
 271   93
 270   94
 269   94
 268   95
 267   95
 266   96
 265   96
 264   97
 263   97
 262   98
 261   98
 260   99
 258   99
 257  100
 256  100
 255  101
 254  101
 253  102
 252  102
 251  103
 250  103
 249  104
 248  104
 246  106
 245  106
 244  107
 243  107
 242  108
 241  108
 239  110
 238  110
 237  111
 236  111
 235  112
 234  112
 233  113
 232  113
 231  114
 230  114
 228  116
 227  116
 226  117
 225  117
 223  119
 222  119
 220  121
 219  121
 216  124
 215  124
 212  127
 211  127
 208  130
 207  130
 202  135
 201  135
 195  141
 194  141
 189  146
 188  146
 183  151
 182  151
 174  159
 173  159
 166  166
 165  166
 138  193
 138  194
 134  198
 134  199
 127  206
 127  207
 121  213
 121  214
 117  218
 117  219
 111  225
 111  226
 108  229
 108  230
 105  233
 105  234
 102  237
 102  238
 100  240
 100  241
  97  244
  97  245
  93  249
  93  250
  90  253
  90  254
  87  257
  87  258
  85  260
  85  261
  83  263
  83  264
  80  267
  80  269
  77  272
  77  274
  75  276
  75  287
  74  288
  68  288
  67  289
  67  290
  65  292
  65  357
  63  359
  63  394
  64  395
  64  397
  66  399
  66  400
  67  401
  67  403
  69  405
  69  406
  70  407
  70  409
  71  410
  71  411
  73  413
  73  415
  74  416
  74  418
  76  420
  76  422
  77  423
  77  426
  78  427
  78  428
  79  429
  79  431
  80  432
  80  434
  81  435
  81  436
  82  437
  82  438
  83  439
  83  443
  84  444
  84  446
  85  447
  85  448
  86  449
  86  450
  87  451
  87  454
  88  455
  88  456
  89  457
  89  458
  90  459
  90  465
  91  466
  91  469
  92  470
  92  471
  93  472
  93  482
  94  483
  94  491
  95  492
  95  496
  96  497
  96  504
  97  505
  97  516
  98  517
  98  522
  99  523
  99  527
 100  528
 100  542
 101  543
 101  550
 102  551
 102  555
 103  556
 103  559
 104  560
 104  563
 105  564
 105  565
 107  567
 107  568
 108  569
 108  570
 114  576
 115  576
 117  578
 118  578
 122  582
 122  583
 123  584
 123  585
 124  586
 124  587
 126  589
 126  590
 127  591
 127  594
 128  595
 128  596
 129  597
 129  599
 130  600
 130  604
 131  605
 131  607
 133  609
 133  610
 134  611
 134  613
 137  616
 137  617
 144  624
 145  624
 146  625
 147  625
 148  626
 149  626
 150  625
 151  625
 152  624
 153  624
 155  622
 156  622
 158  620
 159  620
 160  619
 188  619
 190  617
 191  617
 194  614
 194  613
 196  611
 196  610
 197  609
 197  608
 199  606
 199  605
 203  601
 203  600
 204  599
 205  599
 206  598
 207  598
 208  597
 225  597
 230  592
 230  582
 231  581
 231  574
 232  573
 232  572
 233  571
 233  569
 236  566
 236  565
 240  561
 241  561
 243  559
 244  559
 245  558
 246  558
 247  557
 250  557
 251  556
 252  556
 253  555
 254  555
 256  553
 257  553
 258  552
 258  551
 260  549
 260  540
 259  539
 259  538
 258  537
 258  536
 257  535
 257  533
 256  532
 256  514
 257  513
 257  511
 259  509
 259  503
 260  502
 269  502
 270  501
 271  501
 272  500
 273  500
 276  497
 276  496
 277  495
 277  493
 276  492
 276  490
 274  488
 274  487
 273  486
 273  464
 274  463
 274  462
 275  461
 275  460
 278  457
 279  457
 284  452
 284  451
 286  449
 286  448
 285  447
 285  446
 284  445
 284  443
 283  442
 283  441
 280  438
 280  437
 268  425
 268  424
 267  423
 267  422
 266  421
 266  419
 264  417
 264  416
 263  415
 263  411
 262  410
 262  402
 261  401
 261  400
 260  399
 260  398
 256  394
 256  393
 245  382
 244  382
 239  377
 238  377
 232  371
 231  371
 228  368
 227  368
 225  366
 224  366
 221  363
 220  363
 217  360
 216  360
 215  359
 214  359
 213  358
 213  344
 214  343
 263  343
 264  342
 267  342
 268  341
 271  341
 272  340
 273  340
 274  339
 276  339
 277  338
 278  338
 279  337
 280  337
 282  335
 283  335
 287  331
 287  330
 294  323
 294  322
 297  319
 297  317
 299  315
 299  314
 301  312
 301  311
 306  306
 306  304
 307  303
 307  301
 308  300
 309  300
 310  299
 311  299
 313  297
 313  296
 315  294
 315  293
 316  292
 316  290
 317  289
 317  287
 318  286
 318  284
 319  283
 319  280
 320  279
 320  264
 321  263
 324  263
 325  262
 326  262
 327  261
 329  261
 330  260
 330  246
 333  243
 333  242
 336  239
 336  238
 337  237
 337  229
 343  223
 343  222
 344  221
 344  219
 345  218
 345  217
 346  216
 346  214
 347  213
 347  207
 349  205
 349  204
 353  200
 353  199
 356  196
 356  195
 358  193
 358  192
 359  191
 359  190
 360  189
 360  188
 361  187
 361  186
 362  185
 362  180
 364  178
 365  178
 370  173
 370  172
 376  166
 376  165
 379  162
 379  161
 380  160
 380  159
 382  157
 382  156
 384  154
 384  153
 385  152
 386  152
 386  151
 390  147
 390  146
 394  142
 394  141
 397  138
 397  136
 403  130
 403  129
 406  126
 406  125
 407  124
 407  123
 410  120
 410  119
 411  118
 411  117
 412  116
 412  115
 413  114
 413  112
 414  111
 414  109
 415  108
 415  107
 416  106
 416  105
 417  104
 417   98
 416   97
 415   97
 414   96
 411   96
 410   95
 404   95
 403   94
 403   80
 406   77
 408   77
 409   76
 410   76
 411   75
 412   75
 413   74
 409   70
 408   70
 406   68
 405   68
 404   67
 403   67
 402   66
 399   66
 398   65
 396   65
 395   64
 390   64
 389   63
 384   63
 383   62
