 309  138
 308  139
 304  139
 303  140
 301  140
 300  141
 298  141
 297  142
 295  142
 294  143
 292  143
 291  144
 289  144
 288  145
 287  145
 286  146
 284  146
 283  147
 282  147
 281  148
 280  148
 279  149
 278  149
 277  150
 275  150
 273  152
 272  152
 271  153
 270  153
 269  154
 268  154
 266  156
 265  156
 264  157
 263  157
 261  159
 260  159
 258  161
 257  161
 255  163
 254  163
 252  165
 251  165
 248  168
 247  168
 244  171
 243  171
 240  174
 239  174
 232  181
 231  181
 204  208
 204  209
 200  213
 200  214
 195  219
 195  220
 191  224
 191  225
 188  228
 188  229
 186  231
 186  232
 184  234
 184  235
 182  237
 182  238
 180  240
 180  241
 178  243
 178  244
 177  245
 177  246
 176  247
 176  248
 174  250
 174  251
 173  252
 173  253
 171  255
 171  256
 170  257
 170  258
 169  259
 169  261
 167  263
 167  265
 165  267
 165  268
 164  269
 164  270
 163  271
 163  273
 161  275
 161  276
 160  277
 160  279
 157  282
 157  285
 156  286
 156  287
 154  289
 154  291
 153  292
 153  294
 152  295
 152  296
 151  297
 151  298
 150  299
 150  302
 149  303
 149  304
 147  306
 147  309
 146  310
 146  312
 145  313
 145  314
 144  315
 144  317
 143  318
 143  320
 142  321
 142  322
 141  323
 141  324
 140  325
 140  330
 141  331
 151  331
 152  332
 152  346
 151  347
 148  347
 147  348
 147  375
 149  377
 150  377
 153  380
 153  383
 154  384
 154  385
 156  387
 156  389
 157  390
 157  392
 160  395
 160  397
 161  398
 161  399
 163  401
 163  402
 164  403
 164  404
 166  406
 166  408
 167  409
 167  410
 168  411
 168  412
 169  413
 169  415
 170  416
 170  418
 171  419
 171  420
 172  421
 172  422
 173  423
 173  426
 174  427
 174  430
 175  431
 175  432
 176  433
 176  434
 177  435
 177  438
 179  440
 179  441
 180  442
 180  446
 181  447
 181  450
 182  451
 182  454
 183  455
 183  459
 184  460
 184  463
 185  464
 185  467
 186  468
 186  470
 187  471
 187  474
 188  475
 188  476
 189  477
 189  478
 190  479
 190  481
 192  483
 192  484
 193  485
 193  486
 195  488
 195  489
 200  494
 201  494
 202  495
 203  495
 204  496
 210  496
 215  501
 215  502
 216  503
 216  504
 217  505
 217  506
 218  507
 218  509
 219  510
 219  512
 220  513
 220  515
 221  516
 221  517
 223  519
 223  520
 224  521
 224  522
 228  526
 229  526
 231  528
 234  528
 239  523
 240  523
 242  521
 259  521
 261  523
 262  523
 263  524
 264  524
 266  522
 266  521
 272  515
 289  515
 291  517
 291  518
 293  520
 293  521
 294  522
 294  524
 295  525
 295  527
 296  528
 296  529
 297  530
 297  536
 298  537
 298  540
 299  541
 299  542
 300  543
 300  544
 301  545
 301  546
 302  547
 303  547
 305  549
 306  549
 307  550
 308  550
 309  549
 310  549
 313  546
 313  536
 312  535
 312  532
 311  531
 311  530
 309  528
 309  527
 308  526
 308  525
 292  509
 292  508
 287  503
 287  502
 286  501
 286  500
 285  499
 285  484
 286  483
 286  477
 287  476
 287  475
 290  472
 291  472
 295  468
 294  467
 294  466
 293  465
 293  464
 292  463
 292  461
 289  458
 289  434
 291  432
 293  432
 294  431
 296  431
 297  430
 298  430
 299  429
 299  428
 295  424
 294  424
 293  423
 293  422
 292  421
 292  406
 295  403
 296  403
 297  402
 298  402
 299  401
 299  399
 295  395
 294  395
 293  394
 292  394
 291  393
 289  393
 288  392
 286  392
 282  388
 282  387
 280  385
 280  383
 279  382
 279  380
 278  379
 278  375
 277  374
 277  371
 276  370
 276  369
 274  367
 273  367
 272  366
 271  366
 268  363
 267  363
 265  361
 264  361
 263  360
 262  360
 261  359
 260  359
 259  358
 258  358
 257  357
 255  357
 254  356
 253  356
 252  355
 250  355
 249  354
 248  354
 247  353
 244  353
 243  352
 242  352
 241  351
 241  337
 242  336
 255  336
 256  335
 264  335
 265  334
 274  334
 275  333
 278  333
 279  332
 280  332
 281  331
 286  331
 288  329
 289  329
 291  327
 291  326
 292  325
 292  324
 295  321
 295  320
 296  319
 296  318
 298  316
 298  315
 299  314
 299  310
 300  309
 300  307
 301  306
 301  305
 303  303
 303  302
 305  300
 305  299
 306  298
 306  295
 307  294
 307  283
 308  282
 308  281
 312  277
 312  276
 313  275
 313  272
 314  271
 314  257
 315  256
 315  255
 316  254
 316  253
 319  250
 319  249
 320  248
 320  246
 321  245
 321  231
 322  230
 322  229
 324  227
 324  226
 326  224
 326  222
 327  221
 327  220
 328  219
 328  217
 329  216
 329  206
 330  205
 330  204
 333  201
 333  199
 335  197
 335  195
 336  194
 336  188
 337  187
 337  183
 338  182
 338  180
 339  179
 339  177
 340  176
 340  173
 341  172
 341  162
 340  161
 340  157
 339  156
 339  154
 338  153
 338  152
 337  151
 337  149
 336  148
 336  146
 334  144
 333  144
 331  142
 329  142
 328  141
 327  141
 326  140
 324  140
 323  139
 319  139
 318  138
