 331  126
 330  127
 322  127
 321  128
 314  128
 313  129
 310  129
 309  130
 306  130
 305  131
 303  131
 302  132
 298  132
 297  133
 296  133
 295  134
 292  134
 291  135
 289  135
 288  136
 286  136
 285  137
 283  137
 282  138
 281  138
 280  139
 278  139
 277  140
 275  140
 274  141
 272  141
 271  142
 270  142
 269  143
 268  143
 267  144
 265  144
 264  145
 262  145
 261  146
 259  146
 258  147
 257  147
 256  148
 254  148
 253  149
 252  149
 251  150
 249  150
 248  151
 247  151
 246  152
 245  152
 244  153
 243  153
 242  154
 241  154
 240  155
 239  155
 238  156
 237  156
 236  157
 235  157
 233  159
 232  159
 231  160
 230  160
 228  162
 227  162
 226  163
 225  163
 223  165
 222  165
 220  167
 219  167
 217  169
 216  169
 214  171
 213  171
 211  173
 210  173
 208  175
 207  175
 204  178
 203  178
 201  180
 200  180
 197  183
 196  183
 192  187
 191  187
 188  190
 187  190
 184  193
 183  193
 177  199
 176  199
 168  207
 167  207
 143  231
 143  232
 137  238
 137  239
 132  244
 132  245
 127  250
 127  251
 123  255
 123  256
 119  260
 119  261
 117  263
 117  264
 115  266
 115  267
 113  269
 113  270
 112  271
 112  272
 109  275
 109  277
 106  280
 106  282
 105  283
 105  284
 104  285
 104  286
 103  287
 103  288
 102  289
 102  290
 100  292
 100  293
  99  294
  99  295
  98  296
  98  297
  96  299
  96  301
  94  303
  94  313
  95  314
 104  314
 105  315
 105  329
 104  330
 103  330
 103  331
 101  333
 101  334
 100  335
 100  341
  99  342
  99  350
  98  351
  93  351
  92  352
  92  367
  93  368
  94  368
  96  370
  96  372
  99  375
  99  377
 102  380
 102  381
 103  382
 103  383
 105  385
 105  386
 106  387
 106  388
 107  389
 107  390
 109  392
 109  393
 112  396
 112  397
 114  399
 114  400
 116  402
 116  403
 117  404
 117  405
 119  407
 119  409
 122  412
 122  413
 123  414
 123  415
 124  416
 124  417
 125  418
 125  419
 126  420
 126  421
 127  422
 127  423
 129  425
 129  427
 130  428
 130  429
 131  430
 131  431
 132  432
 132  434
 133  435
 133  437
 135  439
 135  441
 136  442
 136  447
 137  448
 137  450
 138  451
 138  454
 139  455
 139  463
 140  464
 140  466
 141  467
 141  469
 142  470
 142  476
 143  477
 143  482
 144  483
 144  485
 145  486
 145  489
 146  490
 146  493
 147  494
 147  495
 148  496
 148  497
 149  498
 149  500
 150  501
 150  502
 151  503
 151  504
 152  505
 152  506
 153  507
 153  508
 155  510
 155  511
 163  519
 163  520
 165  522
 165  523
 167  525
 168  525
 169  526
 173  526
 174  527
 175  527
 176  528
 177  528
 179  530
 179  540
 180  541
 180  542
 181  543
 181  544
 182  545
 182  546
 183  547
 183  548
 185  550
 185  551
 187  553
 187  554
 193  560
 194  560
 195  561
 203  561
 204  560
 204  553
 207  550
 225  550
 226  551
 226  552
 228  554
 228  555
 229  556
 229  557
 232  560
 234  560
 236  558
 237  558
 237  557
 238  556
 238  544
 241  541
 243  541
 244  540
 245  540
 246  539
 262  539
 263  540
 265  540
 266  539
 267  539
 268  538
 268  532
 267  531
 267  516
 268  515
 268  514
 269  513
 269  512
 271  510
 272  510
 273  509
 285  509
 286  508
 287  508
 288  507
 288  506
 289  505
 289  501
 288  500
 288  496
 287  495
 287  494
 286  493
 286  492
 285  491
 285  490
 283  488
 283  487
 282  486
 282  483
 281  482
 281  467
 282  466
 283  466
 284  465
 296  465
 297  464
 298  464
 298  463
 300  461
 300  460
 299  459
 299  457
 298  456
 298  454
 296  452
 296  451
 295  450
 295  448
 292  445
 292  444
 289  441
 289  425
 290  424
 291  424
 292  423
 301  423
 302  422
 303  422
 304  421
 304  420
 303  419
 303  418
 302  417
 302  415
 300  413
 300  412
 299  411
 299  410
 295  406
 295  405
 290  400
 289  400
 287  398
 286  398
 284  396
 283  396
 282  395
 282  381
 283  380
 284  380
 282  378
 282  377
 270  365
 269  365
 268  364
 268  350
 269  349
 271  349
 272  348
 275  348
 276  347
 278  347
 279  346
 280  346
 280  340
 282  338
 286  338
 287  337
 292  337
 293  336
 296  336
 299  333
 299  331
 300  330
 300  329
 302  327
 303  327
 304  326
 305  326
 306  325
 307  325
 312  320
 312  318
 313  317
 313  316
 316  313
 316  311
 317  310
 317  308
 318  307
 318  305
 320  303
 321  303
 323  301
 324  301
 329  296
 329  295
 332  292
 332  290
 333  289
 333  288
 334  287
 334  284
 335  283
 335  272
 343  264
 343  263
 345  261
 345  259
 346  258
 346  257
 347  256
 347  254
 348  253
 348  244
 349  243
 349  242
 352  239
 352  238
 356  234
 356  233
 358  231
 358  230
 359  229
 359  227
 360  226
 360  224
 361  223
 361  221
 362  220
 362  216
 372  206
 372  204
 373  203
 373  202
 374  201
 374  200
 375  199
 375  197
 376  196
 376  191
 382  185
 382  184
 383  183
 383  182
 384  181
 384  180
 385  179
 385  176
 386  175
 386  165
 387  164
 387  163
 388  162
 388  157
 386  155
 386  154
 385  153
 385  152
 384  151
 384  150
 383  149
 383  148
 382  147
 382  145
 379  142
 379  141
 378  140
 377  140
 375  138
 374  138
 373  137
 372  137
 371  136
 370  136
 368  134
 367  134
 366  133
 365  133
 364  132
 363  132
 362  131
 361  131
 360  130
 358  130
 357  129
 355  129
 354  128
 350  128
 349  127
 343  127
 342  126
