 344   76
 343   77
 334   77
 333   78
 328   78
 327   79
 322   79
 321   80
 318   80
 317   81
 313   81
 312   82
 310   82
 309   83
 306   83
 305   84
 302   84
 301   85
 299   85
 298   86
 296   86
 295   87
 293   87
 292   88
 290   88
 289   89
 288   89
 287   90
 285   90
 284   91
 283   91
 282   92
 280   92
 279   93
 278   93
 277   94
 275   94
 274   95
 273   95
 272   96
 270   96
 269   97
 268   97
 267   98
 266   98
 265   99
 264   99
 263  100
 262  100
 261  101
 260  101
 259  102
 258  102
 257  103
 256  103
 255  104
 253  104
 251  106
 250  106
 249  107
 248  107
 247  108
 246  108
 245  109
 244  109
 243  110
 242  110
 241  111
 240  111
 239  112
 238  112
 237  113
 236  113
 234  115
 233  115
 232  116
 231  116
 230  117
 229  117
 227  119
 226  119
 225  120
 224  120
 222  122
 221  122
 220  123
 219  123
 217  125
 216  125
 214  127
 213  127
 212  128
 211  128
 209  130
 208  130
 206  132
 205  132
 203  134
 202  134
 200  136
 199  136
 196  139
 195  139
 193  141
 192  141
 190  143
 189  143
 186  146
 185  146
 182  149
 181  149
 179  151
 178  151
 174  155
 173  155
 167  161
 166  161
 160  167
 159  167
 153  173
 152  173
 143  182
 142  182
 142  183
 140  185
 139  185
 133  191
 133  192
 127  198
 126  198
 126  199
 116  209
 116  210
 109  217
 109  218
  96  231
  96  232
  90  238
  90  239
  85  244
  85  245
  82  248
  82  249
  78  253
  78  254
  75  257
  75  258
  73  260
  73  261
  72  262
  72  263
  69  266
  69  267
  68  268
  68  269
  66  271
  66  272
  60  278
  60  300
  61  301
  75  301
  76  302
  76  316
  74  318
  73  318
  70  321
  70  322
  69  323
  69  324
  68  325
  68  329
  67  330
  67  338
  66  339
  66  353
  65  354
  60  354
  59  355
  59  383
  62  386
  62  387
  64  389
  64  390
  65  391
  65  393
  67  395
  67  396
  68  397
  68  401
  69  402
  69  403
  70  404
  70  405
  71  406
  71  411
  72  412
  72  415
  73  416
  73  417
  74  418
  74  422
  75  423
  75  433
  76  434
  76  436
  77  437
  77  438
  78  439
  78  442
  79  443
  79  444
  80  445
  80  446
  81  447
  81  449
  82  450
  82  452
  83  453
  83  454
  84  455
  84  457
  85  458
  85  461
  86  462
  86  463
  87  464
  87  466
  88  467
  88  473
  89  474
  89  476
  90  477
  90  480
  91  481
  91  490
  92  491
  92  498
  93  499
  93  501
  94  502
  94  508
  95  509
  95  515
  96  516
  96  519
  97  520
  97  524
  98  525
  98  536
  99  537
  99  538
 100  539
 100  541
 101  542
 101  545
 102  546
 102  548
 103  549
 103  550
 104  551
 104  552
 105  553
 105  554
 106  555
 106  556
 111  561
 111  562
 112  563
 112  568
 113  569
 113  571
 114  572
 114  594
 115  595
 115  603
 116  604
 116  605
 118  607
 118  608
 121  611
 122  611
 123  612
 127  612
 128  611
 129  611
 131  609
 133  609
 134  608
 136  608
 137  607
 158  607
 159  608
 164  608
 165  607
 166  607
 170  603
 170  602
 171  601
 171  600
 173  598
 173  597
 177  593
 178  593
 180  591
 181  591
 182  590
 184  590
 185  589
 202  589
 203  588
 204  588
 206  586
 206  585
 208  583
 208  578
 209  577
 209  574
 210  573
 210  569
 211  568
 211  565
 213  563
 213  562
 214  561
 214  560
 216  558
 217  558
 218  557
 219  557
 221  555
 222  555
 223  554
 225  554
 226  553
 229  553
 230  552
 234  552
 235  551
 236  551
 241  546
 241  544
 242  543
 242  536
 241  535
 241  532
 240  531
 240  513
 241  512
 241  507
 243  505
 245  505
 246  504
 247  504
 248  503
 249  503
 250  502
 251  502
 252  501
 256  501
 258  499
 259  499
 261  497
 261  496
 263  494
 263  493
 264  492
 264  490
 262  488
 262  487
 261  486
 261  482
 260  481
 260  464
 263  461
 263  460
 267  456
 268  456
 269  455
 270  455
 271  454
 272  454
 275  451
 275  444
 274  443
 274  442
 273  441
 273  440
 271  438
 271  437
 259  425
 259  424
 258  423
 258  421
 257  420
 257  401
 256  400
 256  399
 255  398
 255  396
 254  395
 254  394
 251  391
 251  390
 247  386
 247  385
 232  370
 231  370
 220  359
 219  359
 217  357
 216  357
 213  354
 213  340
 214  339
 234  339
 235  340
 245  340
 246  339
 253  339
 254  338
 267  338
 268  337
 271  337
 274  334
 275  334
 275  333
 279  329
 280  329
 281  328
 282  328
 283  327
 284  327
 286  325
 287  325
 288  324
 288  323
 289  322
 289  320
 290  319
 290  315
 291  314
 291  313
 295  309
 296  309
 297  308
 298  308
 302  304
 302  303
 304  301
 307  301
 308  300
 308  298
 310  296
 310  295
 311  294
 311  292
 312  291
 312  290
 314  288
 314  286
 315  285
 315  283
 317  281
 317  280
 318  279
 318  278
 319  277
 319  276
 321  274
 321  273
 324  270
 324  269
 325  268
 325  267
 327  265
 327  264
 328  263
 328  261
 329  260
 329  258
 331  256
 331  253
 332  252
 332  249
 333  248
 333  247
 334  246
 334  245
 335  244
 335  242
 337  240
 337  239
 338  238
 338  236
 341  233
 341  232
 342  231
 342  230
 343  229
 343  228
 344  227
 344  226
 345  225
 345  222
 346  221
 346  220
 347  219
 347  218
 348  217
 348  214
 349  213
 349  212
 351  210
 351  209
 355  205
 355  204
 358  201
 358  199
 361  196
 361  195
 363  193
 363  192
 365  190
 365  189
 367  187
 367  186
 368  185
 368  184
 377  175
 378  175
 379  174
 379  173
 381  171
 381  170
 391  160
 391  159
 394  156
 394  155
 400  149
 401  149
 402  148
 402  147
 405  144
 405  143
 407  141
 407  140
 408  139
 408  138
 411  135
 411  134
 412  133
 412  132
 414  130
 414  129
 415  128
 415  127
 416  126
 416  125
 417  124
 417  122
 418  121
 418  115
 419  114
 419  113
 421  111
 421  110
 422  109
 422  105
 421  104
 421  103
 420  102
 420  101
 419  100
 419   98
 418   97
 418   94
 417   93
 417   92
 413   88
 412   88
 410   86
 409   86
 408   85
 407   85
 406   84
 405   84
 404   83
 403   83
 402   82
 401   82
 400   81
 397   81
 396   80
 393   80
 392   79
 387   79
 386   78
 382   78
 381   77
 372   77
 371   76
