 304  144
 303  145
 298  145
 297  146
 294  146
 293  147
 289  147
 288  148
 286  148
 285  149
 283  149
 282  150
 281  150
 280  151
 278  151
 277  152
 276  152
 275  153
 274  153
 273  154
 272  154
 271  155
 270  155
 269  156
 268  156
 266  158
 265  158
 264  159
 263  159
 262  160
 261  160
 260  161
 259  161
 257  163
 256  163
 255  164
 254  164
 252  166
 251  166
 250  167
 249  167
 247  169
 246  169
 244  171
 243  171
 241  173
 240  173
 238  175
 237  175
 234  178
 233  178
 230  181
 229  181
 226  184
 225  184
 222  187
 221  187
 216  192
 215  192
 210  197
 209  197
 182  224
 182  225
 179  228
 179  229
 175  233
 175  234
 171  238
 171  239
 168  242
 168  243
 165  246
 165  247
 163  249
 163  250
 161  252
 161  253
 158  256
 158  257
 157  258
 157  259
 156  260
 156  261
 154  263
 154  265
 153  266
 153  267
 151  269
 151  270
 150  271
 150  273
 149  274
 149  275
 148  276
 148  277
 147  278
 147  280
 146  281
 146  282
 145  283
 145  284
 144  285
 144  287
 143  288
 143  289
 141  291
 141  293
 140  294
 140  295
 139  296
 139  297
 138  298
 138  300
 137  301
 137  303
 136  304
 136  305
 135  306
 135  307
 134  308
 134  311
 133  312
 133  313
 132  314
 132  315
 131  316
 131  321
 130  322
 130  334
 131  335
 137  335
 140  338
 140  339
 141  339
 142  340
 144  340
 145  341
 145  355
 143  357
 143  358
 142  359
 136  359
 135  360
 135  401
 140  406
 140  407
 142  409
 142  410
 148  416
 148  417
 154  423
 154  424
 155  425
 155  426
 157  428
 157  429
 158  430
 158  431
 160  433
 160  434
 161  435
 161  436
 162  437
 162  438
 163  439
 163  440
 164  441
 164  442
 165  443
 165  444
 167  446
 167  447
 168  448
 168  449
 170  451
 170  452
 171  453
 171  454
 172  455
 172  456
 174  458
 174  459
 175  460
 175  461
 176  462
 176  463
 177  464
 177  465
 178  466
 178  468
 180  470
 180  471
 181  472
 181  474
 182  475
 182  476
 183  477
 183  478
 184  479
 184  480
 185  481
 185  483
 186  484
 186  485
 187  486
 187  487
 188  488
 188  490
 189  491
 189  492
 190  493
 190  495
 191  496
 191  498
 192  499
 192  500
 194  502
 194  503
 195  504
 195  505
 197  507
 197  508
 198  509
 198  510
 201  513
 201  514
 202  515
 203  515
 206  518
 207  518
 208  519
 222  519
 223  520
 223  527
 224  528
 224  530
 225  531
 225  532
 228  535
 228  536
 231  539
 232  539
 234  541
 235  541
 237  543
 239  543
 240  544
 243  544
 244  543
 245  543
 246  542
 247  542
 248  541
 249  541
 251  539
 262  539
 263  538
 268  538
 269  537
 270  537
 271  536
 272  536
 276  532
 276  531
 279  528
 280  528
 281  527
 282  527
 283  526
 287  526
 288  525
 291  525
 292  524
 294  524
 295  523
 296  523
 299  520
 299  501
 305  495
 306  495
 307  494
 307  493
 310  490
 310  488
 311  487
 311  484
 310  483
 310  480
 309  479
 309  477
 308  476
 308  474
 307  473
 307  457
 310  454
 310  453
 314  449
 314  448
 316  446
 316  445
 317  444
 317  442
 316  441
 316  439
 315  438
 315  437
 314  436
 314  435
 313  434
 313  432
 310  429
 310  411
 312  409
 312  408
 313  407
 313  405
 312  404
 312  403
 311  402
 311  401
 310  400
 310  399
 308  397
 308  396
 300  388
 299  388
 295  384
 295  381
 294  380
 294  377
 286  369
 285  369
 283  367
 282  367
 280  365
 279  365
 278  364
 277  364
 275  362
 274  362
 273  361
 272  361
 271  360
 269  360
 268  359
 266  359
 265  358
 264  358
 263  357
 263  343
 264  342
 267  342
 268  341
 270  341
 271  340
 273  340
 274  339
 277  339
 278  338
 280  338
 281  337
 284  337
 285  336
 286  336
 287  335
 292  335
 299  328
 299  327
 301  325
 302  325
 306  321
 306  320
 310  316
 310  315
 311  314
 311  313
 312  312
 312  311
 313  310
 313  308
 314  307
 314  301
 315  300
 315  299
 316  298
 316  297
 317  296
 317  295
 319  293
 319  292
 320  291
 320  290
 321  289
 321  288
 322  287
 322  286
 323  285
 323  283
 324  282
 324  270
 325  269
 325  267
 326  266
 326  265
 327  264
 327  262
 328  261
 328  260
 329  259
 329  258
 330  257
 330  255
 331  254
 331  246
 332  245
 332  242
 333  241
 333  240
 334  239
 334  237
 335  236
 335  235
 336  234
 336  233
 337  232
 337  229
 338  228
 338  225
 339  224
 339  222
 340  221
 340  218
 341  217
 341  215
 343  213
 343  212
 344  211
 344  208
 345  207
 345  206
 346  205
 346  203
 347  202
 347  198
 348  197
 348  193
 349  192
 349  189
 350  188
 350  183
 351  182
 351  169
 350  168
 350  165
 349  164
 349  162
 348  161
 348  160
 347  159
 347  158
 346  157
 346  156
 343  153
 343  152
 342  152
 338  148
 337  148
 336  147
 335  147
 334  146
 333  146
 332  145
 329  145
 328  144
