 355   59
 354   60
 347   60
 346   61
 339   61
 338   62
 335   62
 334   63
 329   63
 328   64
 326   64
 325   65
 322   65
 321   66
 319   66
 318   67
 316   67
 315   68
 312   68
 311   69
 310   69
 309   70
 307   70
 306   71
 304   71
 303   72
 302   72
 301   73
 299   73
 298   74
 297   74
 296   75
 294   75
 293   76
 292   76
 291   77
 290   77
 289   78
 288   78
 287   79
 285   79
 284   80
 283   80
 282   81
 281   81
 280   82
 279   82
 278   83
 277   83
 276   84
 275   84
 274   85
 273   85
 272   86
 271   86
 270   87
 269   87
 268   88
 267   88
 266   89
 265   89
 264   90
 263   90
 262   91
 261   91
 260   92
 259   92
 257   94
 256   94
 255   95
 254   95
 252   97
 251   97
 250   98
 249   98
 247  100
 246  100
 244  102
 243  102
 241  104
 240  104
 238  106
 237  106
 235  108
 234  108
 231  111
 230  111
 228  113
 227  113
 223  117
 222  117
 218  121
 217  121
 212  126
 211  126
 205  132
 204  132
 195  141
 194  141
 162  173
 161  173
 161  174
 155  180
 154  180
 154  181
 152  183
 151  183
 113  221
 113  222
 101  234
 101  235
  96  240
  96  241
  93  244
  93  245
  91  247
  91  248
  90  249
  90  250
  87  253
  87  255
  84  258
  84  259
  81  262
  81  263
  79  265
  79  291
  80  292
  83  292
  84  293
  84  307
  83  308
  83  310
  82  311
  82  313
  81  314
  81  316
  80  317
  80  320
  79  321
  77  321
  76  322
  76  344
  80  348
  80  350
  81  351
  81  354
  82  355
  82  357
  83  358
  83  361
  84  362
  84  366
  85  367
  85  369
  86  370
  86  373
  87  374
  87  377
  88  378
  88  380
  89  381
  89  383
  90  384
  90  387
  91  388
  91  390
  92  391
  92  392
  93  393
  93  396
  94  397
  94  399
  95  400
  95  401
  96  402
  96  404
  97  405
  97  410
  98  411
  98  414
  99  415
  99  418
 100  419
 100  444
  99  445
  99  447
 100  448
 100  454
 101  455
 101  458
 102  459
 102  463
 103  464
 103  470
 104  471
 104  475
 105  476
 105  481
 106  482
 106  486
 107  487
 107  491
 108  492
 108  494
 109  495
 109  497
 110  498
 110  499
 111  500
 111  501
 114  504
 114  505
 115  505
 117  507
 118  507
 119  508
 120  508
 121  509
 122  509
 124  511
 125  511
 128  514
 129  514
 130  515
 130  516
 131  517
 131  519
 132  520
 132  524
 133  525
 133  528
 134  529
 134  533
 135  534
 135  536
 136  537
 136  538
 137  539
 137  541
 138  542
 138  543
 140  545
 140  546
 148  554
 149  554
 150  555
 151  555
 152  556
 153  556
 154  557
 158  557
 162  553
 179  553
 181  555
 182  555
 183  556
 184  556
 185  557
 186  557
 187  558
 188  558
 189  559
 194  559
 197  556
 198  556
 198  555
 204  549
 222  549
 231  558
 231  559
 233  561
 233  562
 234  563
 234  564
 235  565
 235  566
 237  568
 237  570
 238  571
 238  572
 240  574
 240  575
 241  576
 241  578
 243  580
 243  581
 244  582
 244  584
 245  585
 245  586
 246  587
 246  588
 247  589
 247  591
 248  592
 248  593
 254  599
 255  599
 257  601
 257  602
 258  603
 258  604
 259  605
 259  614
 260  615
 260  617
 261  618
 261  619
 263  621
 264  621
 268  625
 269  625
 270  626
 271  626
 272  627
 274  627
 275  628
 277  628
 278  627
 279  627
 280  626
 281  626
 286  621
 286  619
 287  618
 287  610
 286  609
 286  607
 285  606
 285  605
 284  604
 284  603
 283  602
 283  601
 282  600
 281  600
 280  599
 278  599
 277  598
 275  598
 274  597
 273  597
 272  596
 271  596
 266  591
 266  589
 265  588
 265  587
 264  586
 264  584
 263  583
 263  581
 260  578
 260  577
 253  570
 253  569
 249  565
 249  564
 247  562
 247  561
 244  558
 244  557
 242  555
 242  554
 241  553
 241  552
 240  551
 240  550
 238  548
 238  547
 237  546
 237  545
 236  544
 236  543
 235  542
 235  541
 234  540
 234  538
 233  537
 233  534
 232  533
 232  516
 233  515
 233  513
 238  508
 239  508
 240  507
 241  507
 242  506
 244  506
 245  505
 249  505
 250  504
 251  504
 252  503
 253  503
 255  501
 256  501
 256  500
 258  498
 258  497
 259  496
 259  495
 260  494
 260  465
 261  464
 261  463
 262  462
 263  462
 264  461
 268  461
 269  460
 271  460
 272  459
 273  459
 274  458
 276  458
 278  456
 279  456
 280  455
 280  454
 281  453
 281  452
 283  450
 283  441
 282  440
 282  438
 281  437
 281  434
 280  433
 280  430
 279  429
 279  414
 280  413
 281  413
 282  412
 283  412
 288  407
 288  406
 289  405
 289  404
 290  403
 290  402
 289  401
 289  399
 288  398
 288  397
 287  396
 287  395
 286  394
 286  392
 284  390
 284  389
 283  388
 283  387
 282  386
 282  385
 280  383
 280  381
 277  378
 277  377
 270  370
 268  370
 267  369
 266  369
 265  368
 265  358
 264  357
 264  355
 263  354
 263  353
 259  349
 259  348
 251  340
 250  340
 247  337
 246  337
 245  336
 244  336
 242  334
 241  334
 239  332
 238  332
 237  331
 236  331
 235  330
 234  330
 233  329
 231  329
 230  328
 226  328
 225  327
 224  327
 223  326
 222  326
 221  325
 220  325
 219  324
 218  324
 216  322
 215  322
 214  321
 201  321
 200  320
 200  306
 201  305
 224  305
 225  306
 238  306
 239  307
 248  307
 249  308
 267  308
 268  307
 282  307
 283  306
 293  306
 294  305
 297  305
 298  304
 299  304
 300  303
 301  303
 303  301
 304  301
 308  297
 308  296
 309  295
 309  294
 311  292
 315  292
 319  288
 319  287
 321  285
 321  284
 322  283
 322  282
 323  281
 323  280
 324  279
 324  278
 325  277
 325  275
 326  274
 326  266
 331  261
 331  260
 335  256
 335  255
 336  254
 336  253
 337  252
 337  251
 338  250
 338  249
 339  248
 339  246
 340  245
 340  241
 341  240
 341  229
 343  227
 343  226
 345  224
 345  223
 347  221
 347  220
 348  219
 348  217
 349  216
 349  214
 350  213
 350  204
 351  203
 351  195
 354  192
 354  191
 357  188
 357  187
 360  184
 360  182
 362  180
 362  179
 363  178
 363  175
 364  174
 364  170
 365  169
 365  167
 366  166
 366  162
 367  161
 367  160
 370  157
 370  156
 373  153
 373  152
 375  150
 375  149
 376  148
 376  147
 377  146
 377  144
 378  143
 378  142
 379  141
 379  140
 380  139
 380  138
 381  137
 381  136
 383  134
 383  133
 384  132
 384  131
 388  127
 388  126
 391  123
 391  122
 393  120
 393  118
 394  117
 394  116
 395  115
 395  114
 396  113
 396  112
 397  111
 397  109
 398  108
 398  107
 399  106
 399  105
 400  104
 400  103
 401  102
 401  101
 403   99
 403   97
 404   96
 404   92
 405   91
 405   81
 404   80
 404   77
 403   76
 403   75
 400   72
 400   71
 399   71
 396   68
 395   68
 394   67
 393   67
 392   66
 391   66
 390   65
 388   65
 387   64
 386   64
 385   63
 382   63
 381   62
 378   62
 377   61
 373   61
 372   60
 367   60
 366   59
