 334   80
 333   81
 327   81
 326   82
 323   82
 322   83
 319   83
 318   84
 315   84
 314   85
 312   85
 311   86
 309   86
 308   87
 307   87
 306   88
 304   88
 303   89
 302   89
 301   90
 300   90
 299   91
 298   91
 297   92
 296   92
 295   93
 293   93
 291   95
 290   95
 289   96
 288   96
 286   98
 285   98
 284   99
 283   99
 281  101
 280  101
 278  103
 277  103
 275  105
 274  105
 271  108
 270  108
 268  110
 267  110
 264  113
 263  113
 260  116
 259  116
 256  119
 255  119
 250  124
 249  124
 246  127
 245  127
 242  130
 241  130
 234  137
 233  137
 227  143
 226  143
 192  177
 192  178
 190  180
 189  180
 189  181
 185  185
 185  186
 180  191
 180  192
 175  197
 175  198
 172  201
 172  202
 168  206
 168  207
 165  210
 165  211
 161  215
 161  216
 158  219
 158  220
 156  222
 156  223
 153  226
 153  227
 151  229
 151  230
 148  233
 148  235
 145  238
 145  239
 143  241
 143  242
 141  244
 141  245
 138  248
 138  249
 135  252
 135  253
 133  255
 133  256
 131  258
 131  259
 128  262
 128  263
 125  266
 125  267
 123  269
 123  270
 121  272
 121  273
 118  276
 118  277
 115  280
 115  281
 114  282
 114  283
 112  285
 112  286
 110  288
 110  289
 108  291
 108  292
 107  293
 107  294
 106  295
 106  296
 103  299
 103  300
 102  301
 102  304
 101  305
  98  305
  97  306
  97  307
  96  308
  96  323
  98  325
 109  325
 110  326
 110  340
 108  342
  99  342
  98  343
  98  364
  99  365
  99  366
 111  378
 112  378
 115  381
 115  382
 118  385
 118  386
 119  387
 119  388
 122  391
 122  392
 125  395
 125  396
 127  398
 127  399
 129  401
 129  402
 132  405
 132  406
 135  409
 135  410
 138  413
 138  415
 141  418
 141  419
 142  420
 142  421
 144  423
 144  424
 145  425
 145  426
 148  429
 148  431
 150  433
 150  434
 151  435
 151  436
 152  437
 152  439
 154  441
 154  443
 155  444
 155  446
 157  448
 157  449
 158  450
 158  454
 159  455
 159  457
 160  458
 160  460
 161  461
 161  467
 162  468
 162  472
 163  473
 163  475
 164  476
 164  480
 165  481
 165  489
 166  490
 166  495
 167  496
 167  499
 168  500
 168  506
 169  507
 169  509
 170  510
 170  511
 171  512
 171  515
 172  516
 172  518
 174  520
 174  521
 175  522
 175  523
 180  528
 186  528
 187  529
 189  529
 190  530
 191  530
 192  531
 193  531
 200  538
 200  539
 201  540
 201  545
 202  546
 202  553
 203  554
 203  555
 204  556
 204  559
 205  560
 205  563
 206  564
 206  565
 208  567
 208  569
 212  573
 212  574
 214  576
 215  576
 218  579
 219  579
 220  580
 221  580
 222  581
 223  581
 224  582
 225  582
 226  583
 227  583
 228  584
 231  584
 232  585
 233  585
 234  584
 253  584
 255  586
 256  586
 258  588
 259  588
 260  589
 261  589
 262  590
 263  589
 264  589
 268  585
 268  584
 269  583
 269  582
 271  580
 271  578
 272  577
 272  575
 273  574
 273  573
 274  572
 274  568
 275  567
 275  566
 277  564
 277  563
 278  562
 294  562
 296  564
 296  565
 297  565
 299  567
 299  568
 302  571
 302  572
 303  573
 303  574
 305  576
 305  578
 306  579
 306  580
 307  581
 307  582
 308  583
 308  584
 309  585
 309  587
 310  588
 310  589
 312  591
 312  593
 313  594
 313  595
 316  598
 316  599
 321  604
 322  604
 324  606
 326  606
 327  607
 328  607
 329  608
 331  608
 332  607
 333  607
 334  606
 335  606
 336  605
 337  605
 338  604
 338  603
 341  600
 341  598
 344  595
 344  588
 343  587
 343  586
 342  585
 342  583
 341  582
 341  580
 340  579
 340  578
 338  576
 338  575
 330  567
 329  567
 327  565
 326  565
 325  564
 324  564
 322  562
 320  562
 318  560
 316  560
 314  558
 313  558
 312  557
 311  557
 310  556
 309  556
 307  554
 306  554
 305  553
 304  553
 302  551
 301  551
 297  547
 296  547
 292  543
 292  542
 291  541
 291  540
 289  538
 289  537
 288  536
 288  533
 287  532
 287  513
 291  509
 292  509
 293  508
 307  508
 308  507
 309  507
 310  506
 311  506
 312  505
 313  505
 314  504
 314  503
 315  502
 315  501
 316  500
 316  499
 317  498
 316  497
 316  496
 315  495
 315  493
 314  492
 314  491
 312  489
 312  488
 311  487
 311  486
 310  485
 309  485
 305  481
 304  481
 303  480
 302  480
 301  479
 300  479
 299  478
 298  478
 297  477
 296  477
 295  476
 294  476
 293  475
 292  475
 290  473
 289  473
 287  471
 286  471
 281  466
 281  465
 278  462
 278  446
 280  444
 280  443
 281  442
 282  442
 283  441
 284  441
 285  440
 286  440
 288  438
 288  437
 289  436
 289  435
 288  434
 288  433
 283  428
 282  428
 280  426
 279  426
 278  425
 277  425
 276  424
 274  424
 273  423
 272  423
 271  422
 270  422
 269  421
 268  421
 267  420
 266  420
 265  419
 264  419
 259  414
 259  413
 258  412
 258  411
 257  410
 257  407
 256  406
 256  405
 255  404
 255  387
 252  384
 251  384
 250  383
 249  383
 248  382
 247  382
 246  381
 245  381
 243  379
 242  379
 241  378
 241  377
 239  375
 239  374
 238  373
 238  365
 237  364
 237  362
 233  358
 232  358
 231  357
 230  357
 228  355
 227  355
 226  354
 225  354
 224  353
 223  353
 221  351
 220  351
 219  350
 218  350
 217  349
 216  349
 215  348
 213  348
 210  345
 210  329
 211  328
 238  328
 239  327
 255  327
 256  326
 264  326
 265  325
 266  325
 267  324
 268  324
 271  321
 272  321
 281  312
 281  311
 288  304
 288  303
 289  302
 290  302
 291  301
 291  300
 295  296
 295  295
 298  292
 298  291
 304  285
 304  284
 308  280
 308  279
 311  276
 311  274
 313  272
 313  271
 315  269
 315  268
 317  266
 317  265
 318  264
 318  263
 321  260
 321  259
 322  258
 322  257
 324  255
 324  254
 325  253
 325  251
 326  250
 326  249
 328  247
 328  246
 329  245
 329  244
 330  243
 330  242
 331  241
 331  240
 332  239
 332  238
 334  236
 334  234
 336  232
 336  231
 338  229
 338  227
 341  224
 341  221
 343  219
 343  218
 344  217
 344  216
 345  215
 345  212
 347  210
 347  209
 348  208
 348  206
 351  203
 351  202
 352  201
 352  200
 354  198
 354  196
 355  195
 355  194
 356  193
 356  192
 357  191
 357  190
 358  189
 358  188
 359  187
 359  186
 360  185
 360  184
 361  183
 361  181
 363  179
 363  178
 364  177
 364  176
 367  173
 367  172
 368  171
 368  170
 370  168
 370  167
 371  166
 371  164
 372  163
 372  162
 373  161
 373  160
 374  159
 374  157
 375  156
 375  150
 376  149
 376  148
 377  147
 377  146
 378  145
 378  141
 379  140
 379  138
 380  137
 380  135
 381  134
 381  128
 382  127
 382  119
 383  118
 383  116
 384  115
 384  111
 383  110
 383  106
 382  105
 382   98
 381   97
 381   94
 374   87
 373   87
 372   86
 371   86
 370   85
 369   85
 368   84
 366   84
 365   83
 363   83
 362   82
 358   82
 357   81
 351   81
 350   80
