 370   84
 369   85
 361   85
 360   86
 355   86
 354   87
 351   87
 350   88
 346   88
 345   89
 343   89
 342   90
 339   90
 338   91
 336   91
 335   92
 332   92
 331   93
 329   93
 328   94
 326   94
 325   95
 323   95
 322   96
 320   96
 319   97
 317   97
 316   98
 315   98
 314   99
 311   99
 310  100
 309  100
 308  101
 306  101
 305  102
 304  102
 303  103
 301  103
 300  104
 299  104
 298  105
 297  105
 296  106
 295  106
 294  107
 293  107
 292  108
 291  108
 290  109
 289  109
 288  110
 287  110
 286  111
 285  111
 283  113
 282  113
 281  114
 280  114
 279  115
 278  115
 277  116
 276  116
 275  117
 274  117
 273  118
 272  118
 271  119
 270  119
 269  120
 268  120
 266  122
 265  122
 264  123
 263  123
 261  125
 260  125
 259  126
 258  126
 256  128
 255  128
 253  130
 252  130
 250  132
 249  132
 247  134
 246  134
 244  136
 243  136
 240  139
 239  139
 236  142
 235  142
 232  145
 231  145
 227  149
 226  149
 223  152
 222  152
 220  154
 219  154
 216  157
 215  157
 212  160
 211  160
 208  163
 207  163
 203  167
 202  167
 197  172
 196  172
 191  177
 190  177
 186  181
 185  181
 127  239
 127  240
 123  244
 123  245
 120  248
 120  249
 117  252
 117  253
 115  255
 115  256
 113  258
 113  260
 110  263
 110  264
 109  265
 109  266
 107  268
 107  269
 106  270
 106  271
 104  273
 104  274
 103  275
 103  277
 102  278
 102  279
 101  280
 101  281
 100  282
 100  284
  99  285
  99  286
  98  287
  98  288
  96  290
  96  291
  94  293
  94  294
  93  295
  93  296
  92  297
  92  298
  91  299
  91  300
  90  301
  90  303
  89  304
  89  306
  88  307
  88  308
  87  309
  87  310
  86  311
  86  314
  85  315
  85  316
  84  317
  84  319
  83  320
  83  322
  81  324
  81  325
  80  326
  80  328
  79  329
  79  330
  77  332
  77  333
  73  337
  72  337
  72  358
  73  359
  80  359
  81  360
  81  374
  80  375
  79  375
  77  377
  68  377
  67  378
  67  407
  69  409
  69  410
  70  411
  70  412
  72  414
  72  416
  73  417
  73  419
  74  420
  74  421
  75  422
  75  424
  76  425
  76  427
  77  428
  77  430
  79  432
  79  434
  80  435
  80  436
  81  437
  81  438
  82  439
  82  440
  83  441
  83  443
  84  444
  84  445
  85  446
  85  447
  86  448
  86  450
  87  451
  87  452
  88  453
  88  454
  89  455
  89  456
  90  457
  90  459
  92  461
  92  462
  93  463
  93  465
  95  467
  95  468
  96  469
  96  470
  97  471
  97  472
  98  473
  98  474
  99  475
  99  476
 100  477
 100  478
 103  481
 103  482
 104  483
 104  484
 106  486
 106  487
 107  488
 107  489
 109  491
 109  492
 111  494
 111  495
 113  497
 113  498
 115  500
 115  501
 116  502
 116  503
 120  507
 120  508
 128  516
 128  517
 137  526
 137  527
 144  534
 144  535
 146  537
 146  540
 147  541
 147  542
 148  543
 148  545
 149  546
 149  548
 150  549
 150  552
 151  553
 151  554
 153  556
 153  557
 154  558
 154  561
 155  562
 155  563
 156  564
 156  565
 157  566
 157  567
 158  568
 158  569
 159  570
 159  571
 160  572
 160  573
 161  574
 161  575
 162  576
 162  577
 163  578
 163  579
 164  580
 164  582
 166  584
 166  585
 167  586
 167  587
 170  590
 170  591
 172  593
 172  594
 177  599
 178  599
 180  601
 181  601
 182  602
 183  602
 184  603
 185  602
 186  602
 191  597
 191  596
 193  594
 208  594
 212  598
 213  598
 215  600
 216  600
 217  601
 221  601
 222  600
 223  600
 224  599
 225  599
 228  596
 228  595
 229  594
 229  592
 230  591
 230  590
 232  588
 232  586
 237  581
 239  581
 240  580
 241  580
 242  579
 258  579
 259  578
 260  578
 261  577
 262  577
 266  573
 266  571
 267  570
 267  566
 268  565
 268  547
 269  546
 269  545
 273  541
 274  541
 275  540
 278  540
 279  539
 284  539
 285  538
 286  538
 290  534
 290  533
 292  531
 292  529
 293  528
 293  524
 292  523
 292  520
 291  519
 291  517
 290  516
 290  514
 289  513
 289  496
 294  491
 295  491
 297  489
 298  489
 300  487
 301  487
 302  486
 302  485
 303  484
 303  483
 304  482
 303  481
 303  478
 302  477
 302  476
 301  475
 301  474
 299  472
 299  471
 297  469
 297  468
 296  467
 296  466
 293  463
 293  462
 290  459
 290  458
 287  455
 287  436
 286  435
 286  433
 284  431
 284  430
 283  429
 283  428
 279  424
 279  423
 264  408
 263  408
 259  404
 258  404
 256  402
 255  402
 254  401
 253  401
 249  397
 248  397
 245  394
 244  394
 242  392
 241  392
 239  390
 238  390
 237  389
 236  389
 235  388
 234  388
 233  387
 232  387
 231  386
 230  386
 228  384
 227  384
 226  383
 225  383
 224  382
 224  368
 225  367
 236  367
 237  366
 242  366
 243  365
 247  365
 248  364
 253  364
 254  363
 260  363
 261  362
 266  362
 267  361
 279  361
 280  360
 287  360
 288  359
 294  359
 295  358
 296  358
 297  357
 298  357
 299  356
 300  356
 301  355
 302  355
 303  354
 304  354
 306  352
 307  352
 309  350
 310  350
 316  344
 316  342
 317  341
 317  336
 318  335
 322  335
 323  334
 325  334
 326  333
 327  333
 332  328
 332  327
 335  324
 335  323
 336  322
 336  309
 337  308
 337  307
 341  303
 342  303
 344  301
 345  301
 346  300
 346  299
 348  297
 348  296
 349  295
 349  292
 350  291
 350  285
 351  284
 351  272
 352  271
 352  270
 353  269
 353  268
 360  261
 360  260
 361  259
 361  258
 362  257
 362  254
 363  253
 363  248
 364  247
 364  243
 365  242
 365  236
 366  235
 366  231
 373  224
 373  223
 374  222
 374  221
 375  220
 375  219
 376  218
 376  216
 377  215
 377  213
 378  212
 378  211
 379  210
 379  208
 380  207
 380  204
 381  203
 381  200
 382  199
 382  196
 383  195
 383  193
 384  192
 384  191
 388  187
 388  186
 389  185
 389  184
 390  183
 390  181
 391  180
 391  179
 392  178
 392  176
 393  175
 393  173
 394  172
 394  170
 395  169
 395  168
 396  167
 396  164
 397  163
 397  162
 398  161
 398  160
 400  158
 400  157
 402  155
 402  154
 403  153
 403  151
 404  150
 404  148
 405  147
 405  146
 406  145
 406  143
 407  142
 407  141
 408  140
 408  139
 409  138
 409  135
 410  134
 410  131
 411  130
 411  128
 412  127
 412  125
 413  124
 413  115
 414  114
 414  111
 413  110
 413  103
 412  102
 412  100
 411   99
 411   98
 410   97
 410   96
 409   95
 409   94
 406   91
 405   91
 404   90
 403   90
 402   89
 401   89
 400   88
 398   88
 397   87
 394   87
 393   86
 389   86
 388   85
 378   85
 377   84
