 317  138
 316  139
 311  139
 310  140
 307  140
 306  141
 302  141
 301  142
 299  142
 298  143
 295  143
 294  144
 292  144
 291  145
 289  145
 288  146
 287  146
 286  147
 284  147
 283  148
 281  148
 280  149
 279  149
 278  150
 277  150
 276  151
 274  151
 273  152
 272  152
 271  153
 270  153
 269  154
 268  154
 267  155
 266  155
 265  156
 264  156
 263  157
 262  157
 261  158
 260  158
 258  160
 257  160
 256  161
 255  161
 253  163
 252  163
 251  164
 250  164
 249  165
 248  165
 246  167
 245  167
 244  168
 243  168
 241  170
 240  170
 238  172
 237  172
 235  174
 234  174
 232  176
 231  176
 229  178
 228  178
 225  181
 224  181
 222  183
 221  183
 217  187
 216  187
 212  191
 211  191
 207  195
 206  195
 198  203
 197  203
 167  233
 167  234
 161  240
 161  241
 156  246
 156  247
 153  250
 153  251
 150  254
 150  255
 148  257
 148  258
 146  260
 146  261
 145  262
 145  263
 143  265
 143  266
 141  268
 141  269
 139  271
 139  272
 138  273
 138  274
 136  276
 136  277
 135  278
 135  279
 134  280
 134  281
 133  282
 133  283
 132  284
 132  285
 130  287
 130  288
 129  289
 129  291
 127  293
 127  295
 126  296
 126  297
 125  298
 125  300
 124  301
 124  302
 123  303
 123  305
 121  307
 121  308
 120  309
 120  310
 116  314
 116  329
 117  330
 122  330
 123  331
 123  345
 122  346
 122  347
 121  348
 121  350
 120  351
 120  354
 118  356
 116  356
 114  358
 114  373
 115  374
 115  375
 116  376
 116  379
 117  380
 117  382
 118  383
 118  384
 119  385
 119  387
 120  388
 120  390
 121  391
 121  392
 122  393
 122  394
 123  395
 123  398
 124  399
 124  400
 125  401
 125  402
 126  403
 126  405
 127  406
 127  407
 128  408
 128  409
 129  410
 129  411
 130  412
 130  415
 131  416
 131  417
 132  418
 132  420
 133  421
 133  424
 134  425
 134  428
 135  429
 135  431
 136  432
 136  436
 137  437
 137  440
 138  441
 138  442
 139  443
 139  446
 140  447
 140  450
 141  451
 141  452
 142  453
 142  455
 143  456
 143  460
 144  461
 144  464
 145  465
 145  467
 146  468
 146  471
 147  472
 147  475
 148  476
 148  478
 149  479
 149  483
 150  484
 150  488
 151  489
 151  492
 152  493
 152  496
 153  497
 153  500
 154  501
 154  504
 155  505
 155  506
 156  507
 156  509
 157  510
 157  511
 158  512
 158  513
 160  515
 160  516
 168  524
 169  524
 170  525
 172  525
 173  526
 179  526
 182  529
 182  534
 183  535
 183  537
 184  538
 184  539
 185  540
 185  542
 187  544
 187  545
 188  545
 190  547
 191  547
 192  548
 194  548
 195  549
 198  549
 199  550
 217  550
 218  549
 223  549
 224  548
 226  548
 227  547
 229  547
 231  545
 232  545
 234  543
 235  543
 236  542
 238  542
 239  541
 249  541
 250  540
 254  540
 255  539
 256  539
 258  537
 259  537
 260  536
 260  535
 261  534
 261  533
 262  532
 262  529
 263  528
 263  522
 264  521
 264  520
 267  517
 268  517
 269  516
 271  516
 272  515
 274  515
 275  514
 276  514
 277  513
 278  513
 281  510
 281  509
 282  508
 282  507
 283  506
 283  505
 284  504
 284  502
 285  501
 285  483
 289  479
 290  479
 291  478
 292  478
 298  472
 298  471
 299  470
 299  469
 300  468
 300  463
 299  462
 299  460
 297  458
 297  456
 296  455
 296  438
 299  435
 299  434
 301  432
 301  427
 300  426
 300  424
 299  423
 299  421
 297  419
 297  418
 295  416
 295  415
 294  415
 290  411
 290  410
 288  408
 288  407
 287  406
 287  404
 286  403
 286  398
 284  396
 284  395
 283  394
 283  393
 272  382
 271  382
 266  377
 265  377
 262  374
 261  374
 258  371
 257  371
 254  368
 253  368
 252  367
 251  367
 249  365
 248  365
 246  363
 245  363
 244  362
 243  362
 242  361
 241  361
 239  359
 239  345
 240  344
 265  344
 266  343
 273  343
 274  342
 282  342
 283  341
 287  341
 288  340
 289  340
 295  334
 296  334
 297  333
 298  333
 301  330
 302  330
 303  329
 303  328
 304  327
 304  326
 308  322
 309  322
 310  321
 310  320
 314  316
 314  315
 316  313
 316  312
 317  311
 317  310
 318  309
 318  307
 319  306
 319  303
 325  297
 325  296
 326  295
 326  294
 328  292
 328  291
 329  290
 329  289
 330  288
 330  286
 331  285
 331  284
 332  283
 332  276
 333  275
 333  272
 334  271
 334  270
 337  267
 337  266
 339  264
 339  262
 340  261
 340  258
 341  257
 341  256
 342  255
 342  245
 343  244
 343  243
 346  240
 346  239
 347  238
 347  237
 348  236
 348  235
 349  234
 349  231
 350  230
 350  228
 352  226
 352  221
 353  220
 353  217
 355  215
 355  214
 358  211
 358  210
 359  209
 359  206
 360  205
 360  202
 361  201
 361  198
 362  197
 362  193
 363  192
 363  190
 364  189
 364  188
 365  187
 365  184
 366  183
 366  169
 365  168
 365  166
 364  165
 364  163
 363  162
 363  160
 361  158
 361  157
 359  155
 359  154
 358  153
 358  152
 355  149
 355  148
 354  147
 353  147
 350  144
 349  144
 348  143
 347  143
 346  142
 345  142
 344  141
 342  141
 341  140
 338  140
 337  139
 334  139
 333  138
