 312  162
 311  163
 307  163
 306  164
 301  164
 300  165
 298  165
 297  166
 294  166
 293  167
 292  167
 291  168
 288  168
 287  169
 286  169
 285  170
 283  170
 282  171
 280  171
 279  172
 278  172
 277  173
 274  173
 273  174
 272  174
 271  175
 269  175
 267  177
 265  177
 263  179
 261  179
 260  180
 259  180
 258  181
 257  181
 256  182
 255  182
 254  183
 252  183
 251  184
 250  184
 249  185
 248  185
 247  186
 246  186
 245  187
 244  187
 243  188
 242  188
 241  189
 240  189
 239  190
 238  190
 237  191
 236  191
 235  192
 234  192
 233  193
 232  193
 230  195
 228  195
 227  196
 226  196
 224  198
 223  198
 222  199
 221  199
 220  200
 219  200
 217  202
 215  202
 213  204
 212  204
 210  206
 209  206
 208  207
 207  207
 205  209
 204  209
 203  210
 202  210
 199  213
 198  213
 196  215
 195  215
 194  216
 193  216
 191  218
 190  218
 188  220
 187  220
 185  222
 184  222
 182  224
 181  224
 178  227
 177  227
 175  229
 174  229
 172  231
 171  231
 168  234
 167  234
 158  243
 158  244
 155  247
 155  248
 153  250
 153  251
 149  255
 148  255
 147  256
 147  257
 146  258
 146  262
 147  263
 152  263
 153  264
 153  278
 152  279
 151  279
 150  280
 149  280
 148  281
 147  281
 147  282
 146  283
 146  284
 145  285
 145  286
 143  288
 143  289
 142  290
 142  291
 141  292
 141  294
 140  295
 140  299
 139  300
 139  302
 138  303
 138  306
 137  307
 137  314
 136  315
 136  316
 135  317
 134  317
 132  319
 132  328
 133  329
 133  330
 135  330
 136  331
 136  332
 137  333
 137  339
 138  340
 138  343
 139  344
 139  347
 140  348
 140  356
 141  357
 141  360
 142  361
 142  362
 143  363
 143  364
 144  365
 144  367
 145  368
 145  369
 146  370
 146  371
 147  372
 147  375
 148  376
 148  377
 149  378
 149  379
 150  380
 150  386
 151  387
 151  397
 152  398
 152  402
 153  403
 153  405
 154  406
 154  408
 157  411
 157  412
 160  415
 162  415
 163  416
 164  416
 167  419
 167  423
 168  424
 168  448
 167  449
 167  453
 168  454
 168  455
 169  456
 169  457
 172  460
 173  460
 174  459
 175  459
 176  458
 191  458
 193  460
 194  460
 195  461
 212  461
 215  464
 215  465
 217  467
 217  468
 218  469
 218  470
 219  471
 219  472
 220  473
 220  474
 220  473
 219  472
 219  471
 218  470
 218  469
 217  468
 217  467
 216  466
 216  465
 215  464
 215  463
 214  462
 214  461
 213  460
 213  437
 214  436
 214  435
 215  434
 215  433
 220  428
 221  428
 224  425
 223  424
 223  402
 229  396
 230  396
 231  395
 233  395
 234  394
 235  394
 237  392
 237  383
 238  382
 238  381
 239  380
 239  379
 243  375
 243  374
 245  372
 246  372
 247  371
 247  356
 248  355
 248  353
 249  352
 249  351
 247  349
 247  347
 246  346
 246  345
 245  344
 245  343
 244  342
 244  341
 242  339
 242  338
 240  336
 240  335
 239  334
 239  333
 237  331
 237  330
 236  329
 236  313
 237  312
 250  312
 250  308
 251  307
 252  307
 253  306
 260  306
 261  305
 265  305
 266  304
 267  304
 268  303
 269  303
 272  300
 273  300
 275  298
 276  298
 280  294
 281  294
 283  292
 283  291
 284  290
 284  289
 285  288
 285  287
 287  285
 288  285
 289  284
 289  283
 291  281
 291  279
 292  278
 292  276
 293  275
 293  274
 294  273
 295  273
 298  270
 298  269
 299  268
 299  264
 300  263
 302  263
 302  262
 303  261
 303  260
 304  259
 304  258
 305  257
 305  256
 306  255
 306  254
 307  253
 307  251
 308  250
 308  249
 309  248
 309  247
 310  246
 310  245
 312  243
 312  242
 313  241
 313  240
 314  239
 314  238
 316  236
 316  235
 317  234
 317  232
 319  230
 319  229
 320  228
 320  226
 321  225
 321  224
 322  223
 322  222
 323  221
 323  220
 324  219
 324  218
 326  216
 326  215
 327  214
 327  213
 328  212
 328  211
 329  210
 329  209
 330  208
 330  207
 332  205
 332  204
 334  202
 334  201
 337  198
 337  197
 338  196
 338  195
 340  193
 340  192
 341  191
 341  190
 343  188
 343  187
 345  185
 345  184
 346  183
 346  182
 347  181
 347  179
 348  178
 348  177
 347  176
 347  175
 346  174
 346  173
 342  169
 341  169
 340  168
 339  168
 338  167
 336  167
 335  166
 334  166
 333  165
 331  165
 330  164
 328  164
 327  163
 325  163
 324  162
