 320  172
 319  173
 313  173
 312  174
 307  174
 306  175
 302  175
 301  176
 299  176
 298  177
 295  177
 294  178
 292  178
 291  179
 289  179
 288  180
 287  180
 286  181
 284  181
 283  182
 282  182
 281  183
 279  183
 278  184
 277  184
 276  185
 275  185
 274  186
 272  186
 271  187
 269  187
 268  188
 267  188
 266  189
 265  189
 264  190
 263  190
 262  191
 260  191
 259  192
 258  192
 257  193
 256  193
 255  194
 254  194
 253  195
 252  195
 251  196
 250  196
 249  197
 248  197
 246  199
 245  199
 244  200
 243  200
 242  201
 241  201
 240  202
 239  202
 237  204
 236  204
 235  205
 234  205
 233  206
 232  206
 230  208
 229  208
 226  211
 225  211
 223  213
 222  213
 220  215
 219  215
 217  217
 216  217
 213  220
 212  220
 208  224
 207  224
 199  232
 198  232
 180  250
 179  250
 178  251
 178  252
 177  253
 176  253
 175  254
 175  255
 174  256
 173  256
 171  258
 171  259
 169  261
 168  261
 168  262
 167  263
 166  263
 148  281
 148  282
 141  289
 141  290
 136  295
 136  296
 134  298
 134  299
 132  301
 132  305
 131  306
 131  310
 130  311
 130  315
 129  316
 129  317
 128  318
 125  318
 123  320
 123  324
 125  326
 127  326
 128  327
 128  333
 129  334
 133  334
 137  338
 137  352
 135  354
 134  354
 133  355
 127  355
 127  356
 126  357
 126  378
 127  379
 127  380
 128  381
 128  382
 129  383
 129  384
 130  385
 130  386
 131  387
 131  388
 132  389
 132  390
 134  392
 134  395
 135  396
 135  397
 136  398
 136  399
 137  400
 137  401
 138  402
 138  404
 140  406
 140  408
 141  409
 141  411
 142  412
 142  414
 143  415
 143  416
 144  417
 144  419
 145  420
 145  421
 146  422
 146  423
 147  424
 147  426
 148  427
 148  428
 149  429
 149  430
 150  431
 151  431
 152  432
 152  433
 153  434
 153  437
 154  438
 154  441
 155  442
 155  444
 157  446
 157  448
 158  449
 158  451
 160  453
 160  454
 161  455
 161  458
 162  459
 162  461
 163  462
 163  463
 164  464
 164  466
 165  467
 165  469
 167  471
 167  472
 168  473
 168  474
 170  476
 170  477
 172  479
 173  479
 174  480
 180  480
 181  481
 181  505
 182  506
 182  507
 185  510
 185  511
 186  512
 187  512
 189  514
 192  514
 193  513
 193  508
 194  507
 194  506
 195  505
 210  505
 211  506
 211  508
 212  509
 212  510
 213  511
 214  511
 215  512
 217  510
 217  509
 218  508
 218  504
 219  503
 219  498
 220  497
 236  497
 240  501
 240  500
 241  499
 241  491
 240  490
 240  474
 244  470
 258  470
 260  468
 260  467
 261  466
 261  449
 266  444
 271  444
 272  443
 274  443
 275  442
 276  442
 276  441
 277  440
 277  438
 276  437
 276  436
 274  434
 274  418
 277  415
 278  415
 279  414
 280  414
 281  413
 281  412
 282  411
 282  409
 281  408
 281  406
 279  404
 277  404
 275  402
 275  401
 274  400
 274  398
 273  397
 273  387
 272  386
 272  385
 271  384
 271  383
 270  382
 270  381
 267  378
 267  377
 258  368
 257  368
 254  365
 253  365
 251  363
 251  379
 250  380
 235  380
 234  379
 233  379
 232  378
 232  358
 234  356
 243  356
 243  343
 244  342
 281  342
 282  341
 286  341
 291  336
 291  335
 292  334
 292  333
 293  332
 295  332
 301  326
 301  325
 302  324
 302  323
 303  322
 303  321
 304  320
 304  310
 306  308
 307  308
 312  303
 312  302
 313  301
 313  299
 312  298
 312  284
 315  281
 316  281
 317  280
 317  279
 318  278
 318  277
 319  276
 319  275
 320  274
 320  262
 322  260
 323  260
 327  256
 327  255
 328  254
 328  253
 329  252
 329  250
 330  249
 330  243
 335  238
 336  238
 336  237
 338  235
 338  234
 339  233
 339  232
 340  231
 340  229
 341  228
 341  224
 347  218
 347  217
 348  216
 348  215
 349  214
 349  213
 350  212
 350  209
 351  208
 351  206
 353  204
 353  203
 354  202
 354  201
 355  200
 355  199
 356  198
 356  197
 357  196
 357  186
 351  180
 350  180
 348  178
 347  178
 346  177
 345  177
 344  176
 343  176
 342  175
 339  175
 338  174
 335  174
 334  173
 328  173
 327  172
