 342   62
 341   63
 336   63
 335   64
 329   64
 328   65
 324   65
 323   66
 321   66
 320   67
 316   67
 315   68
 313   68
 312   69
 309   69
 308   70
 306   70
 305   71
 302   71
 301   72
 299   72
 298   73
 297   73
 296   74
 294   74
 293   75
 291   75
 290   76
 289   76
 288   77
 286   77
 285   78
 283   78
 282   79
 281   79
 280   80
 279   80
 278   81
 276   81
 275   82
 274   82
 273   83
 271   83
 270   84
 269   84
 268   85
 267   85
 266   86
 265   86
 264   87
 263   87
 262   88
 261   88
 260   89
 259   89
 258   90
 257   90
 256   91
 255   91
 254   92
 253   92
 252   93
 251   93
 250   94
 249   94
 248   95
 247   95
 246   96
 245   96
 244   97
 243   97
 242   98
 241   98
 239  100
 238  100
 237  101
 236  101
 234  103
 233  103
 232  104
 231  104
 229  106
 228  106
 226  108
 225  108
 224  109
 223  109
 221  111
 220  111
 218  113
 217  113
 215  115
 214  115
 211  118
 210  118
 208  120
 207  120
 204  123
 203  123
 200  126
 199  126
 194  131
 193  131
 189  135
 188  135
 185  138
 184  138
 178  144
 177  144
 172  149
 171  149
 162  158
 161  158
 152  167
 151  167
 142  176
 141  176
 132  185
 131  185
 125  191
 124  191
 115  200
 114  200
 105  209
 104  209
  91  222
  91  223
  89  225
  88  225
  84  229
  84  230
  82  232
  82  233
  80  235
  80  236
  73  243
  73  258
  74  259
  82  259
  83  260
  83  274
  80  277
  80  278
  78  280
  78  281
  77  282
  77  283
  76  284
  76  286
  75  287
  75  288
  74  289
  74  290
  73  291
  73  294
  72  295
  72  304
  71  305
  71  317
  70  318
  65  318
  64  319
  64  322
  65  323
  65  324
  67  326
  67  333
  68  334
  68  336
  69  337
  69  339
  70  340
  70  344
  71  345
  71  348
  72  349
  72  352
  74  354
  74  355
  75  356
  75  357
  76  358
  76  360
  77  361
  77  389
  78  390
  78  391
  79  392
  79  393
  80  394
  80  398
  81  399
  81  423
  80  424
  80  429
  79  430
  79  443
  80  444
  80  459
  81  460
  81  465
  82  466
  82  471
  83  472
  83  475
  84  476
  84  478
  85  479
  85  480
  86  481
  86  482
  87  483
  87  484
  88  485
  88  486
  89  486
  93  490
  95  490
  96  491
 104  491
 105  492
 105  506
 104  507
 104  512
 105  513
 105  515
 106  516
 106  519
 107  520
 107  523
 108  524
 108  525
 109  526
 109  527
 110  528
 110  529
 111  530
 111  531
 114  534
 114  535
 116  537
 117  537
 119  539
 120  539
 121  540
 122  540
 123  541
 125  541
 128  538
 128  537
 130  535
 145  535
 147  537
 147  541
 148  542
 149  542
 151  544
 152  544
 154  546
 156  546
 157  547
 160  547
 161  546
 162  546
 165  543
 166  543
 170  539
 186  539
 187  540
 188  540
 194  546
 194  547
 197  550
 197  551
 198  552
 198  553
 200  555
 200  557
 201  558
 201  559
 202  560
 202  561
 204  563
 204  565
 205  566
 205  568
 206  569
 206  570
 207  571
 207  573
 208  574
 208  576
 209  577
 209  578
 210  579
 210  582
 211  583
 211  586
 220  595
 220  596
 221  597
 221  613
 222  614
 222  615
 224  617
 224  618
 229  623
 230  623
 232  625
 234  625
 235  626
 236  625
 238  625
 239  624
 240  624
 241  623
 242  623
 243  622
 243  621
 245  619
 245  618
 246  617
 246  614
 247  613
 247  610
 246  609
 246  605
 241  600
 236  600
 235  599
 234  599
 233  598
 232  598
 229  595
 229  594
 227  592
 227  588
 226  587
 226  578
 225  577
 225  576
 223  574
 223  573
 222  572
 222  571
 220  569
 220  568
 218  566
 218  565
 216  563
 216  561
 213  558
 213  556
 211  554
 211  553
 210  552
 210  551
 209  550
 209  548
 207  546
 207  544
 206  543
 206  540
 205  539
 205  538
 204  537
 204  535
 203  534
 203  528
 202  527
 202  512
 203  511
 203  508
 205  506
 205  504
 208  501
 209  501
 210  500
 219  500
 220  499
 223  499
 224  498
 225  498
 226  497
 227  497
 232  492
 232  491
 233  490
 233  487
 234  486
 234  474
 235  473
 235  470
 236  469
 236  458
 237  457
 250  457
 251  456
 253  456
 254  455
 256  455
 262  449
 262  448
 263  447
 263  434
 262  433
 262  431
 260  429
 260  414
 261  413
 266  413
 267  412
 269  412
 273  408
 273  406
 274  405
 274  402
 273  401
 273  397
 272  396
 272  395
 271  394
 271  393
 270  392
 270  388
 269  387
 269  386
 267  384
 267  382
 266  381
 266  380
 265  379
 265  378
 263  376
 263  375
 261  373
 260  373
 258  371
 256  371
 255  370
 255  361
 254  360
 254  358
 253  357
 253  354
 251  352
 251  351
 249  349
 249  348
 246  345
 246  344
 239  337
 239  336
 238  335
 237  335
 232  330
 231  330
 228  327
 227  327
 226  326
 225  326
 224  325
 223  325
 222  324
 221  324
 220  323
 219  323
 218  322
 217  322
 216  321
 215  321
 211  317
 211  303
 212  302
 227  302
 228  303
 238  303
 239  304
 269  304
 270  303
 284  303
 285  302
 288  302
 289  301
 290  301
 292  299
 292  298
 295  295
 296  295
 297  294
 299  294
 300  293
 301  293
 306  288
 306  284
 307  283
 307  280
 311  276
 312  276
 313  275
 314  275
 315  274
 315  267
 319  263
 319  261
 321  259
 326  259
 327  258
 327  257
 328  256
 328  255
 330  253
 330  252
 331  251
 331  250
 332  249
 332  248
 333  247
 333  245
 334  244
 334  240
 335  239
 335  233
 342  226
 342  225
 344  223
 344  222
 345  221
 345  220
 346  219
 346  218
 347  217
 347  214
 348  213
 348  212
 349  211
 349  209
 350  208
 350  201
 351  200
 351  199
 361  189
 361  188
 363  186
 363  185
 364  184
 364  183
 366  181
 366  180
 367  179
 367  177
 368  176
 368  175
 369  174
 369  172
 370  171
 370  168
 371  167
 371  166
 374  163
 375  163
 380  158
 380  157
 381  156
 381  155
 383  153
 383  152
 386  149
 386  148
 387  147
 387  146
 390  143
 390  142
 398  134
 398  133
 400  131
 400  130
 402  128
 402  127
 404  125
 404  124
 406  122
 406  121
 407  120
 407  119
 408  118
 408  117
 409  116
 409  115
 410  114
 410  113
 411  112
 411  111
 412  110
 412  109
 413  108
 413  107
 414  106
 414  103
 415  102
 415  100
 416   99
 416   96
 417   95
 417   87
 416   86
 416   84
 415   83
 415   82
 414   81
 414   80
 413   79
 413   78
 409   74
 408   74
 406   72
 405   72
 404   71
 403   71
 402   70
 401   70
 400   69
 399   69
 398   68
 397   68
 396   67
 393   67
 392   66
 390   66
 389   65
 387   65
 386   64
 381   64
 380   63
 376   63
 375   62
