 317  149
 316  150
 312  150
 311  151
 307  151
 306  152
 305  152
 304  153
 301  153
 300  154
 299  154
 298  155
 297  155
 296  156
 294  156
 292  158
 291  158
 290  159
 289  159
 288  160
 287  160
 286  161
 285  161
 284  162
 283  162
 282  163
 281  163
 280  164
 279  164
 277  166
 276  166
 274  168
 273  168
 271  170
 270  170
 269  171
 268  171
 266  173
 265  173
 262  176
 261  176
 256  181
 255  181
 252  184
 251  184
 248  187
 247  187
 238  196
 237  196
 229  204
 228  204
 222  210
 221  210
 217  214
 216  214
 210  220
 210  221
 204  227
 204  228
 193  239
 193  240
 190  243
 190  244
 184  250
 184  251
 177  258
 177  259
 174  262
 174  263
 171  266
 171  267
 169  269
 168  269
 167  270
 167  271
 166  272
 166  273
 165  274
 164  274
 163  275
 163  276
 161  278
 161  279
 157  283
 157  284
 156  285
 156  286
 154  288
 154  289
 151  292
 151  293
 150  294
 150  328
 149  329
 148  329
 146  331
 146  342
 150  346
 150  347
 151  348
 151  349
 153  351
 153  353
 154  354
 154  355
 156  357
 156  359
 157  360
 157  362
 158  363
 158  364
 160  366
 160  369
 161  370
 161  371
 163  373
 163  375
 164  376
 164  377
 165  378
 165  379
 166  380
 166  381
 167  382
 167  383
 168  384
 168  385
 169  386
 169  387
 170  388
 170  390
 171  391
 171  392
 173  394
 173  396
 174  397
 174  398
 175  399
 175  400
 176  401
 176  402
 178  404
 178  405
 180  407
 180  408
 181  409
 181  410
 184  413
 184  414
 187  417
 187  418
 188  419
 188  420
 190  422
 190  423
 193  426
 193  427
 196  430
 196  431
 198  433
 198  434
 204  440
 204  442
 205  443
 205  444
 206  445
 206  447
 207  448
 207  449
 210  452
 210  453
 218  461
 218  462
 219  463
 219  480
 218  481
 218  484
 220  484
 223  487
 224  487
 225  488
 233  488
 234  489
 241  489
 243  491
 243  492
 244  493
 244  494
 245  495
 246  495
 247  494
 248  494
 249  493
 274  493
 275  494
 276  494
 282  500
 280  498
 280  497
 279  496
 279  495
 276  492
 276  491
 272  487
 272  486
 270  484
 270  483
 268  481
 268  476
 267  475
 267  459
 268  458
 268  456
 269  455
 269  454
 272  451
 272  450
 277  445
 277  444
 276  444
 270  438
 270  421
 271  420
 271  418
 273  416
 273  415
 274  414
 274  413
 275  412
 275  411
 277  409
 277  408
 280  405
 281  405
 284  402
 282  400
 281  400
 280  399
 280  382
 281  381
 281  379
 282  378
 282  375
 283  374
 283  372
 285  370
 284  370
 283  369
 282  369
 281  368
 280  368
 279  367
 279  366
 278  365
 278  361
 277  360
 277  352
 276  351
 276  347
 270  341
 269  341
 267  339
 266  339
 265  338
 264  338
 263  337
 262  337
 260  335
 259  335
 257  333
 256  333
 255  332
 255  318
 256  317
 281  317
 282  316
 284  316
 285  315
 286  315
 288  313
 289  313
 301  301
 301  300
 305  296
 305  295
 306  294
 306  293
 308  291
 308  290
 309  289
 309  287
 310  286
 310  283
 311  282
 311  281
 312  280
 312  278
 313  277
 313  274
 314  273
 314  271
 315  270
 315  268
 316  267
 316  260
 317  259
 317  255
 318  254
 318  250
 319  249
 319  236
 320  235
 320  228
 321  227
 321  224
 322  223
 322  219
 323  218
 323  213
 324  212
 324  209
 325  208
 325  206
 326  205
 326  200
 327  199
 327  197
 328  196
 328  194
 329  193
 329  189
 330  188
 330  183
 331  182
 331  180
 332  179
 332  177
 333  176
 333  166
 334  165
 334  160
 335  159
 335  158
 334  157
 334  155
 333  154
 333  153
 331  151
 330  151
 329  150
 328  150
 327  149
