 353   79
 352   80
 340   80
 339   81
 332   81
 331   82
 326   82
 325   83
 323   83
 322   84
 318   84
 317   85
 315   85
 314   86
 311   86
 310   87
 308   87
 307   88
 304   88
 303   89
 301   89
 300   90
 299   90
 298   91
 295   91
 294   92
 293   92
 292   93
 290   93
 289   94
 288   94
 287   95
 285   95
 284   96
 283   96
 282   97
 280   97
 279   98
 278   98
 277   99
 276   99
 275  100
 273  100
 272  101
 271  101
 270  102
 269  102
 268  103
 267  103
 266  104
 265  104
 264  105
 263  105
 262  106
 260  106
 259  107
 258  107
 257  108
 256  108
 255  109
 254  109
 253  110
 252  110
 251  111
 250  111
 249  112
 248  112
 247  113
 246  113
 245  114
 244  114
 243  115
 242  115
 241  116
 240  116
 239  117
 238  117
 236  119
 235  119
 234  120
 233  120
 232  121
 231  121
 229  123
 228  123
 227  124
 226  124
 225  125
 224  125
 222  127
 221  127
 220  128
 219  128
 217  130
 216  130
 215  131
 214  131
 211  134
 210  134
 208  136
 207  136
 204  139
 203  139
 201  141
 200  141
 198  143
 197  143
 194  146
 193  146
 190  149
 189  149
 187  151
 186  151
 183  154
 182  154
 178  158
 177  158
 174  161
 173  161
 167  167
 166  167
 138  195
 137  195
 136  196
 136  197
 134  199
 133  199
 133  200
 129  204
 129  205
 123  211
 123  212
 117  218
 117  219
 114  222
 114  223
 112  225
 112  226
 109  229
 109  230
 107  232
 107  233
 105  235
 105  236
 103  238
 103  239
 101  241
 101  242
  99  244
  99  245
  98  246
  98  247
  96  249
  96  250
  95  251
  95  252
  93  254
  93  255
  92  256
  92  257
  91  258
  91  259
  89  261
  89  262
  88  263
  88  264
  86  266
  86  267
  85  268
  85  269
  83  271
  83  272
  82  273
  82  274
  81  275
  81  276
  80  277
  80  278
  78  280
  78  281
  76  283
  76  284
  75  285
  75  287
  73  289
  73  290
  70  293
  69  293
  68  294
  68  295
  67  296
  67  310
  69  312
  80  312
  81  313
  81  327
  76  332
  76  333
  75  334
  75  335
  74  336
  74  338
  73  339
  73  340
  72  341
  72  343
  71  344
  71  347
  70  348
  70  349
  68  351
  68  376
  69  377
  69  378
  74  383
  74  384
  79  389
  79  390
  80  391
  80  392
  83  395
  83  396
  85  398
  85  399
  86  400
  86  401
  87  402
  87  403
  89  405
  89  406
  92  409
  92  410
  94  412
  94  413
  97  416
  97  417
  99  419
  99  420
 101  422
 101  423
 102  424
 102  425
 103  426
 103  428
 105  430
 105  431
 106  432
 106  434
 107  435
 107  436
 109  438
 109  440
 110  441
 110  442
 112  444
 112  451
 113  452
 113  476
 114  477
 114  478
 115  479
 116  479
 118  481
 118  489
 119  490
 119  501
 120  502
 120  505
 121  506
 121  509
 122  510
 122  517
 123  518
 123  521
 124  522
 124  525
 125  526
 125  529
 126  530
 126  533
 127  534
 127  535
 128  536
 128  538
 129  539
 129  541
 130  542
 130  543
 131  544
 131  545
 132  546
 132  548
 133  549
 133  551
 135  553
 135  554
 136  555
 136  557
 138  559
 138  560
 139  561
 139  562
 142  565
 143  565
 145  567
 146  567
 147  568
 149  568
 150  569
 153  569
 154  570
 156  570
 159  573
 159  574
 160  575
 160  576
 162  578
 162  579
 166  583
 166  584
 182  600
 183  600
 186  603
 187  603
 189  605
 190  605
 191  606
 192  606
 193  607
 194  607
 195  608
 200  608
 201  607
 203  607
 204  606
 207  606
 208  605
 210  605
 211  604
 220  604
 221  603
 223  603
 224  602
 227  602
 228  601
 229  601
 230  600
 231  600
 232  599
 233  599
 237  595
 238  595
 250  583
 268  583
 269  584
 270  584
 273  581
 273  580
 272  579
 272  577
 269  574
 269  572
 268  571
 268  570
 267  569
 267  568
 266  567
 266  565
 265  564
 265  545
 266  544
 266  543
 267  542
 267  541
 271  537
 272  537
 274  535
 275  535
 277  533
 278  533
 280  531
 281  531
 285  527
 285  526
 286  525
 286  524
 287  523
 287  522
 288  521
 288  513
 287  512
 287  495
 288  494
 288  492
 289  491
 289  490
 291  488
 291  487
 299  479
 299  478
 302  475
 302  473
 303  472
 303  470
 302  469
 302  466
 301  465
 301  464
 299  462
 299  459
 298  458
 298  456
 297  455
 297  437
 299  435
 299  434
 302  431
 302  423
 300  421
 300  420
 299  419
 299  417
 296  414
 296  413
 292  409
 292  408
 282  398
 282  397
 281  396
 281  395
 279  393
 279  389
 278  388
 278  385
 276  383
 276  382
 275  381
 275  380
 260  365
 259  365
 254  360
 253  360
 249  356
 249  337
 250  336
 259  336
 260  335
 267  335
 268  334
 280  334
 281  333
 282  333
 283  332
 284  332
 291  325
 292  325
 293  324
 294  324
 295  323
 296  323
 300  319
 300  318
 305  313
 306  313
 307  312
 308  312
 312  308
 312  307
 316  303
 316  302
 319  299
 319  298
 320  297
 320  296
 322  294
 322  293
 323  292
 323  291
 325  289
 325  287
 326  286
 326  285
 327  284
 327  283
 329  281
 329  280
 330  279
 330  278
 332  276
 332  275
 333  274
 333  273
 336  270
 336  268
 337  267
 337  266
 338  265
 338  264
 339  263
 339  261
 340  260
 340  258
 341  257
 341  256
 342  255
 342  252
 343  251
 343  246
 344  245
 344  244
 345  243
 345  241
 346  240
 346  237
 347  236
 347  235
 348  234
 348  233
 349  232
 349  230
 350  229
 350  228
 351  227
 351  226
 352  225
 352  222
 353  221
 353  218
 354  217
 354  215
 355  214
 355  212
 356  211
 356  210
 358  208
 358  207
 359  206
 359  204
 361  202
 361  201
 362  200
 362  198
 363  197
 363  196
 365  194
 365  193
 366  192
 366  191
 368  189
 368  188
 369  187
 369  186
 370  185
 370  184
 372  182
 372  181
 373  180
 373  179
 376  176
 376  175
 382  169
 382  168
 386  164
 386  163
 390  159
 390  158
 393  155
 393  154
 395  152
 395  151
 399  147
 399  146
 400  145
 400  144
 402  142
 402  140
 403  139
 403  138
 404  137
 404  136
 406  134
 406  132
 407  131
 407  130
 409  128
 409  126
 410  125
 410  123
 411  122
 411  120
 412  119
 412  116
 413  115
 413  104
 412  103
 412  102
 410  100
 410   99
 404   93
 403   93
 401   91
 400   91
 398   89
 397   89
 396   88
 394   88
 393   87
 392   87
 391   86
 390   86
 389   85
 387   85
 386   84
 384   84
 383   83
 381   83
 380   82
 376   82
 375   81
 372   81
 371   80
 362   80
 361   79
