 302  206
 301  207
 296  207
 295  208
 292  208
 291  209
 288  209
 287  210
 285  210
 284  211
 282  211
 281  212
 280  212
 279  213
 277  213
 276  214
 275  214
 274  215
 273  215
 272  216
 271  216
 270  217
 269  217
 268  218
 267  218
 266  219
 265  219
 264  220
 263  220
 261  222
 260  222
 259  223
 258  223
 256  225
 255  225
 253  227
 252  227
 251  228
 250  228
 248  230
 247  230
 245  232
 244  232
 242  234
 241  234
 238  237
 237  237
 234  240
 233  240
 230  243
 229  243
 219  253
 218  253
 214  257
 214  258
 208  264
 208  265
 207  266
 206  266
 201  271
 201  272
 196  277
 196  278
 193  281
 193  282
 190  285
 190  286
 187  289
 187  290
 184  293
 184  294
 180  298
 180  299
 177  302
 177  303
 174  306
 174  307
 171  310
 170  310
 167  313
 167  314
 164  317
 164  318
 163  319
 160  319
 158  321
 158  335
 160  337
 172  337
 173  338
 173  352
 172  353
 172  362
 171  363
 171  364
 170  365
 170  384
 171  385
 171  386
 175  390
 175  391
 176  392
 176  394
 177  395
 177  397
 178  398
 178  400
 179  401
 179  402
 180  403
 180  404
 181  405
 181  406
 183  408
 183  409
 184  410
 184  411
 186  413
 186  414
 188  416
 188  417
 190  419
 190  420
 191  421
 191  422
 192  423
 192  424
 193  425
 193  426
 196  429
 196  430
 197  431
 197  433
 198  434
 198  435
 200  437
 200  439
 201  440
 201  441
 202  442
 202  443
 203  444
 203  445
 204  446
 204  447
 205  448
 205  450
 206  451
 206  452
 207  453
 207  454
 208  455
 208  456
 209  457
 209  458
 212  461
 213  461
 214  462
 216  462
 217  463
 219  463
 220  464
 224  464
 226  466
 226  468
 227  469
 227  474
 228  475
 228  478
 231  481
 232  481
 232  479
 233  478
 233  472
 234  471
 248  471
 250  473
 250  474
 251  475
 253  475
 255  473
 255  470
 256  469
 256  464
 257  463
 270  463
 272  461
 269  458
 269  441
 270  440
 277  440
 278  439
 280  439
 281  438
 281  437
 280  436
 280  420
 282  418
 284  418
 285  417
 286  417
 288  415
 287  415
 286  414
 286  398
 288  396
 290  396
 290  395
 289  394
 288  394
 286  392
 285  392
 283  390
 283  381
 282  380
 282  379
 280  377
 280  376
 278  374
 278  373
 271  366
 270  366
 268  364
 267  364
 266  363
 265  363
 264  362
 263  362
 262  361
 261  361
 260  360
 259  360
 258  359
 256  359
 255  358
 253  358
 252  357
 250  357
 248  355
 248  350
 222  350
 221  349
 221  366
 220  367
 205  367
 204  366
 204  348
 206  346
 214  346
 214  337
 213  337
 211  335
 211  333
 210  332
 210  328
 209  327
 209  312
 211  310
 212  310
 213  309
 226  309
 226  297
 227  296
 228  296
 229  295
 232  295
 233  294
 241  294
 241  288
 227  288
 226  287
 226  270
 229  267
 230  267
 231  266
 247  266
 248  267
 248  279
 269  279
 270  280
 272  280
 273  281
 273  295
 274  295
 275  296
 277  296
 278  297
 278  298
 279  299
 279  315
 278  316
 276  316
 275  317
 258  317
 258  337
 257  338
 253  338
 253  340
 261  340
 262  339
 266  339
 267  338
 269  338
 270  337
 285  337
 286  338
 287  337
 294  337
 295  336
 296  336
 297  335
 298  335
 303  330
 303  329
 304  328
 304  327
 305  326
 305  322
 306  321
 306  318
 309  315
 310  315
 312  313
 312  312
 313  311
 313  303
 316  300
 317  300
 317  299
 318  298
 318  297
 319  296
 319  280
 320  279
 320  266
 321  265
 321  247
 322  246
 322  221
 319  218
 319  216
 318  215
 318  212
 316  210
 316  209
 315  209
 314  208
 313  208
 312  207
 308  207
 307  206
