 352   76
 351   77
 342   77
 341   78
 334   78
 333   79
 327   79
 326   80
 322   80
 321   81
 318   81
 317   82
 312   82
 311   83
 308   83
 307   84
 303   84
 302   85
 300   85
 299   86
 296   86
 295   87
 293   87
 292   88
 290   88
 289   89
 286   89
 285   90
 284   90
 283   91
 280   91
 279   92
 278   92
 277   93
 274   93
 273   94
 272   94
 271   95
 269   95
 268   96
 267   96
 266   97
 264   97
 263   98
 261   98
 260   99
 259   99
 258  100
 256  100
 255  101
 254  101
 253  102
 251  102
 250  103
 248  103
 247  104
 245  104
 244  105
 243  105
 242  106
 241  106
 240  107
 239  107
 238  108
 237  108
 236  109
 234  109
 232  111
 230  111
 229  112
 228  112
 227  113
 226  113
 225  114
 224  114
 223  115
 222  115
 221  116
 220  116
 218  118
 217  118
 216  119
 215  119
 214  120
 213  120
 211  122
 210  122
 209  123
 208  123
 207  124
 206  124
 205  125
 204  125
 203  126
 202  126
 201  127
 200  127
 198  129
 197  129
 196  130
 195  130
 194  131
 193  131
 191  133
 190  133
 189  134
 188  134
 186  136
 185  136
 183  138
 182  138
 180  140
 179  140
 177  142
 176  142
 172  146
 171  146
 169  148
 168  148
 166  150
 165  150
 163  152
 162  152
 161  153
 160  153
 158  155
 157  155
 154  158
 153  158
 149  162
 148  162
 145  165
 144  165
 140  169
 139  169
 135  173
 134  173
 131  176
 130  176
 127  179
 126  179
 120  185
 119  185
 115  189
 114  189
 111  192
 110  192
 106  196
 105  196
 102  199
 101  199
 100  200
  99  200
  97  202
  96  202
  95  203
  94  203
  91  206
  90  206
  87  209
  86  209
  82  213
  81  213
  79  215
  79  216
  78  217
  78  223
  77  224
  77  225
  75  227
  75  228
  72  231
  72  232
  68  236
  68  239
  66  241
  66  242
  65  243
  65  244
  63  246
  63  247
  60  250
  60  251
  59  252
  59  253
  57  255
  57  256
  52  261
  52  262
  46  268
  46  272
  47  273
  66  273
  67  274
  67  288
  66  289
  63  289
  59  293
  59  295
  58  296
  58  297
  57  298
  57  301
  56  302
  56  308
  55  309
  55  316
  54  317
  54  336
  52  338
  52  344
  53  345
  53  346
  55  348
  55  349
  56  350
  56  352
  57  353
  57  354
  58  355
  58  356
  59  357
  59  360
  60  361
  60  362
  61  363
  61  364
  62  365
  62  367
  63  368
  63  369
  65  371
  65  372
  66  373
  66  375
  68  377
  68  379
  69  380
  69  384
  70  385
  70  386
  71  387
  71  388
  72  389
  72  392
  73  393
  73  395
  74  396
  74  397
  75  398
  75  401
  76  402
  76  405
  77  406
  77  408
  78  409
  78  411
  79  412
  79  417
  80  418
  80  419
  81  420
  81  422
  82  423
  82  431
  83  432
  83  435
  84  436
  84  438
  85  439
  85  443
  86  444
  86  448
  87  449
  87  450
  88  451
  88  453
  89  454
  89  460
  90  461
  90  463
  91  464
  91  465
  92  466
  92  469
  93  470
  93  473
  94  474
  94  475
  95  476
  95  477
  96  478
  96  480
  97  481
  97  483
  99  485
  99  487
 100  488
 100  490
 101  491
 101  492
 102  493
 102  495
 103  496
 103  498
 104  499
 104  500
 105  501
 105  502
 106  503
 106  504
 107  505
 107  506
 109  508
 109  509
 110  510
 111  510
 115  514
 116  514
 118  516
 119  516
 121  518
 122  518
 126  522
 126  523
 127  524
 127  525
 129  527
 129  529
 130  530
 130  531
 131  532
 131  533
 132  534
 132  536
 133  537
 133  538
 134  539
 134  541
 135  542
 135  543
 136  544
 136  546
 137  547
 137  548
 139  550
 139  551
 145  557
 150  557
 151  556
 152  556
 153  555
 154  555
 155  554
 157  554
 158  553
 159  553
 160  552
 162  552
 163  551
 164  551
 165  550
 166  550
 167  549
 168  549
 169  548
 170  548
 171  547
 174  547
 175  546
 184  546
 185  545
 187  545
 188  544
 189  544
 193  540
 194  540
 194  539
 195  538
 196  538
 197  537
 198  537
 199  536
 202  536
 203  535
 208  535
 209  534
 211  534
 212  533
 213  533
 213  532
 214  531
 228  531
 230  533
 230  535
 231  536
 231  537
 232  538
 232  539
 233  540
 233  542
 235  544
 235  545
 237  547
 237  548
 239  550
 239  551
 240  552
 240  553
 241  554
 241  555
 243  557
 243  559
 244  560
 244  561
 246  563
 246  565
 247  566
 247  567
 249  569
 249  570
 250  571
 250  573
 251  574
 251  575
 253  577
 253  579
 254  580
 254  581
 256  583
 256  585
 257  586
 257  587
 259  589
 259  590
 260  591
 260  592
 262  594
 262  595
 263  596
 263  597
 273  607
 274  607
 275  608
 276  608
 278  610
 279  610
 280  611
 283  611
 284  612
 286  612
 287  611
 289  611
 290  610
 291  610
 293  608
 294  608
 295  607
 295  606
 298  603
 298  602
 299  601
 299  597
 300  596
 300  590
 299  589
 299  587
 298  586
 298  585
 296  583
 296  582
 295  581
 295  580
 292  577
 292  576
 274  558
 273  558
 269  554
 268  554
 261  547
 260  547
 255  542
 254  542
 242  530
 242  529
 239  526
 239  525
 238  524
 238  523
 235  520
 235  518
 233  516
 233  515
 232  514
 232  487
 234  485
 234  484
 235  483
 235  482
 238  479
 238  477
 241  474
 241  473
 244  470
 245  470
 249  466
 249  464
 251  462
 251  458
 249  456
 249  430
 250  429
 250  428
 251  427
 251  426
 253  424
 253  423
 262  414
 262  413
 263  412
 263  409
 262  408
 262  406
 259  403
 259  402
 252  395
 252  372
 255  369
 255  368
 256  367
 255  366
 255  364
 252  361
 252  360
 250  358
 249  358
 245  354
 244  354
 242  352
 241  352
 239  350
 238  350
 231  343
 231  342
 230  341
 230  337
 229  336
 229  322
 230  321
 257  321
 258  320
 259  320
 260  319
 262  319
 267  314
 268  314
 269  313
 270  313
 271  312
 272  312
 273  311
 274  311
 275  310
 276  310
 277  309
 277  308
 282  303
 283  303
 284  302
 285  302
 292  295
 292  293
 293  292
 293  288
 298  283
 299  283
 300  282
 301  282
 305  278
 305  277
 306  276
 306  274
 307  273
 308  273
 311  270
 311  269
 313  267
 313  266
 315  264
 315  263
 316  262
 316  261
 318  259
 318  258
 319  257
 319  256
 321  254
 321  253
 322  252
 322  251
 323  250
 323  249
 325  247
 325  246
 326  245
 326  244
 327  243
 327  242
 329  240
 329  238
 332  235
 332  233
 335  230
 335  229
 336  228
 336  227
 338  225
 338  224
 339  223
 339  222
 341  220
 341  219
 342  218
 342  217
 345  214
 345  213
 355  203
 355  202
 361  196
 362  196
 366  192
 366  191
 369  188
 369  187
 370  186
 371  186
 372  185
 372  184
 374  182
 375  182
 378  179
 379  179
 381  177
 382  177
 383  176
 384  176
 386  174
 387  174
 391  170
 392  170
 416  146
 416  145
 419  142
 419  141
 422  138
 422  137
 423  136
 423  135
 425  133
 425  132
 426  131
 426  129
 427  128
 427  127
 428  126
 428  125
 429  124
 429  121
 430  120
 430  118
 431  117
 432  117
 434  115
 434  109
 433  108
 433  103
 432  102
 432  100
 430   98
 430   97
 424   91
 423   91
 421   89
 420   89
 419   88
 418   88
 416   86
 414   86
 412   84
 410   84
 408   82
 406   82
 405   81
 403   81
 402   80
 400   80
 399   79
 397   79
 396   78
 393   78
 392   77
 386   77
 385   76
