 369   17
 368   18
 361   18
 360   19
 354   19
 353   20
 349   20
 348   21
 344   21
 343   22
 338   22
 337   23
 334   23
 333   24
 329   24
 328   25
 326   25
 325   26
 322   26
 321   27
 319   27
 318   28
 315   28
 314   29
 312   29
 311   30
 309   30
 308   31
 306   31
 305   32
 303   32
 302   33
 300   33
 299   34
 298   34
 297   35
 295   35
 294   36
 293   36
 292   37
 290   37
 289   38
 288   38
 287   39
 285   39
 284   40
 283   40
 282   41
 281   41
 280   42
 279   42
 278   43
 277   43
 276   44
 275   44
 274   45
 273   45
 272   46
 271   46
 269   48
 268   48
 267   49
 266   49
 265   50
 264   50
 263   51
 262   51
 260   53
 259   53
 258   54
 257   54
 255   56
 254   56
 252   58
 251   58
 250   59
 249   59
 246   62
 245   62
 242   65
 242   66
 232   76
 231   76
 229   78
 228   78
 227   79
 226   79
 225   80
 224   80
 222   82
 221   82
 220   83
 219   83
 218   84
 217   84
 215   86
 213   86
 212   87
 211   87
 210   88
 209   88
 206   91
 205   91
 201   95
 200   95
 198   97
 197   97
 195   99
 194   99
 186  107
 185  107
 184  108
 184  109
 182  111
 181  111
 171  121
 171  122
 165  128
 164  128
 164  129
 151  142
 151  143
 145  149
 144  149
 134  159
 134  160
 127  167
 127  168
 117  178
 117  179
 104  192
 104  193
  99  198
  99  199
  95  203
  95  204
  91  208
  91  209
  88  212
  88  213
  85  216
  85  217
  83  219
  83  220
  80  223
  80  224
  77  227
  77  228
  75  230
  75  231
  74  232
  74  233
  73  234
  73  235
  71  237
  71  238
  69  240
  69  241
  67  243
  67  244
  66  245
  66  246
  64  248
  64  249
  63  250
  63  251
  60  254
  60  255
  59  256
  59  257
  58  258
  58  288
  59  289
  67  289
  68  290
  70  290
  71  291
  72  291
  73  292
  73  306
  72  307
  68  307
  67  308
  66  308
  65  309
  56  309
  55  310
  55  332
  56  333
  56  334
  57  335
  57  336
  58  337
  58  338
  60  340
  60  341
  62  343
  62  344
  63  345
  63  347
  64  348
  64  350
  65  351
  65  352
  66  353
  66  354
  67  355
  67  357
  68  358
  68  359
  69  360
  69  361
  70  362
  70  364
  71  365
  71  366
  72  367
  72  368
  73  369
  73  371
  74  372
  74  373
  75  374
  75  375
  77  377
  77  378
  79  380
  79  381
  80  382
  80  384
  81  385
  81  389
  82  390
  82  394
  83  395
  83  400
  84  401
  84  404
  85  405
  85  408
  86  409
  86  413
  87  414
  87  419
  88  420
  88  424
  89  425
  89  433
  90  434
  90  442
  91  443
  91  454
  92  455
  92  466
  93  467
  93  477
  94  478
  94  481
  95  482
  95  484
  96  485
  96  492
  97  493
  97  498
  98  499
  98  502
  99  503
  99  505
 100  506
 100  509
 101  510
 101  511
 102  512
 102  513
 103  514
 103  516
 104  517
 104  518
 108  522
 109  522
 110  523
 111  523
 112  524
 114  524
 115  525
 116  525
 117  526
 118  526
 123  531
 123  533
 124  534
 124  538
 125  539
 125  546
 126  547
 126  550
 127  551
 127  554
 128  555
 128  556
 129  557
 129  558
 130  559
 130  561
 131  562
 131  564
 132  565
 132  566
 133  567
 133  569
 134  570
 134  572
 136  574
 136  575
 137  576
 137  577
 141  581
 142  581
 143  582
 144  582
 146  584
 147  583
 148  583
 148  582
 149  581
 149  580
 151  578
 152  578
 153  577
 154  577
 155  576
 169  576
 172  579
 172  580
 176  584
 181  584
 182  583
 184  583
 185  582
 186  582
 187  581
 188  581
 197  572
 213  572
 214  573
 215  573
 218  576
 218  577
 221  580
 221  581
 223  583
 223  584
 224  585
 224  587
 225  588
 225  589
 226  590
 226  591
 227  592
 227  594
 228  595
 228  597
 229  598
 229  600
 230  601
 230  604
 231  605
 231  608
 232  609
 232  611
 233  612
 233  616
 234  617
 234  620
 237  623
 238  623
 243  628
 243  630
 244  631
 244  649
 245  650
 245  651
 247  653
 247  654
 248  655
 248  656
 250  658
 250  659
 257  666
 258  666
 260  668
 261  668
 262  669
 263  669
 264  670
 269  670
 270  669
 272  669
 273  668
 274  668
 280  662
 280  661
 281  660
 281  659
 282  658
 282  657
 283  656
 283  645
 279  641
 278  641
 277  640
 273  640
 269  636
 269  635
 266  632
 266  631
 265  630
 265  629
 264  628
 264  627
 263  626
 263  614
 262  613
 262  611
 260  609
 260  608
 257  605
 257  604
 255  602
 255  601
 252  598
 252  597
 250  595
 250  594
 248  592
 248  591
 247  590
 247  589
 246  588
 246  587
 244  585
 244  584
 243  583
 243  582
 242  581
 242  580
 241  579
 241  578
 240  577
 240  576
 239  575
 239  573
 238  572
 238  571
 237  570
 237  568
 236  567
 236  563
 235  562
 235  560
 234  559
 234  556
 233  555
 233  532
 234  531
 234  530
 236  528
 257  528
 258  527
 259  527
 267  519
 267  518
 268  517
 268  516
 269  515
 269  511
 270  510
 270  501
 269  500
 269  497
 268  496
 268  479
 271  476
 282  476
 283  475
 286  475
 288  473
 289  473
 293  469
 293  468
 295  466
 295  465
 296  464
 296  461
 297  460
 297  458
 296  457
 296  452
 295  451
 295  449
 294  448
 294  446
 293  445
 293  443
 290  440
 290  439
 288  437
 288  422
 290  420
 295  420
 296  419
 297  419
 300  416
 300  410
 299  409
 299  407
 298  406
 298  405
 297  404
 297  403
 296  402
 296  399
 294  397
 294  395
 293  394
 293  393
 292  392
 292  391
 291  390
 291  389
 290  388
 290  387
 289  386
 289  385
 286  382
 286  381
 282  377
 281  377
 280  376
 278  376
 277  375
 276  375
 268  367
 268  356
 267  355
 267  353
 264  350
 264  349
 260  345
 260  344
 259  343
 258  343
 257  342
 257  341
 243  327
 242  327
 239  324
 238  324
 235  321
 234  321
 233  320
 232  320
 231  319
 230  319
 229  318
 228  318
 224  314
 224  294
 225  293
 255  293
 256  292
 283  292
 284  291
 284  287
 287  284
 290  284
 291  283
 295  283
 296  282
 298  282
 303  277
 305  277
 306  276
 308  276
 309  275
 311  275
 312  274
 313  274
 320  267
 320  266
 323  263
 323  262
 325  260
 325  259
 327  257
 327  256
 328  255
 328  246
 331  243
 333  243
 334  242
 337  242
 338  241
 339  241
 343  237
 343  235
 344  234
 344  229
 345  228
 345  210
 347  208
 348  208
 354  202
 354  201
 355  200
 355  199
 356  198
 356  195
 357  194
 357  189
 358  188
 358  171
 360  169
 361  169
 363  167
 364  167
 370  161
 370  160
 372  158
 372  157
 373  156
 373  153
 374  152
 374  149
 375  148
 375  146
 376  145
 376  143
 377  142
 377  134
 380  131
 381  131
 386  126
 386  125
 387  124
 387  123
 388  122
 388  121
 389  120
 389  119
 390  118
 390  116
 391  115
 391  113
 393  111
 393  108
 394  107
 394  104
 398  100
 399  100
 403   96
 403   95
 405   93
 405   92
 407   90
 407   89
 408   88
 408   87
 410   85
 410   83
 411   82
 411   81
 412   80
 412   79
 413   78
 413   77
 414   76
 414   75
 415   74
 415   73
 417   71
 417   70
 418   69
 418   68
 420   66
 420   64
 421   63
 421   62
 423   60
 423   58
 424   57
 424   55
 425   54
 425   50
 426   49
 426   44
 425   43
 425   41
 424   40
 424   38
 423   37
 423   36
 422   35
 422   34
 416   28
 415   28
 412   25
 411   25
 410   24
 409   24
 408   23
 407   23
 406   22
 404   22
 403   21
 401   21
 400   20
 398   20
 397   19
 393   19
 392   18
 386   18
 385   17
