 374  108
 373  109
 365  109
 364  110
 358  110
 357  111
 351  111
 350  112
 346  112
 345  113
 341  113
 340  114
 339  114
 338  115
 335  115
 334  116
 332  116
 331  117
 329  117
 328  118
 327  118
 326  119
 324  119
 323  120
 321  120
 320  121
 319  121
 318  122
 316  122
 315  123
 313  123
 312  124
 311  124
 310  125
 309  125
 308  126
 306  126
 305  127
 303  127
 302  128
 301  128
 300  129
 299  129
 298  130
 297  130
 296  131
 295  131
 294  132
 293  132
 291  134
 290  134
 289  135
 288  135
 286  137
 285  137
 284  138
 283  138
 280  141
 279  141
 277  143
 276  143
 273  146
 272  146
 268  150
 267  150
 264  153
 263  153
 260  156
 259  156
 256  159
 255  159
 250  164
 249  164
 246  167
 245  167
 242  170
 241  170
 237  174
 236  174
 216  194
 215  194
 215  195
 192  218
 192  219
 181  230
 181  231
 164  248
 164  249
 152  261
 152  262
 145  269
 145  270
 141  274
 141  275
 137  279
 137  280
 134  283
 134  284
 133  285
 133  286
 130  289
 130  290
 128  292
 128  293
 126  295
 126  296
 123  299
 123  300
 120  303
 120  304
 117  307
 117  308
 114  311
 114  312
 112  314
 112  315
 110  317
 110  318
 108  320
 108  321
 106  323
 106  324
 104  326
 104  327
 103  328
 103  329
 101  331
 101  332
  99  334
  99  335
  97  337
  97  339
  96  340
  96  341
  94  343
  94  344
  91  347
  88  347
  87  348
  87  353
  86  354
  86  355
  85  356
  85  357
  84  358
  84  371
  86  373
  97  373
 100  376
 100  392
  97  395
  97  396
  96  397
  96  398
  95  399
  95  402
  94  403
  94  405
  93  406
  93  409
  92  410
  92  414
  91  415
  91  427
  89  429
  89  430
  88  431
  88  453
  89  454
  89  455
  91  457
  92  457
  94  459
  94  460
  97  463
  97  464
  98  465
  98  466
  99  467
  99  469
 100  470
 100  471
 101  472
 101  473
 103  475
 103  476
 104  477
 104  478
 105  479
 105  482
 106  483
 106  485
 107  486
 107  489
 108  490
 108  491
 109  492
 109  493
 110  494
 110  495
 111  496
 111  497
 112  498
 112  499
 113  500
 113  501
 114  502
 114  505
 115  506
 115  508
 116  509
 116  510
 117  511
 117  512
 120  515
 120  516
 121  516
 123  518
 123  519
 127  523
 127  524
 128  525
 128  526
 130  528
 131  528
 135  532
 135  533
 136  534
 136  535
 137  536
 137  537
 138  538
 138  539
 148  549
 148  550
 149  550
 151  552
 151  553
 162  564
 163  564
 167  568
 168  568
 170  570
 171  570
 172  571
 174  571
 175  572
 180  572
 181  573
 190  573
 191  574
 192  574
 193  575
 194  575
 195  576
 196  576
 197  577
 198  577
 199  578
 200  578
 201  579
 202  579
 203  578
 205  578
 206  577
 207  577
 208  576
 213  576
 214  575
 226  575
 227  574
 228  574
 229  573
 230  573
 233  570
 233  569
 238  564
 239  564
 242  561
 244  561
 245  560
 248  560
 249  559
 255  559
 257  557
 258  557
 260  555
 260  553
 261  552
 261  547
 262  546
 262  543
 263  542
 263  540
 264  539
 264  538
 267  535
 267  534
 269  532
 270  532
 274  528
 275  528
 276  527
 277  527
 278  526
 279  526
 281  524
 282  524
 287  519
 287  498
 288  497
 288  495
 289  494
 289  493
 290  492
 290  491
 291  490
 291  489
 292  488
 293  488
 300  481
 300  477
 299  476
 299  475
 298  474
 298  473
 297  472
 297  470
 296  469
 296  468
 295  467
 295  466
 294  465
 294  446
 295  445
 295  444
 294  443
 294  441
 291  438
 291  437
 289  435
 288  435
 287  434
 287  433
 285  431
 284  431
 279  426
 278  426
 275  423
 274  423
 272  421
 271  421
 269  419
 268  419
 266  417
 265  417
 264  416
 263  416
 261  414
 260  414
 259  413
 258  413
 256  411
 255  411
 254  410
 253  410
 252  409
 250  409
 248  407
 248  393
 249  392
 255  392
 256  391
 273  391
 274  390
 285  390
 286  389
 297  389
 298  388
 299  388
 301  386
 302  386
 304  384
 304  383
 307  380
 308  380
 310  378
 311  378
 321  368
 321  367
 323  365
 323  364
 324  363
 324  362
 325  361
 325  360
 327  358
 327  356
 328  355
 328  354
 330  352
 330  351
 331  350
 331  349
 332  348
 332  347
 334  345
 334  343
 335  342
 335  341
 337  339
 337  337
 338  336
 338  333
 339  332
 339  330
 340  329
 340  327
 341  326
 341  322
 343  320
 343  319
 344  318
 344  316
 347  313
 347  312
 348  311
 348  310
 350  308
 350  306
 351  305
 351  303
 352  302
 352  300
 353  299
 353  297
 354  296
 354  287
 355  286
 355  283
 356  282
 356  281
 357  280
 357  278
 358  277
 358  276
 360  274
 360  273
 363  270
 363  269
 366  266
 366  265
 367  264
 367  263
 369  261
 369  260
 370  259
 370  258
 371  257
 371  256
 372  255
 372  254
 373  253
 373  251
 374  250
 374  244
 375  243
 375  238
 376  237
 376  236
 377  235
 377  233
 378  232
 378  230
 380  228
 380  226
 381  225
 381  224
 383  222
 383  221
 384  220
 384  219
 385  218
 385  217
 386  216
 386  215
 387  214
 387  211
 388  210
 388  204
 389  203
 389  199
 390  198
 390  194
 391  193
 391  188
 392  187
 392  183
 393  182
 393  179
 394  178
 394  164
 395  163
 395  152
 396  151
 396  141
 395  140
 395  126
 394  125
 394  120
 393  119
 393  118
 392  117
 392  116
 387  111
 385  111
 384  110
 382  110
 381  109
 377  109
 376  108
