 338  119
 337  120
 332  120
 331  121
 327  121
 326  122
 324  122
 323  123
 320  123
 319  124
 317  124
 316  125
 313  125
 312  126
 311  126
 310  127
 308  127
 307  128
 305  128
 304  129
 302  129
 301  130
 299  130
 298  131
 297  131
 296  132
 294  132
 293  133
 292  133
 291  134
 289  134
 288  135
 287  135
 286  136
 284  136
 283  137
 282  137
 281  138
 280  138
 279  139
 278  139
 277  140
 276  140
 275  141
 274  141
 273  142
 272  142
 271  143
 270  143
 268  145
 266  145
 265  146
 264  146
 263  147
 262  147
 260  149
 259  149
 258  150
 257  150
 256  151
 255  151
 254  152
 253  152
 251  154
 249  154
 247  156
 246  156
 245  157
 244  157
 243  158
 242  158
 241  159
 240  159
 238  161
 237  161
 235  163
 234  163
 232  165
 231  165
 229  167
 228  167
 226  169
 225  169
 223  171
 222  171
 219  174
 218  174
 215  177
 214  177
 210  181
 209  181
 204  186
 203  186
 197  192
 196  192
 186  202
 186  203
 173  216
 173  217
 167  223
 166  223
 166  224
 164  226
 163  226
 163  227
 156  234
 156  235
 143  248
 143  249
 133  259
 133  260
 129  264
 129  265
 126  268
 126  269
 125  270
 125  271
 122  274
 122  275
 121  276
 121  277
 119  279
 119  280
 116  283
 116  284
 115  285
 115  286
 113  288
 113  289
 112  290
 112  292
 110  294
 110  295
 105  300
 103  300
 102  301
 101  301
 101  329
 102  330
 104  330
 105  331
 105  346
 103  348
 100  348
  98  350
  98  358
  99  359
  99  362
 100  363
 100  364
 101  365
 101  367
 102  368
 102  369
 103  370
 103  371
 106  374
 106  375
 108  377
 108  378
 109  379
 109  381
 110  382
 110  383
 111  384
 111  385
 112  386
 112  388
 113  389
 113  390
 114  391
 114  393
 115  394
 115  402
 116  403
 116  407
 117  408
 117  411
 118  412
 118  415
 119  416
 119  419
 120  420
 120  422
 121  423
 121  427
 122  428
 122  432
 123  433
 123  436
 124  437
 124  439
 125  440
 125  443
 126  444
 126  446
 127  447
 127  448
 129  450
 129  479
 130  480
 130  482
 131  483
 131  486
 132  487
 132  490
 133  491
 133  492
 135  494
 135  495
 136  496
 136  497
 137  498
 137  499
 139  501
 139  502
 140  503
 140  504
 141  505
 141  506
 144  509
 145  509
 146  510
 152  510
 153  511
 154  511
 156  513
 156  526
 157  527
 157  529
 158  530
 158  532
 159  533
 159  536
 160  537
 160  538
 161  539
 161  540
 162  541
 162  543
 164  545
 164  546
 165  547
 165  548
 167  550
 167  551
 170  554
 170  555
 172  557
 173  557
 176  560
 179  560
 180  559
 180  556
 182  554
 199  554
 202  557
 202  561
 209  568
 210  568
 211  569
 212  569
 213  568
 214  568
 216  566
 216  565
 218  563
 218  561
 219  560
 219  557
 220  556
 220  554
 222  552
 238  552
 240  554
 240  555
 245  560
 246  560
 248  562
 251  559
 250  558
 250  553
 249  552
 249  521
 250  520
 250  519
 252  517
 257  517
 258  516
 261  516
 262  515
 263  515
 264  514
 265  514
 268  511
 268  510
 269  509
 269  507
 270  506
 269  505
 269  497
 268  496
 268  481
 269  480
 269  479
 270  478
 271  478
 272  477
 281  477
 282  476
 285  476
 288  473
 286  471
 286  470
 285  469
 285  468
 283  466
 283  465
 282  464
 282  463
 278  459
 278  458
 274  454
 274  440
 275  439
 290  439
 291  440
 292  440
 293  439
 294  439
 298  435
 298  429
 297  428
 297  427
 296  426
 296  423
 295  422
 295  418
 294  417
 294  416
 293  415
 293  414
 292  413
 292  412
 291  411
 291  410
 290  409
 288  409
 287  408
 283  408
 279  404
 279  389
 280  388
 281  388
 280  387
 280  386
 278  384
 278  383
 276  381
 276  380
 274  378
 274  377
 270  373
 270  372
 266  368
 265  368
 260  363
 259  363
 256  360
 255  360
 253  358
 252  358
 250  356
 249  356
 248  355
 247  355
 246  354
 245  354
 243  352
 242  352
 241  351
 240  351
 239  350
 239  336
 240  335
 256  335
 257  336
 260  336
 261  337
 264  337
 265  338
 270  338
 271  339
 276  339
 277  338
 279  338
 280  337
 282  337
 283  336
 286  336
 287  335
 290  335
 291  334
 298  334
 299  333
 305  333
 306  332
 306  330
 307  329
 307  328
 310  325
 313  325
 314  324
 315  324
 316  323
 317  323
 321  319
 321  318
 324  315
 324  314
 325  313
 325  312
 326  311
 326  310
 327  309
 327  308
 328  307
 328  306
 329  305
 329  292
 331  290
 334  290
 338  286
 338  285
 339  284
 339  280
 340  279
 340  276
 338  274
 338  258
 340  256
 341  256
 342  255
 343  255
 345  253
 345  251
 346  250
 346  248
 347  247
 347  245
 345  243
 345  228
 346  227
 347  227
 349  225
 350  225
 351  224
 352  224
 354  222
 354  221
 355  220
 355  219
 356  218
 356  217
 357  216
 357  214
 358  213
 358  209
 359  208
 359  201
 365  195
 365  193
 366  192
 366  191
 368  189
 368  187
 369  186
 369  179
 374  174
 374  173
 375  172
 375  171
 376  170
 376  168
 377  167
 377  166
 378  165
 378  162
 379  161
 379  154
 380  153
 380  152
 381  151
 381  150
 382  149
 382  144
 381  143
 381  134
 380  133
 380  132
 379  131
 379  129
 375  125
 374  125
 372  123
 370  123
 369  122
 368  122
 367  121
 364  121
 363  120
 358  120
 357  119
