 306  190
 305  191
 298  191
 297  192
 292  192
 291  193
 288  193
 287  194
 283  194
 282  195
 281  195
 280  196
 277  196
 276  197
 274  197
 273  198
 271  198
 270  199
 268  199
 267  200
 265  200
 264  201
 262  201
 261  202
 260  202
 259  203
 257  203
 255  205
 253  205
 252  206
 251  206
 250  207
 249  207
 248  208
 246  208
 245  209
 244  209
 243  210
 242  210
 241  211
 240  211
 239  212
 238  212
 237  213
 236  213
 235  214
 234  214
 233  215
 232  215
 231  216
 230  216
 228  218
 227  218
 226  219
 225  219
 224  220
 223  220
 221  222
 220  222
 218  224
 217  224
 216  225
 215  225
 213  227
 212  227
 210  229
 209  229
 207  231
 206  231
 204  233
 203  233
 200  236
 199  236
 195  240
 194  240
 190  244
 189  244
 184  249
 183  249
 178  254
 177  254
 170  261
 169  261
 162  268
 162  269
 159  272
 158  272
 156  274
 155  274
 154  275
 154  276
 151  279
 150  279
 149  280
 148  280
 145  283
 145  284
 138  291
 138  292
 136  294
 136  298
 135  299
 135  303
 134  304
 134  307
 133  308
 133  309
 135  311
 135  313
 136  314
 136  316
 138  318
 138  333
 134  337
 133  337
 133  338
 132  339
 132  340
 130  342
 130  345
 129  346
 129  351
 128  352
 128  356
 125  359
 125  362
 126  363
 126  364
 127  365
 127  366
 128  367
 128  368
 129  369
 129  372
 130  373
 130  375
 131  376
 131  377
 132  378
 132  380
 133  381
 133  384
 134  385
 134  386
 135  387
 135  388
 136  389
 136  392
 137  393
 137  395
 138  396
 138  397
 139  398
 139  401
 140  402
 140  404
 142  406
 142  409
 143  410
 143  413
 144  414
 144  416
 145  417
 145  419
 146  420
 146  423
 147  424
 147  426
 148  427
 148  428
 149  429
 149  432
 150  433
 150  435
 151  436
 151  438
 152  439
 152  443
 153  444
 153  449
 154  450
 154  452
 155  453
 155  455
 156  456
 156  459
 157  460
 157  461
 158  462
 158  463
 160  465
 160  466
 164  470
 178  470
 179  471
 179  487
 180  488
 180  490
 183  493
 183  494
 185  496
 186  496
 187  497
 188  497
 189  496
 189  495
 190  494
 190  493
 192  491
 206  491
 211  496
 215  492
 215  487
 216  486
 216  484
 217  483
 234  483
 235  482
 235  481
 236  480
 236  461
 237  460
 238  460
 239  459
 245  459
 246  458
 248  458
 252  454
 252  438
 253  437
 253  436
 254  435
 256  435
 257  434
 260  434
 265  429
 265  409
 268  406
 269  406
 272  403
 269  400
 269  399
 266  396
 266  381
 267  380
 267  379
 266  378
 266  377
 265  376
 265  375
 263  373
 263  372
 253  362
 252  362
 250  360
 250  346
 251  345
 271  345
 272  344
 277  344
 278  343
 279  343
 282  340
 282  339
 285  336
 287  336
 290  333
 290  331
 291  330
 291  329
 294  326
 295  326
 295  325
 296  324
 296  319
 297  318
 298  318
 299  317
 299  315
 300  314
 302  314
 303  313
 303  312
 304  311
 304  310
 305  309
 305  294
 307  292
 308  292
 312  288
 312  286
 313  285
 313  276
 314  275
 314  274
 315  273
 317  273
 321  269
 321  268
 322  267
 322  266
 323  265
 323  262
 324  261
 324  258
 325  257
 327  257
 332  252
 332  251
 335  248
 335  246
 336  245
 336  244
 342  238
 342  237
 344  235
 344  234
 345  233
 345  230
 346  229
 346  228
 348  226
 348  225
 350  223
 350  222
 352  220
 352  209
 355  206
 349  200
 348  200
 346  198
 345  198
 344  197
 343  197
 342  196
 340  196
 339  195
 338  195
 337  194
 334  194
 333  193
 332  193
 331  192
 327  192
 326  191
 322  191
 321  190
