 371   64
 370   65
 360   65
 359   66
 355   66
 354   67
 347   67
 346   68
 342   68
 341   69
 337   69
 336   70
 332   70
 331   71
 328   71
 327   72
 323   72
 322   73
 320   73
 319   74
 315   74
 314   75
 313   75
 312   76
 308   76
 307   77
 306   77
 305   78
 302   78
 301   79
 300   79
 299   80
 297   80
 296   81
 294   81
 293   82
 292   82
 291   83
 288   83
 287   84
 286   84
 285   85
 283   85
 282   86
 281   86
 280   87
 279   87
 278   88
 277   88
 276   89
 275   89
 274   90
 272   90
 271   91
 270   91
 269   92
 268   92
 267   93
 266   93
 265   94
 264   94
 263   95
 262   95
 261   96
 260   96
 259   97
 258   97
 257   98
 256   98
 255   99
 254   99
 253  100
 252  100
 251  101
 250  101
 249  102
 248  102
 247  103
 246  103
 244  105
 243  105
 242  106
 241  106
 240  107
 239  107
 238  108
 237  108
 236  109
 235  109
 233  111
 232  111
 231  112
 230  112
 228  114
 227  114
 225  116
 224  116
 223  117
 222  117
 220  119
 219  119
 217  121
 216  121
 214  123
 213  123
 211  125
 210  125
 208  127
 207  127
 204  130
 203  130
 201  132
 200  132
 197  135
 196  135
 193  138
 192  138
 188  142
 187  142
 183  146
 182  146
 177  151
 176  151
 170  157
 169  157
 161  165
 160  165
 157  168
 156  168
 132  192
 132  193
 131  194
 130  194
 130  195
 128  197
 127  197
 126  198
 126  199
 116  209
 116  210
 109  217
 109  218
 104  223
 104  224
 102  226
 102  227
  99  230
  99  231
  97  233
  97  234
  95  236
  95  237
  92  240
  92  241
  89  244
  89  245
  87  247
  87  248
  86  249
  86  250
  84  252
  84  253
  82  255
  82  256
  80  258
  80  259
  79  260
  79  261
  76  264
  76  265
  75  266
  75  267
  72  270
  72  272
  69  275
  69  276
  68  277
  68  289
  67  290
  62  290
  61  291
  61  292
  60  293
  60  294
  59  295
  59  297
  57  299
  57  338
  58  339
  62  339
  63  340
  63  355
  62  356
  57  356
  56  357
  56  386
  58  388
  58  390
  59  391
  59  393
  62  396
  62  398
  65  401
  65  402
  66  403
  66  404
  68  406
  68  407
  69  408
  69  410
  71  412
  71  413
  72  414
  72  415
  73  416
  73  417
  74  418
  74  419
  75  420
  75  421
  76  422
  76  424
  78  426
  78  427
  79  428
  79  429
  80  430
  80  431
  81  432
  81  433
  82  434
  82  436
  84  438
  84  439
  85  440
  85  441
  86  442
  86  443
  87  444
  87  445
  88  446
  88  447
  89  448
  89  450
  91  452
  91  453
  92  454
  92  456
  93  457
  93  458
  94  459
  94  460
  95  461
  95  463
  96  464
  96  465
  97  466
  97  467
  98  468
  98  469
  99  470
  99  473
 100  474
 100  475
 101  476
 101  477
 102  478
 102  482
 103  483
 103  484
 104  485
 104  486
 105  487
 105  491
 106  492
 106  495
 107  496
 107  497
 108  498
 108  501
 109  502
 109  508
 110  509
 110  510
 111  511
 111  512
 112  513
 112  515
 113  516
 113  517
 114  518
 114  527
 115  528
 115  531
 116  532
 116  533
 117  534
 117  535
 118  536
 118  538
 119  539
 119  544
 120  545
 120  547
 121  548
 121  551
 122  552
 122  557
 123  558
 123  560
 125  562
 125  564
 126  565
 126  567
 129  570
 129  571
 130  572
 131  572
 134  575
 135  575
 136  576
 138  576
 139  577
 141  577
 142  578
 144  578
 145  579
 146  579
 147  580
 148  580
 153  585
 153  586
 155  588
 155  589
 156  590
 156  594
 157  595
 157  596
 158  597
 158  599
 159  600
 159  602
 162  605
 162  606
 163  607
 163  608
 166  611
 166  612
 173  619
 174  619
 177  622
 178  622
 179  623
 181  623
 182  624
 188  624
 189  623
 190  623
 191  622
 193  622
 194  621
 197  621
 198  620
 203  620
 204  619
 223  619
 224  618
 226  618
 227  617
 228  617
 230  615
 231  615
 235  611
 235  610
 237  608
 237  607
 240  604
 241  604
 243  602
 244  602
 246  600
 247  600
 250  597
 266  597
 267  598
 268  598
 270  600
 271  600
 272  601
 274  601
 275  600
 275  599
 276  598
 276  595
 275  594
 275  592
 274  591
 274  590
 273  589
 273  588
 272  587
 272  585
 271  584
 271  583
 270  582
 270  581
 269  580
 269  559
 277  551
 278  551
 280  549
 283  549
 285  547
 286  547
 287  546
 288  546
 288  545
 292  541
 292  540
 294  538
 294  537
 295  536
 295  533
 294  532
 294  530
 293  529
 293  527
 292  526
 292  522
 291  521
 291  519
 290  518
 290  516
 289  515
 289  496
 293  492
 294  492
 295  491
 298  491
 300  489
 301  489
 304  486
 304  485
 305  484
 305  483
 306  482
 306  481
 308  479
 308  477
 307  476
 307  475
 306  474
 306  473
 305  472
 305  471
 302  468
 302  467
 299  464
 299  463
 295  459
 295  458
 293  456
 293  455
 292  454
 292  439
 293  438
 293  437
 294  436
 294  435
 298  431
 299  431
 302  428
 302  427
 303  426
 303  425
 302  424
 302  422
 300  420
 300  419
 299  418
 299  417
 295  413
 295  412
 287  404
 286  404
 284  402
 283  402
 282  401
 281  401
 277  397
 276  397
 272  393
 272  392
 270  390
 270  388
 269  387
 269  383
 268  382
 268  376
 264  372
 263  372
 260  369
 259  369
 257  367
 256  367
 253  364
 252  364
 250  362
 249  362
 248  361
 247  361
 244  358
 244  356
 239  356
 238  355
 238  341
 239  340
 263  340
 264  339
 285  339
 292  332
 292  331
 296  327
 297  327
 300  324
 301  324
 305  320
 305  319
 308  316
 308  315
 310  313
 310  312
 316  306
 317  306
 322  301
 322  300
 324  298
 324  297
 325  296
 325  294
 326  293
 326  292
 327  291
 327  290
 328  289
 328  288
 329  287
 329  286
 330  285
 330  283
 331  282
 331  280
 339  272
 339  271
 342  268
 342  267
 343  266
 343  265
 345  263
 345  261
 346  260
 346  257
 347  256
 347  255
 348  254
 348  250
 349  249
 349  242
 351  240
 351  239
 352  238
 352  236
 353  235
 353  234
 355  232
 355  231
 356  230
 356  229
 358  227
 358  225
 359  224
 359  222
 360  221
 360  220
 361  219
 361  217
 362  216
 362  213
 363  212
 363  211
 364  210
 364  209
 365  208
 365  207
 366  206
 366  205
 369  202
 369  201
 370  200
 371  200
 372  199
 372  198
 375  195
 375  194
 376  193
 376  192
 377  191
 377  190
 378  189
 378  188
 379  187
 379  186
 381  184
 381  183
 382  182
 382  179
 383  178
 383  177
 385  175
 385  174
 386  173
 386  172
 391  167
 391  166
 396  161
 396  160
 398  158
 398  157
 399  156
 399  154
 400  153
 400  152
 401  151
 401  150
 402  149
 402  148
 403  147
 403  146
 404  145
 404  144
 405  143
 405  142
 407  140
 407  139
 409  137
 409  136
 412  133
 412  132
 415  129
 415  128
 417  126
 417  125
 418  124
 418  123
 419  122
 419  121
 420  120
 420  118
 421  117
 421  116
 422  115
 422  112
 423  111
 423  109
 424  108
 424  106
 425  105
 425   95
 424   94
 424   92
 423   91
 423   88
 422   87
 422   85
 421   84
 421   83
 419   81
 419   80
 417   78
 416   78
 412   74
 411   74
 410   73
 409   73
 408   72
 406   72
 405   71
 404   71
 403   70
 401   70
 400   69
 398   69
 397   68
 396   68
 395   67
 393   67
 392   66
 391   66
 390   65
 386   65
 385   64
