 329  129
 328  130
 322  130
 321  131
 318  131
 317  132
 312  132
 311  133
 308  133
 307  134
 302  134
 301  135
 299  135
 298  136
 295  136
 294  137
 291  137
 290  138
 288  138
 287  139
 284  139
 283  140
 282  140
 281  141
 278  141
 277  142
 276  142
 275  143
 273  143
 272  144
 270  144
 269  145
 267  145
 266  146
 264  146
 263  147
 262  147
 261  148
 259  148
 258  149
 257  149
 256  150
 254  150
 253  151
 251  151
 250  152
 249  152
 248  153
 246  153
 245  154
 244  154
 243  155
 241  155
 240  156
 239  156
 238  157
 236  157
 235  158
 234  158
 233  159
 232  159
 231  160
 230  160
 229  161
 227  161
 226  162
 225  162
 224  163
 223  163
 222  164
 221  164
 220  165
 219  165
 218  166
 217  166
 216  167
 215  167
 214  168
 213  168
 212  169
 211  169
 210  170
 209  170
 208  171
 207  171
 206  172
 205  172
 204  173
 203  173
 202  174
 201  174
 199  176
 198  176
 197  177
 196  177
 195  178
 194  178
 193  179
 192  179
 190  181
 189  181
 188  182
 187  182
 186  183
 185  183
 183  185
 182  185
 180  187
 179  187
 177  189
 176  189
 175  190
 174  190
 171  193
 170  193
 166  197
 165  197
 161  201
 160  201
 156  205
 155  205
 151  209
 150  209
 134  225
 134  226
 132  228
 131  228
 131  229
 124  236
 124  237
 120  241
 120  242
 117  245
 117  246
 114  249
 114  250
 111  253
 111  254
 108  257
 108  258
 105  261
 105  262
 102  265
 102  266
 100  268
 100  269
  97  272
  97  273
  96  274
  96  275
  95  276
  95  277
  91  281
  91  282
  88  285
  87  285
  86  286
  85  286
  85  287
  84  288
  84  298
  85  299
  95  299
  96  300
  96  314
  95  315
  93  315
  92  316
  91  316
  89  318
  89  319
  88  320
  88  323
  87  324
  87  328
  86  329
  86  342
  85  343
  85  373
  86  374
  86  379
  87  380
  87  384
  88  385
  88  386
  89  387
  89  390
  90  391
  90  401
  91  402
  91  407
  92  408
  92  414
  93  415
  93  436
  94  437
  94  452
  93  453
  93  490
  94  491
  94  495
  95  496
  95  498
  96  499
  96  501
  97  502
  97  504
 102  509
 103  509
 104  510
 105  510
 106  511
 107  511
 108  512
 110  512
 111  513
 114  513
 115  514
 116  514
 120  518
 120  530
 121  531
 121  534
 122  535
 122  536
 123  537
 123  539
 124  540
 124  542
 125  543
 125  544
 126  545
 126  546
 127  547
 127  548
 129  550
 129  551
 132  554
 133  554
 135  556
 136  556
 137  557
 138  557
 139  558
 141  558
 142  557
 143  557
 145  555
 145  554
 147  552
 163  552
 169  558
 173  558
 176  555
 176  553
 177  552
 177  551
 179  549
 180  549
 181  548
 182  548
 183  547
 185  547
 186  546
 202  546
 203  547
 204  547
 209  552
 211  552
 212  551
 212  550
 213  549
 213  531
 217  527
 218  527
 219  526
 220  526
 221  525
 237  525
 239  523
 240  523
 242  521
 242  520
 243  519
 243  517
 244  516
 244  514
 245  513
 245  494
 246  493
 246  492
 247  491
 247  490
 250  487
 265  487
 266  486
 268  486
 269  485
 271  485
 275  481
 275  480
 276  479
 276  472
 275  471
 275  470
 274  469
 274  468
 273  467
 273  466
 272  465
 272  464
 270  462
 270  461
 269  460
 269  459
 268  458
 268  440
 269  439
 281  439
 281  438
 283  436
 283  430
 282  429
 282  428
 281  427
 281  425
 280  424
 280  421
 277  418
 277  417
 273  413
 272  413
 267  408
 267  393
 266  392
 266  391
 264  389
 264  388
 263  387
 263  385
 262  384
 262  383
 260  381
 260  380
 258  378
 258  377
 250  369
 250  354
 251  353
 276  353
 277  352
 281  352
 282  351
 283  351
 285  349
 286  349
 288  347
 289  347
 289  346
 291  344
 291  343
 295  339
 296  339
 297  338
 299  338
 300  337
 301  337
 305  333
 305  332
 306  331
 306  330
 307  329
 307  327
 308  326
 308  325
 309  324
 309  320
 310  319
 310  317
 312  315
 313  315
 315  313
 316  313
 317  312
 317  311
 318  310
 318  305
 322  301
 323  301
 327  297
 327  286
 331  282
 332  282
 336  278
 336  277
 337  276
 337  274
 338  273
 338  271
 339  270
 339  263
 340  262
 340  261
 342  259
 343  259
 344  258
 345  258
 346  257
 347  257
 349  255
 350  255
 350  254
 353  251
 353  250
 356  247
 356  245
 357  244
 357  239
 358  238
 358  234
 359  233
 359  232
 363  228
 364  228
 365  227
 366  227
 368  225
 369  225
 373  221
 373  220
 376  217
 376  216
 377  215
 377  212
 378  211
 378  205
 379  204
 379  203
 386  196
 386  195
 387  194
 387  193
 389  191
 389  190
 390  189
 390  184
 391  183
 391  178
 392  177
 392  176
 393  175
 393  174
 394  173
 394  171
 396  169
 396  166
 397  165
 397  149
 396  148
 396  147
 395  146
 395  145
 393  143
 392  143
 390  141
 389  141
 387  139
 386  139
 385  138
 384  138
 383  137
 382  137
 381  136
 380  136
 379  135
 377  135
 376  134
 374  134
 373  133
 372  133
 371  132
 368  132
 367  131
 364  131
 363  130
 357  130
 356  129
