 365  110
 364  111
 356  111
 355  112
 351  112
 350  113
 346  113
 345  114
 343  114
 342  115
 340  115
 339  116
 337  116
 336  117
 334  117
 333  118
 331  118
 330  119
 328  119
 327  120
 325  120
 324  121
 323  121
 322  122
 320  122
 319  123
 318  123
 317  124
 315  124
 314  125
 313  125
 312  126
 311  126
 310  127
 309  127
 308  128
 307  128
 306  129
 305  129
 304  130
 303  130
 302  131
 301  131
 299  133
 298  133
 297  134
 296  134
 295  135
 294  135
 293  136
 292  136
 291  137
 290  137
 288  139
 287  139
 286  140
 285  140
 283  142
 282  142
 281  143
 280  143
 278  145
 277  145
 276  146
 275  146
 273  148
 272  148
 271  149
 270  149
 268  151
 267  151
 265  153
 264  153
 263  154
 262  154
 260  156
 259  156
 257  158
 256  158
 252  162
 251  162
 248  165
 247  165
 245  167
 244  167
 240  171
 239  171
 235  175
 234  175
 228  181
 227  181
 219  189
 218  189
 205  202
 204  202
 199  207
 198  207
 193  212
 192  212
 184  220
 184  221
 178  227
 178  228
 158  248
 158  249
 145  262
 145  263
 138  270
 138  271
 134  275
 134  276
 130  280
 130  281
 127  284
 127  285
 124  288
 124  289
 120  293
 120  294
 118  296
 118  300
 117  301
 117  305
 113  309
 112  309
 110  311
 109  311
 108  312
 108  313
 106  315
 106  317
 105  318
 105  319
  98  326
  98  327
  97  328
  97  329
  96  330
  96  332
  95  333
  95  335
  94  336
  94  338
  93  339
  93  340
  86  347
  86  350
  85  351
  85  354
  84  355
  84  361
  85  362
  85  363
  86  364
  86  365
  87  366
  87  367
  91  371
  91  375
  92  376
  92  380
  93  381
  93  397
  90  400
  90  401
  89  402
  89  409
  88  410
  88  417
  87  418
  87  426
  86  427
  84  427
  83  428
  82  428
  82  440
  84  442
  84  443
  85  444
  85  445
  87  447
  87  448
  89  450
  89  451
  90  452
  90  453
  91  454
  91  455
  92  456
  92  459
  93  460
  93  463
  94  464
  94  467
  95  468
  95  469
  96  470
  96  471
  97  472
  97  474
  98  475
  98  476
  99  477
  99  478
 100  479
 100  481
 101  482
 101  484
 102  485
 102  487
 103  488
 103  491
 104  492
 104  496
 105  497
 105  500
 106  501
 106  503
 110  507
 110  509
 111  510
 111  513
 112  514
 112  515
 113  516
 113  517
 120  517
 121  518
 122  518
 124  520
 124  521
 131  528
 131  529
 134  532
 134  533
 135  534
 135  535
 136  536
 136  537
 137  538
 137  539
 138  540
 138  541
 139  542
 139  543
 140  544
 140  545
 141  546
 141  548
 142  549
 142  550
 144  552
 144  555
 145  556
 145  558
 148  561
 149  561
 150  562
 151  562
 152  563
 153  563
 154  564
 156  564
 157  565
 158  565
 159  566
 162  566
 163  567
 166  567
 167  568
 169  568
 170  569
 171  569
 173  571
 174  571
 177  574
 178  574
 180  576
 181  576
 182  577
 183  577
 184  576
 185  576
 186  575
 202  575
 203  574
 206  574
 207  573
 208  573
 211  570
 212  570
 217  565
 218  565
 219  564
 220  564
 221  563
 222  563
 223  562
 232  562
 233  561
 239  561
 240  560
 241  560
 244  557
 244  555
 245  554
 245  551
 246  550
 246  546
 247  545
 247  542
 250  539
 250  538
 253  535
 254  535
 256  533
 257  533
 258  532
 259  532
 260  531
 262  531
 263  530
 264  530
 266  528
 267  528
 270  525
 270  524
 271  523
 271  522
 272  521
 272  520
 273  519
 273  498
 274  497
 274  495
 276  493
 276  492
 278  490
 279  490
 281  488
 282  488
 287  483
 287  480
 286  479
 286  478
 285  477
 285  476
 284  475
 284  474
 283  473
 283  471
 282  470
 282  451
 283  450
 283  447
 284  446
 284  445
 283  444
 283  442
 281  440
 281  439
 280  438
 280  437
 269  426
 268  426
 265  423
 264  423
 262  421
 261  421
 258  418
 257  418
 255  416
 254  416
 252  414
 251  414
 249  412
 248  412
 247  411
 246  411
 245  410
 244  410
 243  409
 242  409
 241  408
 241  394
 242  393
 261  393
 262  392
 264  392
 265  391
 268  391
 269  390
 273  390
 274  389
 280  389
 281  388
 287  388
 288  387
 294  387
 295  386
 299  386
 300  385
 302  385
 304  383
 305  383
 309  379
 310  379
 314  375
 314  374
 317  371
 317  370
 318  369
 318  368
 319  367
 319  366
 320  365
 320  364
 321  363
 321  362
 322  361
 322  360
 323  359
 323  358
 324  357
 324  355
 325  354
 325  353
 327  351
 327  349
 329  347
 329  346
 330  345
 330  344
 331  343
 331  342
 332  341
 332  339
 333  338
 333  336
 334  335
 334  332
 335  331
 335  329
 336  328
 336  327
 337  326
 337  323
 338  322
 338  321
 339  320
 339  319
 340  318
 340  317
 341  316
 341  315
 342  314
 342  313
 344  311
 344  309
 346  307
 346  306
 347  305
 347  304
 348  303
 348  301
 349  300
 349  298
 350  297
 350  295
 351  294
 351  290
 352  289
 352  287
 353  286
 353  284
 354  283
 354  281
 355  280
 355  279
 356  278
 356  277
 357  276
 357  275
 362  270
 362  269
 364  267
 364  266
 366  264
 366  263
 367  262
 367  261
 368  260
 368  259
 369  258
 369  257
 370  256
 370  254
 371  253
 371  251
 372  250
 372  248
 373  247
 373  245
 374  244
 374  240
 375  239
 375  238
 377  236
 377  234
 378  233
 378  232
 380  230
 380  229
 381  228
 381  226
 383  224
 383  223
 384  222
 384  220
 385  219
 385  218
 386  217
 386  215
 387  214
 387  211
 388  210
 388  205
 389  204
 389  200
 390  199
 390  195
 391  194
 391  190
 392  189
 392  186
 393  185
 393  183
 394  182
 394  176
 395  175
 395  168
 396  167
 396  164
 397  163
 397  159
 398  158
 398  146
 399  145
 399  129
 398  128
 398  126
 397  125
 397  122
 396  121
 396  119
 395  118
 395  117
 393  115
 392  115
 391  114
 390  114
 389  113
 386  113
 385  112
 383  112
 382  111
 377  111
 376  110
