 308  144
 307  145
 304  145
 303  146
 300  146
 299  147
 298  147
 297  148
 295  148
 294  149
 292  149
 290  151
 289  151
 288  152
 286  152
 285  153
 284  153
 283  154
 282  154
 280  156
 279  156
 278  157
 277  157
 276  158
 274  158
 272  160
 271  160
 270  161
 269  161
 267  163
 266  163
 264  165
 263  165
 261  167
 260  167
 258  169
 257  169
 255  171
 254  171
 252  173
 251  173
 249  175
 248  175
 245  178
 244  178
 238  184
 237  184
 233  188
 232  188
 227  193
 226  193
 222  197
 221  197
 217  201
 216  201
 216  202
 214  204
 213  204
 196  221
 196  222
 193  225
 192  225
 190  227
 190  228
 179  239
 179  240
 177  242
 176  242
 176  243
 157  262
 157  263
 155  265
 155  266
 153  268
 153  269
 152  270
 152  272
 151  273
 151  282
 153  284
 156  284
 157  285
 157  299
 155  301
 155  302
 154  303
 154  304
 153  305
 153  307
 152  308
 152  311
 151  312
 151  313
 150  314
 146  314
 144  316
 144  326
 145  327
 146  327
 151  332
 151  333
 152  334
 152  336
 154  338
 154  339
 155  340
 155  342
 156  343
 156  345
 157  346
 157  348
 158  349
 158  351
 159  352
 159  355
 160  356
 160  357
 161  358
 161  359
 162  360
 162  362
 163  363
 163  365
 164  366
 164  367
 165  368
 165  369
 166  370
 166  372
 167  373
 167  374
 168  375
 168  377
 169  378
 169  380
 170  381
 170  383
 172  385
 172  387
 173  388
 173  389
 174  390
 174  391
 175  392
 175  394
 176  395
 176  396
 177  397
 177  398
 178  399
 178  401
 179  402
 179  404
 180  405
 180  406
 181  407
 181  408
 182  409
 182  410
 183  411
 183  412
 184  413
 184  414
 185  415
 185  416
 186  417
 186  418
 187  419
 187  420
 188  421
 188  422
 189  423
 189  425
 190  426
 190  427
 192  429
 192  430
 193  431
 193  432
 194  433
 194  434
 195  435
 195  436
 197  438
 197  439
 200  442
 200  443
 201  444
 202  444
 205  447
 206  447
 211  452
 211  453
 212  454
 212  478
 214  480
 214  481
 216  483
 217  483
 221  479
 222  479
 223  478
 239  478
 240  479
 240  481
 241  482
 241  484
 242  485
 242  486
 243  487
 244  486
 244  485
 248  481
 249  481
 250  480
 265  480
 266  481
 268  481
 270  483
 271  483
 274  486
 274  487
 275  487
 276  488
 276  489
 277  490
 277  491
 280  494
 280  495
 281  496
 281  497
 283  499
 283  500
 284  501
 284  502
 285  503
 285  502
 284  501
 284  500
 282  498
 282  497
 281  496
 281  495
 280  494
 280  493
 278  491
 278  490
 277  489
 277  488
 275  486
 275  485
 273  483
 273  482
 270  479
 270  478
 266  474
 266  473
 265  472
 265  451
 267  449
 267  448
 271  444
 271  442
 267  438
 267  437
 266  436
 266  435
 264  433
 264  416
 265  415
 265  413
 267  411
 267  409
 268  408
 268  407
 270  405
 270  404
 271  403
 271  402
 274  399
 274  398
 273  397
 273  396
 272  395
 272  375
 273  374
 273  373
 274  372
 274  369
 275  368
 275  366
 277  364
 277  362
 275  360
 275  339
 271  335
 271  334
 268  331
 267  331
 261  325
 260  325
 259  324
 258  324
 257  323
 257  309
 258  308
 269  308
 269  304
 270  303
 271  303
 272  302
 275  302
 276  301
 279  301
 281  299
 282  299
 282  298
 284  296
 285  296
 289  292
 289  290
 290  289
 290  288
 294  284
 294  283
 295  282
 295  281
 296  280
 296  279
 297  278
 297  277
 298  276
 298  271
 299  270
 299  267
 300  266
 300  264
 301  263
 301  260
 302  259
 302  257
 303  256
 303  254
 304  253
 304  251
 305  250
 305  245
 306  244
 306  242
 307  241
 307  239
 308  238
 308  235
 309  234
 309  232
 310  231
 310  230
 311  229
 311  226
 312  225
 312  221
 313  220
 313  218
 314  217
 314  216
 315  215
 315  212
 317  210
 317  209
 318  208
 318  206
 319  205
 319  203
 320  202
 320  201
 321  200
 321  198
 322  197
 322  194
 323  193
 323  192
 324  191
 324  189
 325  188
 325  186
 326  185
 326  182
 327  181
 327  179
 328  178
 328  176
 329  175
 329  173
 331  171
 331  169
 332  168
 332  165
 333  164
 333  163
 334  162
 334  161
 335  160
 335  157
 336  156
 336  152
 335  151
 335  150
 333  148
 332  148
 331  147
 330  147
 329  146
 325  146
 324  145
 322  145
 321  144
