 328  124
 327  125
 312  125
 311  126
 306  126
 305  127
 295  127
 294  128
 290  128
 289  129
 281  129
 280  130
 277  130
 276  131
 269  131
 268  132
 265  132
 264  133
 261  133
 260  134
 256  134
 255  135
 253  135
 252  136
 247  136
 246  137
 245  137
 244  138
 240  138
 239  139
 238  139
 237  140
 234  140
 233  141
 231  141
 230  142
 227  142
 226  143
 224  143
 223  144
 221  144
 220  145
 217  145
 216  146
 215  146
 214  147
 211  147
 210  148
 209  148
 208  149
 205  149
 204  150
 203  150
 202  151
 200  151
 199  152
 197  152
 196  153
 195  153
 194  154
 191  154
 190  155
 189  155
 188  156
 186  156
 185  157
 184  157
 183  158
 180  158
 179  159
 178  159
 177  160
 175  160
 174  161
 172  161
 171  162
 170  162
 169  163
 166  163
 165  164
 164  164
 163  165
 160  165
 159  166
 158  166
 157  167
 155  167
 153  169
 151  169
 149  171
 148  171
 147  172
 146  172
 145  173
 144  173
 143  174
 142  174
 140  176
 139  176
 138  177
 137  177
 135  179
 134  179
 133  180
 132  180
 131  181
 130  181
 129  182
 128  182
 127  183
 126  183
 125  184
 124  184
 122  186
 121  186
 119  188
 118  188
 117  189
 116  189
 114  191
 113  191
 111  193
 110  193
 109  194
 108  194
 106  196
 105  196
 103  198
 102  198
 100  200
  99  200
  96  203
  95  203
  92  206
  91  206
  86  211
  85  211
  81  215
  80  215
  75  220
  74  220
  68  226
  67  226
  44  249
  44  281
  45  282
  49  282
  50  283
  50  297
  49  298
  49  299
  47  301
  47  303
  46  304
  46  306
  45  307
  45  309
  44  310
  44  313
  43  314
  43  315
  44  316
  44  319
  45  320
  45  321
  46  322
  46  324
  47  325
  47  329
  48  330
  48  334
  49  335
  49  338
  50  339
  50  340
  54  344
  54  345
  55  346
  55  350
  56  351
  56  358
  57  359
  57  375
  58  376
  58  377
  59  378
  59  381
  60  382
  60  389
  61  390
  61  392
  62  393
  62  394
  63  395
  63  401
  64  402
  64  405
  65  406
  65  407
  66  408
  66  412
  67  413
  67  419
  68  420
  68  459
  69  460
  69  469
  70  470
  70  481
  71  482
  71  484
  72  485
  72  486
  73  487
  73  488
  74  489
  74  492
  75  493
  75  495
  76  496
  76  499
  77  500
  77  502
  82  507
  83  507
  84  508
  85  508
  86  509
  88  509
  91  512
  92  512
  93  513
  93  515
  94  516
  94  517
  95  518
  95  519
  96  520
  96  523
  97  524
  97  532
  98  533
  98  535
  99  536
  99  538
 100  539
 100  542
 101  543
 101  545
 103  547
 103  548
 104  549
 104  550
 105  551
 105  552
 107  554
 107  555
 111  559
 112  559
 113  560
 114  560
 115  561
 116  561
 117  562
 119  562
 120  563
 124  563
 125  562
 127  562
 128  561
 129  561
 130  560
 134  560
 135  559
 152  559
 153  560
 156  560
 157  561
 158  561
 159  562
 161  562
 162  561
 163  561
 169  555
 169  554
 176  547
 177  547
 179  545
 180  545
 181  544
 182  544
 183  543
 199  543
 200  544
 203  544
 206  541
 206  521
 207  520
 207  518
 214  511
 215  511
 216  510
 217  510
 218  509
 219  509
 220  508
 221  508
 222  507
 224  507
 225  506
 226  506
 230  502
 230  501
 232  499
 232  496
 231  495
 231  493
 230  492
 230  485
 229  484
 229  481
 228  480
 228  479
 227  478
 227  457
 229  455
 229  453
 231  451
 232  451
 233  450
 234  450
 235  449
 237  449
 239  447
 240  447
 244  443
 244  442
 246  440
 246  438
 245  437
 245  436
 244  435
 244  433
 243  432
 243  429
 242  428
 242  427
 240  425
 240  422
 237  419
 237  417
 236  416
 236  410
 235  409
 235  392
 236  391
 242  391
 243  390
 244  390
 246  388
 246  383
 244  381
 244  380
 243  379
 243  377
 241  375
 241  374
 240  373
 240  372
 237  369
 237  368
 234  365
 221  365
 219  363
 218  363
 217  362
 217  348
 218  347
 223  347
 224  346
 230  346
 232  344
 234  344
 235  343
 236  343
 237  342
 239  342
 241  340
 242  340
 243  339
 246  339
 250  335
 250  334
 253  331
 254  331
 257  328
 258  328
 259  327
 260  327
 269  318
 270  318
 271  317
 272  317
 273  316
 274  316
 275  315
 276  315
 278  313
 278  312
 280  310
 281  310
 283  308
 284  308
 285  307
 286  307
 288  305
 289  305
 291  303
 292  303
 293  302
 293  300
 294  299
 294  298
 295  297
 295  295
 297  293
 298  293
 299  292
 300  292
 301  291
 302  291
 303  290
 304  290
 307  287
 307  286
 309  284
 309  283
 310  282
 311  282
 317  276
 318  276
 320  274
 321  274
 325  270
 326  270
 327  269
 327  268
 328  267
 329  267
 330  266
 330  265
 333  262
 333  261
 335  259
 335  258
 337  256
 337  255
 339  253
 340  253
 342  251
 343  251
 347  247
 348  247
 351  244
 352  244
 354  242
 355  242
 357  240
 358  240
 362  236
 363  236
 364  235
 365  235
 366  234
 367  234
 368  233
 370  233
 371  232
 372  232
 373  231
 375  231
 376  230
 377  230
 378  229
 379  229
 381  227
 382  227
 384  225
 385  225
 398  212
 399  212
 402  209
 403  209
 406  206
 407  206
 409  204
 410  204
 420  194
 420  193
 422  191
 423  191
 429  185
 429  184
 430  183
 430  182
 431  181
 431  179
 433  177
 433  176
 434  175
 434  174
 436  172
 436  171
 437  170
 437  167
 438  166
 438  163
 437  162
 437  160
 436  159
 436  158
 433  155
 433  154
 427  148
 426  148
 423  145
 422  145
 421  144
 420  144
 419  143
 418  143
 417  142
 416  142
 415  141
 414  141
 413  140
 412  140
 411  139
 410  139
 409  138
 408  138
 407  137
 405  137
 404  136
 402  136
 401  135
 400  135
 399  134
 397  134
 396  133
 394  133
 393  132
 391  132
 390  131
 387  131
 386  130
 383  130
 382  129
 378  129
 377  128
 374  128
 373  127
 366  127
 365  126
 360  126
 359  125
 348  125
 347  124
