 370   18
 369   19
 362   19
 361   20
 357   20
 356   21
 351   21
 350   22
 348   22
 347   23
 343   23
 342   24
 340   24
 339   25
 337   25
 336   26
 334   26
 333   27
 330   27
 329   28
 327   28
 326   29
 324   29
 323   30
 320   30
 319   31
 318   31
 317   32
 315   32
 314   33
 312   33
 311   34
 310   34
 309   35
 308   35
 307   36
 305   36
 304   37
 302   37
 301   38
 300   38
 299   39
 298   39
 297   40
 296   40
 295   41
 293   41
 292   42
 291   42
 290   43
 289   43
 288   44
 287   44
 286   45
 284   45
 283   46
 282   46
 281   47
 280   47
 279   48
 278   48
 277   49
 276   49
 275   50
 274   50
 273   51
 272   51
 271   52
 269   52
 267   54
 266   54
 265   55
 264   55
 263   56
 262   56
 261   57
 260   57
 258   59
 257   59
 255   61
 254   61
 253   62
 252   62
 250   64
 249   64
 248   65
 247   65
 245   67
 244   67
 241   70
 240   70
 238   72
 237   72
 234   75
 233   75
 231   77
 230   77
 228   79
 227   79
 224   82
 223   82
 219   86
 218   86
 214   90
 213   90
 210   93
 209   93
 205   97
 204   97
 200  101
 199  101
 194  106
 193  106
 187  112
 186  112
 177  121
 176  121
 166  131
 166  132
 156  142
 156  143
 149  150
 149  151
 142  158
 142  159
 140  161
 139  161
 139  162
 132  169
 132  170
 124  178
 124  179
 120  183
 120  184
 113  191
 113  192
 110  195
 110  196
 106  200
 106  201
 103  204
 103  205
  98  210
  98  211
  93  216
  93  217
  90  220
  90  221
  89  222
  89  223
  85  227
  85  228
  82  231
  82  232
  79  235
  79  236
  77  238
  77  239
  75  241
  75  243
  73  245
  73  246
  71  248
  71  249
  69  251
  69  252
  68  253
  68  254
  66  256
  66  257
  62  261
  62  262
  59  265
  59  284
  60  285
  68  285
  69  286
  69  301
  67  303
  67  304
  63  308
  63  310
  62  311
  62  312
  61  313
  61  319
  60  320
  60  321
  59  322
  59  353
  60  354
  60  357
  61  358
  67  358
  69  360
  69  361
  70  362
  70  364
  71  365
  71  368
  72  369
  72  371
  73  372
  73  373
  74  374
  74  376
  75  377
  75  379
  76  380
  76  381
  77  382
  77  384
  78  385
  78  388
  79  389
  79  391
  81  393
  81  396
  82  397
  82  399
  83  400
  83  402
  84  403
  84  404
  85  405
  85  407
  86  408
  86  409
  87  410
  87  413
  88  414
  88  418
  89  419
  89  421
  90  422
  90  423
  91  424
  91  429
  92  430
  92  433
  93  434
  93  435
  94  436
  94  439
  95  440
  95  445
  96  446
  96  451
  97  452
  97  458
  98  459
  98  468
  99  469
  99  474
 100  475
 100  479
 101  480
 101  486
 102  487
 102  490
 103  491
 103  494
 104  495
 104  498
 105  499
 105  502
 106  503
 106  506
 107  507
 107  509
 108  510
 108  514
 109  515
 109  517
 110  518
 110  520
 111  521
 111  522
 112  523
 112  524
 114  526
 114  527
 115  528
 115  529
 122  536
 123  536
 125  534
 126  534
 128  532
 142  532
 144  534
 144  557
 142  559
 142  560
 141  561
 140  561
 137  564
 138  565
 138  567
 139  568
 139  569
 140  570
 140  571
 141  572
 141  573
 142  574
 142  576
 143  577
 143  578
 144  579
 144  580
 145  581
 145  582
 147  584
 147  585
 153  591
 154  591
 155  592
 156  592
 157  593
 158  593
 159  594
 163  594
 164  593
 164  591
 165  590
 165  585
 166  584
 166  583
 168  581
 169  581
 170  580
 172  580
 173  579
 189  579
 191  581
 191  588
 192  589
 192  592
 193  593
 194  593
 195  594
 200  594
 201  593
 202  593
 203  592
 205  592
 206  591
 207  591
 210  588
 210  587
 211  586
 211  581
 212  580
 212  579
 213  578
 230  578
 233  581
 234  581
 236  583
 236  584
 237  584
 240  587
 240  588
 242  590
 242  591
 245  594
 245  595
 246  596
 246  597
 247  598
 247  599
 248  600
 248  601
 249  602
 249  604
 250  605
 250  606
 251  607
 251  609
 252  610
 252  612
 253  613
 253  615
 254  616
 254  617
 255  618
 255  621
 256  622
 256  624
 257  625
 257  626
 258  626
 260  628
 261  628
 262  629
 263  629
 269  635
 269  636
 270  637
 270  655
 269  656
 269  657
 271  659
 271  660
 277  666
 278  666
 279  667
 280  667
 281  668
 282  668
 283  669
 290  669
 291  668
 293  668
 294  667
 295  667
 299  663
 299  660
 298  659
 298  644
 296  642
 295  642
 294  641
 293  641
 292  640
 291  640
 287  636
 287  634
 286  633
 286  631
 285  630
 285  617
 284  616
 284  615
 283  614
 283  613
 280  610
 280  609
 275  604
 275  603
 271  599
 271  598
 268  595
 268  593
 266  591
 266  590
 264  588
 264  587
 263  586
 263  585
 261  583
 261  582
 260  581
 260  579
 258  577
 258  575
 257  574
 257  573
 256  572
 256  571
 255  570
 255  568
 254  567
 254  565
 253  564
 253  562
 252  561
 252  559
 251  558
 251  534
 252  533
 252  532
 254  530
 273  530
 274  529
 275  529
 277  527
 278  527
 281  524
 281  523
 282  522
 282  521
 284  519
 284  515
 285  514
 285  510
 284  509
 284  504
 283  503
 283  502
 278  497
 278  480
 281  477
 294  477
 295  476
 297  476
 298  475
 299  475
 300  474
 301  474
 306  469
 306  468
 308  466
 308  464
 309  463
 309  459
 308  458
 308  454
 307  453
 307  451
 306  450
 306  449
 305  448
 305  447
 304  446
 304  445
 302  443
 301  443
 300  442
 298  442
 297  441
 296  441
 292  437
 292  419
 293  418
 304  418
 307  415
 307  414
 308  413
 307  412
 307  410
 306  409
 306  408
 305  407
 305  405
 304  404
 304  402
 302  400
 302  399
 301  398
 301  397
 300  396
 300  395
 299  394
 299  393
 298  392
 298  391
 296  389
 296  388
 294  386
 294  385
 293  384
 293  383
 288  378
 287  378
 286  377
 285  377
 283  375
 283  374
 279  370
 279  369
 278  368
 278  367
 276  365
 276  364
 275  363
 275  361
 274  360
 274  358
 272  356
 272  355
 267  350
 267  349
 263  345
 262  345
 258  341
 257  341
 254  338
 253  338
 252  337
 251  337
 250  336
 249  336
 248  335
 247  335
 245  333
 244  333
 241  330
 240  330
 236  326
 236  320
 221  320
 220  319
 212  319
 211  318
 194  318
 193  317
 191  317
 190  316
 188  316
 187  315
 186  315
 184  313
 183  313
 182  312
 182  311
 181  310
 180  310
 179  309
 179  295
 180  294
 195  294
 196  295
 200  295
 201  296
 204  296
 205  297
 206  297
 207  298
 208  298
 209  299
 212  299
 213  300
 217  300
 218  301
 223  301
 224  302
 233  302
 234  303
 283  303
 284  302
 288  302
 289  301
 293  301
 294  300
 295  300
 303  292
 303  289
 306  286
 312  286
 313  285
 319  285
 324  280
 324  279
 326  277
 326  276
 328  274
 328  273
 330  271
 330  270
 331  269
 331  268
 332  267
 332  254
 336  250
 339  250
 340  249
 343  249
 346  246
 346  245
 348  243
 348  239
 349  238
 349  236
 350  235
 350  233
 351  232
 349  230
 349  215
 350  214
 351  214
 352  213
 353  213
 357  209
 357  208
 358  207
 358  206
 359  205
 359  204
 360  203
 360  201
 361  200
 361  196
 362  195
 362  191
 361  190
 361  188
 360  187
 360  172
 361  171
 362  171
 364  169
 365  169
 367  167
 368  167
 369  166
 369  165
 372  162
 372  161
 374  159
 374  158
 375  157
 375  155
 376  154
 376  153
 377  152
 377  150
 378  149
 378  146
 379  145
 379  142
 380  141
 380  132
 382  130
 383  130
 384  129
 385  129
 391  123
 391  122
 392  121
 392  120
 393  119
 393  118
 394  117
 394  116
 395  115
 395  113
 396  112
 396  110
 397  109
 397  105
 398  104
 398  102
 402   98
 403   98
 405   96
 405   95
 408   92
 408   90
 409   89
 409   88
 410   87
 410   86
 411   85
 411   84
 412   83
 412   81
 413   80
 413   79
 414   78
 414   76
 415   75
 415   72
 416   71
 416   70
 417   69
 417   68
 418   67
 418   65
 419   64
 419   62
 420   61
 420   60
 421   59
 421   55
 422   54
 422   45
 421   44
 421   41
 420   40
 420   39
 419   38
 419   37
 418   36
 418   35
 417   34
 417   33
 411   27
 410   27
 408   25
 407   25
 406   24
 405   24
 404   23
 403   23
 402   22
 401   22
 400   21
 398   21
 397   20
 394   20
 393   19
 388   19
 387   18
