 323   97
 322   98
 312   98
 311   99
 308   99
 307  100
 301  100
 300  101
 297  101
 296  102
 292  102
 291  103
 289  103
 288  104
 285  104
 284  105
 281  105
 280  106
 278  106
 277  107
 275  107
 274  108
 272  108
 271  109
 269  109
 268  110
 266  110
 265  111
 263  111
 262  112
 260  112
 259  113
 257  113
 256  114
 254  114
 253  115
 251  115
 250  116
 248  116
 247  117
 246  117
 245  118
 243  118
 242  119
 241  119
 240  120
 238  120
 237  121
 236  121
 235  122
 234  122
 233  123
 231  123
 230  124
 229  124
 228  125
 227  125
 226  126
 225  126
 224  127
 223  127
 222  128
 221  128
 220  129
 219  129
 218  130
 217  130
 216  131
 215  131
 213  133
 212  133
 211  134
 210  134
 209  135
 208  135
 206  137
 205  137
 203  139
 202  139
 200  141
 199  141
 197  143
 196  143
 194  145
 193  145
 191  147
 190  147
 188  149
 187  149
 184  152
 183  152
 180  155
 179  155
 175  159
 174  159
 166  167
 165  167
 159  173
 158  173
 158  174
 156  176
 155  176
 144  187
 144  188
 136  196
 136  197
 131  202
 131  203
 125  209
 125  210
 122  213
 122  214
 120  216
 120  217
 118  219
 118  220
 115  223
 115  224
 112  227
 112  228
 109  231
 109  232
 107  234
 107  235
 104  238
 104  239
 103  240
 103  241
 101  243
 101  245
  98  248
  98  249
  95  252
  95  253
  94  254
  94  255
  91  258
  91  270
  92  271
 103  271
 104  272
 104  286
 102  288
 100  288
  97  291
  97  292
  96  293
  96  294
  95  295
  95  303
  94  304
  94  310
  93  311
  88  311
  87  312
  87  336
  88  337
  88  338
  89  339
  89  340
  90  341
  90  343
  91  344
  91  347
  92  348
  92  350
  93  351
  93  352
  94  353
  94  355
  95  356
  95  357
  96  358
  96  360
  97  361
  97  362
  98  363
  98  365
  99  366
  99  367
 100  368
 100  370
 101  371
 101  373
 102  374
 102  375
 103  376
 103  378
 104  379
 104  383
 105  384
 105  386
 106  387
 106  388
 107  389
 107  392
 108  393
 108  396
 109  397
 109  398
 110  399
 110  404
 111  405
 111  410
 112  411
 112  413
 113  414
 113  416
 114  417
 114  422
 115  423
 115  426
 116  427
 116  429
 117  430
 117  436
 118  437
 118  441
 119  442
 119  444
 120  445
 120  449
 121  450
 121  454
 122  455
 122  459
 123  460
 123  464
 124  465
 124  468
 125  469
 125  471
 126  472
 126  473
 127  474
 127  476
 128  477
 128  479
 129  480
 129  481
 130  482
 130  483
 131  484
 131  486
 133  488
 133  489
 134  490
 135  490
 137  492
 139  492
 140  493
 144  493
 145  494
 153  494
 154  495
 154  509
 155  510
 155  516
 156  517
 156  519
 157  520
 157  523
 158  524
 158  527
 160  529
 160  530
 161  531
 161  532
 163  534
 164  534
 165  535
 166  535
 167  536
 170  536
 171  535
 172  535
 172  534
 176  530
 191  530
 192  531
 193  531
 197  535
 198  535
 199  536
 200  536
 201  537
 202  537
 203  538
 204  537
 205  537
 211  531
 233  531
 234  532
 235  532
 236  533
 237  533
 241  537
 241  538
 245  542
 245  543
 248  546
 248  548
 251  551
 251  552
 252  553
 252  554
 254  556
 254  557
 255  558
 255  559
 257  561
 257  562
 258  563
 258  565
 260  567
 260  568
 261  569
 261  570
 262  571
 262  572
 264  574
 264  575
 265  576
 265  577
 267  579
 267  580
 269  582
 269  583
 272  586
 273  586
 275  588
 276  588
 277  589
 279  589
 280  590
 285  590
 286  589
 287  589
 294  582
 294  580
 295  579
 295  573
 294  572
 294  569
 293  568
 293  567
 291  565
 291  564
 290  563
 290  562
 282  554
 281  554
 276  549
 275  549
 270  544
 269  544
 254  529
 254  528
 251  525
 251  524
 249  522
 249  521
 247  519
 247  517
 245  515
 245  514
 244  513
 244  512
 243  511
 243  495
 244  494
 244  491
 247  488
 257  488
 258  487
 259  487
 260  486
 261  486
 263  484
 263  483
 264  482
 264  478
 263  477
 263  475
 262  474
 262  473
 260  471
 260  470
 258  468
 258  452
 259  451
 260  451
 261  450
 267  450
 268  449
 271  449
 272  448
 273  448
 276  445
 277  445
 280  442
 280  441
 282  439
 282  433
 281  432
 281  429
 280  428
 280  427
 276  423
 276  409
 277  408
 280  408
 281  407
 284  407
 285  406
 286  406
 290  402
 290  401
 291  400
 291  392
 290  391
 290  388
 289  387
 289  386
 288  385
 288  383
 287  382
 287  381
 286  380
 286  379
 284  377
 284  376
 281  373
 280  373
 273  366
 273  352
 272  351
 272  350
 271  349
 271  348
 270  347
 270  346
 256  332
 255  332
 250  327
 249  327
 245  323
 244  323
 242  321
 242  306
 243  305
 271  305
 271  298
 272  297
 287  297
 288  296
 290  296
 304  282
 304  279
 305  278
 305  276
 306  275
 306  273
 308  271
 309  271
 310  270
 310  267
 311  266
 311  265
 316  260
 316  259
 318  257
 318  256
 320  254
 320  252
 321  251
 321  249
 322  248
 322  244
 323  243
 323  237
 324  236
 324  234
 329  229
 329  228
 330  227
 330  226
 332  224
 332  223
 333  222
 333  221
 334  220
 334  214
 335  213
 335  209
 336  208
 336  207
 343  200
 343  199
 346  196
 346  195
 347  194
 347  193
 348  192
 348  191
 350  189
 350  187
 352  185
 352  184
 354  182
 355  182
 357  180
 358  180
 364  174
 364  173
 367  170
 367  169
 369  167
 369  166
 380  155
 380  154
 383  151
 383  150
 385  148
 385  147
 386  146
 386  145
 387  144
 387  143
 388  142
 388  141
 389  140
 389  139
 390  138
 390  137
 391  136
 391  134
 392  133
 392  131
 393  130
 393  122
 392  121
 392  118
 391  117
 391  115
 389  113
 389  112
 388  111
 387  111
 384  108
 383  108
 382  107
 381  107
 380  106
 379  106
 378  105
 377  105
 376  104
 375  104
 374  103
 372  103
 371  102
 369  102
 368  101
 366  101
 365  100
 361  100
 360   99
 357   99
 356   98
 348   98
 347   97
