 312  105
 311  106
 307  106
 306  107
 303  107
 302  108
 299  108
 298  109
 296  109
 295  110
 292  110
 291  111
 289  111
 288  112
 286  112
 285  113
 284  113
 283  114
 281  114
 280  115
 278  115
 277  116
 276  116
 275  117
 273  117
 272  118
 271  118
 270  119
 269  119
 268  120
 267  120
 266  121
 265  121
 264  122
 262  122
 261  123
 260  123
 259  124
 258  124
 257  125
 256  125
 255  126
 254  126
 253  127
 252  127
 251  128
 250  128
 249  129
 248  129
 247  130
 246  130
 245  131
 244  131
 243  132
 242  132
 241  133
 240  133
 238  135
 237  135
 236  136
 235  136
 234  137
 233  137
 231  139
 230  139
 229  140
 228  140
 226  142
 225  142
 223  144
 222  144
 220  146
 219  146
 217  148
 216  148
 214  150
 213  150
 209  154
 208  154
 201  161
 200  161
 194  167
 193  167
 187  173
 186  173
 179  180
 179  181
 169  191
 169  192
 163  198
 163  199
 159  203
 159  204
 155  208
 155  209
 152  212
 152  213
 149  216
 149  217
 147  219
 147  220
 145  222
 145  223
 142  226
 142  227
 141  228
 141  229
 139  231
 139  232
 138  233
 138  234
 136  236
 136  237
 135  238
 135  239
 133  241
 133  242
 132  243
 132  244
 130  246
 130  247
 129  248
 129  249
 128  250
 128  251
 126  253
 126  254
 125  255
 125  256
 124  257
 124  258
 122  260
 122  262
 121  263
 121  264
 119  266
 119  267
 118  268
 118  270
 116  272
 116  274
 115  275
 115  276
 114  277
 114  278
 113  279
 113  280
 112  281
 112  282
 111  283
 111  284
 108  287
 108  296
 109  297
 121  297
 122  298
 122  312
 118  316
 118  317
 116  319
 116  320
 113  323
 113  355
 114  356
 114  357
 115  358
 115  359
 118  362
 118  366
 119  367
 119  370
 120  371
 120  372
 121  373
 121  375
 122  376
 122  380
 123  381
 123  382
 124  383
 124  384
 125  385
 125  388
 126  389
 126  391
 127  392
 127  393
 128  394
 128  397
 129  398
 129  401
 130  402
 130  404
 131  405
 131  408
 132  409
 132  414
 133  415
 133  417
 134  418
 134  420
 135  421
 135  425
 136  426
 136  429
 137  430
 137  432
 138  433
 138  437
 139  438
 139  440
 140  441
 140  442
 141  443
 141  445
 142  446
 142  448
 144  450
 144  452
 145  453
 145  455
 146  456
 146  458
 147  459
 147  460
 148  461
 148  463
 149  464
 149  466
 150  467
 150  468
 151  469
 151  470
 152  471
 152  472
 153  473
 153  474
 155  476
 155  477
 156  478
 156  480
 158  482
 158  484
 159  485
 159  486
 161  488
 161  489
 163  491
 163  492
 173  502
 173  503
 175  505
 175  507
 176  508
 176  512
 177  513
 177  514
 178  515
 178  517
 179  518
 179  520
 180  521
 180  522
 181  523
 181  524
 182  525
 182  526
 183  527
 183  528
 185  530
 185  532
 186  533
 186  534
 191  539
 195  539
 196  538
 197  538
 197  537
 198  536
 198  534
 200  532
 215  532
 216  533
 216  534
 217  534
 221  538
 222  538
 223  539
 224  539
 227  536
 227  533
 228  532
 228  531
 230  529
 249  529
 250  530
 252  530
 256  534
 256  535
 263  542
 263  543
 265  545
 265  546
 266  547
 266  548
 269  551
 269  552
 271  554
 271  555
 273  557
 273  558
 275  560
 275  561
 276  562
 276  563
 279  566
 279  568
 283  572
 283  573
 288  578
 289  578
 292  581
 293  581
 294  582
 297  582
 298  581
 299  581
 302  578
 302  577
 303  576
 303  575
 304  574
 304  572
 303  571
 303  569
 302  568
 302  566
 301  565
 301  564
 299  562
 299  561
 283  545
 282  545
 265  528
 265  527
 262  524
 262  523
 261  522
 261  520
 259  518
 259  517
 258  516
 258  498
 260  496
 260  495
 264  491
 265  491
 266  490
 272  490
 277  485
 277  482
 276  481
 276  480
 275  479
 275  477
 274  476
 274  475
 272  473
 272  456
 274  454
 275  454
 276  453
 280  453
 281  452
 282  452
 283  451
 284  451
 289  446
 289  445
 291  443
 291  438
 290  437
 290  436
 288  434
 288  419
 290  417
 296  417
 297  416
 299  416
 302  413
 302  412
 304  410
 304  405
 303  404
 303  403
 302  402
 302  399
 301  398
 301  396
 299  394
 299  393
 298  392
 298  391
 293  386
 292  386
 290  384
 290  371
 288  369
 288  368
 285  365
 285  364
 273  352
 272  352
 263  343
 262  343
 259  340
 258  340
 253  335
 252  335
 249  332
 248  332
 246  330
 245  330
 243  328
 242  328
 241  327
 240  327
 236  323
 236  309
 237  308
 253  308
 254  309
 256  309
 257  308
 269  308
 270  307
 282  307
 283  306
 286  306
 287  305
 288  305
 289  304
 290  304
 295  299
 295  298
 298  295
 298  294
 302  290
 303  290
 305  288
 305  287
 307  285
 307  284
 308  283
 308  282
 309  281
 309  279
 310  278
 310  276
 311  275
 311  270
 319  262
 319  261
 320  260
 320  259
 321  258
 321  256
 322  255
 322  249
 323  248
 323  239
 325  237
 325  236
 328  233
 328  231
 329  230
 329  228
 330  227
 330  212
 331  211
 331  210
 334  207
 334  206
 335  205
 335  204
 337  202
 337  201
 338  200
 338  199
 339  198
 339  196
 340  195
 340  194
 341  193
 341  191
 342  190
 342  186
 345  183
 345  182
 346  181
 347  181
 348  180
 348  179
 352  175
 352  174
 354  172
 354  171
 355  170
 355  169
 357  167
 357  166
 358  165
 358  163
 359  162
 359  161
 362  158
 362  157
 364  155
 364  154
 365  153
 365  152
 366  151
 366  150
 368  148
 368  146
 369  145
 369  143
 370  142
 370  140
 371  139
 371  138
 372  137
 372  134
 373  133
 373  128
 372  127
 372  123
 371  122
 371  120
 366  115
 365  115
 364  114
 363  114
 362  113
 361  113
 360  112
 359  112
 358  111
 357  111
 356  110
 353  110
 352  109
 351  109
 350  108
 346  108
 345  107
 341  107
 340  106
 333  106
 332  105
