 336   97
 335   98
 330   98
 329   99
 324   99
 323  100
 319  100
 318  101
 315  101
 314  102
 308  102
 307  103
 305  103
 304  104
 300  104
 299  105
 297  105
 296  106
 293  106
 292  107
 290  107
 289  108
 287  108
 286  109
 283  109
 282  110
 280  110
 279  111
 276  111
 275  112
 273  112
 272  113
 268  113
 267  114
 265  114
 264  115
 261  115
 260  116
 259  116
 258  117
 256  117
 255  118
 253  118
 252  119
 250  119
 249  120
 248  120
 247  121
 246  121
 245  122
 243  122
 242  123
 241  123
 240  124
 239  124
 238  125
 236  125
 235  126
 234  126
 233  127
 232  127
 231  128
 230  128
 229  129
 228  129
 227  130
 226  130
 225  131
 224  131
 223  132
 222  132
 221  133
 220  133
 219  134
 218  134
 217  135
 216  135
 215  136
 214  136
 212  138
 211  138
 210  139
 209  139
 208  140
 207  140
 205  142
 204  142
 203  143
 202  143
 200  145
 199  145
 197  147
 196  147
 195  148
 194  148
 192  150
 191  150
 190  151
 189  151
 188  152
 187  152
 186  153
 185  153
 183  155
 182  155
 181  156
 180  156
 178  158
 177  158
 175  160
 174  160
 171  163
 170  163
 167  166
 166  166
 163  169
 162  169
 160  171
 159  171
 157  173
 156  173
 154  175
 153  175
 151  177
 150  177
 148  179
 147  179
 144  182
 143  182
 140  185
 139  185
 137  187
 136  187
 133  190
 132  190
 130  192
 129  192
 126  195
 125  195
 123  197
 122  197
 118  201
 117  201
 113  205
 112  205
 108  209
 107  209
 104  212
 103  212
 100  215
  99  215
  95  219
  94  219
  89  224
  88  224
  79  233
  78  233
  75  236
  74  236
  71  239
  70  239
  69  240
  69  245
  70  246
  70  247
  75  247
  76  248
  76  264
  75  265
  75  267
  74  268
  74  273
  73  274
  73  314
  72  315
  72  323
  73  324
  73  325
  75  327
  75  329
  76  330
  76  332
  77  333
  77  334
  79  336
  79  339
  80  340
  80  341
  82  343
  82  345
  83  346
  83  347
  85  349
  85  350
  86  351
  86  352
  87  353
  87  354
  89  356
  89  357
  90  358
  90  359
  92  361
  92  429
  91  430
  91  434
  90  435
  90  457
  91  458
  91  462
  92  463
  92  468
  93  469
  93  470
  96  473
  96  474
  97  474
  98  475
 100  475
 102  477
 102  478
 103  479
 103  481
 104  482
 104  497
 103  498
 103  501
 102  502
 102  516
 103  517
 103  519
 104  520
 104  521
 105  522
 105  525
 106  526
 106  528
 109  531
 109  532
 110  533
 110  534
 116  540
 117  540
 120  543
 121  543
 122  544
 123  544
 124  545
 125  545
 126  546
 144  546
 145  547
 145  548
 153  556
 154  556
 155  557
 158  557
 159  556
 160  556
 164  552
 164  551
 167  548
 167  547
 168  546
 168  539
 169  538
 169  537
 171  535
 172  535
 174  533
 194  533
 195  534
 195  535
 196  536
 196  537
 202  543
 202  545
 203  546
 203  548
 204  549
 204  550
 205  551
 205  553
 206  554
 206  568
 207  569
 207  572
 208  573
 208  575
 209  576
 209  579
 210  580
 210  581
 213  584
 213  585
 216  588
 217  588
 219  590
 225  590
 226  589
 227  589
 228  588
 229  588
 231  586
 232  586
 235  583
 235  582
 236  581
 236  580
 238  578
 238  571
 239  570
 239  566
 238  565
 238  562
 236  560
 236  559
 235  558
 235  556
 233  554
 233  553
 232  552
 232  551
 228  547
 228  546
 212  530
 212  529
 208  525
 208  523
 207  522
 207  521
 206  520
 206  518
 205  517
 205  502
 204  501
 204  486
 205  485
 205  484
 206  483
 207  483
 208  482
 224  482
 226  484
 227  484
 228  485
 230  485
 231  484
 233  484
 234  483
 235  483
 238  480
 238  479
 239  478
 239  477
 240  476
 240  475
 239  474
 239  472
 238  471
 238  470
 236  468
 236  467
 232  463
 232  462
 230  460
 229  460
 223  454
 222  454
 211  443
 211  442
 210  441
 210  440
 209  439
 209  422
 212  419
 214  419
 215  418
 216  418
 217  417
 220  417
 224  413
 222  411
 222  410
 221  409
 221  408
 213  400
 212  400
 209  397
 208  397
 199  388
 199  387
 198  386
 198  383
 197  382
 197  367
 198  366
 198  362
 195  359
 195  358
 191  354
 191  353
 190  352
 190  351
 189  350
 189  349
 188  348
 188  331
 189  330
 188  329
 188  328
 181  321
 181  320
 175  314
 175  300
 176  299
 192  299
 193  300
 198  300
 199  301
 203  301
 204  302
 207  302
 208  303
 210  303
 211  304
 212  304
 213  305
 219  305
 220  304
 224  304
 225  303
 228  303
 229  302
 234  302
 235  301
 239  301
 240  300
 246  300
 247  299
 249  299
 250  298
 252  298
 254  296
 255  296
 257  294
 258  294
 259  293
 260  293
 261  292
 262  292
 268  286
 269  286
 270  285
 272  285
 274  283
 275  283
 280  278
 281  278
 282  277
 283  277
 284  276
 285  276
 286  275
 287  275
 288  274
 289  274
 294  269
 295  269
 296  268
 298  268
 299  267
 300  267
 306  261
 307  261
 308  260
 309  260
 321  248
 322  248
 323  247
 324  247
 326  245
 327  245
 341  231
 341  230
 342  229
 342  228
 345  225
 346  225
 348  223
 349  223
 351  221
 352  221
 355  218
 355  217
 366  206
 366  205
 367  204
 368  204
 374  198
 375  198
 382  191
 382  190
 386  186
 386  185
 390  181
 390  180
 392  178
 392  177
 395  174
 395  173
 396  172
 396  171
 399  168
 399  167
 402  164
 402  163
 405  160
 405  159
 406  158
 406  156
 408  154
 408  152
 409  151
 409  146
 410  145
 410  140
 411  139
 411  136
 412  135
 412  129
 411  128
 411  127
 409  125
 409  124
 403  118
 402  118
 399  115
 398  115
 396  113
 395  113
 393  111
 392  111
 390  109
 389  109
 387  107
 386  107
 384  105
 383  105
 382  104
 381  104
 380  103
 379  103
 378  102
 376  102
 375  101
 373  101
 372  100
 369  100
 368   99
 365   99
 364   98
 359   98
 358   97
