 346   98
 345   99
 337   99
 336  100
 328  100
 327  101
 324  101
 323  102
 319  102
 318  103
 315  103
 314  104
 312  104
 311  105
 308  105
 307  106
 306  106
 305  107
 303  107
 302  108
 300  108
 299  109
 297  109
 296  110
 295  110
 294  111
 293  111
 292  112
 290  112
 289  113
 288  113
 287  114
 286  114
 285  115
 284  115
 283  116
 282  116
 281  117
 280  117
 279  118
 277  118
 275  120
 274  120
 273  121
 272  121
 271  122
 270  122
 269  123
 268  123
 266  125
 265  125
 264  126
 263  126
 262  127
 261  127
 259  129
 258  129
 257  130
 256  130
 255  131
 254  131
 253  132
 252  132
 250  134
 249  134
 247  136
 246  136
 244  138
 243  138
 241  140
 240  140
 238  142
 237  142
 234  145
 233  145
 231  147
 230  147
 227  150
 226  150
 223  153
 222  153
 219  156
 218  156
 215  159
 214  159
 208  165
 207  165
 198  174
 197  174
 177  194
 177  195
 168  204
 168  205
 163  210
 163  211
 158  216
 158  217
 155  220
 155  221
 151  225
 151  226
 148  229
 148  230
 144  234
 144  235
 140  239
 140  240
 136  244
 136  245
 133  248
 133  249
 129  253
 129  254
 126  257
 126  258
 123  261
 123  262
 120  265
 120  266
 117  269
 117  270
 116  271
 116  272
 113  275
 113  277
 110  280
 110  282
 109  283
 109  284
 107  286
 107  288
 106  289
 106  290
 104  292
 104  294
 103  295
 103  297
 100  300
 100  301
  96  305
  96  306
  93  309
  93  330
  94  331
 106  331
 107  332
 107  348
 105  350
 105  352
 104  353
 104  356
 102  358
  98  358
  96  360
  96  375
  97  376
  97  380
  98  381
  98  384
  99  385
  99  386
 100  387
 100  389
 101  390
 101  393
 102  394
 102  395
 103  396
 103  397
 104  398
 104  399
 105  400
 105  401
 106  402
 106  404
 107  405
 107  407
 108  408
 108  409
 109  410
 109  411
 110  412
 110  415
 111  416
 111  417
 112  418
 112  419
 113  420
 113  423
 114  424
 114  425
 115  426
 115  427
 116  428
 116  430
 117  431
 117  433
 118  434
 118  435
 119  436
 119  437
 120  438
 120  440
 121  441
 121  442
 122  443
 122  444
 123  445
 123  449
 124  450
 124  452
 125  453
 125  454
 126  455
 126  459
 127  460
 127  463
 128  464
 128  465
 129  466
 129  467
 130  468
 130  471
 131  472
 131  474
 132  475
 132  476
 133  477
 133  479
 134  480
 134  482
 136  484
 136  486
 137  487
 137  488
 138  489
 138  490
 139  491
 139  492
 140  493
 140  495
 141  496
 141  497
 142  498
 142  500
 143  501
 143  504
 144  505
 144  508
 145  509
 145  511
 146  512
 146  514
 147  515
 147  517
 148  518
 148  519
 149  520
 149  521
 150  522
 150  524
 152  526
 152  527
 153  528
 153  529
 154  530
 154  531
 159  536
 160  536
 161  537
 162  537
 163  538
 166  538
 167  539
 173  539
 174  540
 174  557
 175  558
 175  560
 176  561
 176  562
 177  563
 177  564
 178  565
 178  566
 180  568
 180  569
 181  570
 181  571
 185  575
 185  576
 190  581
 191  581
 192  582
 197  582
 199  580
 199  579
 202  576
 219  576
 220  577
 220  578
 221  579
 221  582
 224  585
 224  586
 225  586
 226  587
 227  587
 228  588
 231  588
 232  587
 233  587
 235  585
 235  584
 237  582
 237  581
 238  580
 238  578
 239  577
 239  568
 240  567
 240  566
 241  565
 242  565
 243  564
 259  564
 264  569
 265  569
 266  570
 268  570
 269  571
 270  570
 271  570
 272  569
 272  568
 273  567
 273  561
 272  560
 272  555
 271  554
 271  549
 270  548
 270  528
 271  527
 271  526
 272  525
 289  525
 293  521
 293  519
 294  518
 294  516
 295  515
 295  510
 294  509
 294  506
 293  505
 293  504
 292  503
 292  487
 295  484
 306  484
 307  483
 309  483
 310  482
 311  482
 313  480
 313  479
 314  478
 314  473
 313  472
 313  467
 308  462
 308  446
 310  444
 311  444
 312  443
 315  443
 319  439
 319  433
 318  432
 318  431
 317  430
 317  428
 316  427
 316  424
 314  422
 314  421
 313  420
 313  418
 309  414
 308  414
 306  412
 305  412
 302  409
 302  408
 300  406
 300  405
 299  404
 299  395
 298  394
 298  393
 297  392
 297  391
 296  390
 296  389
 290  383
 290  382
 274  366
 273  366
 271  364
 270  364
 265  359
 265  345
 266  344
 283  344
 284  343
 304  343
 305  342
 308  342
 309  341
 310  341
 313  338
 313  337
 314  336
 314  335
 315  334
 315  333
 316  332
 316  331
 319  328
 320  328
 321  327
 324  327
 326  325
 327  325
 330  322
 330  321
 332  319
 332  318
 333  317
 333  316
 334  315
 334  314
 335  313
 335  311
 336  310
 336  297
 339  294
 340  294
 346  288
 346  286
 347  285
 347  279
 348  278
 348  274
 347  273
 347  256
 351  252
 352  252
 352  251
 353  250
 353  249
 354  248
 354  246
 355  245
 355  243
 356  242
 356  238
 354  236
 354  221
 363  212
 363  209
 364  208
 364  206
 365  205
 365  202
 366  201
 366  192
 373  185
 373  184
 374  183
 374  182
 375  181
 375  179
 376  178
 376  176
 377  175
 377  164
 380  161
 380  160
 381  159
 381  158
 383  156
 383  152
 384  151
 384  138
 386  136
 386  135
 387  134
 387  129
 386  128
 386  127
 385  126
 385  125
 384  124
 384  116
 383  115
 383  113
 376  106
 375  106
 374  105
 373  105
 372  104
 371  104
 370  103
 369  103
 368  102
 367  102
 366  101
 364  101
 363  100
 358  100
 357   99
 351   99
 350   98
