 373   12
 372   13
 365   13
 364   14
 357   14
 356   15
 353   15
 352   16
 345   16
 344   17
 341   17
 340   18
 336   18
 335   19
 331   19
 330   20
 327   20
 326   21
 323   21
 322   22
 321   22
 320   23
 316   23
 315   24
 314   24
 313   25
 310   25
 309   26
 307   26
 306   27
 304   27
 303   28
 301   28
 300   29
 298   29
 297   30
 295   30
 294   31
 292   31
 291   32
 289   32
 288   33
 287   33
 286   34
 284   34
 283   35
 282   35
 281   36
 279   36
 278   37
 277   37
 276   38
 275   38
 274   39
 272   39
 271   40
 270   40
 269   41
 267   41
 265   43
 263   43
 262   44
 261   44
 260   45
 259   45
 258   46
 257   46
 256   47
 254   47
 253   48
 252   48
 251   49
 250   49
 249   50
 248   50
 247   51
 246   51
 245   52
 244   52
 243   53
 242   53
 241   54
 240   54
 238   56
 236   56
 234   58
 233   58
 232   59
 231   59
 230   60
 229   60
 228   61
 227   61
 226   62
 225   62
 224   63
 223   63
 221   65
 220   65
 219   66
 218   66
 217   67
 216   67
 215   68
 214   68
 212   70
 211   70
 210   71
 209   71
 208   72
 207   72
 205   74
 204   74
 202   76
 201   76
 200   77
 199   77
 197   79
 196   79
 194   81
 193   81
 191   83
 190   83
 188   85
 187   85
 185   87
 184   87
 182   89
 181   89
 178   92
 177   92
 173   96
 172   96
 169   99
 168   99
 165  102
 164  102
 162  104
 161  104
 158  107
 157  107
 153  111
 152  111
 147  116
 146  116
 140  122
 139  122
 126  135
 125  135
 115  145
 115  146
 113  148
 112  148
 112  149
 110  151
 109  151
 109  152
  98  163
  98  164
  93  169
  93  170
  90  173
  90  174
  83  181
  83  182
  80  185
  80  186
  75  191
  75  192
  69  198
  69  199
  66  202
  66  203
  65  204
  65  205
  62  208
  62  209
  59  212
  59  213
  57  215
  57  216
  55  218
  55  219
  54  220
  54  221
  52  223
  52  224
  51  225
  51  227
  49  229
  49  230
  48  231
  48  232
  45  235
  45  236
  44  237
  44  238
  42  240
  42  241
  41  242
  41  243
  40  244
  40  245
  39  246
  39  247
  38  248
  38  250
  37  251
  37  252
  36  253
  36  254
  35  255
  35  257
  34  258
  34  260
  33  261
  33  267
  34  268
  35  268
  37  270
  37  271
  38  271
  40  273
  43  273
  44  274
  47  274
  48  275
  48  289
  46  291
  45  291
  44  292
  43  292
  41  294
  40  294
  37  297
  37  298
  36  299
  36  300
  35  301
  35  302
  34  303
  34  304
  33  305
  33  306
  32  307
  32  309
  31  310
  31  313
  30  314
  30  318
  29  319
  29  323
  27  325
  23  325
  22  326
  22  348
  24  350
  24  351
  25  352
  25  354
  27  356
  27  357
  28  358
  28  359
  30  361
  30  362
  31  363
  31  364
  33  366
  33  367
  35  369
  35  370
  38  373
  38  374
  39  375
  39  376
  41  378
  41  380
  42  381
  42  382
  44  384
  44  385
  45  386
  45  387
  47  389
  47  390
  48  391
  48  392
  50  394
  50  395
  51  396
  51  397
  53  399
  53  400
  54  401
  54  402
  55  403
  55  404
  56  405
  56  406
  58  408
  58  410
  60  412
  60  413
  61  414
  61  416
  62  417
  62  418
  64  420
  64  421
  65  422
  65  424
  67  426
  67  427
  68  428
  68  430
  69  431
  69  432
  70  433
  70  434
  71  435
  71  437
  72  438
  72  439
  73  440
  73  441
  74  442
  74  443
  75  444
  75  446
  76  447
  76  449
  77  450
  77  451
  78  452
  78  454
  79  455
  79  456
  80  457
  80  458
  81  459
  81  463
  82  464
  82  468
  83  469
  83  472
  84  473
  84  477
  85  478
  85  482
  86  483
  86  484
  87  485
  87  488
  88  489
  88  495
  89  496
  89  500
  90  501
  90  504
  91  505
  91  515
  92  516
  92  521
  93  522
  93  524
  94  525
  94  534
  95  535
  95  545
  96  546
  96  549
  97  550
  97  553
  98  554
  98  559
  99  560
  99  562
 101  564
 101  565
 102  566
 102  567
 103  568
 104  568
 105  569
 106  569
 107  570
 108  570
 109  571
 110  571
 111  572
 114  572
 115  573
 117  573
 118  574
 121  574
 122  575
 123  575
 124  576
 125  576
 126  577
 127  577
 131  581
 131  582
 132  583
 132  585
 133  586
 133  587
 134  588
 134  590
 135  591
 135  594
 136  595
 136  597
 137  598
 137  599
 138  600
 138  603
 139  604
 139  605
 140  606
 140  607
 142  609
 142  611
 145  614
 145  615
 146  616
 146  617
 148  619
 148  620
 160  632
 161  632
 163  634
 164  634
 165  635
 169  635
 170  634
 172  634
 175  631
 176  631
 177  630
 178  630
 179  629
 180  629
 181  628
 183  628
 184  627
 203  627
 204  628
 208  628
 209  629
 210  629
 214  625
 214  624
 218  620
 218  619
 219  618
 219  617
 221  615
 221  614
 226  609
 227  609
 229  607
 230  607
 231  606
 232  606
 233  605
 249  605
 250  606
 251  606
 253  608
 253  609
 259  615
 259  616
 262  619
 262  621
 265  624
 265  626
 267  628
 267  629
 269  631
 269  633
 270  634
 270  635
 271  636
 271  637
 272  638
 272  641
 273  642
 273  643
 275  645
 275  647
 276  648
 276  650
 278  652
 278  653
 279  654
 279  656
 281  658
 281  659
 282  660
 282  662
 284  664
 284  665
 286  667
 286  668
 292  674
 293  674
 294  675
 295  675
 301  669
 301  668
 303  666
 303  665
 304  664
 304  661
 303  660
 303  659
 301  657
 301  656
 298  653
 298  652
 295  649
 295  648
 291  644
 291  643
 281  633
 281  632
 271  622
 271  621
 265  615
 265  614
 264  613
 264  612
 261  609
 261  608
 258  605
 258  603
 255  600
 255  598
 254  597
 254  593
 253  592
 253  590
 252  589
 252  587
 251  586
 251  578
 247  574
 247  560
 249  558
 251  558
 252  557
 253  557
 254  556
 255  556
 256  555
 257  555
 259  553
 260  553
 262  551
 263  551
 264  550
 265  550
 266  549
 268  549
 269  548
 270  548
 271  547
 273  547
 275  545
 276  545
 278  543
 278  542
 281  539
 281  531
 280  530
 280  527
 279  526
 279  524
 278  523
 278  517
 277  516
 277  499
 278  498
 278  497
 280  495
 280  494
 284  490
 285  490
 286  489
 287  489
 289  487
 292  487
 293  486
 294  486
 295  485
 296  485
 299  482
 300  482
 301  481
 301  480
 302  479
 302  475
 301  474
 301  470
 300  469
 300  468
 299  467
 299  466
 298  465
 298  464
 297  463
 297  462
 295  460
 295  459
 294  458
 294  457
 292  455
 292  454
 291  453
 291  452
 288  449
 288  429
 289  428
 289  427
 291  425
 292  425
 295  422
 296  422
 297  421
 297  420
 298  419
 298  415
 297  414
 297  413
 295  411
 295  409
 294  408
 294  407
 283  396
 282  396
 276  390
 275  390
 273  388
 272  388
 271  387
 270  387
 264  381
 264  368
 261  365
 261  364
 246  349
 245  349
 239  343
 238  343
 234  339
 233  339
 230  336
 230  324
 215  324
 213  322
 213  308
 214  307
 230  307
 231  308
 235  308
 236  309
 236  321
 239  321
 240  320
 256  320
 257  319
 262  319
 262  317
 264  315
 269  315
 271  313
 272  313
 273  312
 274  312
 275  311
 276  311
 277  310
 278  310
 279  309
 282  309
 283  308
 285  308
 286  307
 287  307
 288  306
 290  306
 292  304
 293  304
 297  300
 298  300
 299  299
 300  299
 307  292
 307  291
 312  286
 313  286
 315  284
 315  283
 318  280
 318  279
 321  276
 321  275
 323  273
 323  269
 324  268
 326  268
 328  266
 328  265
 330  263
 330  262
 331  261
 331  260
 332  259
 332  257
 334  255
 334  254
 335  253
 335  252
 336  251
 336  250
 338  248
 338  247
 340  245
 340  244
 342  242
 342  241
 344  239
 344  238
 345  237
 345  236
 348  233
 348  232
 350  230
 350  229
 351  228
 351  227
 352  226
 352  225
 353  224
 353  223
 354  222
 354  221
 355  220
 355  217
 356  216
 356  215
 358  213
 358  211
 359  210
 359  208
 361  206
 361  204
 364  201
 364  200
 367  197
 367  196
 371  192
 371  191
 372  190
 372  189
 373  188
 373  187
 376  184
 376  183
 378  181
 378  178
 379  177
 379  175
 380  174
 380  172
 381  171
 381  168
 384  165
 384  164
 393  155
 394  155
 394  154
 398  150
 398  149
 401  146
 401  145
 402  144
 402  143
 403  142
 403  141
 404  140
 404  139
 405  138
 405  136
 407  134
 407  133
 416  124
 417  124
 425  116
 425  115
 427  113
 427  112
 428  111
 428  110
 431  107
 431  105
 432  104
 432  103
 433  102
 433  101
 434  100
 434   99
 435   98
 435   97
 436   96
 436   95
 439   92
 439   91
 442   88
 442   87
 445   84
 445   83
 446   82
 446   81
 448   79
 448   78
 449   77
 449   75
 450   74
 450   73
 451   72
 451   71
 452   70
 452   69
 454   67
 454   66
 455   65
 455   62
 456   61
 456   58
 457   57
 457   55
 458   54
 458   42
 457   41
 457   39
 456   38
 456   36
 455   35
 455   33
 446   24
 445   24
 444   23
 443   23
 441   21
 440   21
 439   20
 438   20
 437   19
 436   19
 435   18
 433   18
 432   17
 431   17
 430   16
 428   16
 427   15
 425   15
 424   14
 421   14
 420   13
 416   13
 415   12
