 309  154
 308  155
 302  155
 301  156
 298  156
 297  157
 295  157
 294  158
 291  158
 290  159
 288  159
 287  160
 286  160
 285  161
 284  161
 283  162
 282  162
 281  163
 280  163
 279  164
 277  164
 276  165
 275  165
 274  166
 273  166
 272  167
 270  167
 269  168
 268  168
 267  169
 266  169
 265  170
 264  170
 262  172
 261  172
 260  173
 259  173
 258  174
 257  174
 254  177
 253  177
 252  178
 251  178
 250  179
 249  179
 248  180
 247  180
 246  181
 245  181
 244  182
 243  182
 241  184
 240  184
 239  185
 238  185
 236  187
 235  187
 234  188
 233  188
 231  190
 230  190
 229  191
 228  191
 226  193
 225  193
 224  194
 223  194
 221  196
 220  196
 217  199
 216  199
 213  202
 212  202
 210  204
 209  204
 206  207
 205  207
 204  208
 203  208
 201  210
 200  210
 199  211
 198  211
 197  212
 196  212
 189  219
 188  219
 181  226
 180  226
 174  232
 173  232
 171  234
 170  234
 165  239
 165  240
 161  244
 161  245
 157  249
 157  250
 153  254
 152  254
 150  256
 150  257
 149  258
 149  269
 151  271
 152  271
 153  272
 153  286
 152  287
 151  287
 150  288
 149  288
 148  289
 147  289
 147  290
 146  291
 146  292
 145  293
 145  297
 144  298
 144  305
 143  306
 143  309
 141  311
 141  312
 140  313
 140  334
 141  335
 141  338
 142  339
 142  341
 143  342
 143  346
 144  347
 144  350
 145  351
 145  353
 146  354
 146  356
 147  357
 147  358
 148  359
 148  360
 149  361
 149  362
 150  363
 150  365
 151  366
 151  367
 152  368
 152  369
 153  370
 153  372
 154  373
 154  374
 155  375
 155  376
 157  378
 157  379
 158  380
 158  381
 160  383
 160  384
 161  385
 161  387
 162  388
 162  389
 163  390
 163  393
 164  394
 164  396
 165  397
 165  398
 166  399
 166  400
 167  401
 167  402
 169  404
 169  407
 170  408
 170  411
 171  412
 171  434
 170  435
 170  444
 169  445
 169  447
 168  448
 168  450
 169  451
 169  452
 172  455
 192  455
 196  459
 211  459
 212  460
 213  460
 216  463
 216  464
 217  465
 217  466
 219  468
 219  469
 219  466
 218  465
 218  464
 217  463
 217  462
 216  461
 216  459
 215  458
 215  457
 214  456
 214  455
 213  454
 213  433
 216  430
 217  430
 218  429
 219  429
 220  428
 221  428
 222  427
 223  427
 226  424
 226  423
 225  422
 225  405
 226  404
 226  403
 231  398
 232  398
 234  396
 235  396
 239  392
 239  389
 240  388
 240  383
 241  382
 241  381
 243  379
 243  378
 244  377
 244  376
 246  374
 246  373
 249  370
 249  360
 250  359
 250  350
 249  349
 249  345
 247  343
 247  342
 245  340
 245  339
 243  337
 243  336
 242  335
 242  334
 240  332
 240  331
 239  330
 239  329
 237  327
 237  326
 235  324
 235  323
 234  322
 234  321
 233  320
 233  319
 231  317
 231  316
 230  315
 230  301
 231  300
 252  300
 253  301
 254  300
 258  300
 259  299
 266  299
 267  298
 269  298
 270  297
 271  297
 273  295
 274  295
 282  287
 283  287
 285  285
 285  284
 289  280
 290  280
 290  279
 291  278
 291  277
 292  276
 292  274
 293  273
 293  272
 294  271
 295  271
 296  270
 296  268
 297  267
 297  266
 298  265
 298  264
 299  263
 299  261
 300  260
 300  258
 301  257
 301  256
 302  255
 302  254
 303  253
 303  250
 304  249
 304  248
 305  247
 305  246
 306  245
 306  241
 307  240
 307  239
 308  238
 308  237
 309  236
 309  234
 310  233
 310  232
 311  231
 311  230
 312  229
 312  228
 313  227
 313  225
 315  223
 315  222
 316  221
 316  219
 317  218
 317  216
 318  215
 318  213
 319  212
 319  211
 320  210
 320  208
 321  207
 321  206
 323  204
 323  202
 324  201
 324  200
 325  199
 325  198
 326  197
 326  195
 328  193
 328  192
 329  191
 329  190
 330  189
 330  188
 332  186
 332  185
 333  184
 333  183
 334  182
 334  181
 336  179
 336  177
 337  176
 337  175
 338  174
 338  173
 339  172
 339  171
 340  170
 340  167
 339  166
 339  164
 335  160
 333  160
 332  159
 331  159
 330  158
 328  158
 327  157
 326  157
 325  156
 323  156
 322  155
 318  155
 317  154
