 359   77
 358   78
 350   78
 349   79
 346   79
 345   80
 339   80
 338   81
 335   81
 334   82
 331   82
 330   83
 327   83
 326   84
 324   84
 323   85
 320   85
 319   86
 317   86
 316   87
 314   87
 313   88
 311   88
 310   89
 308   89
 307   90
 306   90
 305   91
 303   91
 302   92
 300   92
 299   93
 297   93
 296   94
 295   94
 294   95
 293   95
 292   96
 290   96
 289   97
 288   97
 287   98
 286   98
 285   99
 284   99
 283  100
 282  100
 281  101
 280  101
 279  102
 278  102
 277  103
 276  103
 275  104
 274  104
 273  105
 272  105
 271  106
 270  106
 269  107
 268  107
 266  109
 265  109
 264  110
 263  110
 262  111
 261  111
 259  113
 258  113
 257  114
 256  114
 255  115
 254  115
 253  116
 252  116
 250  118
 249  118
 248  119
 247  119
 245  121
 244  121
 243  122
 242  122
 240  124
 239  124
 238  125
 237  125
 235  127
 234  127
 232  129
 231  129
 229  131
 228  131
 225  134
 224  134
 223  135
 222  135
 219  138
 218  138
 216  140
 215  140
 212  143
 211  143
 209  145
 208  145
 205  148
 204  148
 199  153
 198  153
 195  156
 194  156
 191  159
 190  159
 187  162
 186  162
 182  166
 181  166
 175  172
 174  172
 168  178
 167  178
 162  183
 161  183
 149  195
 148  195
 147  196
 146  196
 144  198
 143  198
 137  204
 137  205
 127  215
 127  216
 120  223
 120  224
 114  230
 114  231
 110  235
 110  236
 109  237
 109  238
 107  240
 107  241
 103  245
 103  246
 100  249
 100  250
  97  253
  97  254
  96  255
  96  256
  93  259
  93  260
  92  261
  92  262
  90  264
  90  265
  89  266
  89  267
  87  269
  87  270
  86  271
  86  272
  84  274
  84  275
  83  276
  83  277
  82  278
  82  279
  80  281
  80  283
  78  285
  78  286
  77  287
  77  288
  76  289
  76  290
  73  293
  73  294
  72  295
  72  296
  70  298
  70  300
  69  301
  69  302
  67  304
  67  306
  66  307
  66  309
  64  311
  64  312
  61  315
  61  355
  62  355
  63  356
  80  356
  81  357
  81  371
  80  372
  78  372
  76  374
  68  374
  66  376
  66  404
  69  407
  69  408
  70  409
  70  410
  72  412
  72  413
  73  414
  73  415
  74  416
  74  417
  75  418
  75  419
  76  420
  76  422
  77  423
  77  425
  79  427
  79  429
  80  430
  80  432
  81  433
  81  434
  82  435
  82  436
  83  437
  83  440
  84  441
  84  443
  85  444
  85  446
  86  447
  86  452
  87  453
  87  457
  88  458
  88  463
  89  464
  89  467
  90  468
  90  472
  91  473
  91  475
  92  476
  92  479
  93  480
  93  486
  94  487
  94  491
  95  492
  95  495
  96  496
  96  502
  97  503
  97  506
  98  507
  98  511
  99  512
  99  518
 100  519
 100  524
 101  525
 101  528
 102  529
 102  533
 103  534
 103  543
 104  544
 104  547
 105  548
 105  550
 106  551
 106  555
 107  556
 107  558
 108  559
 108  560
 109  561
 109  563
 110  564
 110  565
 111  566
 111  568
 113  570
 113  572
 115  574
 115  575
 116  576
 117  576
 121  580
 122  580
 123  581
 124  581
 125  582
 127  582
 128  583
 131  583
 132  584
 133  584
 139  590
 139  591
 141  593
 141  594
 142  595
 142  596
 144  598
 144  599
 145  600
 145  601
 148  604
 148  605
 149  605
 153  609
 154  609
 155  610
 156  610
 157  611
 162  611
 163  610
 164  610
 165  609
 169  609
 170  608
 174  608
 175  607
 199  607
 200  606
 201  606
 202  605
 203  605
 210  598
 210  597
 216  591
 217  591
 219  589
 220  589
 222  587
 223  587
 224  586
 226  586
 227  585
 229  585
 230  584
 236  584
 237  583
 241  583
 242  582
 244  582
 245  581
 246  581
 248  579
 248  578
 249  577
 249  576
 250  575
 250  571
 251  570
 251  569
 252  568
 252  567
 253  566
 253  563
 255  561
 255  560
 257  558
 257  557
 263  551
 264  551
 266  549
 267  549
 269  547
 270  547
 271  546
 272  546
 274  544
 275  544
 279  540
 279  539
 281  537
 281  536
 282  535
 282  530
 281  529
 281  511
 282  510
 282  507
 283  506
 283  505
 292  496
 294  496
 295  495
 296  495
 298  493
 298  492
 299  491
 299  490
 300  489
 300  488
 299  487
 299  485
 296  482
 296  480
 295  479
 295  477
 294  476
 294  456
 295  455
 295  454
 298  451
 298  450
 299  449
 298  448
 298  447
 297  446
 297  445
 296  444
 296  443
 294  441
 294  440
 293  439
 293  438
 279  424
 279  423
 276  420
 276  419
 275  418
 275  417
 273  415
 273  413
 272  412
 272  410
 271  409
 271  408
 270  407
 270  404
 269  403
 269  402
 265  398
 264  398
 258  392
 257  392
 253  388
 252  388
 248  384
 247  384
 244  381
 243  381
 240  378
 239  378
 235  374
 212  374
 211  373
 211  359
 212  358
 256  358
 257  357
 270  357
 271  356
 278  356
 279  355
 280  355
 282  353
 283  353
 289  347
 289  346
 291  344
 291  343
 293  341
 293  340
 295  338
 295  337
 296  336
 296  334
 297  333
 297  332
 299  330
 299  329
 303  325
 303  324
 306  321
 306  320
 307  319
 307  318
 309  316
 309  315
 310  314
 310  313
 311  312
 311  311
 312  310
 312  309
 313  308
 313  305
 314  304
 314  303
 316  301
 316  299
 317  298
 317  297
 318  296
 318  295
 320  293
 320  292
 323  289
 323  288
 325  286
 325  285
 326  284
 326  283
 328  281
 328  280
 329  279
 329  277
 330  276
 330  274
 331  273
 331  271
 332  270
 332  268
 333  267
 333  261
 334  260
 334  259
 335  258
 335  257
 336  256
 336  255
 337  254
 337  253
 339  251
 339  250
 341  248
 341  247
 343  245
 343  243
 344  242
 344  241
 345  240
 345  239
 346  238
 346  235
 347  234
 347  231
 348  230
 348  229
 349  228
 349  227
 353  223
 353  222
 354  221
 355  221
 359  217
 360  217
 366  211
 366  210
 368  208
 368  207
 369  206
 369  205
 370  204
 370  203
 372  201
 372  200
 373  199
 373  197
 375  195
 375  194
 376  193
 376  192
 377  191
 377  190
 383  184
 383  183
 387  179
 387  178
 390  175
 390  172
 392  170
 392  169
 393  168
 393  166
 394  165
 394  164
 395  163
 395  162
 396  161
 396  160
 397  159
 397  158
 398  157
 398  156
 401  153
 401  152
 403  150
 403  149
 406  146
 406  145
 407  144
 407  143
 408  142
 408  141
 409  140
 409  139
 410  138
 410  136
 411  135
 411  134
 412  133
 412  132
 413  131
 413  128
 414  127
 414  125
 415  124
 415  123
 416  122
 416  121
 417  120
 417  114
 418  113
 418  110
 419  109
 419  105
 420  104
 420   99
 419   98
 419   96
 418   95
 418   94
 417   93
 417   91
 411   85
 410   85
 409   84
 408   84
 407   83
 406   83
 405   82
 403   82
 402   81
 400   81
 399   80
 395   80
 394   79
 391   79
 390   78
 382   78
 381   77
