 333  144
 332  145
 329  145
 328  146
 325  146
 324  147
 321  147
 320  148
 317  148
 316  149
 314  149
 313  150
 311  150
 310  151
 308  151
 307  152
 305  152
 304  153
 302  153
 301  154
 300  154
 299  155
 297  155
 296  156
 295  156
 294  157
 293  157
 292  158
 291  158
 290  159
 289  159
 288  160
 287  160
 286  161
 285  161
 284  162
 283  162
 282  163
 281  163
 280  164
 279  164
 278  165
 277  165
 275  167
 274  167
 273  168
 272  168
 271  169
 270  169
 269  170
 268  170
 266  172
 265  172
 264  173
 263  173
 261  175
 260  175
 258  177
 257  177
 255  179
 254  179
 252  181
 251  181
 248  184
 247  184
 244  187
 243  187
 239  191
 238  191
 235  194
 234  194
 231  197
 230  197
 226  201
 225  201
 220  206
 219  206
 209  216
 208  216
 208  217
 203  222
 202  222
 201  223
 201  224
 199  226
 198  226
 198  227
 196  229
 195  229
 195  230
 188  237
 188  238
 181  245
 181  246
 178  249
 178  250
 175  253
 175  254
 171  258
 171  259
 169  261
 169  262
 168  263
 168  264
 164  268
 164  269
 161  272
 161  273
 159  275
 159  276
 158  277
 158  278
 156  280
 156  281
 155  282
 155  283
 154  284
 154  285
 152  287
 152  288
 151  289
 151  290
 148  293
 148  294
 147  295
 147  296
 145  298
 145  299
 144  300
 144  301
 142  303
 142  305
 141  306
 141  307
 140  308
 140  309
 138  311
 138  312
 137  313
 137  316
 136  317
 136  318
 135  319
 135  320
 134  321
 134  323
 133  324
 133  325
 132  326
 132  327
 131  328
 131  329
 128  332
 126  332
 124  334
 124  341
 126  343
 133  343
 134  344
 134  345
 135  346
 135  360
 134  361
 134  362
 133  363
 133  366
 132  367
 132  370
 131  371
 128  371
 126  373
 126  400
 127  401
 127  402
 128  402
 130  404
 130  406
 131  407
 131  408
 132  409
 132  411
 133  412
 133  414
 134  415
 134  416
 135  417
 135  418
 137  420
 137  423
 140  426
 140  427
 141  428
 141  429
 142  430
 142  431
 143  432
 143  433
 144  434
 144  435
 147  438
 147  439
 148  440
 148  441
 149  442
 149  443
 151  445
 151  446
 152  447
 152  448
 153  449
 153  450
 155  452
 155  453
 156  454
 156  455
 157  456
 157  457
 158  458
 158  459
 159  460
 159  461
 162  464
 162  465
 165  468
 165  469
 168  472
 168  473
 175  480
 175  481
 176  481
 192  497
 193  497
 194  498
 194  499
 195  499
 201  505
 201  507
 202  508
 202  509
 206  513
 207  513
 209  515
 210  515
 211  516
 212  516
 213  517
 214  517
 215  518
 216  518
 219  521
 220  521
 221  522
 221  523
 223  525
 223  526
 224  527
 224  529
 225  530
 225  532
 227  534
 227  536
 228  537
 228  538
 230  540
 230  541
 231  542
 232  542
 233  543
 233  542
 235  540
 235  539
 237  537
 238  537
 239  536
 240  536
 241  535
 260  535
 261  536
 262  536
 263  537
 265  535
 265  532
 266  531
 266  528
 267  527
 267  526
 272  521
 273  521
 274  520
 289  520
 288  519
 288  518
 287  517
 287  500
 288  499
 288  498
 289  497
 289  496
 290  495
 290  494
 294  490
 295  490
 296  489
 298  489
 299  488
 301  488
 302  487
 302  485
 300  483
 300  463
 301  462
 301  461
 306  456
 307  456
 308  455
 309  455
 310  454
 309  453
 309  452
 308  451
 308  450
 307  449
 307  430
 308  429
 308  428
 313  423
 314  423
 314  422
 313  421
 313  420
 307  414
 307  412
 306  411
 306  410
 305  409
 305  405
 304  404
 304  398
 303  397
 303  396
 302  395
 302  394
 297  389
 296  389
 292  385
 291  385
 289  383
 288  383
 286  381
 286  367
 288  365
 289  365
 289  359
 291  357
 297  357
 298  356
 301  356
 307  350
 307  349
 309  347
 309  346
 310  345
 310  344
 311  343
 312  343
 318  337
 319  337
 319  336
 320  335
 320  334
 321  333
 321  332
 322  331
 322  327
 323  326
 323  313
 324  312
 324  309
 325  308
 325  307
 326  306
 326  305
 327  304
 327  303
 328  302
 328  301
 329  300
 328  299
 328  298
 327  297
 327  248
 328  247
 328  244
 329  243
 329  242
 330  241
 330  239
 331  238
 331  237
 332  236
 332  235
 333  234
 333  232
 334  231
 334  228
 335  227
 335  225
 336  224
 336  223
 337  222
 337  221
 340  218
 340  217
 342  215
 342  214
 344  212
 344  211
 346  209
 346  208
 347  207
 347  204
 348  203
 348  201
 349  200
 349  199
 350  198
 350  194
 351  193
 351  191
 352  190
 352  189
 353  188
 353  186
 354  185
 354  180
 355  179
 355  172
 356  171
 356  163
 355  162
 355  158
 354  157
 354  154
 353  153
 353  152
 349  148
 348  148
 347  147
 346  147
 344  145
 342  145
 341  144
