 317  130
 316  131
 313  131
 312  132
 309  132
 308  133
 305  133
 304  134
 303  134
 302  135
 299  135
 298  136
 297  136
 296  137
 294  137
 293  138
 292  138
 291  139
 289  139
 287  141
 286  141
 285  142
 284  142
 283  143
 282  143
 280  145
 279  145
 278  146
 277  146
 276  147
 275  147
 274  148
 273  148
 271  150
 270  150
 269  151
 268  151
 267  152
 266  152
 264  154
 263  154
 261  156
 260  156
 259  157
 258  157
 256  159
 255  159
 253  161
 252  161
 249  164
 248  164
 246  166
 245  166
 242  169
 241  169
 237  173
 236  173
 233  176
 232  176
 229  179
 228  179
 226  181
 225  181
 222  184
 221  184
 218  187
 217  187
 214  190
 213  190
 211  192
 210  192
 206  196
 205  196
 198  203
 197  203
 188  212
 187  212
 179  220
 178  220
 171  227
 170  227
 161  236
 160  236
 148  248
 148  249
 145  252
 145  253
 143  255
 143  256
 140  259
 140  260
 138  262
 138  263
 134  267
 134  268
 130  272
 130  288
 131  289
 136  289
 137  290
 137  305
 136  306
 136  307
 135  308
 135  315
 134  316
 130  316
 129  317
 129  337
 131  339
 132  339
 136  343
 136  344
 137  345
 137  346
 138  347
 138  348
 139  349
 139  351
 140  352
 140  355
 141  356
 141  358
 142  359
 142  360
 143  361
 143  363
 144  364
 144  366
 146  368
 146  370
 147  371
 147  372
 148  373
 148  374
 149  375
 149  376
 150  377
 150  380
 151  381
 151  383
 152  384
 152  385
 153  386
 153  390
 154  391
 154  393
 155  394
 155  395
 156  396
 156  398
 157  399
 157  401
 158  402
 158  404
 159  405
 159  406
 160  407
 160  410
 161  411
 161  412
 162  413
 162  415
 163  416
 163  418
 164  419
 164  421
 165  422
 165  423
 166  424
 166  426
 167  427
 167  430
 168  431
 168  432
 169  433
 169  435
 170  436
 170  439
 171  440
 171  441
 172  442
 172  443
 173  444
 173  445
 174  446
 174  450
 175  451
 175  452
 176  453
 176  455
 177  456
 177  458
 178  459
 178  460
 180  462
 180  463
 186  469
 187  469
 188  470
 189  470
 190  471
 191  471
 192  472
 193  472
 194  473
 195  473
 199  477
 199  479
 200  480
 200  488
 201  489
 201  490
 202  491
 202  492
 203  493
 203  495
 205  497
 205  498
 207  500
 207  502
 209  504
 209  505
 210  506
 210  508
 211  508
 213  506
 227  506
 232  511
 234  511
 234  510
 235  509
 235  507
 236  506
 236  505
 238  503
 255  503
 256  504
 257  504
 258  505
 259  505
 261  507
 262  507
 274  519
 274  520
 275  521
 275  522
 277  524
 277  526
 281  530
 281  529
 280  528
 280  527
 279  526
 279  525
 278  524
 278  523
 277  522
 277  521
 276  520
 276  519
 275  518
 275  517
 273  515
 273  513
 270  510
 270  509
 268  507
 268  506
 266  504
 266  502
 264  500
 264  499
 263  498
 263  497
 262  496
 262  494
 260  492
 260  490
 259  489
 259  488
 258  487
 258  486
 257  485
 257  484
 256  483
 256  465
 257  464
 257  462
 258  461
 258  460
 259  459
 259  458
 265  452
 266  452
 267  451
 268  451
 270  449
 269  448
 269  445
 267  443
 267  442
 266  441
 266  439
 265  438
 265  437
 264  436
 264  419
 265  418
 265  417
 266  416
 266  415
 267  414
 267  413
 272  408
 273  408
 276  405
 275  404
 275  403
 274  402
 274  401
 273  400
 273  399
 272  398
 272  397
 271  396
 271  381
 272  380
 272  378
 279  371
 279  367
 277  365
 277  364
 276  363
 276  362
 273  359
 273  358
 272  357
 272  340
 271  339
 271  338
 270  337
 270  336
 263  329
 263  315
 264  314
 265  314
 266  313
 269  313
 270  312
 273  312
 274  311
 275  311
 275  305
 276  304
 279  304
 280  303
 284  303
 289  298
 289  297
 295  291
 295  290
 299  286
 299  284
 300  283
 300  280
 301  279
 301  277
 302  276
 302  274
 303  273
 303  271
 304  270
 304  269
 305  268
 305  267
 306  266
 306  263
 307  262
 307  260
 308  259
 308  257
 309  256
 309  254
 310  253
 310  251
 311  250
 311  249
 312  248
 312  247
 313  246
 313  244
 315  242
 315  241
 316  240
 316  237
 317  236
 317  234
 318  233
 318  232
 319  231
 319  228
 320  227
 320  224
 321  223
 321  222
 322  221
 322  219
 323  218
 323  215
 324  214
 324  213
 325  212
 325  210
 326  209
 326  206
 327  205
 327  203
 329  201
 329  199
 330  198
 330  196
 332  194
 332  193
 333  192
 333  190
 334  189
 334  188
 335  187
 335  186
 336  185
 336  182
 338  180
 338  179
 339  178
 339  177
 340  176
 340  174
 342  172
 342  170
 343  169
 343  167
 344  166
 344  164
 345  163
 345  162
 346  161
 346  159
 347  158
 347  156
 348  155
 348  154
 349  153
 349  151
 350  150
 350  144
 351  143
 351  141
 352  140
 351  139
 351  138
 348  135
 347  135
 346  134
 345  134
 344  133
 343  133
 342  132
 340  132
 339  131
 337  131
 336  130
