 360  115
 359  116
 352  116
 351  117
 344  117
 343  118
 340  118
 339  119
 335  119
 334  120
 332  120
 331  121
 329  121
 328  122
 325  122
 324  123
 322  123
 321  124
 319  124
 318  125
 317  125
 316  126
 313  126
 312  127
 311  127
 310  128
 308  128
 307  129
 305  129
 304  130
 303  130
 302  131
 300  131
 299  132
 298  132
 297  133
 295  133
 294  134
 293  134
 292  135
 290  135
 289  136
 288  136
 287  137
 285  137
 284  138
 283  138
 282  139
 281  139
 280  140
 279  140
 278  141
 277  141
 276  142
 275  142
 274  143
 273  143
 272  144
 271  144
 270  145
 269  145
 268  146
 267  146
 266  147
 265  147
 264  148
 263  148
 262  149
 261  149
 259  151
 258  151
 257  152
 256  152
 255  153
 254  153
 252  155
 251  155
 250  156
 249  156
 248  157
 247  157
 245  159
 244  159
 243  160
 242  160
 240  162
 239  162
 237  164
 236  164
 235  165
 234  165
 232  167
 231  167
 229  169
 228  169
 226  171
 225  171
 223  173
 222  173
 220  175
 219  175
 217  177
 216  177
 213  180
 212  180
 210  182
 209  182
 206  185
 205  185
 202  188
 201  188
 197  192
 196  192
 193  195
 192  195
 190  197
 189  197
 185  201
 184  201
 180  205
 179  205
 175  209
 174  209
 169  214
 168  214
 159  223
 158  223
 149  232
 148  232
 148  233
 146  235
 145  235
 145  236
 143  238
 142  238
 142  239
 132  249
 132  250
 129  253
 129  254
 127  256
 127  257
 124  260
 124  262
 121  265
 121  266
 118  269
 118  270
 117  271
 117  272
 116  273
 116  274
 115  275
 115  276
 114  277
 114  280
 113  281
 113  283
 112  284
 112  286
 111  287
 111  292
 110  293
 110  295
 109  296
 109  299
 107  301
 103  301
 101  303
 101  347
 103  349
 104  349
 105  350
 105  364
 104  365
 104  366
 103  367
 103  368
 102  369
 102  373
 101  374
 101  390
 102  391
 102  392
 103  393
 103  394
 104  395
 104  397
 105  398
 105  399
 106  400
 106  401
 107  402
 107  404
 108  405
 108  407
 109  408
 109  409
 110  410
 110  411
 111  412
 111  413
 112  414
 112  415
 113  416
 113  420
 114  421
 114  427
 115  428
 115  442
 116  443
 116  449
 117  450
 117  456
 118  457
 118  460
 119  461
 119  464
 120  465
 120  468
 121  469
 121  474
 122  475
 122  478
 123  479
 123  481
 124  482
 124  486
 125  487
 125  489
 126  490
 126  491
 127  492
 127  493
 128  494
 128  497
 129  498
 129  499
 130  500
 130  501
 131  502
 131  503
 132  504
 132  505
 135  508
 135  509
 136  510
 136  511
 137  512
 137  516
 138  517
 138  521
 139  522
 139  524
 140  525
 140  527
 141  528
 141  536
 142  537
 142  539
 143  540
 143  543
 144  544
 144  547
 145  548
 145  550
 149  554
 150  554
 151  555
 157  555
 158  556
 159  556
 162  559
 162  560
 163  561
 163  562
 164  563
 164  564
 165  565
 165  566
 170  571
 170  570
 174  566
 190  566
 192  568
 193  568
 195  570
 196  570
 196  569
 197  568
 197  545
 198  544
 198  543
 199  542
 199  541
 200  540
 200  539
 203  536
 204  536
 205  535
 206  535
 207  534
 218  534
 219  533
 220  533
 223  530
 223  529
 222  528
 222  526
 221  525
 221  521
 220  520
 220  501
 221  500
 221  498
 222  497
 222  496
 225  493
 226  493
 227  492
 228  492
 229  491
 231  491
 232  490
 233  490
 234  489
 235  489
 237  487
 237  481
 236  480
 236  463
 237  462
 237  460
 240  457
 242  457
 243  456
 244  456
 245  455
 246  455
 249  452
 248  451
 248  449
 247  448
 247  427
 248  426
 248  425
 253  420
 253  417
 252  416
 252  415
 251  414
 251  413
 250  412
 250  411
 244  405
 244  404
 237  397
 237  396
 227  386
 226  386
 223  383
 223  382
 222  381
 221  381
 220  380
 220  366
 221  365
 251  365
 252  364
 254  364
 255  363
 256  363
 258  361
 258  360
 260  358
 260  357
 264  353
 264  352
 267  349
 267  348
 271  344
 271  343
 278  336
 279  336
 280  335
 280  334
 286  328
 286  327
 287  326
 287  325
 288  324
 288  321
 289  320
 289  319
 290  318
 290  317
 291  316
 291  314
 293  312
 293  311
 294  310
 294  308
 297  305
 297  303
 299  301
 299  300
 300  299
 300  298
 301  297
 301  294
 302  293
 302  291
 303  290
 303  288
 304  287
 304  283
 305  282
 305  280
 307  278
 307  275
 308  274
 308  272
 310  270
 310  268
 311  267
 311  265
 312  264
 312  263
 313  262
 313  261
 314  260
 314  253
 315  252
 315  250
 317  248
 317  246
 318  245
 318  244
 319  243
 319  242
 320  241
 320  240
 321  239
 321  238
 322  237
 322  236
 324  234
 324  232
 325  231
 325  230
 327  228
 327  227
 328  226
 328  225
 330  223
 330  222
 331  221
 331  220
 332  219
 332  218
 334  216
 334  215
 335  214
 335  213
 338  210
 338  209
 344  203
 344  202
 348  198
 348  197
 351  194
 351  193
 352  192
 352  191
 354  189
 354  188
 355  187
 355  186
 357  184
 357  183
 358  182
 358  181
 360  179
 360  178
 361  177
 361  176
 362  175
 362  174
 364  172
 364  170
 366  168
 366  167
 367  166
 367  164
 368  163
 368  162
 370  160
 370  159
 371  158
 371  157
 372  156
 372  155
 373  154
 373  153
 374  152
 374  150
 375  149
 375  147
 376  146
 376  145
 377  144
 377  141
 378  140
 378  135
 379  134
 379  129
 380  128
 379  127
 379  125
 378  124
 378  122
 375  119
 374  119
 373  118
 372  118
 371  117
 368  117
 367  116
 361  116
