 355   66
 354   67
 346   67
 345   68
 338   68
 337   69
 334   69
 333   70
 329   70
 328   71
 325   71
 324   72
 321   72
 320   73
 316   73
 315   74
 313   74
 312   75
 309   75
 308   76
 306   76
 305   77
 303   77
 302   78
 300   78
 299   79
 297   79
 296   80
 294   80
 293   81
 291   81
 290   82
 288   82
 287   83
 286   83
 285   84
 283   84
 282   85
 281   85
 280   86
 278   86
 277   87
 276   87
 275   88
 274   88
 273   89
 272   89
 271   90
 270   90
 269   91
 268   91
 267   92
 266   92
 265   93
 263   93
 261   95
 259   95
 257   97
 256   97
 255   98
 254   98
 253   99
 252   99
 251  100
 250  100
 249  101
 248  101
 247  102
 246  102
 245  103
 244  103
 242  105
 241  105
 240  106
 239  106
 238  107
 237  107
 235  109
 234  109
 233  110
 232  110
 230  112
 229  112
 227  114
 226  114
 225  115
 224  115
 221  118
 220  118
 218  120
 217  120
 215  122
 214  122
 211  125
 210  125
 207  128
 206  128
 204  130
 203  130
 201  132
 200  132
 199  133
 198  133
 196  135
 195  135
 194  136
 193  136
 190  139
 189  139
 186  142
 185  142
 179  148
 178  148
 175  151
 174  151
 170  155
 169  155
 166  158
 165  158
 162  161
 161  161
 158  164
 157  164
 151  170
 151  171
 144  178
 143  178
 135  186
 135  187
 126  196
 126  197
 121  202
 121  203
 117  207
 117  208
 113  212
 113  213
 106  220
 106  221
 103  224
 103  225
 101  227
 101  228
 100  229
 100  230
  98  232
  98  233
  96  235
  96  236
  94  238
  94  239
  93  240
  93  241
  90  244
  90  245
  87  248
  87  249
  86  250
  86  251
  83  254
  83  256
  82  257
  82  258
  80  260
  80  261
  77  264
  77  265
  76  266
  76  296
  77  297
  85  297
  86  298
  86  313
  84  315
  84  316
  83  317
  83  318
  82  319
  83  320
  83  332
  84  333
  84  334
  86  336
  86  339
  87  340
  87  341
  88  342
  88  343
  89  344
  89  346
  90  347
  90  349
  91  350
  91  351
  92  352
  92  354
  93  355
  93  357
  94  358
  94  359
  95  360
  95  361
  96  362
  96  364
  97  365
  97  367
  99  369
  99  371
 100  372
 100  374
 101  375
 101  376
 102  377
 102  379
 103  380
 103  383
 104  384
 104  385
 105  386
 105  388
 106  389
 106  392
 107  393
 107  395
 108  396
 108  397
 109  398
 109  403
 110  404
 110  407
 111  408
 111  410
 112  411
 112  414
 113  415
 113  419
 114  420
 114  422
 115  423
 115  426
 116  427
 116  435
 117  436
 117  439
 118  440
 118  442
 119  443
 119  451
 120  452
 120  456
 121  457
 121  460
 122  461
 122  467
 123  468
 123  474
 124  475
 124  478
 125  479
 125  482
 126  483
 126  486
 127  487
 127  489
 128  490
 128  492
 129  493
 129  495
 130  496
 130  498
 131  499
 131  500
 132  501
 132  502
 133  503
 133  504
 137  508
 138  508
 139  509
 140  509
 141  510
 156  510
 158  512
 158  513
 160  515
 160  518
 161  519
 161  521
 162  522
 162  524
 163  525
 163  528
 164  529
 164  531
 165  532
 165  533
 166  534
 166  536
 167  537
 167  539
 170  542
 171  542
 173  544
 173  546
 174  547
 174  550
 175  551
 175  553
 176  554
 176  555
 177  556
 178  556
 179  557
 181  557
 183  559
 184  559
 185  560
 186  560
 187  559
 188  559
 189  558
 190  558
 191  557
 191  556
 192  555
 192  553
 193  552
 193  551
 196  548
 212  548
 217  553
 217  554
 218  555
 218  556
 225  563
 226  563
 227  564
 230  564
 233  561
 233  559
 234  558
 234  557
 235  556
 235  553
 236  552
 236  545
 238  543
 238  542
 240  540
 255  540
 256  541
 256  543
 257  544
 257  548
 258  549
 258  551
 259  552
 259  554
 260  555
 260  559
 261  560
 261  561
 262  562
 262  563
 263  564
 263  565
 265  567
 265  568
 267  570
 267  571
 270  574
 270  575
 272  577
 272  578
 274  580
 274  581
 277  584
 277  585
 278  586
 278  587
 279  588
 279  589
 280  590
 280  592
 281  593
 281  594
 283  596
 283  597
 284  598
 284  599
 286  601
 286  602
 287  603
 287  604
 290  607
 290  608
 299  617
 300  617
 301  618
 302  618
 303  619
 304  619
 305  620
 306  620
 307  621
 311  621
 312  622
 313  622
 314  621
 317  621
 318  620
 320  620
 321  619
 322  619
 324  617
 325  617
 328  614
 328  613
 329  612
 329  610
 330  609
 330  603
 329  602
 329  596
 328  595
 328  594
 327  593
 327  592
 326  591
 326  589
 323  586
 323  585
 314  576
 313  576
 308  571
 307  571
 304  568
 303  568
 300  565
 299  565
 295  561
 294  561
 288  555
 287  555
 280  548
 279  548
 273  542
 272  542
 269  539
 269  538
 266  535
 266  534
 262  530
 262  529
 260  527
 260  526
 259  525
 259  524
 258  523
 258  522
 256  520
 256  518
 255  517
 255  515
 254  514
 254  513
 253  512
 253  511
 252  510
 252  495
 253  494
 253  491
 254  490
 254  489
 260  483
 261  483
 261  482
 262  481
 262  480
 263  479
 263  478
 262  477
 262  474
 260  472
 260  471
 259  470
 259  466
 258  465
 258  463
 257  462
 257  447
 259  445
 259  444
 264  439
 265  439
 266  438
 267  438
 268  437
 269  437
 272  434
 272  433
 273  432
 272  431
 272  429
 271  428
 271  427
 270  426
 270  415
 265  410
 264  410
 257  403
 256  403
 250  397
 249  397
 239  387
 239  386
 235  382
 235  381
 233  379
 233  378
 232  377
 232  376
 231  375
 231  374
 229  372
 229  371
 228  370
 228  369
 227  368
 227  367
 226  366
 226  365
 225  364
 225  363
 224  362
 224  361
 223  360
 223  359
 222  358
 222  357
 221  356
 221  342
 222  341
 238  341
 239  342
 241  342
 242  343
 243  343
 246  346
 247  346
 251  350
 252  350
 254  352
 255  352
 256  353
 257  353
 262  358
 262  356
 266  352
 265  351
 265  350
 262  347
 262  346
 256  340
 256  339
 248  331
 248  317
 249  316
 255  316
 256  315
 268  315
 269  314
 270  314
 271  313
 272  313
 274  311
 275  311
 278  308
 279  308
 280  307
 283  307
 284  306
 286  306
 287  305
 290  305
 291  304
 292  304
 293  303
 294  303
 297  300
 297  298
 298  297
 299  297
 300  296
 301  296
 301  295
 303  293
 303  292
 304  291
 304  290
 306  288
 306  287
 308  285
 308  284
 315  277
 315  276
 316  275
 316  274
 317  273
 317  272
 318  271
 318  270
 319  269
 319  265
 320  264
 320  262
 321  261
 321  259
 322  258
 322  256
 323  255
 323  254
 325  252
 325  251
 326  250
 326  249
 328  247
 328  246
 329  245
 329  242
 330  241
 330  239
 331  238
 331  237
 332  236
 332  233
 333  232
 333  228
 334  227
 334  226
 335  225
 335  224
 336  223
 336  222
 338  220
 338  219
 339  218
 339  217
 340  216
 340  215
 342  213
 342  212
 345  209
 345  208
 346  207
 346  204
 347  203
 347  201
 348  200
 348  199
 349  198
 349  195
 352  192
 352  191
 355  188
 355  187
 357  185
 357  184
 359  182
 359  181
 361  179
 361  178
 362  177
 362  175
 363  174
 363  171
 365  169
 366  169
 369  166
 369  165
 372  162
 372  161
 373  160
 373  159
 375  157
 375  156
 376  155
 376  154
 378  152
 378  151
 379  150
 379  149
 380  148
 380  147
 382  145
 382  144
 386  140
 386  139
 391  134
 391  133
 394  130
 394  129
 396  127
 396  126
 398  124
 398  123
 399  122
 399  121
 400  120
 400  119
 401  118
 401  117
 402  116
 402  114
 403  113
 403  107
 404  106
 404   98
 405   97
 405   89
 404   88
 404   86
 403   85
 403   82
 400   79
 400   78
 399   77
 399   76
 396   73
 395   73
 394   72
 393   72
 392   71
 390   71
 389   70
 386   70
 385   69
 382   69
 381   68
 375   68
 374   67
 365   67
 364   66
