 318  109
 317  110
 304  110
 303  111
 300  111
 299  112
 295  112
 294  113
 292  113
 291  114
 287  114
 286  115
 284  115
 283  116
 281  116
 280  117
 277  117
 276  118
 275  118
 274  119
 272  119
 271  120
 269  120
 268  121
 266  121
 265  122
 264  122
 263  123
 261  123
 260  124
 258  124
 257  125
 256  125
 255  126
 253  126
 252  127
 251  127
 250  128
 249  128
 248  129
 247  129
 246  130
 244  130
 243  131
 242  131
 241  132
 240  132
 239  133
 238  133
 237  134
 236  134
 235  135
 234  135
 233  136
 232  136
 231  137
 230  137
 228  139
 227  139
 226  140
 225  140
 224  141
 223  141
 221  143
 220  143
 219  144
 218  144
 216  146
 215  146
 213  148
 212  148
 210  150
 209  150
 207  152
 206  152
 203  155
 202  155
 200  157
 199  157
 196  160
 195  160
 190  165
 189  165
 184  170
 183  170
 178  175
 177  175
 173  179
 172  179
 170  181
 169  181
 167  183
 167  184
 166  185
 166  186
 148  204
 148  205
 146  207
 146  208
 142  212
 142  213
 139  216
 139  217
 136  220
 136  221
 134  223
 134  224
 132  226
 132  227
 130  229
 130  230
 128  232
 128  233
 126  235
 126  236
 125  237
 125  238
 122  241
 122  242
 121  243
 121  245
 118  248
 118  250
 117  251
 117  252
 115  254
 115  256
 111  260
 110  260
 108  262
 107  262
 105  264
 105  275
 107  277
 110  277
 111  278
 111  292
 110  293
 110  294
 109  295
 109  296
 108  297
 108  298
 107  299
 107  307
 106  308
 106  328
 104  330
 104  336
 105  337
 105  338
 107  340
 107  341
 108  342
 108  344
 109  345
 109  346
 110  347
 110  348
 111  349
 111  352
 112  353
 112  355
 113  356
 113  357
 114  358
 114  363
 115  364
 115  366
 116  367
 116  369
 117  370
 117  372
 118  373
 118  376
 119  377
 119  378
 120  379
 120  380
 121  381
 121  384
 122  385
 122  386
 123  387
 123  388
 124  389
 124  394
 125  395
 125  398
 126  399
 126  401
 127  402
 127  405
 128  406
 128  409
 129  410
 129  411
 130  412
 130  414
 131  415
 131  419
 132  420
 132  423
 133  424
 133  426
 134  427
 134  431
 135  432
 135  434
 136  435
 136  437
 137  438
 137  442
 138  443
 138  447
 139  448
 139  450
 140  451
 140  454
 141  455
 141  460
 142  461
 142  462
 143  463
 143  465
 144  466
 144  468
 145  469
 145  471
 146  472
 146  473
 147  474
 147  476
 148  477
 148  480
 149  481
 149  482
 150  483
 150  484
 151  485
 151  487
 152  488
 152  489
 153  490
 153  491
 155  493
 155  494
 159  498
 161  498
 162  499
 171  499
 172  500
 172  502
 173  503
 173  506
 174  507
 174  509
 175  510
 175  512
 176  513
 176  514
 180  518
 181  518
 183  520
 184  520
 185  521
 188  521
 189  520
 190  520
 191  519
 192  519
 193  518
 195  518
 196  517
 197  517
 198  516
 219  516
 220  515
 221  515
 222  514
 223  514
 225  512
 244  512
 245  513
 246  513
 247  514
 248  514
 252  518
 253  518
 258  523
 258  524
 261  527
 261  528
 263  530
 263  531
 265  533
 265  534
 266  535
 266  536
 267  537
 267  538
 268  539
 268  540
 269  541
 269  542
 270  543
 270  544
 271  545
 271  547
 272  548
 272  551
 273  552
 273  553
 274  554
 274  556
 275  557
 275  560
 277  562
 277  563
 278  564
 278  565
 279  566
 279  567
 282  570
 282  571
 288  577
 289  577
 290  578
 293  578
 294  577
 295  577
 299  573
 299  572
 301  570
 301  564
 300  563
 300  561
 298  559
 298  557
 297  556
 297  555
 295  553
 295  552
 294  551
 294  550
 291  547
 291  546
 284  539
 284  538
 280  534
 280  533
 274  527
 274  526
 268  520
 268  519
 264  515
 264  514
 261  511
 261  510
 260  509
 260  508
 257  505
 257  503
 254  500
 254  498
 252  496
 252  495
 251  494
 251  493
 250  492
 250  491
 249  490
 249  489
 248  488
 248  468
 249  467
 249  466
 254  461
 255  461
 256  460
 257  460
 258  459
 260  459
 261  458
 262  458
 267  453
 267  448
 266  447
 266  429
 267  428
 267  426
 273  420
 274  420
 275  419
 277  419
 278  418
 279  418
 280  417
 281  417
 283  415
 284  415
 284  414
 285  413
 285  411
 284  410
 284  408
 283  407
 283  406
 281  404
 281  402
 280  401
 280  381
 281  380
 281  379
 282  378
 283  378
 283  377
 286  374
 286  372
 285  371
 285  370
 284  369
 284  368
 277  361
 277  360
 276  360
 269  353
 269  352
 268  351
 268  345
 267  344
 267  341
 266  340
 266  339
 264  337
 263  337
 258  332
 258  318
 259  317
 282  317
 283  316
 287  316
 288  315
 294  315
 295  314
 299  314
 300  313
 302  313
 306  309
 306  308
 307  307
 307  305
 308  304
 308  302
 309  301
 309  300
 314  295
 314  294
 316  292
 316  291
 317  290
 317  287
 318  286
 318  278
 321  275
 321  273
 323  271
 323  270
 324  269
 324  268
 325  267
 325  266
 327  264
 327  261
 328  260
 328  248
 329  247
 329  243
 330  242
 330  241
 331  240
 331  239
 333  237
 333  236
 334  235
 334  234
 335  233
 335  232
 336  231
 336  228
 337  227
 337  209
 338  208
 338  207
 340  205
 340  204
 341  203
 341  199
 342  198
 342  194
 343  193
 343  191
 344  190
 344  188
 345  187
 345  186
 351  180
 351  179
 354  176
 354  175
 355  174
 355  173
 357  171
 357  170
 358  169
 358  168
 361  165
 361  164
 364  161
 364  160
 366  158
 366  157
 367  156
 367  155
 368  154
 368  153
 369  152
 369  151
 370  150
 370  149
 371  148
 371  147
 372  146
 372  145
 373  144
 373  143
 374  142
 374  139
 375  138
 375  134
 376  133
 376  130
 377  129
 377  128
 376  127
 376  126
 375  125
 375  124
 372  121
 371  121
 369  119
 368  119
 366  117
 365  117
 364  116
 363  116
 362  115
 361  115
 360  114
 359  114
 358  113
 356  113
 355  112
 352  112
 351  111
 348  111
 347  110
 339  110
 338  109
