 329   90
 328   91
 325   91
 324   92
 319   92
 318   93
 316   93
 315   94
 312   94
 311   95
 308   95
 307   96
 305   96
 304   97
 302   97
 301   98
 299   98
 298   99
 296   99
 295  100
 293  100
 292  101
 290  101
 289  102
 288  102
 287  103
 285  103
 284  104
 283  104
 282  105
 281  105
 280  106
 278  106
 277  107
 276  107
 275  108
 274  108
 273  109
 272  109
 271  110
 269  110
 267  112
 266  112
 265  113
 264  113
 263  114
 262  114
 261  115
 260  115
 259  116
 258  116
 257  117
 256  117
 255  118
 254  118
 253  119
 252  119
 250  121
 249  121
 248  122
 247  122
 246  123
 245  123
 243  125
 242  125
 241  126
 240  126
 239  127
 238  127
 236  129
 235  129
 234  130
 233  130
 231  132
 230  132
 228  134
 227  134
 225  136
 224  136
 222  138
 221  138
 219  140
 218  140
 216  142
 215  142
 213  144
 212  144
 210  146
 209  146
 207  148
 206  148
 204  150
 203  150
 200  153
 199  153
 197  155
 196  155
 193  158
 192  158
 188  162
 187  162
 184  165
 183  165
 180  168
 179  168
 170  177
 169  177
 136  210
 136  211
 132  215
 132  216
 128  220
 128  221
 121  228
 121  229
 115  235
 115  236
 114  237
 114  238
 113  239
 112  239
 112  240
 111  241
 111  242
 108  245
 108  246
 106  248
 106  249
 104  251
 104  252
 103  253
 103  254
 101  256
 101  258
  99  260
  99  261
  98  262
  98  264
  96  266
  96  267
  95  268
  95  271
  94  272
  94  273
  92  275
  92  278
  91  279
  91  280
  89  282
  89  284
  88  285
  88  287
  86  289
  86  290
  84  292
  84  310
  85  311
  93  311
  94  312
  94  326
  93  327
  89  327
  88  328
  88  361
  90  363
  90  365
  91  366
  91  368
  92  369
  92  372
  93  373
  93  387
  94  388
  94  390
  95  391
  95  392
  96  393
  96  395
  97  396
  97  398
  98  399
  98  402
  99  403
  99  405
 100  406
 100  408
 101  409
 101  411
 102  412
 102  413
 103  414
 103  415
 104  416
 104  417
 105  418
 105  420
 106  421
 106  422
 107  423
 107  424
 109  426
 109  427
 110  428
 110  429
 114  433
 114  434
 115  435
 115  438
 116  439
 116  441
 117  442
 117  445
 118  446
 118  457
 119  458
 119  461
 120  462
 120  463
 121  464
 121  465
 122  466
 122  467
 124  469
 125  469
 129  473
 129  474
 131  476
 131  477
 133  479
 134  479
 141  486
 141  487
 142  488
 142  489
 152  499
 152  500
 156  504
 156  505
 162  511
 162  512
 168  518
 168  519
 172  523
 172  524
 175  527
 175  528
 178  531
 178  532
 179  533
 179  534
 181  536
 181  537
 184  540
 185  540
 189  544
 189  548
 190  549
 190  557
 191  558
 191  561
 192  562
 192  563
 194  565
 200  559
 203  559
 204  558
 206  558
 207  557
 208  557
 209  556
 210  556
 212  554
 213  554
 214  553
 215  553
 216  552
 234  552
 236  554
 237  554
 238  555
 238  556
 241  559
 241  560
 242  561
 242  562
 243  563
 243  564
 244  565
 244  566
 245  567
 245  570
 246  571
 246  573
 248  575
 248  578
 249  579
 249  581
 251  583
 251  584
 252  585
 253  585
 252  584
 252  582
 251  581
 251  578
 249  576
 249  575
 248  574
 248  571
 247  570
 247  568
 246  567
 246  551
 247  550
 247  548
 248  547
 248  546
 249  545
 250  545
 252  543
 253  543
 254  542
 255  542
 256  541
 274  541
 275  542
 276  542
 277  543
 278  543
 280  545
 281  545
 292  556
 292  557
 295  560
 295  561
 296  562
 296  563
 297  564
 297  565
 298  566
 298  567
 299  568
 299  569
 300  570
 300  571
 301  572
 301  573
 302  574
 302  577
 303  578
 303  579
 304  580
 304  581
 305  582
 305  583
 306  584
 306  585
 307  585
 309  587
 310  587
 311  588
 312  588
 314  590
 315  590
 316  591
 317  591
 319  593
 320  593
 321  594
 322  594
 324  596
 323  595
 323  594
 322  593
 322  592
 321  591
 321  590
 315  584
 315  583
 312  580
 312  579
 308  575
 308  574
 304  570
 304  569
 298  563
 298  562
 284  548
 284  547
 278  541
 278  540
 277  539
 277  538
 275  536
 275  535
 274  534
 274  533
 273  532
 273  531
 272  530
 272  529
 271  528
 271  523
 270  522
 270  506
 271  505
 271  502
 274  499
 274  498
 278  494
 278  493
 279  492
 280  492
 282  490
 284  490
 285  489
 298  489
 298  488
 297  487
 297  486
 295  484
 295  483
 294  482
 294  481
 292  479
 292  478
 291  477
 291  475
 290  474
 290  458
 291  457
 291  455
 294  452
 294  451
 298  447
 299  447
 300  446
 301  446
 302  445
 306  445
 308  443
 308  442
 304  438
 304  437
 298  431
 298  430
 297  429
 297  428
 295  426
 295  425
 294  424
 294  422
 292  420
 292  403
 293  402
 293  401
 294  400
 294  399
 296  397
 297  397
 298  396
 299  396
 301  394
 299  392
 299  391
 298  390
 298  389
 294  385
 294  384
 293  383
 292  383
 291  382
 291  381
 285  375
 285  364
 284  363
 284  361
 281  358
 281  357
 278  354
 278  353
 267  342
 266  342
 262  338
 261  338
 258  335
 257  335
 255  333
 254  333
 253  332
 253  331
 252  330
 252  316
 253  315
 286  315
 287  314
 295  314
 296  313
 310  313
 311  312
 314  312
 315  311
 318  311
 322  307
 322  306
 323  305
 323  304
 324  303
 324  302
 332  294
 332  293
 335  290
 335  289
 336  288
 336  287
 337  286
 337  283
 338  282
 338  277
 339  276
 339  274
 340  273
 340  272
 345  267
 345  266
 346  265
 346  264
 348  262
 348  257
 349  256
 349  244
 350  243
 350  242
 351  241
 351  240
 354  237
 354  236
 355  235
 355  234
 357  232
 357  230
 358  229
 358  206
 359  205
 359  204
 360  203
 360  202
 361  201
 361  198
 362  197
 362  196
 363  195
 363  193
 364  192
 364  187
 365  186
 365  185
 370  180
 370  179
 372  177
 372  176
 374  174
 374  173
 375  172
 375  170
 376  169
 376  168
 377  167
 377  166
 378  165
 378  163
 381  160
 381  159
 382  158
 382  157
 384  155
 384  154
 385  153
 385  152
 388  149
 388  147
 389  146
 389  144
 390  143
 390  142
 391  141
 391  138
 392  137
 392  134
 394  132
 394  130
 395  129
 395  125
 396  124
 396  111
 395  110
 395  107
 394  106
 394  105
 390  101
 389  101
 387   99
 386   99
 385   98
 384   98
 383   97
 381   97
 380   96
 379   96
 378   95
 376   95
 375   94
 373   94
 372   93
 370   93
 369   92
 364   92
 363   91
 360   91
 359   90
