 316  117
 315  118
 311  118
 310  119
 306  119
 305  120
 303  120
 302  121
 300  121
 299  122
 296  122
 295  123
 293  123
 292  124
 290  124
 289  125
 287  125
 286  126
 284  126
 283  127
 282  127
 281  128
 279  128
 278  129
 276  129
 275  130
 274  130
 273  131
 271  131
 270  132
 269  132
 268  133
 267  133
 266  134
 265  134
 264  135
 263  135
 262  136
 261  136
 260  137
 259  137
 258  138
 257  138
 256  139
 255  139
 254  140
 253  140
 252  141
 251  141
 249  143
 248  143
 247  144
 246  144
 244  146
 243  146
 242  147
 241  147
 239  149
 238  149
 236  151
 235  151
 233  153
 232  153
 230  155
 229  155
 226  158
 225  158
 222  161
 221  161
 217  165
 216  165
 193  188
 193  189
 184  198
 184  199
 180  203
 180  204
 174  210
 174  211
 170  215
 170  216
 167  219
 167  220
 164  223
 164  224
 161  227
 161  228
 159  230
 159  231
 157  233
 157  234
 154  237
 154  238
 152  240
 152  241
 150  243
 150  244
 148  246
 148  247
 146  249
 146  250
 145  251
 145  252
 143  254
 143  255
 142  256
 142  257
 140  259
 140  260
 139  261
 139  262
 137  264
 137  265
 136  266
 136  268
 134  270
 134  272
 131  275
 131  276
 127  280
 126  280
 124  282
 124  312
 125  313
 129  313
 130  314
 130  329
 129  330
 129  332
 128  333
 128  338
 127  339
 127  353
 130  356
 130  364
 131  365
 131  366
 132  367
 132  368
 133  368
 134  369
 135  369
 136  370
 137  370
 142  375
 142  377
 143  378
 143  381
 144  382
 144  384
 146  386
 146  389
 147  390
 147  391
 148  392
 148  393
 149  394
 149  397
 150  398
 150  401
 151  402
 151  403
 152  404
 152  407
 153  408
 153  412
 154  413
 154  414
 155  415
 155  417
 156  418
 156  421
 157  422
 157  424
 158  425
 158  426
 159  427
 159  430
 160  431
 160  433
 161  434
 161  435
 162  436
 162  438
 163  439
 163  443
 164  444
 164  446
 165  447
 165  448
 166  449
 166  453
 167  454
 167  456
 168  457
 168  459
 169  460
 169  462
 170  463
 170  466
 171  467
 171  468
 172  469
 172  470
 173  471
 173  473
 174  474
 174  475
 175  476
 175  477
 176  478
 176  479
 177  480
 177  481
 184  488
 187  488
 188  489
 190  489
 191  490
 192  490
 195  493
 195  494
 196  495
 196  497
 197  498
 197  501
 198  502
 198  504
 199  505
 199  508
 200  509
 200  511
 202  513
 202  514
 207  519
 208  519
 209  520
 210  519
 211  519
 212  518
 213  518
 214  517
 215  517
 218  514
 219  514
 221  512
 222  512
 223  511
 240  511
 241  512
 242  512
 246  516
 247  516
 248  517
 250  515
 251  515
 255  511
 271  511
 272  512
 273  512
 274  513
 275  513
 280  518
 281  518
 284  521
 284  522
 287  525
 287  526
 290  529
 290  530
 291  531
 291  532
 293  534
 293  535
 294  536
 294  538
 296  540
 296  541
 297  542
 297  545
 298  546
 298  547
 299  548
 299  549
 300  550
 300  554
 301  555
 301  557
 302  558
 302  559
 303  560
 303  561
 304  562
 304  563
 310  569
 311  569
 312  570
 315  570
 316  569
 317  569
 318  568
 319  568
 322  565
 322  564
 323  563
 323  562
 324  561
 324  560
 325  559
 325  556
 326  555
 326  550
 325  549
 325  548
 323  546
 323  545
 321  543
 321  542
 315  536
 314  536
 310  532
 309  532
 301  524
 300  524
 296  520
 296  519
 293  516
 293  515
 289  511
 289  510
 286  507
 286  505
 284  503
 284  502
 283  501
 283  500
 282  499
 282  498
 280  496
 280  495
 279  494
 279  491
 278  490
 278  488
 277  487
 277  485
 276  484
 276  467
 277  466
 277  465
 278  464
 278  463
 279  462
 279  461
 282  458
 283  458
 285  456
 286  456
 291  451
 291  450
 292  449
 292  445
 291  444
 291  443
 290  442
 290  440
 289  439
 289  418
 291  416
 292  416
 294  414
 295  414
 296  413
 297  413
 300  410
 300  407
 299  406
 299  404
 298  403
 298  385
 306  377
 306  375
 305  374
 305  373
 303  371
 303  370
 296  363
 296  362
 293  359
 293  358
 292  357
 292  355
 291  354
 291  353
 290  352
 290  348
 289  347
 289  344
 283  338
 282  338
 279  335
 278  335
 276  333
 275  333
 274  332
 273  332
 271  330
 270  330
 268  328
 268  314
 269  313
 282  313
 283  312
 287  312
 288  311
 291  311
 292  310
 294  310
 295  309
 296  309
 297  308
 299  308
 300  307
 301  307
 303  305
 304  305
 310  299
 310  298
 311  297
 311  296
 312  295
 312  293
 315  290
 315  289
 316  288
 316  287
 317  286
 317  285
 318  284
 318  282
 319  281
 319  275
 320  274
 320  271
 321  270
 321  269
 323  267
 323  264
 324  263
 324  244
 325  243
 325  242
 326  241
 326  240
 328  238
 328  237
 329  236
 329  233
 328  232
 328  216
 329  215
 329  214
 331  212
 331  211
 333  209
 333  208
 334  207
 334  206
 335  205
 335  196
 336  195
 336  192
 339  189
 339  188
 341  186
 341  185
 343  183
 343  180
 344  179
 344  176
 345  175
 345  171
 346  170
 346  168
 349  165
 349  164
 351  162
 351  161
 352  160
 352  158
 353  157
 353  153
 354  152
 354  148
 355  147
 355  146
 356  145
 356  134
 355  133
 355  131
 354  130
 354  129
 353  128
 353  127
 349  123
 348  123
 347  122
 346  122
 345  121
 343  121
 342  120
 340  120
 339  119
 334  119
 333  118
 327  118
 326  117
