 319  176
 318  177
 313  177
 312  178
 309  178
 308  179
 303  179
 302  180
 301  180
 300  181
 296  181
 295  182
 293  182
 292  183
 290  183
 289  184
 287  184
 286  185
 284  185
 283  186
 280  186
 279  187
 278  187
 277  188
 275  188
 274  189
 273  189
 272  190
 270  190
 269  191
 268  191
 267  192
 265  192
 264  193
 262  193
 261  194
 260  194
 259  195
 257  195
 256  196
 255  196
 254  197
 253  197
 252  198
 251  198
 250  199
 248  199
 247  200
 246  200
 245  201
 244  201
 243  202
 242  202
 241  203
 240  203
 239  204
 238  204
 237  205
 236  205
 235  206
 234  206
 233  207
 232  207
 231  208
 230  208
 228  210
 227  210
 226  211
 225  211
 224  212
 223  212
 222  213
 221  213
 220  214
 219  214
 217  216
 216  216
 215  217
 214  217
 212  219
 211  219
 210  220
 209  220
 207  222
 206  222
 204  224
 203  224
 201  226
 200  226
 198  228
 197  228
 195  230
 194  230
 192  232
 191  232
 189  234
 188  234
 185  237
 184  237
 181  240
 180  240
 178  242
 177  242
 173  246
 172  246
 168  250
 167  250
 162  255
 161  255
 156  260
 155  260
 148  267
 147  267
 121  293
 120  293
 118  295
 117  295
 116  296
 115  296
 114  297
 113  297
 111  299
 111  324
 112  325
 112  341
 111  342
 111  344
 110  345
 110  348
 109  349
 109  353
 108  354
 109  355
 109  368
 111  370
 111  372
 112  373
 112  375
 113  376
 113  378
 114  379
 114  380
 115  381
 115  385
 116  386
 116  388
 117  389
 117  390
 118  391
 118  395
 119  396
 119  399
 120  400
 120  401
 121  402
 121  404
 122  405
 122  410
 123  411
 123  413
 124  414
 124  416
 125  417
 125  427
 126  428
 126  433
 127  434
 127  437
 128  438
 128  448
 129  449
 129  454
 130  455
 130  459
 131  460
 131  464
 132  465
 132  468
 133  469
 133  471
 134  472
 134  473
 135  474
 135  476
 137  478
 137  479
 140  482
 140  483
 141  484
 142  484
 143  485
 144  485
 145  486
 147  486
 150  489
 150  493
 151  494
 151  497
 152  498
 152  502
 153  503
 153  504
 155  506
 155  507
 159  511
 160  510
 161  510
 161  509
 164  506
 164  505
 166  503
 167  503
 169  501
 187  501
 188  500
 188  498
 189  497
 189  495
 190  494
 190  493
 191  492
 191  490
 195  486
 197  486
 198  485
 210  485
 212  483
 212  470
 213  469
 213  468
 216  465
 217  465
 218  464
 219  464
 220  463
 223  463
 224  462
 225  462
 228  459
 228  443
 232  439
 235  439
 236  438
 238  438
 241  435
 241  418
 243  416
 244  416
 245  415
 246  415
 247  414
 249  414
 252  411
 251  410
 251  407
 246  402
 245  402
 244  401
 243  401
 241  399
 240  399
 236  395
 236  394
 235  393
 235  378
 236  377
 237  377
 238  376
 235  373
 235  372
 233  370
 232  370
 227  365
 227  351
 228  350
 258  350
 259  349
 265  349
 266  348
 267  348
 271  344
 272  344
 275  341
 275  340
 278  337
 278  336
 279  335
 279  331
 282  328
 282  323
 283  322
 283  320
 284  319
 284  318
 285  317
 285  316
 286  315
 286  314
 288  312
 288  311
 290  309
 290  308
 291  307
 291  306
 292  305
 292  302
 293  301
 293  299
 294  298
 294  296
 295  295
 295  293
 297  291
 297  290
 298  289
 298  288
 299  287
 299  286
 302  283
 302  282
 305  279
 305  277
 308  274
 308  272
 311  269
 311  268
 324  255
 324  254
 330  248
 331  248
 334  245
 335  245
 348  232
 349  232
 351  230
 352  230
 359  223
 359  222
 361  220
 361  219
 365  215
 365  214
 366  213
 366  212
 368  210
 368  209
 369  208
 369  206
 370  205
 370  204
 371  203
 371  201
 372  200
 372  194
 366  188
 365  188
 363  186
 362  186
 361  185
 360  185
 359  184
 358  184
 357  183
 356  183
 355  182
 354  182
 353  181
 352  181
 351  180
 350  180
 349  179
 346  179
 345  178
 343  178
 342  177
 337  177
 336  176
