 333  122
 332  123
 326  123
 325  124
 319  124
 318  125
 316  125
 315  126
 312  126
 311  127
 309  127
 308  128
 306  128
 305  129
 303  129
 302  130
 301  130
 300  131
 298  131
 297  132
 296  132
 295  133
 293  133
 292  134
 291  134
 290  135
 289  135
 288  136
 287  136
 286  137
 285  137
 284  138
 283  138
 282  139
 281  139
 280  140
 279  140
 278  141
 277  141
 276  142
 275  142
 274  143
 273  143
 272  144
 271  144
 269  146
 268  146
 267  147
 266  147
 264  149
 263  149
 262  150
 261  150
 259  152
 258  152
 257  153
 256  153
 254  155
 253  155
 251  157
 250  157
 249  158
 248  158
 246  160
 245  160
 243  162
 242  162
 240  164
 239  164
 236  167
 235  167
 232  170
 231  170
 229  172
 228  172
 224  176
 223  176
 217  182
 216  182
 210  188
 209  188
 190  207
 189  207
 189  208
 178  219
 178  220
 172  226
 172  227
 166  233
 166  234
 162  238
 162  239
 158  243
 158  244
 155  247
 155  248
 152  251
 152  252
 149  255
 149  256
 148  257
 148  258
 145  261
 145  262
 143  264
 143  265
 141  267
 141  268
 139  270
 139  271
 138  272
 138  273
 135  276
 135  277
 134  278
 134  279
 132  281
 132  282
 131  283
 131  284
 128  287
 128  289
 125  292
 125  294
 123  296
 123  297
 122  298
 122  300
 120  302
 120  303
 119  304
 119  305
 118  306
 118  308
 116  310
 116  311
 115  312
 115  313
 113  315
 113  325
 114  326
 120  326
 121  327
 121  342
 119  344
 114  344
 113  345
 113  373
 115  375
 115  378
 116  379
 116  380
 117  381
 117  382
 118  383
 118  384
 119  385
 119  386
 121  388
 121  389
 122  390
 122  391
 125  394
 125  395
 128  398
 128  399
 129  400
 129  401
 132  404
 132  405
 133  405
 139  411
 139  413
 141  415
 141  416
 142  417
 142  418
 144  420
 144  421
 145  422
 145  423
 148  426
 148  427
 150  429
 150  430
 152  432
 152  433
 156  437
 156  438
 158  440
 158  441
 160  443
 160  444
 161  445
 161  446
 162  447
 162  448
 165  451
 165  453
 168  456
 168  459
 169  460
 169  461
 171  463
 171  465
 172  466
 172  469
 173  470
 173  471
 174  472
 174  474
 175  475
 175  480
 176  481
 176  485
 177  486
 177  488
 178  489
 178  493
 179  494
 179  496
 181  498
 181  500
 182  501
 182  502
 185  505
 185  506
 189  510
 190  510
 191  511
 195  511
 196  512
 200  512
 201  513
 203  513
 206  516
 206  517
 207  517
 209  519
 209  520
 210  521
 210  522
 211  523
 211  528
 212  529
 212  532
 215  535
 215  537
 222  544
 223  544
 226  547
 227  547
 228  548
 229  548
 230  549
 231  549
 232  550
 234  550
 235  551
 239  551
 240  552
 243  552
 244  551
 261  551
 262  552
 263  552
 264  553
 266  553
 267  552
 269  552
 272  549
 273  549
 277  545
 294  545
 295  546
 296  546
 303  553
 304  553
 311  560
 312  560
 314  562
 315  562
 317  564
 319  564
 320  565
 322  565
 323  564
 324  564
 328  560
 328  557
 327  556
 327  555
 325  553
 325  551
 321  547
 321  546
 320  545
 319  545
 307  533
 306  533
 290  517
 290  516
 288  514
 288  497
 289  496
 289  495
 291  493
 291  492
 294  489
 294  488
 295  487
 295  486
 296  485
 296  484
 297  483
 296  482
 296  481
 295  480
 295  478
 292  475
 292  474
 284  466
 284  465
 282  463
 282  462
 281  461
 281  444
 284  441
 285  441
 288  438
 288  437
 280  429
 279  429
 278  428
 278  427
 275  424
 275  423
 274  422
 274  407
 275  406
 278  406
 278  404
 274  400
 273  400
 271  398
 270  398
 269  397
 268  397
 266  395
 265  395
 260  390
 260  389
 259  388
 259  387
 258  386
 258  384
 257  383
 257  382
 256  381
 256  380
 255  379
 255  378
 254  377
 254  375
 246  367
 245  367
 243  365
 242  365
 241  364
 240  364
 238  362
 237  362
 235  360
 234  360
 233  359
 232  359
 231  358
 230  358
 228  356
 227  356
 225  354
 224  354
 222  352
 221  352
 220  351
 219  351
 218  350
 218  336
 219  335
 240  335
 241  334
 243  334
 244  333
 247  333
 248  332
 252  332
 253  331
 257  331
 258  330
 264  330
 265  329
 266  329
 268  327
 269  327
 271  325
 272  325
 278  319
 278  318
 282  314
 282  313
 285  310
 285  309
 286  308
 286  307
 288  305
 288  304
 292  300
 292  299
 294  297
 294  296
 295  295
 295  294
 297  292
 297  291
 298  290
 298  288
 299  287
 299  285
 300  284
 300  283
 301  282
 301  280
 302  279
 302  278
 305  275
 305  274
 308  271
 308  269
 309  268
 309  267
 311  265
 311  263
 312  262
 312  261
 313  260
 313  259
 314  258
 314  256
 315  255
 315  253
 318  250
 318  248
 321  245
 321  244
 322  243
 322  242
 323  241
 323  240
 324  239
 324  237
 325  236
 325  234
 326  233
 326  232
 327  231
 327  230
 328  229
 328  226
 329  225
 329  224
 330  223
 330  222
 332  220
 332  219
 334  217
 334  216
 335  215
 335  214
 336  213
 336  212
 337  211
 337  210
 338  209
 338  207
 340  205
 340  204
 341  203
 341  202
 344  199
 344  198
 347  195
 347  194
 348  193
 348  192
 350  190
 350  189
 351  188
 351  186
 352  185
 352  184
 353  183
 353  182
 354  181
 354  179
 355  178
 355  177
 356  176
 356  175
 358  173
 358  171
 359  170
 359  169
 360  168
 360  167
 361  166
 361  164
 362  163
 362  162
 363  161
 363  160
 364  159
 364  158
 365  157
 365  154
 366  153
 366  151
 367  150
 367  147
 368  146
 368  142
 367  141
 367  139
 365  137
 365  135
 364  134
 364  133
 357  126
 356  126
 355  125
 353  125
 352  124
 349  124
 348  123
 343  123
 342  122
