 332  165
 331  166
 327  166
 326  167
 322  167
 321  168
 319  168
 318  169
 315  169
 314  170
 313  170
 312  171
 310  171
 309  172
 308  172
 307  173
 305  173
 304  174
 302  174
 301  175
 300  175
 299  176
 298  176
 297  177
 296  177
 295  178
 293  178
 292  179
 291  179
 290  180
 289  180
 287  182
 286  182
 285  183
 284  183
 283  184
 282  184
 281  185
 280  185
 278  187
 277  187
 276  188
 275  188
 273  190
 272  190
 271  191
 270  191
 268  193
 267  193
 265  195
 264  195
 261  198
 260  198
 258  200
 257  200
 254  203
 253  203
 249  207
 248  207
 243  212
 242  212
 237  217
 236  217
 229  224
 228  224
 219  233
 218  233
 218  234
 216  236
 215  236
 202  249
 202  250
 186  266
 186  267
 182  271
 182  272
 178  276
 178  277
 172  283
 172  284
 169  287
 169  288
 167  290
 167  291
 165  293
 165  294
 163  296
 163  297
 161  299
 161  300
 159  302
 159  303
 154  308
 154  309
 152  311
 151  311
 150  312
 150  313
 149  314
 149  320
 148  321
 148  323
 147  324
 147  327
 145  329
 143  329
 141  331
 141  357
 142  358
 143  358
 144  359
 144  375
 143  376
 141  376
 140  377
 140  394
 141  395
 141  399
 142  400
 142  408
 143  409
 143  410
 144  411
 144  413
 145  414
 145  421
 146  422
 146  426
 147  427
 147  429
 148  430
 148  431
 149  432
 149  433
 150  434
 150  436
 151  437
 151  439
 152  440
 152  442
 153  443
 153  445
 154  446
 154  448
 155  449
 155  451
 156  452
 156  453
 157  454
 157  455
 158  456
 158  457
 159  458
 159  459
 162  462
 162  463
 164  465
 164  466
 165  467
 165  468
 166  469
 166  470
 168  472
 168  473
 169  474
 169  475
 175  481
 176  481
 177  482
 178  482
 179  483
 180  483
 181  484
 183  484
 184  485
 184  486
 185  487
 185  488
 186  489
 186  491
 188  493
 188  495
 189  496
 189  497
 190  498
 190  499
 191  500
 191  502
 192  503
 192  504
 194  506
 194  507
 195  508
 195  510
 198  513
 198  514
 200  516
 200  517
 201  518
 202  518
 204  520
 206  520
 207  521
 211  521
 212  522
 216  522
 218  520
 218  519
 220  517
 220  516
 221  515
 221  514
 222  513
 223  513
 224  512
 226  512
 227  511
 230  511
 231  510
 233  510
 236  507
 236  506
 237  505
 237  493
 238  492
 238  489
 239  488
 239  487
 240  486
 240  485
 242  483
 243  483
 245  481
 246  481
 248  479
 249  479
 251  477
 251  454
 254  451
 254  450
 255  449
 256  449
 260  445
 260  443
 261  442
 261  437
 262  436
 262  435
 273  424
 273  405
 272  404
 272  403
 271  402
 271  401
 263  393
 262  393
 259  390
 258  390
 255  387
 254  387
 253  386
 253  372
 254  371
 256  371
 257  370
 257  367
 259  365
 261  365
 262  364
 265  364
 266  363
 269  363
 270  362
 273  362
 274  361
 275  361
 278  358
 279  358
 285  352
 285  351
 288  348
 288  347
 291  344
 291  343
 293  341
 293  340
 294  339
 294  337
 295  336
 295  330
 296  329
 296  323
 297  322
 297  315
 298  314
 298  308
 299  307
 299  296
 300  295
 300  289
 301  288
 301  282
 302  281
 302  275
 303  274
 303  268
 304  267
 304  261
 305  260
 305  257
 306  256
 306  254
 307  253
 307  248
 308  247
 308  243
 309  242
 309  241
 310  240
 310  239
 313  236
 313  235
 314  234
 314  233
 316  231
 316  230
 317  229
 317  228
 318  227
 318  226
 320  224
 320  223
 321  222
 321  221
 323  219
 323  218
 324  217
 324  216
 325  215
 325  214
 327  212
 327  211
 328  210
 328  209
 330  207
 330  206
 331  205
 331  203
 332  202
 332  201
 333  200
 333  199
 334  198
 334  196
 335  195
 335  194
 336  193
 336  192
 337  191
 337  189
 338  188
 338  186
 339  185
 339  184
 340  183
 340  180
 341  179
 341  169
 338  166
 337  166
 336  165
