 359   47
 358   48
 343   48
 342   49
 335   49
 334   50
 329   50
 328   51
 325   51
 324   52
 319   52
 318   53
 316   53
 315   54
 311   54
 310   55
 308   55
 307   56
 305   56
 304   57
 301   57
 300   58
 298   58
 297   59
 295   59
 294   60
 293   60
 292   61
 290   61
 289   62
 288   62
 287   63
 285   63
 284   64
 283   64
 282   65
 281   65
 280   66
 279   66
 278   67
 276   67
 275   68
 274   68
 273   69
 272   69
 271   70
 269   70
 268   71
 267   71
 266   72
 265   72
 264   73
 263   73
 262   74
 261   74
 260   75
 259   75
 258   76
 257   76
 256   77
 255   77
 254   78
 253   78
 252   79
 251   79
 250   80
 249   80
 248   81
 247   81
 246   82
 245   82
 243   84
 242   84
 241   85
 240   85
 239   86
 238   86
 236   88
 235   88
 234   89
 233   89
 232   90
 231   90
 229   92
 228   92
 227   93
 226   93
 225   94
 224   94
 222   96
 221   96
 219   98
 218   98
 217   99
 216   99
 214  101
 213  101
 211  103
 210  103
 208  105
 207  105
 205  107
 204  107
 202  109
 201  109
 199  111
 198  111
 196  113
 195  113
 193  115
 192  115
 190  117
 189  117
 187  119
 186  119
 183  122
 182  122
 179  125
 178  125
 175  128
 174  128
 171  131
 170  131
 166  135
 165  135
 161  139
 160  139
 153  146
 152  146
 143  155
 142  155
 126  171
 126  172
 124  174
 123  174
 123  175
 116  182
 116  183
 112  187
 112  188
 108  192
 108  193
 105  196
 105  197
 103  199
 103  200
 101  202
 101  203
  98  206
  98  207
  96  209
  96  210
  95  211
  95  212
  92  215
  92  216
  91  217
  91  218
  89  220
  89  221
  88  222
  88  223
  87  224
  87  225
  85  227
  85  229
  84  230
  84  231
  82  233
  82  235
  81  236
  81  237
  80  238
  80  239
  79  240
  79  241
  78  242
  78  243
  76  245
  76  246
  75  247
  75  249
  73  251
  73  252
  72  253
  72  255
  71  256
  71  257
  69  259
  69  260
  68  261
  68  263
  67  264
  67  278
  68  279
  83  279
  84  280
  84  294
  83  295
  79  295
  75  299
  75  300
  74  301
  74  302
  73  303
  73  305
  72  306
  72  310
  71  311
  71  314
  70  315
  70  318
  69  319
  69  321
  68  322
  67  322
  66  323
  66  356
  68  358
  71  358
  72  359
  72  360
  73  361
  73  362
  74  363
  74  364
  75  365
  75  369
  76  370
  76  371
  77  372
  77  373
  78  374
  78  377
  79  378
  79  380
  81  382
  81  384
  82  385
  82  387
  83  388
  83  389
  84  390
  84  391
  85  392
  85  395
  86  396
  86  398
  88  400
  88  403
  89  404
  89  406
  90  407
  90  408
  91  409
  91  412
  92  413
  92  417
  93  418
  93  419
  94  420
  94  422
  95  423
  95  428
  96  429
  96  431
  97  432
  97  433
  98  434
  98  440
  99  441
  99  444
 100  445
 100  447
 101  448
 101  456
 102  457
 102  479
 103  480
 103  499
 104  500
 104  505
 105  506
 105  511
 106  512
 106  513
 107  514
 107  515
 108  516
 108  518
 109  519
 109  520
 111  522
 111  523
 115  527
 116  527
 117  528
 118  528
 119  529
 120  529
 121  530
 123  530
 125  532
 126  532
 130  536
 130  537
 132  539
 132  540
 133  541
 133  543
 134  544
 134  545
 135  546
 135  549
 136  550
 136  552
 137  553
 137  554
 138  555
 138  556
 139  557
 139  559
 141  561
 141  562
 142  563
 142  564
 143  565
 143  566
 145  568
 145  569
 146  570
 146  571
 149  574
 149  575
 152  578
 152  579
 156  583
 156  584
 157  584
 160  587
 161  587
 162  588
 163  588
 164  589
 167  589
 168  588
 185  588
 186  589
 187  589
 192  594
 193  594
 196  597
 197  597
 198  598
 199  598
 200  599
 201  599
 202  600
 203  600
 205  598
 206  598
 211  593
 212  593
 213  592
 214  592
 215  591
 232  591
 233  592
 234  592
 242  600
 242  601
 245  604
 245  605
 246  606
 246  607
 249  610
 249  612
 251  614
 251  615
 252  616
 252  617
 253  618
 253  619
 255  621
 255  622
 257  624
 257  625
 260  628
 260  629
 265  634
 266  634
 269  637
 270  637
 271  638
 272  638
 273  639
 275  639
 276  640
 278  640
 279  639
 280  639
 281  638
 283  638
 285  636
 286  636
 292  630
 292  629
 293  628
 293  626
 294  625
 294  617
 293  616
 293  614
 292  613
 292  611
 291  610
 291  609
 289  607
 289  606
 288  605
 288  604
 285  601
 285  600
 274  589
 273  589
 268  584
 268  583
 262  577
 262  576
 259  573
 259  572
 258  571
 258  570
 256  568
 256  567
 255  566
 255  565
 254  564
 254  563
 253  562
 253  561
 252  560
 252  544
 254  542
 254  541
 255  540
 255  539
 258  536
 259  536
 261  534
 263  534
 265  532
 266  532
 272  526
 272  525
 273  524
 273  523
 274  522
 274  517
 273  516
 273  515
 272  514
 272  512
 271  511
 271  509
 269  507
 269  506
 268  505
 268  504
 267  503
 267  502
 265  500
 265  497
 264  496
 264  478
 265  477
 265  476
 267  474
 268  474
 269  473
 270  473
 271  472
 273  472
 276  469
 276  468
 278  466
 278  462
 277  461
 277  459
 275  457
 275  455
 274  454
 274  453
 272  451
 272  450
 269  447
 269  446
 268  445
 268  429
 272  425
 273  425
 275  423
 275  416
 274  415
 274  414
 272  412
 272  411
 269  408
 269  407
 256  394
 255  394
 250  389
 250  372
 251  371
 252  371
 253  370
 251  368
 251  367
 248  364
 248  363
 242  357
 242  356
 220  334
 219  334
 214  329
 213  329
 208  324
 208  322
 195  322
 194  321
 194  307
 195  306
 212  306
 213  307
 213  309
 225  309
 226  310
 233  310
 234  311
 235  311
 236  310
 239  310
 240  309
 245  309
 246  308
 249  308
 250  307
 254  307
 255  306
 259  306
 260  305
 262  305
 263  304
 264  304
 268  300
 269  300
 271  298
 272  298
 275  295
 275  294
 277  292
 277  290
 278  289
 278  288
 280  286
 280  285
 284  281
 284  280
 288  276
 288  275
 292  271
 292  270
 294  268
 294  267
 295  266
 295  264
 296  263
 296  262
 297  261
 297  260
 298  259
 298  256
 299  255
 299  254
 300  253
 300  252
 301  251
 301  250
 304  247
 304  246
 308  242
 308  241
 311  238
 311  237
 312  236
 312  235
 314  233
 314  232
 315  231
 315  229
 316  228
 316  227
 317  226
 317  225
 318  224
 318  221
 319  220
 319  219
 320  218
 320  217
 321  216
 321  215
 325  211
 325  210
 332  203
 332  202
 334  200
 334  199
 335  198
 335  197
 336  196
 336  195
 337  194
 337  193
 338  192
 338  190
 339  189
 339  187
 340  186
 340  185
 341  184
 341  182
 342  181
 342  179
 352  169
 352  168
 358  162
 358  161
 359  160
 359  159
 361  157
 361  156
 362  155
 362  153
 363  152
 363  151
 364  150
 364  149
 365  148
 365  147
 367  145
 368  145
 378  135
 378  134
 382  130
 382  129
 383  128
 383  127
 385  125
 385  124
 386  123
 386  122
 388  120
 388  119
 396  111
 396  110
 399  107
 399  106
 401  104
 401  103
 402  102
 402  101
 404   99
 404   98
 405   97
 405   96
 406   95
 406   94
 408   92
 408   91
 410   89
 410   88
 412   86
 412   84
 413   83
 413   81
 414   80
 414   78
 415   77
 415   69
 414   68
 414   65
 413   64
 413   63
 411   61
 411   60
 410   60
 407   57
 406   57
 404   55
 403   55
 402   54
 400   54
 399   53
 398   53
 397   52
 394   52
 393   51
 391   51
 390   50
 387   50
 386   49
 381   49
 380   48
 371   48
 370   47
