 342   67
 341   68
 334   68
 333   69
 329   69
 328   70
 324   70
 323   71
 320   71
 319   72
 317   72
 316   73
 313   73
 312   74
 310   74
 309   75
 307   75
 306   76
 304   76
 303   77
 301   77
 300   78
 298   78
 297   79
 296   79
 295   80
 294   80
 293   81
 291   81
 290   82
 289   82
 288   83
 287   83
 286   84
 284   84
 283   85
 282   85
 281   86
 280   86
 279   87
 278   87
 277   88
 276   88
 275   89
 274   89
 273   90
 272   90
 271   91
 269   91
 267   93
 266   93
 265   94
 264   94
 263   95
 262   95
 261   96
 260   96
 258   98
 257   98
 256   99
 255   99
 253  101
 252  101
 251  102
 250  102
 248  104
 247  104
 245  106
 244  106
 242  108
 241  108
 239  110
 238  110
 235  113
 234  113
 232  115
 231  115
 228  118
 227  118
 224  121
 223  121
 220  124
 219  124
 216  127
 215  127
 211  131
 210  131
 204  137
 203  137
 194  146
 193  146
 176  163
 175  163
 161  177
 161  178
 156  183
 156  184
 152  188
 152  189
 148  193
 148  194
 141  201
 141  202
 139  204
 139  205
 135  209
 135  210
 133  212
 133  213
 131  215
 131  217
 128  220
 128  222
 126  224
 126  225
 125  226
 125  227
 124  228
 124  229
 123  230
 123  231
 122  232
 122  233
 121  234
 121  235
 118  238
 118  240
 117  241
 117  242
 115  244
 115  247
 114  248
 114  249
 112  251
 112  252
 111  253
 111  254
 109  256
 109  257
 108  258
 108  259
 106  261
 106  262
 105  263
 105  264
 104  265
 104  266
 102  268
 102  270
 101  271
 101  272
  99  274
  99  275
  98  276
  98  278
  95  281
  94  281
  93  282
  93  295
  94  296
  94  311
  93  312
  93  317
  95  319
 107  319
 108  320
 108  335
 107  336
 106  336
 101  341
 101  350
 102  351
 102  355
 103  356
 103  368
 104  369
 104  370
 105  371
 105  372
 107  374
 107  375
 108  376
 108  377
 109  378
 109  379
 111  381
 111  383
 112  384
 112  385
 114  387
 114  388
 115  389
 115  391
 117  393
 117  394
 118  395
 118  397
 119  398
 119  399
 121  401
 121  403
 122  404
 122  405
 124  407
 124  408
 125  409
 125  411
 126  412
 126  413
 128  415
 128  417
 129  418
 129  419
 131  421
 131  423
 132  424
 132  425
 133  426
 133  427
 134  428
 134  429
 135  430
 135  432
 136  433
 136  434
 137  435
 137  436
 138  437
 138  440
 139  441
 139  442
 140  443
 140  444
 141  445
 141  447
 142  448
 142  450
 143  451
 143  452
 144  453
 144  454
 145  455
 145  457
 146  458
 146  460
 147  461
 147  462
 148  463
 148  465
 149  466
 149  467
 150  468
 150  469
 151  470
 151  472
 152  473
 152  475
 153  476
 153  477
 154  478
 154  480
 155  481
 155  483
 156  484
 156  485
 157  486
 157  487
 158  488
 158  490
 159  491
 159  492
 160  493
 160  494
 161  495
 161  496
 162  497
 162  498
 163  499
 163  500
 165  502
 165  504
 167  506
 167  507
 168  508
 168  510
 169  511
 169  512
 171  514
 171  515
 172  516
 172  518
 174  520
 174  521
 175  522
 175  523
 176  524
 176  525
 183  532
 187  532
 188  531
 204  531
 206  533
 206  534
 207  535
 207  536
 208  537
 208  541
 209  542
 209  548
 210  549
 210  551
 211  552
 211  555
 212  556
 212  558
 214  560
 214  561
 215  562
 215  563
 222  570
 223  570
 224  571
 225  571
 226  572
 231  572
 232  571
 234  571
 235  570
 236  570
 240  566
 240  565
 241  564
 241  561
 243  559
 243  558
 246  555
 247  555
 249  553
 268  553
 269  554
 270  554
 282  566
 284  566
 288  562
 288  559
 289  558
 289  557
 291  555
 309  555
 310  556
 311  556
 313  558
 314  558
 316  560
 317  560
 333  576
 333  577
 336  580
 336  581
 338  583
 338  584
 339  585
 339  586
 340  587
 340  588
 342  590
 342  591
 344  593
 344  594
 346  596
 346  597
 347  598
 347  599
 349  601
 349  602
 352  605
 352  606
 354  608
 354  609
 357  612
 357  613
 358  613
 362  617
 363  617
 365  619
 367  619
 368  620
 370  620
 371  621
 372  621
 373  620
 375  620
 376  619
 377  619
 379  617
 380  617
 384  613
 384  612
 385  611
 385  609
 386  608
 386  605
 387  604
 386  603
 386  599
 385  598
 385  595
 384  594
 384  593
 383  592
 383  591
 382  590
 382  589
 381  588
 381  587
 378  584
 378  583
 370  575
 369  575
 365  571
 364  571
 362  569
 361  569
 360  568
 359  568
 358  567
 357  567
 352  562
 351  562
 349  560
 348  560
 346  558
 345  558
 343  556
 342  556
 337  551
 336  551
 333  548
 332  548
 308  524
 308  523
 305  520
 305  519
 301  515
 301  514
 300  513
 300  512
 299  511
 299  510
 298  509
 298  493
 299  492
 299  491
 300  490
 300  489
 306  483
 307  483
 307  482
 309  480
 309  479
 310  478
 310  477
 309  476
 309  475
 308  474
 308  472
 307  471
 307  470
 302  465
 302  464
 298  460
 298  459
 297  458
 297  457
 296  456
 296  440
 297  439
 297  438
 298  437
 298  436
 299  435
 301  435
 302  434
 304  434
 305  433
 306  433
 309  430
 309  429
 308  428
 308  426
 304  422
 304  421
 303  420
 302  420
 301  419
 301  418
 299  416
 299  400
 304  395
 305  395
 306  394
 307  394
 310  391
 310  389
 308  387
 308  386
 302  380
 301  380
 298  377
 297  377
 295  375
 294  375
 293  374
 292  374
 290  372
 289  372
 286  369
 285  369
 284  368
 284  367
 282  365
 282  364
 281  363
 281  347
 280  346
 280  345
 278  343
 278  342
 272  336
 243  336
 242  335
 242  321
 243  320
 267  320
 268  319
 275  319
 276  318
 278  318
 279  317
 281  317
 282  316
 283  316
 284  315
 285  315
 292  308
 292  307
 295  304
 295  303
 298  300
 298  298
 300  296
 300  294
 301  293
 301  289
 302  288
 302  287
 304  285
 304  284
 305  283
 305  282
 307  280
 307  279
 308  278
 308  277
 309  276
 309  275
 311  273
 311  269
 312  268
 312  264
 313  263
 313  261
 314  260
 314  257
 315  256
 315  254
 317  252
 317  251
 318  250
 318  249
 321  246
 321  244
 322  243
 322  242
 323  241
 323  238
 324  237
 324  225
 325  224
 325  222
 326  221
 326  220
 328  218
 328  217
 331  214
 331  213
 332  212
 332  211
 334  209
 334  208
 335  207
 335  206
 336  205
 336  204
 337  203
 337  199
 338  198
 338  193
 339  192
 339  191
 340  190
 340  189
 341  188
 341  187
 343  185
 343  184
 346  181
 346  180
 348  178
 348  177
 349  176
 349  175
 351  173
 351  170
 352  169
 352  166
 353  165
 353  163
 354  162
 354  161
 355  160
 355  158
 359  154
 359  153
 362  150
 362  149
 364  147
 364  146
 365  145
 365  144
 366  143
 366  142
 367  141
 367  139
 368  138
 368  135
 369  134
 369  132
 371  130
 371  129
 372  128
 372  127
 375  124
 375  123
 377  121
 377  120
 378  119
 378  118
 379  117
 379  116
 380  115
 380  114
 381  113
 381  110
 382  109
 382  107
 383  106
 383  105
 384  104
 384  102
 385  101
 385   97
 386   96
 386   93
 387   92
 387   88
 388   87
 388   86
 387   85
 387   83
 386   82
 386   81
 385   80
 385   79
 383   77
 382   77
 380   75
 379   75
 377   73
 376   73
 375   72
 373   72
 372   71
 370   71
 369   70
 367   70
 366   69
 363   69
 362   68
 354   68
 353   67
