 314  196
 313  197
 303  197
 302  198
 294  198
 293  199
 291  199
 290  200
 289  200
 287  202
 286  202
 285  203
 284  203
 283  204
 282  204
 281  205
 279  205
 278  206
 277  206
 276  207
 274  207
 273  208
 272  208
 271  209
 270  209
 269  210
 268  210
 267  211
 266  211
 264  213
 263  213
 261  215
 260  215
 259  216
 257  216
 255  218
 254  218
 253  219
 252  219
 250  221
 249  221
 247  223
 246  223
 245  224
 244  224
 243  225
 242  225
 240  227
 239  227
 238  228
 237  228
 236  229
 235  229
 234  230
 233  230
 231  232
 230  232
 229  233
 228  233
 226  235
 225  235
 223  237
 222  237
 219  240
 218  240
 217  241
 216  241
 214  243
 213  243
 207  249
 206  249
 196  259
 195  259
 176  278
 176  279
 173  282
 173  283
 170  286
 170  287
 155  302
 155  303
 148  310
 147  310
 137  320
 137  332
 138  333
 149  333
 150  334
 150  348
 149  349
 143  349
 142  350
 142  372
 144  374
 145  374
 146  375
 147  375
 149  377
 150  377
 151  378
 152  378
 156  382
 157  382
 165  390
 165  391
 170  396
 170  397
 173  400
 173  401
 175  403
 175  404
 177  406
 177  407
 179  409
 179  410
 180  411
 180  412
 182  414
 182  415
 183  416
 183  417
 185  419
 185  420
 186  421
 186  422
 187  423
 187  425
 188  426
 188  428
 189  429
 189  431
 190  432
 190  433
 191  434
 191  435
 192  436
 192  437
 193  438
 193  440
 194  441
 194  443
 195  444
 195  446
 196  447
 196  448
 197  449
 197  450
 198  451
 198  455
 199  456
 199  460
 200  461
 200  463
 204  467
 205  467
 206  468
 208  468
 209  469
 216  469
 217  470
 219  470
 222  473
 222  474
 223  475
 223  476
 224  477
 224  478
 225  479
 225  480
 226  481
 226  482
 228  484
 228  485
 230  487
 231  487
 233  489
 233  488
 234  487
 234  486
 236  484
 236  483
 237  482
 237  481
 238  480
 238  479
 239  478
 239  477
 241  475
 256  475
 258  477
 259  477
 264  482
 265  482
 268  485
 269  484
 269  482
 270  481
 270  475
 271  474
 271  462
 272  461
 287  461
 288  462
 290  462
 291  461
 292  461
 292  455
 291  454
 291  437
 293  435
 293  434
 296  431
 296  430
 297  429
 296  428
 296  427
 294  425
 294  424
 292  422
 292  421
 286  415
 286  400
 289  397
 289  396
 281  388
 279  388
 277  386
 276  386
 274  384
 274  368
 271  365
 270  365
 269  364
 268  364
 267  363
 265  363
 264  362
 254  362
 253  361
 252  361
 251  360
 251  359
 250  358
 250  357
 249  356
 249  338
 250  337
 284  337
 285  336
 288  336
 289  335
 290  335
 292  333
 299  333
 301  331
 301  325
 304  322
 307  322
 308  321
 309  321
 310  320
 312  320
 313  319
 314  319
 316  317
 316  301
 317  300
 320  300
 321  299
 323  299
 324  298
 326  298
 327  297
 328  297
 330  295
 330  277
 332  275
 333  275
 335  273
 336  273
 337  272
 336  271
 336  257
 339  254
 340  254
 342  252
 342  250
 343  249
 343  237
 342  236
 342  226
 341  225
 341  224
 340  223
 340  222
 339  221
 338  221
 337  220
 337  216
 336  215
 336  209
 335  208
 334  208
 332  206
 331  206
 328  203
 327  203
 323  199
 322  199
 321  198
 319  198
 318  197
 316  197
 315  196
