 334  102
 333  103
 330  103
 329  104
 328  104
 327  105
 324  105
 323  106
 321  106
 320  107
 318  107
 317  108
 315  108
 314  109
 312  109
 311  110
 308  110
 306  112
 306  116
 305  117
 304  117
 302  119
 301  119
 299  121
 298  121
 297  122
 296  122
 295  123
 292  123
 291  124
 290  124
 289  125
 287  125
 286  126
 285  126
 283  128
 282  128
 279  131
 278  131
 275  134
 274  134
 269  139
 268  139
 265  142
 264  142
 259  147
 258  147
 254  151
 253  151
 245  159
 244  159
 231  172
 231  173
 217  187
 217  188
 208  197
 208  198
 203  203
 203  204
 197  210
 197  211
 191  217
 191  218
 187  222
 187  223
 184  226
 184  227
 181  230
 181  231
 180  232
 180  233
 177  236
 177  237
 174  240
 174  241
 170  245
 170  246
 167  249
 167  250
 164  253
 164  254
 163  255
 163  256
 160  259
 160  260
 159  261
 159  262
 157  264
 157  265
 155  267
 155  268
 153  270
 153  271
 150  274
 150  275
 149  276
 149  277
 147  279
 147  280
 146  281
 146  283
 143  286
 143  288
 142  289
 142  290
 140  292
 140  294
 139  295
 139  297
 137  299
 137  300
 136  301
 136  303
 134  305
 134  306
 133  307
 133  308
 129  312
 128  312
 126  314
 126  349
 128  351
 132  351
 133  352
 133  367
 132  368
 132  369
 131  370
 125  370
 124  371
 124  397
 125  398
 125  400
 126  401
 126  403
 127  404
 127  406
 128  407
 128  408
 129  409
 129  412
 130  413
 130  414
 131  415
 131  416
 133  418
 133  420
 134  421
 134  422
 135  423
 135  424
 136  425
 136  428
 137  429
 137  431
 138  432
 138  433
 139  434
 139  436
 140  437
 140  439
 141  440
 141  441
 142  442
 142  443
 143  444
 143  446
 144  447
 144  449
 145  450
 145  451
 146  452
 146  454
 147  455
 147  457
 148  458
 148  459
 149  460
 149  462
 150  463
 150  465
 151  466
 151  467
 152  468
 152  469
 153  470
 153  471
 156  474
 156  475
 158  477
 158  478
 161  481
 161  482
 163  484
 163  486
 164  487
 164  488
 165  489
 165  490
 166  491
 166  493
 167  494
 167  496
 168  497
 168  498
 169  499
 169  500
 170  501
 170  502
 172  504
 172  505
 175  508
 175  509
 177  511
 177  512
 181  516
 181  517
 184  520
 185  520
 194  529
 194  530
 195  531
 195  532
 196  533
 196  536
 197  537
 197  543
 198  544
 198  545
 199  546
 199  547
 200  548
 200  550
 201  551
 201  552
 202  553
 202  554
 203  555
 203  556
 204  557
 204  558
 205  559
 205  560
 206  561
 206  562
 207  563
 207  564
 209  566
 209  567
 210  568
 210  569
 215  574
 216  574
 217  575
 218  575
 219  574
 235  574
 237  576
 238  576
 245  583
 246  583
 248  585
 251  582
 251  581
 252  580
 252  579
 254  577
 255  577
 256  576
 276  576
 276  569
 275  568
 275  567
 274  566
 274  565
 273  564
 273  561
 272  560
 272  558
 271  557
 271  540
 272  539
 272  537
 273  536
 273  535
 278  530
 285  530
 286  529
 291  529
 293  527
 293  525
 292  524
 292  522
 290  520
 290  519
 289  518
 289  516
 287  514
 287  513
 286  512
 286  488
 287  487
 287  486
 290  483
 291  483
 292  482
 293  482
 295  480
 296  480
 299  477
 296  474
 296  472
 295  471
 295  453
 296  452
 296  451
 298  449
 299  449
 304  444
 304  443
 303  442
 303  441
 299  437
 299  436
 296  433
 296  408
 293  405
 293  404
 290  401
 290  400
 286  396
 286  395
 285  394
 284  394
 280  390
 279  390
 276  387
 275  387
 273  385
 272  385
 270  383
 269  383
 268  382
 267  382
 266  381
 265  381
 264  380
 263  380
 262  379
 261  379
 260  378
 259  378
 257  376
 256  376
 255  375
 254  375
 253  374
 252  374
 248  370
 248  356
 249  355
 280  355
 281  354
 290  354
 291  353
 293  353
 294  352
 295  352
 297  350
 298  350
 298  349
 306  341
 306  340
 312  334
 312  333
 315  330
 315  329
 317  327
 317  326
 319  324
 319  323
 320  322
 320  321
 323  318
 323  317
 325  315
 325  314
 326  313
 326  312
 327  311
 327  310
 328  309
 328  306
 329  305
 329  297
 330  296
 330  291
 331  290
 331  289
 332  288
 332  287
 333  286
 333  285
 335  283
 335  282
 336  281
 336  279
 337  278
 337  255
 338  254
 338  251
 339  250
 339  246
 340  245
 340  215
 341  214
 341  210
 342  209
 342  206
 343  205
 343  194
 344  193
 344  190
 345  189
 345  187
 346  186
 346  183
 347  182
 347  180
 348  179
 348  178
 349  177
 349  175
 350  174
 350  170
 351  169
 351  166
 352  165
 352  163
 353  162
 353  158
 354  157
 354  154
 355  153
 355  150
 356  149
 356  138
 357  137
 357  122
 356  121
 356  116
 354  114
 354  113
 353  112
 353  111
 351  109
 351  108
 347  104
 346  104
 345  103
 343  103
 342  102
