 350   60
 349   61
 341   61
 340   62
 333   62
 332   63
 329   63
 328   64
 324   64
 323   65
 320   65
 319   66
 316   66
 315   67
 313   67
 312   68
 310   68
 309   69
 307   69
 306   70
 303   70
 302   71
 299   71
 298   72
 296   72
 295   73
 292   73
 291   74
 289   74
 288   75
 286   75
 285   76
 283   76
 282   77
 280   77
 279   78
 277   78
 276   79
 275   79
 274   80
 272   80
 271   81
 270   81
 269   82
 267   82
 266   83
 265   83
 264   84
 262   84
 261   85
 260   85
 259   86
 258   86
 257   87
 256   87
 255   88
 254   88
 253   89
 252   89
 251   90
 250   90
 249   91
 248   91
 247   92
 246   92
 245   93
 243   93
 241   95
 240   95
 239   96
 238   96
 237   97
 236   97
 235   98
 234   98
 233   99
 232   99
 231  100
 230  100
 229  101
 228  101
 227  102
 226  102
 224  104
 223  104
 221  106
 220  106
 219  107
 218  107
 216  109
 215  109
 213  111
 212  111
 210  113
 209  113
 208  114
 207  114
 206  115
 205  115
 203  117
 202  117
 200  119
 199  119
 196  122
 195  122
 191  126
 190  126
 186  130
 185  130
 181  134
 180  134
 178  136
 177  136
 176  137
 175  137
 173  139
 172  139
 171  140
 170  140
 168  142
 167  142
 166  143
 165  143
 163  145
 162  145
 147  160
 146  160
 140  166
 139  166
 137  168
 136  168
 132  172
 131  172
 126  177
 125  177
 119  183
 119  184
 115  188
 115  189
 112  192
 112  193
 105  200
 105  201
  98  208
  98  209
  96  211
  96  212
  94  214
  94  215
  92  217
  92  218
  91  219
  91  220
  88  223
  88  224
  85  227
  85  228
  81  232
  81  233
  78  236
  78  237
  77  238
  77  239
  74  242
  74  243
  68  249
  68  250
  66  252
  66  260
  69  263
  77  263
  78  264
  78  278
  74  282
  74  283
  72  285
  72  286
  70  288
  70  291
  69  292
  69  296
  68  297
  68  300
  69  301
  69  306
  70  307
  70  319
  71  320
  71  322
  72  323
  72  324
  73  325
  73  326
  74  327
  74  335
  75  336
  75  337
  76  338
  76  339
  77  340
  77  341
  78  342
  78  345
  79  346
  79  348
  80  349
  80  353
  81  354
  81  360
  82  361
  82  364
  83  365
  83  366
  84  367
  84  373
  85  374
  85  376
  86  377
  86  378
  87  379
  87  387
  88  388
  88  392
  89  393
  89  394
  90  395
  90  398
  91  399
  91  408
  92  409
  92  412
  93  413
  93  415
  94  416
  94  420
  95  421
  95  423
  96  424
  96  425
  97  426
  97  440
  98  441
  98  450
  99  451
  99  454
 100  455
 100  460
 101  461
 101  465
 102  466
 102  469
 103  470
 103  471
 104  472
 104  475
 105  476
 105  478
 106  479
 106  482
 107  483
 107  486
 108  487
 108  489
 109  490
 109  491
 110  492
 110  493
 111  494
 111  495
 112  496
 112  497
 117  502
 118  502
 119  503
 133  503
 136  506
 136  531
 137  532
 137  536
 138  537
 138  540
 140  542
 140  543
 142  545
 142  546
 145  549
 145  550
 146  550
 150  554
 151  554
 153  556
 154  556
 155  557
 160  557
 161  556
 162  556
 163  555
 165  555
 166  554
 167  554
 170  551
 170  550
 171  549
 171  547
 174  544
 175  544
 176  543
 191  543
 195  547
 195  549
 197  551
 197  552
 198  553
 198  554
 204  560
 205  560
 206  561
 209  561
 211  559
 211  558
 213  556
 213  552
 214  551
 214  550
 215  549
 229  549
 235  555
 235  556
 239  560
 239  561
 242  564
 242  565
 243  566
 243  567
 245  569
 245  571
 248  574
 248  575
 249  576
 249  577
 250  578
 250  579
 251  580
 251  581
 252  582
 252  584
 254  586
 254  587
 255  588
 255  590
 256  591
 256  592
 257  593
 257  594
 258  595
 258  596
 259  597
 259  599
 261  601
 261  602
 262  603
 262  605
 265  608
 265  610
 267  612
 267  613
 277  623
 278  623
 280  625
 281  625
 282  626
 285  626
 286  627
 291  627
 292  626
 294  626
 295  625
 296  625
 298  623
 299  623
 302  620
 302  619
 304  617
 304  615
 305  614
 305  609
 306  608
 306  606
 305  605
 305  597
 304  596
 304  592
 302  590
 302  589
 301  588
 301  586
 292  577
 291  577
 286  572
 285  572
 279  566
 278  566
 261  549
 261  548
 254  541
 254  540
 251  537
 251  536
 248  533
 248  532
 247  531
 247  530
 244  527
 244  526
 243  525
 243  524
 241  522
 241  520
 240  519
 240  518
 238  516
 238  515
 237  514
 237  511
 236  510
 236  509
 235  508
 235  507
 234  506
 234  488
 238  484
 242  484
 243  483
 246  483
 250  479
 250  478
 251  477
 251  476
 250  475
 250  473
 249  472
 249  471
 248  470
 248  468
 247  467
 247  465
 246  464
 246  463
 244  461
 244  460
 242  458
 242  457
 241  456
 241  440
 242  439
 242  438
 243  437
 243  436
 246  433
 255  433
 258  430
 258  426
 257  425
 257  424
 254  421
 254  404
 255  403
 256  403
 257  402
 258  402
 259  401
 269  401
 272  398
 272  397
 271  396
 271  393
 268  390
 268  389
 267  388
 267  387
 264  384
 264  383
 259  378
 258  378
 253  373
 253  372
 251  370
 251  365
 250  364
 250  348
 252  346
 251  345
 251  344
 250  343
 250  342
 247  339
 247  338
 244  335
 244  334
 234  324
 234  310
 235  309
 248  309
 249  308
 263  308
 263  302
 264  301
 265  301
 266  300
 269  300
 270  299
 276  299
 277  298
 282  298
 283  297
 284  297
 285  296
 286  296
 289  293
 289  292
 291  290
 292  290
 293  289
 294  289
 298  285
 298  284
 300  282
 300  281
 301  280
 301  276
 302  275
 302  274
 306  270
 307  270
 308  269
 309  269
 313  265
 313  263
 314  262
 314  261
 315  260
 315  257
 316  256
 316  255
 317  254
 317  253
 318  252
 318  250
 320  248
 320  247
 321  246
 321  245
 324  242
 324  241
 326  239
 326  238
 327  237
 327  234
 328  233
 328  231
 329  230
 329  229
 330  228
 330  226
 331  225
 331  222
 332  221
 332  220
 333  219
 333  218
 334  217
 334  216
 335  215
 335  214
 338  211
 338  210
 340  208
 340  207
 341  206
 341  205
 342  204
 342  203
 344  201
 344  199
 345  198
 345  196
 347  194
 347  192
 348  191
 348  190
 349  189
 349  188
 351  186
 351  185
 357  179
 357  178
 360  175
 360  174
 361  173
 361  172
 362  171
 362  170
 363  169
 363  168
 364  167
 364  166
 365  165
 365  164
 367  162
 367  161
 371  157
 371  156
 372  155
 373  155
 374  154
 374  153
 378  149
 378  148
 380  146
 380  145
 382  143
 382  142
 384  140
 384  139
 386  137
 386  136
 388  134
 388  133
 389  132
 390  132
 390  131
 394  127
 394  126
 398  122
 398  121
 401  118
 401  117
 402  116
 402  115
 403  114
 403  113
 404  112
 404  111
 406  109
 406  108
 408  106
 408  105
 409  104
 409  103
 411  101
 411   99
 412   98
 412   96
 413   95
 413   93
 414   92
 414   89
 415   88
 415   82
 414   81
 414   79
 406   71
 405   71
 402   68
 401   68
 399   66
 398   66
 397   65
 396   65
 395   64
 393   64
 392   63
 391   63
 390   62
 384   62
 383   61
 375   61
 374   60
