 318  188
 317  189
 312  189
 311  190
 306  190
 305  191
 301  191
 300  192
 297  192
 296  193
 293  193
 292  194
 290  194
 289  195
 287  195
 286  196
 285  196
 284  197
 282  197
 281  198
 280  198
 279  199
 278  199
 277  200
 276  200
 275  201
 274  201
 273  202
 272  202
 271  203
 270  203
 269  204
 268  204
 267  205
 266  205
 265  206
 264  206
 263  207
 262  207
 261  208
 260  208
 258  210
 257  210
 256  211
 255  211
 253  213
 252  213
 250  215
 249  215
 248  216
 247  216
 245  218
 244  218
 241  221
 240  221
 237  224
 236  224
 234  226
 233  226
 229  230
 228  230
 225  233
 224  233
 219  238
 218  238
 215  241
 214  241
 209  246
 208  246
 204  250
 203  250
 198  255
 197  255
 196  256
 195  256
 194  257
 193  257
 190  260
 189  260
 188  261
 178  261
 177  262
 177  263
 161  279
 161  280
 157  284
 157  285
 156  286
 156  301
 155  302
 155  303
 154  304
 154  307
 153  308
 153  310
 152  311
 152  313
 151  314
 151  316
 150  317
 150  318
 149  319
 149  320
 148  321
 146  321
 144  323
 144  348
 146  350
 148  350
 149  351
 149  365
 147  367
 147  368
 146  369
 146  378
 147  379
 147  380
 150  383
 150  384
 153  387
 153  389
 156  392
 156  397
 157  398
 157  401
 158  402
 158  403
 160  405
 160  407
 162  409
 162  410
 164  412
 164  413
 169  418
 169  419
 170  420
 170  421
 171  422
 171  424
 172  425
 172  427
 173  428
 173  431
 174  432
 174  433
 175  434
 175  436
 176  437
 176  440
 177  441
 177  442
 178  443
 178  444
 179  445
 179  446
 180  447
 180  448
 181  449
 181  450
 183  452
 183  453
 184  454
 184  455
 190  461
 190  463
 191  464
 191  466
 192  467
 192  469
 193  470
 193  471
 194  472
 194  473
 196  475
 196  476
 197  477
 197  478
 199  480
 199  481
 201  483
 201  484
 203  486
 203  487
 206  490
 206  491
 209  494
 210  494
 211  495
 212  495
 213  496
 224  496
 226  498
 227  498
 229  496
 229  493
 232  490
 239  490
 240  489
 242  489
 245  486
 244  485
 244  481
 243  480
 243  466
 244  465
 244  464
 245  463
 246  463
 247  462
 248  462
 249  461
 251  461
 253  459
 254  459
 255  458
 255  457
 256  456
 255  455
 255  453
 253  451
 253  450
 252  449
 252  431
 253  430
 254  430
 255  429
 255  428
 258  425
 258  424
 259  423
 259  412
 263  408
 263  407
 264  406
 264  405
 263  404
 263  391
 262  390
 262  388
 254  380
 253  380
 252  379
 251  379
 249  377
 248  377
 247  376
 246  376
 245  375
 244  375
 242  373
 241  373
 240  372
 239  372
 238  371
 237  371
 235  369
 235  355
 236  354
 250  354
 251  353
 256  353
 257  352
 258  352
 260  350
 261  350
 265  346
 266  346
 269  343
 270  343
 277  336
 277  335
 278  334
 278  333
 279  332
 279  330
 280  329
 280  328
 281  327
 281  326
 282  325
 282  324
 283  323
 283  322
 284  321
 284  320
 285  319
 285  318
 286  317
 286  315
 287  314
 287  312
 288  311
 288  308
 289  307
 289  303
 290  302
 290  300
 292  298
 292  296
 293  295
 293  293
 294  292
 294  291
 295  290
 295  287
 296  286
 296  279
 297  278
 297  277
 299  275
 299  273
 300  272
 300  271
 302  269
 302  268
 303  267
 303  265
 305  263
 305  262
 306  261
 306  259
 308  257
 308  256
 309  255
 309  254
 312  251
 312  250
 316  246
 316  245
 319  242
 319  241
 322  238
 322  237
 323  236
 323  235
 326  232
 326  231
 327  230
 327  229
 329  227
 329  225
 331  223
 331  222
 332  221
 332  220
 333  219
 333  217
 334  216
 334  214
 335  213
 335  210
 336  209
 336  202
 337  201
 337  197
 336  196
 336  193
 332  189
 330  189
 329  188
