 335  103
 334  104
 328  104
 327  105
 324  105
 323  106
 318  106
 317  107
 316  107
 315  108
 311  108
 310  109
 308  109
 307  110
 305  110
 304  111
 303  111
 302  112
 300  112
 299  113
 297  113
 296  114
 295  114
 294  115
 293  115
 292  116
 291  116
 290  117
 288  117
 287  118
 286  118
 285  119
 284  119
 282  121
 281  121
 280  122
 279  122
 278  123
 277  123
 276  124
 275  124
 274  125
 273  125
 272  126
 271  126
 269  128
 268  128
 266  130
 265  130
 264  131
 263  131
 261  133
 260  133
 259  134
 258  134
 256  136
 255  136
 252  139
 251  139
 249  141
 248  141
 246  143
 245  143
 242  146
 241  146
 239  148
 238  148
 235  151
 234  151
 232  153
 231  153
 228  156
 227  156
 224  159
 223  159
 220  162
 219  162
 216  165
 215  165
 213  167
 212  167
 209  170
 208  170
 205  173
 204  173
 201  176
 200  176
 197  179
 196  179
 191  184
 190  184
 181  193
 180  193
 156  217
 156  218
 149  225
 149  226
 142  233
 142  234
 136  240
 136  241
 133  244
 133  245
 129  249
 129  250
 127  252
 127  253
 126  254
 126  255
 122  259
 122  260
 120  262
 120  263
 119  264
 119  266
 118  267
 118  268
 117  269
 117  270
 116  271
 116  272
 115  273
 113  273
 111  275
 111  284
 112  285
 112  286
 118  286
 119  287
 119  303
 118  304
 118  306
 117  307
 117  311
 116  312
 116  317
 115  318
 112  318
 111  319
 111  326
 112  327
 112  328
 113  329
 113  330
 114  331
 114  332
 115  333
 115  335
 116  336
 116  338
 118  340
 118  342
 119  343
 119  345
 120  346
 120  347
 121  348
 121  349
 122  350
 122  352
 123  353
 123  355
 124  356
 124  357
 125  358
 125  361
 126  362
 126  365
 127  366
 127  367
 128  368
 128  370
 129  371
 129  374
 130  375
 130  376
 131  377
 131  378
 132  379
 132  381
 133  382
 133  384
 134  385
 134  387
 135  388
 135  390
 136  391
 136  393
 137  394
 137  395
 138  396
 138  397
 139  398
 139  400
 140  401
 140  403
 141  404
 141  405
 142  406
 142  408
 143  409
 143  410
 144  411
 144  412
 145  413
 145  414
 146  415
 146  417
 147  418
 147  419
 148  420
 148  422
 149  423
 149  426
 150  427
 150  428
 151  429
 151  431
 152  432
 152  434
 153  435
 153  437
 154  438
 154  439
 156  441
 156  442
 163  449
 163  451
 164  452
 164  454
 165  455
 165  457
 166  458
 166  459
 168  461
 168  462
 169  463
 169  481
 170  482
 170  487
 171  488
 171  491
 172  492
 172  496
 173  497
 173  500
 174  501
 174  503
 175  504
 175  506
 176  507
 176  508
 180  512
 181  512
 184  515
 184  530
 183  531
 184  532
 184  533
 190  539
 191  539
 193  541
 194  541
 195  542
 196  542
 197  543
 198  543
 200  541
 200  540
 201  539
 201  537
 202  536
 218  536
 222  540
 222  541
 223  542
 223  544
 225  546
 225  543
 226  542
 226  539
 227  538
 227  537
 228  536
 228  535
 231  532
 251  532
 252  533
 254  533
 255  534
 256  534
 258  536
 259  536
 264  541
 265  541
 267  543
 267  544
 271  548
 271  549
 273  551
 273  552
 276  555
 276  557
 278  559
 278  560
 279  561
 279  563
 280  564
 280  567
 281  568
 281  570
 282  571
 282  574
 283  575
 283  577
 284  578
 284  579
 287  582
 287  583
 288  582
 288  577
 287  576
 287  575
 286  574
 286  573
 285  572
 285  570
 284  569
 284  568
 282  566
 282  564
 281  563
 281  562
 280  561
 280  560
 279  559
 279  558
 276  555
 276  554
 275  553
 275  552
 274  551
 274  550
 272  548
 272  547
 270  545
 270  544
 268  542
 268  541
 266  539
 266  538
 265  537
 265  536
 262  533
 262  531
 260  529
 260  528
 259  527
 259  526
 258  525
 258  524
 256  522
 256  521
 255  520
 255  518
 254  517
 254  516
 252  514
 252  512
 251  511
 251  510
 250  509
 250  508
 249  507
 249  490
 250  489
 250  488
 251  487
 251  486
 257  480
 258  480
 259  479
 267  479
 268  478
 269  478
 271  476
 270  475
 270  474
 269  473
 269  471
 268  470
 268  469
 266  467
 266  466
 265  465
 265  446
 268  443
 268  442
 269  441
 269  440
 270  439
 271  439
 271  438
 272  437
 273  437
 275  435
 278  435
 279  434
 281  434
 282  433
 282  432
 283  431
 282  430
 282  428
 281  427
 281  426
 278  423
 278  422
 272  416
 272  401
 274  399
 274  398
 275  397
 275  394
 277  392
 277  391
 282  386
 283  386
 285  384
 285  383
 284  382
 284  381
 282  379
 282  378
 280  376
 279  376
 274  371
 274  354
 275  353
 273  351
 273  350
 268  345
 268  344
 267  343
 266  343
 254  331
 253  331
 251  329
 250  329
 248  327
 247  327
 243  323
 243  309
 244  308
 260  308
 261  309
 271  309
 272  308
 273  308
 274  307
 275  307
 276  306
 279  306
 280  305
 284  305
 285  304
 291  304
 292  303
 293  303
 294  302
 295  302
 296  301
 297  301
 300  298
 301  298
 303  296
 303  295
 305  293
 305  292
 308  289
 309  289
 312  286
 313  286
 314  285
 315  285
 319  281
 319  279
 321  277
 321  275
 322  274
 322  269
 323  268
 323  266
 324  265
 324  264
 325  263
 325  262
 327  260
 327  259
 329  257
 329  255
 330  254
 330  253
 331  252
 331  249
 332  248
 332  237
 334  235
 334  234
 335  233
 335  231
 337  229
 337  228
 338  227
 338  225
 339  224
 339  210
 340  209
 340  208
 341  207
 341  206
 342  205
 342  203
 343  202
 343  201
 345  199
 345  195
 346  194
 346  187
 347  186
 347  184
 348  183
 348  180
 349  179
 349  177
 351  175
 351  174
 352  173
 352  170
 353  169
 353  166
 354  165
 354  162
 355  161
 355  158
 356  157
 356  156
 358  154
 358  153
 359  152
 359  149
 360  148
 360  145
 361  144
 361  140
 362  139
 362  135
 363  134
 363  133
 364  132
 364  131
 365  130
 365  128
 366  127
 366  122
 367  121
 367  119
 368  118
 368  116
 369  115
 369  112
 368  111
 368  110
 367  110
 365  108
 364  108
 363  107
 362  107
 361  106
 360  106
 359  105
 357  105
 356  104
 349  104
 348  103
