 325  130
 324  131
 319  131
 318  132
 314  132
 313  133
 310  133
 309  134
 306  134
 305  135
 303  135
 302  136
 300  136
 299  137
 297  137
 296  138
 295  138
 294  139
 292  139
 291  140
 290  140
 289  141
 287  141
 286  142
 285  142
 284  143
 283  143
 282  144
 281  144
 280  145
 279  145
 278  146
 277  146
 276  147
 275  147
 274  148
 273  148
 272  149
 271  149
 270  150
 269  150
 268  151
 267  151
 265  153
 264  153
 263  154
 262  154
 261  155
 260  155
 259  156
 258  156
 256  158
 255  158
 254  159
 253  159
 251  161
 250  161
 248  163
 247  163
 244  166
 243  166
 241  168
 240  168
 237  171
 236  171
 233  174
 232  174
 228  178
 227  178
 223  182
 222  182
 216  188
 215  188
 208  195
 207  195
 187  215
 187  216
 171  232
 171  233
 168  236
 168  237
 164  241
 164  242
 163  243
 163  244
 162  245
 162  247
 160  249
 160  250
 159  251
 159  252
 158  253
 158  254
 156  256
 156  257
 152  261
 152  262
 150  264
 150  265
 149  266
 149  267
 148  268
 148  269
 147  270
 147  271
 146  272
 146  273
 145  274
 145  275
 144  276
 144  277
 143  278
 143  279
 142  280
 142  282
 141  283
 141  284
 140  285
 140  286
 139  287
 139  289
 138  290
 138  291
 137  292
 137  293
 136  294
 136  296
 135  297
 135  298
 134  299
 134  300
 133  301
 133  303
 132  304
 132  305
 131  306
 131  307
 130  308
 130  310
 129  311
 129  312
 128  313
 128  315
 127  316
 127  318
 126  319
 126  322
 125  323
 125  325
 124  326
 124  331
 123  332
 123  335
 122  336
 122  337
 121  338
 121  339
 120  340
 120  341
 119  342
 119  343
 118  344
 118  346
 117  347
 117  362
 119  364
 128  364
 129  365
 129  379
 128  380
 123  380
 122  381
 122  382
 121  383
 121  398
 122  399
 122  400
 123  400
 131  408
 131  409
 137  415
 137  416
 139  418
 139  419
 140  420
 140  421
 141  422
 141  424
 142  425
 142  427
 143  428
 143  430
 144  431
 144  432
 145  433
 145  434
 146  435
 146  436
 147  437
 147  438
 148  439
 148  440
 149  441
 149  442
 150  443
 150  445
 151  446
 151  447
 152  448
 152  449
 153  450
 153  452
 154  453
 154  455
 155  456
 155  457
 156  458
 156  460
 157  461
 157  463
 158  464
 158  465
 159  466
 159  467
 160  468
 160  469
 162  471
 162  472
 163  473
 163  474
 165  476
 165  478
 166  479
 166  483
 167  484
 167  489
 168  490
 168  495
 169  496
 169  501
 170  502
 170  507
 171  508
 171  510
 172  511
 172  513
 174  515
 174  516
 185  527
 186  527
 190  531
 191  531
 194  534
 195  534
 200  539
 200  540
 202  542
 202  543
 204  545
 204  546
 208  550
 208  551
 211  554
 212  554
 214  556
 216  556
 217  557
 219  557
 220  558
 221  558
 222  557
 224  557
 225  556
 226  556
 227  555
 238  555
 239  554
 244  554
 245  553
 246  553
 247  552
 248  552
 249  551
 250  551
 258  543
 259  543
 260  542
 261  542
 263  540
 265  540
 266  539
 267  539
 268  538
 272  538
 273  537
 274  537
 276  535
 277  535
 279  533
 279  532
 281  530
 281  529
 282  528
 282  526
 288  520
 289  520
 291  518
 292  518
 294  516
 295  516
 296  515
 297  515
 300  512
 301  512
 302  511
 302  510
 303  509
 303  508
 305  506
 305  502
 306  501
 306  493
 307  492
 307  491
 308  490
 308  489
 309  488
 309  487
 310  486
 310  485
 312  483
 312  482
 318  476
 318  475
 319  474
 319  472
 320  471
 320  455
 321  454
 321  451
 322  450
 322  447
 323  446
 323  443
 324  442
 324  441
 325  440
 325  439
 324  438
 324  437
 323  436
 323  434
 322  433
 322  432
 319  429
 319  428
 313  422
 313  421
 312  420
 312  419
 311  418
 311  417
 310  416
 310  413
 309  412
 309  411
 308  410
 308  409
 306  407
 306  406
 303  403
 303  402
 302  401
 301  401
 296  396
 295  396
 293  394
 292  394
 290  392
 289  392
 288  391
 287  391
 285  389
 284  389
 282  387
 281  387
 280  386
 279  386
 278  385
 277  385
 276  384
 275  384
 274  383
 273  383
 270  380
 270  366
 271  365
 294  365
 295  364
 302  364
 308  358
 309  358
 315  352
 315  351
 323  343
 323  342
 326  339
 326  337
 328  335
 328  334
 329  333
 329  329
 330  328
 330  325
 331  324
 331  322
 332  321
 332  320
 334  318
 334  317
 336  315
 336  313
 337  312
 337  311
 339  309
 339  306
 340  305
 340  277
 341  276
 341  268
 342  267
 342  259
 343  258
 343  249
 344  248
 344  246
 345  245
 345  244
 346  243
 346  241
 347  240
 347  238
 348  237
 348  233
 349  232
 349  228
 350  227
 350  226
 352  224
 352  221
 353  220
 353  214
 354  213
 354  211
 355  210
 355  209
 356  208
 356  206
 357  205
 357  204
 358  203
 358  201
 359  200
 359  197
 360  196
 360  190
 361  189
 361  186
 362  185
 362  182
 363  181
 363  173
 364  172
 364  171
 363  170
 363  153
 362  152
 362  149
 361  148
 361  146
 360  145
 360  143
 359  142
 359  140
 352  133
 351  133
 350  132
 348  132
 347  131
 344  131
 343  130
