 302  228
 301  229
 296  229
 295  230
 291  230
 290  231
 287  231
 286  232
 285  232
 284  233
 283  233
 282  234
 281  234
 280  235
 278  235
 277  236
 276  236
 275  237
 273  237
 272  238
 271  238
 270  239
 268  239
 267  240
 266  240
 265  241
 264  241
 263  242
 261  242
 260  243
 259  243
 258  244
 257  244
 256  245
 254  245
 253  246
 252  246
 251  247
 250  247
 249  248
 247  248
 246  249
 245  249
 244  250
 243  250
 242  251
 241  251
 240  252
 239  252
 238  253
 237  253
 236  254
 235  254
 234  255
 233  255
 232  256
 231  256
 229  258
 228  258
 227  259
 226  259
 224  261
 223  261
 221  263
 220  263
 218  265
 217  265
 216  266
 215  266
 213  268
 212  268
 210  270
 209  270
 207  272
 206  272
 205  273
 204  273
 202  275
 201  275
 199  277
 198  277
 197  278
 196  278
 192  282
 191  282
 186  287
 185  287
 179  293
 178  293
 177  294
 157  294
 156  295
 155  295
 153  297
 153  321
 156  324
 156  341
 155  342
 155  343
 154  344
 153  344
 152  345
 152  367
 155  370
 155  372
 157  374
 161  374
 163  376
 164  376
 165  377
 166  377
 172  383
 172  384
 176  388
 176  389
 179  392
 179  393
 180  394
 180  395
 181  396
 181  397
 182  398
 182  399
 183  400
 183  401
 184  402
 184  403
 185  404
 185  405
 186  406
 186  407
 187  408
 187  410
 188  411
 188  414
 189  415
 189  421
 190  422
 190  425
 191  426
 191  436
 192  437
 192  439
 194  441
 195  441
 196  442
 197  442
 200  445
 200  446
 201  447
 201  449
 202  450
 202  452
 203  453
 203  454
 205  456
 205  457
 206  457
 207  458
 208  458
 210  456
 210  455
 213  452
 227  452
 228  453
 229  453
 231  455
 232  455
 234  453
 234  451
 235  450
 235  447
 236  446
 236  443
 237  442
 253  442
 254  441
 255  441
 256  440
 256  439
 257  438
 257  436
 258  435
 258  425
 259  424
 262  424
 263  423
 265  423
 267  421
 267  420
 268  419
 268  418
 267  417
 267  415
 266  414
 266  413
 265  412
 265  411
 264  410
 264  396
 266  394
 267  394
 267  391
 266  390
 266  389
 265  388
 265  387
 260  382
 260  381
 259  380
 259  372
 258  371
 258  369
 257  368
 257  367
 256  366
 256  365
 254  363
 253  363
 252  362
 251  362
 250  361
 249  361
 248  360
 247  360
 244  357
 244  334
 245  333
 275  333
 277  331
 279  331
 280  330
 282  330
 283  329
 285  329
 286  328
 287  328
 287  327
 288  326
 289  326
 290  325
 291  325
 292  324
 293  324
 294  323
 299  323
 301  321
 301  318
 302  317
 302  313
 303  312
 305  312
 306  311
 308  311
 310  309
 311  309
 311  308
 313  306
 313  305
 314  304
 314  296
 315  295
 316  295
 317  294
 318  294
 319  293
 320  293
 323  290
 323  289
 324  288
 324  277
 327  274
 327  273
 328  272
 328  271
 329  270
 329  253
 328  252
 328  251
 327  250
 327  240
 326  239
 326  238
 324  236
 323  236
 322  235
 321  235
 320  234
 319  234
 318  233
 317  233
 315  231
 314  231
 313  230
 311  230
 310  229
 308  229
 307  228
