 313  197
 312  198
 307  198
 306  199
 299  199
 298  200
 296  200
 295  201
 291  201
 290  202
 288  202
 287  203
 285  203
 284  204
 282  204
 281  205
 279  205
 278  206
 276  206
 275  207
 274  207
 273  208
 271  208
 270  209
 269  209
 268  210
 267  210
 266  211
 265  211
 264  212
 263  212
 262  213
 261  213
 260  214
 259  214
 258  215
 257  215
 256  216
 255  216
 254  217
 253  217
 252  218
 251  218
 250  219
 249  219
 247  221
 246  221
 245  222
 244  222
 242  224
 241  224
 239  226
 238  226
 236  228
 235  228
 233  230
 232  230
 230  232
 229  232
 227  234
 226  234
 224  236
 223  236
 221  238
 220  238
 217  241
 216  241
 213  244
 212  244
 206  250
 205  250
 189  266
 188  266
 174  280
 174  281
 168  287
 168  288
 158  298
 158  299
 155  302
 155  303
 151  307
 145  307
 144  308
 144  336
 146  338
 146  352
 145  353
 145  358
 144  359
 144  368
 145  369
 145  370
 146  371
 146  372
 148  374
 148  375
 149  376
 149  378
 151  380
 151  381
 152  382
 152  383
 153  384
 153  385
 154  386
 154  388
 155  389
 155  390
 156  391
 156  393
 157  394
 157  397
 158  398
 158  400
 159  401
 159  402
 160  403
 160  405
 161  406
 161  410
 162  411
 162  413
 163  414
 163  418
 164  419
 164  428
 165  429
 165  433
 166  434
 166  436
 167  437
 167  439
 168  440
 168  442
 169  443
 169  444
 171  446
 171  447
 172  448
 172  449
 178  455
 178  458
 179  459
 179  460
 180  461
 180  463
 181  464
 181  465
 182  466
 182  468
 183  469
 183  470
 184  471
 184  473
 185  474
 185  475
 187  477
 187  478
 188  479
 188  480
 193  485
 194  485
 195  486
 205  486
 209  490
 210  490
 215  485
 223  485
 224  484
 224  479
 226  477
 229  477
 230  476
 230  465
 231  464
 231  463
 234  460
 235  460
 236  459
 237  459
 243  453
 243  451
 242  450
 242  449
 241  448
 241  432
 243  430
 243  429
 247  425
 247  424
 248  423
 248  422
 249  421
 249  413
 250  412
 250  411
 251  410
 251  409
 253  407
 253  406
 254  405
 254  389
 256  387
 254  385
 254  383
 252  381
 251  381
 249  379
 248  379
 246  377
 245  377
 243  375
 242  375
 240  373
 240  359
 242  357
 244  357
 244  352
 245  351
 250  351
 251  350
 255  350
 259  346
 260  346
 262  344
 263  344
 274  333
 274  332
 275  331
 275  330
 277  328
 277  327
 280  324
 280  323
 281  322
 281  320
 283  318
 283  316
 284  315
 284  312
 285  311
 285  310
 286  309
 286  307
 287  306
 287  304
 288  303
 288  302
 290  300
 290  298
 291  297
 291  293
 292  292
 292  291
 293  290
 293  287
 294  286
 294  283
 295  282
 295  281
 296  280
 296  279
 297  278
 297  277
 298  276
 298  275
 300  273
 300  272
 301  271
 301  269
 303  267
 303  266
 304  265
 304  264
 307  261
 307  260
 308  259
 308  258
 311  255
 311  254
 314  251
 314  250
 320  244
 320  243
 324  239
 324  238
 326  236
 326  235
 327  234
 327  232
 328  231
 328  230
 329  229
 329  228
 331  226
 331  224
 333  222
 333  220
 334  219
 334  216
 335  215
 335  213
 336  212
 336  210
 337  209
 337  204
 336  203
 336  202
 335  201
 334  201
 332  199
 330  199
 329  198
 327  198
 326  197
