 309  217
 308  218
 298  218
 297  219
 294  219
 293  220
 290  220
 289  221
 287  221
 286  222
 285  222
 284  223
 283  223
 282  224
 281  224
 280  225
 278  225
 277  226
 276  226
 275  227
 274  227
 273  228
 271  228
 270  229
 269  229
 268  230
 267  230
 265  232
 264  232
 263  233
 262  233
 261  234
 259  234
 258  235
 257  235
 256  236
 255  236
 254  237
 253  237
 252  238
 250  238
 249  239
 248  239
 247  240
 246  240
 245  241
 244  241
 243  242
 242  242
 241  243
 240  243
 239  244
 237  244
 236  245
 234  245
 232  247
 230  247
 229  248
 228  248
 227  249
 226  249
 225  250
 224  250
 223  251
 222  251
 221  252
 219  252
 217  254
 216  254
 214  256
 213  256
 212  257
 211  257
 210  258
 209  258
 208  259
 207  259
 205  261
 204  261
 202  263
 201  263
 197  267
 196  267
 193  270
 192  270
 190  272
 189  272
 187  274
 186  274
 178  282
 177  282
 176  283
 175  283
 174  284
 165  284
 164  285
 163  285
 162  286
 161  286
 159  288
 158  288
 156  290
 155  290
 154  291
 153  291
 151  293
 149  293
 148  294
 147  294
 145  296
 145  324
 146  325
 154  325
 155  326
 155  341
 154  342
 154  343
 153  344
 153  351
 152  352
 152  353
 151  354
 149  354
 149  355
 148  356
 148  377
 150  379
 157  379
 160  382
 160  383
 161  384
 161  385
 163  387
 163  389
 164  390
 164  391
 165  392
 165  393
 166  394
 166  396
 167  397
 167  399
 168  400
 168  401
 169  402
 169  404
 170  405
 170  406
 171  407
 171  408
 172  409
 172  411
 173  412
 173  415
 174  416
 174  418
 176  420
 176  438
 177  439
 177  442
 179  444
 179  445
 180  445
 181  446
 182  446
 183  447
 193  447
 194  448
 194  464
 195  465
 195  466
 197  468
 201  464
 201  463
 205  459
 205  458
 207  456
 222  456
 226  460
 226  461
 227  462
 227  463
 231  467
 232  466
 232  465
 233  464
 233  463
 234  462
 234  459
 235  458
 235  454
 236  453
 236  449
 237  448
 237  447
 239  445
 256  445
 257  446
 258  446
 259  447
 259  445
 260  444
 259  443
 259  424
 260  423
 263  423
 264  422
 267  422
 268  421
 268  420
 267  419
 267  418
 263  414
 263  399
 264  398
 267  398
 268  397
 270  397
 271  396
 271  395
 266  390
 265  390
 264  389
 263  389
 262  388
 261  388
 260  387
 259  387
 258  386
 258  370
 255  367
 255  366
 251  362
 250  362
 249  361
 248  361
 247  360
 246  360
 245  359
 244  359
 243  358
 243  344
 244  343
 273  343
 274  342
 279  342
 280  341
 282  341
 285  338
 286  338
 287  337
 294  337
 295  336
 296  336
 297  335
 298  335
 299  334
 299  333
 303  329
 303  319
 304  318
 312  318
 313  317
 315  317
 317  315
 318  315
 318  313
 316  311
 316  297
 317  296
 321  296
 322  295
 323  295
 325  293
 325  292
 324  291
 324  277
 325  276
 327  276
 328  275
 330  275
 331  274
 332  274
 332  273
 333  272
 333  260
 335  258
 335  244
 334  243
 334  242
 332  240
 332  231
 331  230
 331  229
 328  226
 327  226
 326  225
 325  225
 318  218
 314  218
 313  217
