 318  139
 317  140
 312  140
 311  141
 308  141
 307  142
 304  142
 303  143
 301  143
 300  144
 299  144
 298  145
 296  145
 295  146
 294  146
 293  147
 292  147
 291  148
 290  148
 289  149
 288  149
 287  150
 286  150
 285  151
 284  151
 282  153
 281  153
 279  155
 278  155
 276  157
 275  157
 271  161
 270  161
 267  164
 266  164
 263  167
 262  167
 258  171
 257  171
 248  180
 247  180
 226  201
 226  202
 210  218
 210  219
 206  223
 206  224
 200  230
 200  231
 196  235
 196  236
 193  239
 193  240
 189  244
 189  245
 186  248
 186  249
 183  252
 183  253
 179  257
 179  258
 175  262
 175  263
 173  265
 173  266
 171  268
 171  269
 167  273
 167  274
 164  277
 164  278
 159  283
 159  284
 158  285
 157  285
 157  286
 156  287
 156  288
 150  294
 150  295
 149  296
 149  321
 148  322
 147  322
 147  323
 146  324
 146  333
 144  335
 144  340
 145  341
 145  342
 152  349
 152  350
 153  351
 153  352
 155  354
 155  355
 156  356
 156  358
 158  360
 158  362
 159  363
 159  365
 160  366
 160  367
 161  368
 161  369
 162  370
 162  371
 163  372
 163  374
 164  375
 164  376
 165  377
 165  378
 166  379
 166  381
 167  382
 167  383
 168  384
 168  385
 169  386
 169  389
 170  390
 170  391
 171  392
 171  393
 172  394
 172  397
 173  398
 173  400
 174  401
 174  402
 175  403
 175  405
 176  406
 176  410
 177  411
 177  413
 178  414
 178  416
 179  417
 179  421
 180  422
 180  424
 181  425
 181  427
 182  428
 182  432
 183  433
 183  436
 184  437
 184  441
 185  442
 185  447
 186  448
 186  460
 187  461
 187  463
 188  464
 188  466
 189  467
 189  469
 190  470
 190  471
 196  477
 199  477
 200  478
 203  478
 204  479
 206  479
 207  480
 209  480
 210  481
 211  481
 214  484
 214  498
 215  499
 215  501
 216  502
 216  503
 217  504
 217  505
 220  508
 221  508
 223  510
 225  510
 226  509
 227  509
 228  508
 243  508
 246  511
 247  510
 247  509
 248  508
 248  504
 249  503
 249  502
 250  501
 251  501
 252  500
 253  500
 254  499
 270  499
 271  500
 274  500
 275  501
 276  501
 277  502
 278  502
 279  503
 280  503
 289  512
 289  513
 291  515
 291  516
 293  518
 293  520
 295  522
 295  523
 296  524
 296  526
 297  527
 297  528
 298  529
 298  531
 299  532
 299  535
 300  536
 300  541
 301  542
 301  543
 302  544
 302  545
 303  546
 304  546
 305  545
 304  544
 304  543
 303  542
 303  539
 302  538
 302  534
 300  532
 300  531
 299  530
 299  528
 298  527
 298  526
 297  525
 297  524
 296  523
 296  522
 295  521
 295  520
 292  517
 292  515
 289  512
 289  511
 288  510
 288  509
 283  504
 283  503
 281  501
 281  500
 278  497
 278  496
 275  493
 275  492
 272  489
 272  488
 269  485
 269  484
 268  483
 268  482
 267  481
 267  465
 268  464
 268  463
 269  462
 269  461
 272  458
 273  458
 274  457
 275  457
 277  455
 278  455
 279  454
 279  451
 278  450
 278  449
 275  446
 275  430
 276  429
 276  427
 278  425
 278  423
 279  422
 279  420
 282  417
 282  416
 284  414
 284  413
 287  410
 286  409
 286  408
 285  407
 285  388
 286  387
 286  386
 288  384
 288  383
 289  382
 289  381
 290  380
 290  379
 289  378
 289  376
 288  375
 288  374
 285  371
 285  370
 283  368
 283  367
 282  366
 282  358
 281  357
 281  356
 280  355
 280  354
 279  353
 279  352
 278  351
 278  350
 275  347
 275  346
 267  338
 266  338
 264  336
 263  336
 261  334
 260  334
 259  333
 257  333
 255  331
 254  331
 253  330
 252  330
 251  329
 251  315
 252  314
 276  314
 277  313
 279  313
 280  312
 281  312
 282  311
 283  311
 284  310
 285  310
 286  309
 287  309
 290  306
 291  306
 301  296
 301  295
 303  293
 303  292
 305  290
 305  289
 306  288
 306  286
 308  284
 308  282
 309  281
 309  279
 310  278
 310  277
 311  276
 311  275
 312  274
 312  270
 313  269
 313  267
 314  266
 314  262
 315  261
 315  255
 316  254
 316  251
 317  250
 317  248
 318  247
 318  242
 319  241
 319  227
 320  226
 320  223
 321  222
 321  219
 322  218
 322  209
 323  208
 323  205
 324  204
 324  203
 325  202
 325  199
 326  198
 326  193
 327  192
 327  190
 328  189
 328  184
 329  183
 329  179
 330  178
 330  176
 331  175
 331  173
 332  172
 332  166
 333  165
 333  163
 334  162
 334  160
 335  159
 335  156
 336  155
 336  144
 333  141
 332  141
 331  140
 326  140
 325  139
