 332  171
 331  172
 328  172
 327  173
 322  173
 321  174
 319  174
 318  175
 314  175
 313  176
 311  176
 310  177
 308  177
 307  178
 305  178
 304  179
 302  179
 301  180
 299  180
 298  181
 297  181
 296  182
 293  182
 292  183
 291  183
 290  184
 288  184
 287  185
 286  185
 285  186
 283  186
 282  187
 281  187
 280  188
 278  188
 277  189
 276  189
 275  190
 274  190
 273  191
 271  191
 270  192
 269  192
 268  193
 267  193
 266  194
 265  194
 264  195
 263  195
 261  197
 260  197
 259  198
 258  198
 257  199
 256  199
 255  200
 254  200
 252  202
 251  202
 250  203
 249  203
 247  205
 246  205
 245  206
 244  206
 243  207
 242  207
 241  208
 240  208
 239  209
 238  209
 237  210
 236  210
 234  212
 233  212
 232  213
 231  213
 229  215
 228  215
 226  217
 225  217
 223  219
 222  219
 220  221
 219  221
 217  223
 216  223
 213  226
 212  226
 210  228
 209  228
 206  231
 205  231
 201  235
 200  235
 198  237
 197  237
 194  240
 193  240
 189  244
 188  244
 180  252
 179  252
 173  258
 172  258
 166  264
 165  264
 159  270
 158  270
 146  282
 145  282
 145  283
 143  285
 142  285
 142  286
 136  292
 136  293
 125  304
 125  305
 122  308
 118  308
 116  310
 116  325
 117  326
 125  326
 126  327
 126  341
 125  342
 125  343
 123  345
 123  346
 121  348
 121  349
 120  350
 120  351
 119  352
 119  355
 118  356
 118  363
 117  364
 117  376
 116  377
 115  377
 113  379
 113  381
 114  382
 114  385
 115  386
 115  387
 116  388
 116  390
 117  391
 117  395
 118  396
 118  400
 119  401
 119  403
 120  404
 120  406
 121  407
 121  408
 122  409
 122  411
 123  412
 123  413
 124  414
 124  416
 125  417
 125  418
 126  419
 126  421
 127  422
 127  424
 128  425
 128  427
 129  428
 129  429
 131  431
 131  432
 132  433
 132  434
 133  435
 133  436
 134  437
 134  438
 135  439
 135  440
 136  441
 136  442
 137  443
 137  444
 139  446
 139  447
 141  449
 141  450
 144  453
 144  454
 145  455
 145  456
 147  458
 147  459
 148  460
 148  464
 149  465
 149  467
 150  468
 150  471
 151  472
 151  473
 152  474
 152  475
 153  476
 153  477
 159  483
 159  484
 162  487
 163  487
 165  489
 165  490
 171  496
 171  497
 172  498
 172  500
 173  501
 173  504
 174  505
 174  507
 175  508
 175  510
 176  511
 176  512
 180  516
 181  516
 182  517
 183  516
 185  516
 186  515
 203  515
 204  516
 206  516
 207  515
 208  515
 208  514
 210  512
 210  511
 214  507
 215  507
 216  506
 232  506
 233  505
 233  491
 234  490
 234  489
 236  487
 236  486
 238  484
 239  484
 240  483
 243  483
 244  482
 248  482
 249  481
 250  481
 251  480
 251  479
 252  478
 252  466
 253  465
 253  463
 254  462
 254  461
 256  459
 256  458
 258  456
 259  456
 261  454
 262  454
 263  453
 264  453
 267  450
 267  449
 266  448
 266  446
 265  445
 265  427
 266  426
 266  425
 267  424
 267  423
 270  420
 270  418
 271  417
 270  416
 270  414
 267  411
 267  410
 265  408
 265  398
 264  397
 264  394
 263  393
 263  392
 261  390
 261  389
 257  385
 257  384
 255  382
 254  382
 252  380
 252  366
 253  365
 265  365
 266  364
 273  364
 274  363
 275  363
 276  362
 277  362
 282  357
 283  357
 287  353
 287  352
 290  349
 291  349
 292  348
 293  348
 296  345
 296  344
 297  343
 297  338
 298  337
 298  336
 302  332
 302  331
 303  330
 303  326
 304  325
 304  321
 306  319
 306  318
 307  317
 307  316
 310  313
 310  311
 311  310
 311  287
 312  286
 312  284
 313  283
 313  282
 314  281
 314  277
 315  276
 315  273
 316  272
 316  270
 317  269
 317  268
 318  267
 318  266
 320  264
 320  263
 323  260
 323  259
 324  258
 324  257
 327  254
 327  253
 330  250
 330  249
 344  235
 344  234
 347  231
 347  230
 350  227
 350  226
 353  223
 353  222
 354  221
 354  220
 356  218
 356  217
 357  216
 357  215
 358  214
 358  212
 359  211
 359  210
 360  209
 360  208
 361  207
 361  204
 363  202
 363  200
 364  199
 364  196
 365  195
 365  191
 366  190
 366  187
 367  186
 367  184
 366  183
 366  181
 365  180
 365  179
 364  178
 364  177
 363  176
 362  176
 360  174
 359  174
 358  173
 355  173
 354  172
 352  172
 351  171
