 324  109
 323  110
 314  110
 313  111
 309  111
 308  112
 303  112
 302  113
 300  113
 299  114
 297  114
 296  115
 294  115
 293  116
 292  116
 291  117
 289  117
 288  118
 287  118
 286  119
 285  119
 284  120
 283  120
 282  121
 280  121
 279  122
 278  122
 277  123
 276  123
 275  124
 274  124
 273  125
 272  125
 271  126
 270  126
 269  127
 268  127
 267  128
 266  128
 265  129
 264  129
 263  130
 262  130
 260  132
 259  132
 257  134
 256  134
 255  135
 254  135
 252  137
 251  137
 249  139
 248  139
 246  141
 245  141
 243  143
 242  143
 239  146
 238  146
 235  149
 234  149
 231  152
 230  152
 226  156
 225  156
 221  160
 220  160
 215  165
 214  165
 209  170
 208  170
 205  173
 205  174
 194  185
 194  186
 187  193
 187  194
 178  203
 178  204
 177  205
 177  206
 175  208
 175  209
 174  210
 174  212
 171  215
 171  216
 170  217
 170  218
 167  221
 167  222
 166  223
 166  224
 164  226
 164  227
 162  229
 162  230
 160  232
 160  233
 158  235
 158  236
 157  237
 157  239
 156  240
 156  241
 155  242
 155  243
 154  244
 154  245
 153  246
 153  248
 152  249
 152  250
 150  252
 150  254
 148  256
 148  257
 147  258
 147  260
 146  261
 146  262
 145  263
 145  264
 144  265
 144  268
 143  269
 143  271
 142  272
 142  273
 141  274
 141  275
 139  277
 139  278
 138  279
 138  289
 140  291
 147  291
 148  292
 148  306
 147  307
 147  309
 146  310
 146  313
 145  314
 145  322
 144  323
 143  323
 141  325
 141  340
 142  341
 142  342
 147  347
 147  348
 150  351
 150  352
 151  353
 151  354
 152  355
 152  356
 153  357
 153  358
 154  359
 154  360
 155  361
 155  363
 156  364
 156  365
 157  366
 157  369
 158  370
 158  371
 159  372
 159  373
 160  374
 160  375
 161  376
 161  377
 162  378
 162  379
 163  380
 163  381
 164  382
 164  384
 165  385
 165  386
 166  387
 166  388
 167  389
 167  391
 168  392
 168  395
 169  396
 169  397
 170  398
 170  400
 171  401
 171  403
 172  404
 172  406
 173  407
 173  412
 174  413
 174  418
 175  419
 175  421
 176  422
 176  424
 177  425
 177  427
 178  428
 178  429
 179  430
 179  431
 180  432
 180  446
 181  447
 181  448
 182  449
 182  450
 183  451
 183  452
 185  454
 186  454
 190  458
 191  458
 195  462
 196  462
 197  463
 198  463
 203  468
 203  469
 205  471
 205  472
 207  474
 207  488
 208  489
 208  490
 209  491
 209  492
 210  493
 210  495
 214  499
 216  499
 217  498
 218  498
 219  497
 219  496
 223  492
 223  491
 224  490
 242  490
 246  486
 247  486
 248  485
 264  485
 265  486
 266  486
 267  487
 268  487
 277  496
 277  497
 279  499
 279  500
 281  502
 281  503
 284  506
 284  507
 285  508
 285  509
 287  511
 287  512
 288  513
 288  514
 291  517
 291  518
 292  519
 292  520
 294  522
 294  523
 298  527
 298  528
 301  531
 301  532
 304  535
 304  536
 305  537
 305  538
 308  541
 308  542
 312  546
 312  547
 313  547
 314  548
 314  549
 319  554
 319  555
 323  559
 323  560
 326  563
 324  561
 324  560
 322  558
 322  557
 319  554
 319  553
 318  552
 318  551
 316  549
 316  548
 313  545
 313  544
 312  543
 312  542
 310  540
 310  539
 309  538
 309  537
 306  534
 306  533
 303  530
 303  529
 302  528
 302  527
 299  524
 299  523
 296  520
 296  519
 295  518
 295  517
 292  514
 292  513
 289  510
 289  509
 286  506
 286  505
 285  504
 285  503
 282  500
 282  499
 278  495
 278  494
 276  492
 276  491
 273  488
 273  487
 272  486
 272  485
 269  482
 269  481
 268  480
 268  463
 270  461
 270  460
 272  458
 273  458
 275  456
 278  456
 279  455
 279  453
 276  450
 276  448
 275  447
 275  433
 276  432
 276  431
 277  430
 277  429
 281  425
 282  425
 283  424
 284  424
 285  423
 287  423
 290  420
 289  419
 289  403
 294  398
 295  398
 299  394
 299  392
 296  389
 295  389
 292  386
 292  385
 291  384
 291  367
 290  367
 285  362
 284  362
 279  357
 279  356
 278  356
 276  354
 275  354
 274  353
 273  353
 271  351
 270  351
 266  347
 265  347
 263  345
 262  345
 260  343
 259  343
 256  340
 255  340
 252  337
 251  337
 249  335
 248  335
 247  334
 246  334
 244  332
 244  317
 245  316
 264  316
 265  315
 269  315
 270  314
 272  314
 273  313
 274  313
 275  312
 276  312
 277  311
 279  311
 280  310
 283  310
 284  309
 286  309
 287  308
 288  308
 289  307
 290  307
 304  293
 304  292
 309  287
 309  286
 313  282
 313  281
 314  280
 314  279
 316  277
 316  275
 317  274
 317  262
 318  261
 318  259
 319  258
 319  256
 320  255
 320  232
 321  231
 321  226
 322  225
 322  205
 323  204
 323  198
 324  197
 324  192
 325  191
 325  189
 326  188
 326  184
 327  183
 327  180
 328  179
 328  178
 329  177
 329  176
 330  175
 330  172
 331  171
 331  170
 333  168
 333  166
 334  165
 334  163
 335  162
 335  161
 336  160
 336  158
 337  157
 337  152
 338  151
 338  149
 339  148
 339  146
 340  145
 340  139
 341  138
 341  133
 342  132
 342  128
 343  127
 343  124
 342  123
 342  121
 341  120
 341  118
 340  117
 340  116
 339  115
 339  114
 338  114
 336  112
 335  112
 334  111
 332  111
 331  110
 327  110
 326  109
