 312   96
 311   97
 303   97
 302   98
 295   98
 294   99
 288   99
 287  100
 283  100
 282  101
 278  101
 277  102
 274  102
 273  103
 269  103
 268  104
 266  104
 265  105
 262  105
 261  106
 259  106
 258  107
 256  107
 255  108
 253  108
 252  109
 251  109
 250  110
 248  110
 247  111
 246  111
 245  112
 244  112
 243  113
 241  113
 240  114
 239  114
 238  115
 236  115
 235  116
 234  116
 233  117
 232  117
 231  118
 230  118
 229  119
 228  119
 227  120
 226  120
 225  121
 224  121
 223  122
 222  122
 221  123
 220  123
 219  124
 218  124
 217  125
 216  125
 215  126
 214  126
 213  127
 212  127
 211  128
 210  128
 208  130
 207  130
 206  131
 205  131
 204  132
 203  132
 201  134
 200  134
 198  136
 197  136
 195  138
 194  138
 193  139
 192  139
 190  141
 189  141
 187  143
 186  143
 184  145
 183  145
 181  147
 180  147
 178  149
 177  149
 175  151
 174  151
 173  152
 172  152
 171  153
 170  153
 169  154
 167  154
 165  156
 164  156
 161  159
 160  159
 151  168
 150  168
 149  169
 149  170
 147  172
 146  172
 146  173
 137  182
 137  183
 133  187
 133  188
 131  190
 131  191
 128  194
 128  195
 125  198
 125  199
 123  201
 123  202
 121  204
 121  205
 120  206
 120  208
 118  210
 118  212
 117  213
 117  214
 116  215
 116  217
 115  218
 115  219
 114  220
 114  221
 113  222
 113  223
 111  225
 111  226
 110  227
 110  228
 109  229
 109  231
 108  232
 108  234
 107  235
 107  236
 106  237
 106  238
 105  239
 105  241
 103  243
 103  244
 102  245
 102  248
 100  250
 100  251
  96  255
  96  259
  97  259
  98  260
 105  260
 106  261
 107  261
 108  262
 108  276
 107  277
 105  277
 102  280
 102  281
 101  282
 101  284
 100  285
 100  290
  99  291
  99  296
  98  297
  98  311
  97  312
  95  312
  95  313
  94  314
  94  320
  95  321
  95  322
  96  323
  96  324
  98  326
  98  329
  99  330
  99  333
 100  334
 100  336
 101  337
 101  342
 102  343
 102  347
 103  348
 103  350
 104  351
 104  353
 105  354
 105  358
 106  359
 106  361
 107  362
 107  365
 108  366
 108  371
 109  372
 109  375
 110  376
 110  378
 111  379
 111  384
 112  385
 112  390
 113  391
 113  393
 114  394
 114  399
 115  400
 115  408
 116  409
 116  412
 117  413
 117  415
 118  416
 118  428
 119  429
 119  435
 120  436
 120  440
 121  441
 121  450
 122  451
 122  456
 123  457
 123  459
 124  460
 124  463
 125  464
 125  469
 126  470
 126  472
 127  473
 127  474
 128  475
 128  478
 129  479
 129  481
 130  482
 130  483
 132  485
 132  486
 133  487
 135  487
 136  488
 138  488
 139  489
 145  489
 146  490
 147  490
 149  492
 149  495
 150  496
 150  499
 151  500
 151  504
 152  505
 152  509
 153  510
 153  511
 154  512
 154  513
 156  515
 156  516
 157  516
 160  519
 165  519
 166  518
 168  518
 169  517
 170  517
 171  516
 191  516
 194  519
 195  519
 196  520
 198  520
 199  519
 200  519
 201  518
 202  518
 203  517
 222  517
 223  518
 224  518
 226  520
 227  520
 232  525
 232  526
 235  529
 235  530
 237  532
 237  533
 238  534
 238  535
 239  536
 239  537
 240  538
 240  539
 241  540
 241  541
 242  542
 242  545
 243  546
 243  547
 244  548
 244  549
 245  550
 245  552
 246  553
 246  558
 247  559
 247  560
 248  561
 248  564
 249  565
 249  575
 250  576
 250  581
 252  583
 252  584
 254  586
 254  587
 255  588
 256  588
 258  590
 259  590
 260  591
 264  591
 265  590
 266  590
 271  585
 271  583
 272  582
 272  572
 271  571
 271  569
 269  567
 269  566
 268  565
 268  564
 265  561
 265  560
 261  556
 261  555
 258  552
 258  551
 254  547
 254  546
 252  544
 252  543
 251  542
 251  541
 248  538
 248  536
 247  535
 247  534
 245  532
 245  530
 244  529
 244  528
 243  527
 243  526
 242  525
 242  524
 241  523
 241  522
 240  521
 240  520
 239  519
 239  518
 238  517
 238  515
 237  514
 237  512
 235  510
 235  506
 234  505
 234  501
 233  500
 233  482
 234  481
 234  479
 235  478
 235  476
 241  470
 242  470
 243  469
 245  469
 246  468
 247  468
 248  467
 249  467
 250  466
 251  466
 254  463
 254  462
 255  461
 255  459
 254  458
 254  455
 253  454
 253  436
 254  435
 254  434
 259  429
 261  429
 262  428
 263  428
 264  427
 267  427
 268  426
 270  426
 271  425
 272  425
 275  422
 275  397
 285  387
 285  382
 284  381
 284  379
 282  377
 282  375
 281  374
 281  373
 278  370
 278  369
 277  368
 277  367
 275  365
 275  364
 273  362
 273  361
 272  360
 272  355
 271  354
 271  350
 270  349
 270  348
 269  347
 269  346
 268  345
 268  344
 265  341
 265  340
 258  333
 258  332
 244  318
 243  318
 239  314
 239  300
 240  299
 263  299
 264  300
 269  300
 270  299
 282  299
 283  298
 294  298
 295  297
 297  297
 299  295
 300  295
 300  294
 301  293
 301  292
 302  291
 302  289
 303  288
 303  287
 306  284
 307  284
 312  279
 312  275
 313  274
 313  269
 318  264
 319  264
 320  263
 320  262
 321  261
 321  258
 322  257
 322  256
 324  254
 324  253
 325  252
 325  251
 327  249
 327  248
 328  247
 328  245
 329  244
 329  243
 330  242
 330  241
 331  240
 331  234
 332  233
 332  225
 333  224
 333  222
 334  221
 334  219
 335  218
 335  215
 336  214
 336  211
 337  210
 337  209
 338  208
 338  205
 339  204
 339  203
 341  201
 341  198
 342  197
 342  194
 343  193
 343  191
 344  190
 344  187
 345  186
 345  181
 346  180
 346  178
 347  177
 347  176
 348  175
 348  174
 355  167
 355  166
 358  163
 358  162
 362  158
 362  157
 363  156
 364  156
 367  153
 368  153
 370  151
 371  151
 375  147
 375  146
 376  145
 377  145
 379  143
 379  142
 382  139
 382  138
 383  137
 383  136
 384  135
 384  134
 385  133
 385  130
 386  129
 386  121
 385  120
 385  118
 382  115
 382  114
 378  110
 377  110
 375  108
 374  108
 372  106
 371  106
 370  105
 369  105
 368  104
 367  104
 366  103
 364  103
 363  102
 361  102
 360  101
 358  101
 357  100
 354  100
 353   99
 349   99
 348   98
 340   98
 339   97
 332   97
 331   96
