 336   57
 335   58
 329   58
 328   59
 322   59
 321   60
 317   60
 316   61
 312   61
 311   62
 308   62
 307   63
 305   63
 304   64
 300   64
 299   65
 297   65
 296   66
 294   66
 293   67
 291   67
 290   68
 288   68
 287   69
 285   69
 284   70
 282   70
 281   71
 279   71
 278   72
 277   72
 276   73
 274   73
 273   74
 271   74
 270   75
 269   75
 268   76
 266   76
 265   77
 264   77
 263   78
 262   78
 261   79
 259   79
 258   80
 257   80
 256   81
 255   81
 254   82
 253   82
 252   83
 251   83
 250   84
 249   84
 248   85
 247   85
 246   86
 245   86
 244   87
 243   87
 241   89
 240   89
 239   90
 238   90
 237   91
 236   91
 235   92
 234   92
 232   94
 231   94
 230   95
 229   95
 228   96
 227   96
 226   97
 225   97
 223   99
 222   99
 221  100
 220  100
 218  102
 217  102
 216  103
 215  103
 213  105
 212  105
 210  107
 209  107
 208  108
 207  108
 205  110
 204  110
 202  112
 201  112
 198  115
 197  115
 195  117
 194  117
 192  119
 191  119
 188  122
 187  122
 184  125
 183  125
 180  128
 179  128
 175  132
 174  132
 171  135
 170  135
 167  138
 166  138
 162  142
 161  142
 155  148
 154  148
 147  155
 146  155
 128  173
 127  173
 127  174
 117  184
 117  185
 113  189
 113  190
 108  195
 108  196
 106  198
 106  199
 104  201
 104  202
 103  203
 103  204
 100  207
 100  208
  99  209
  99  210
  97  212
  97  213
  96  214
  96  215
  94  217
  94  218
  93  219
  93  220
  92  221
  92  222
  90  224
  90  225
  89  226
  89  227
  87  229
  87  231
  86  232
  86  234
  85  235
  85  236
  84  237
  84  239
  83  240
  83  241
  81  243
  81  244
  79  246
  79  269
  80  270
  93  270
  95  272
  95  286
  94  287
  92  287
  90  289
  90  290
  88  292
  88  293
  87  294
  87  299
  86  300
  86  317
  85  318
  80  318
  78  320
  78  334
  79  335
  79  337
  80  338
  80  339
  81  340
  81  341
  84  344
  84  345
  86  347
  86  349
  87  350
  87  352
  89  354
  89  355
  90  356
  90  359
  91  360
  91  361
  93  363
  93  365
  94  366
  94  367
  95  368
  95  369
  96  370
  96  372
  97  373
  97  374
  98  375
  98  376
  99  377
  99  379
 100  380
 100  382
 101  383
 101  385
 102  386
 102  387
 103  388
 103  391
 104  392
 104  394
 105  395
 105  396
 106  397
 106  400
 107  401
 107  404
 108  405
 108  406
 109  407
 109  409
 110  410
 110  413
 111  414
 111  416
 112  417
 112  418
 113  419
 113  423
 114  424
 114  426
 115  427
 115  428
 116  429
 116  431
 117  432
 117  435
 118  436
 118  437
 119  438
 119  440
 120  441
 120  444
 121  445
 121  446
 122  447
 122  448
 123  449
 123  453
 124  454
 124  456
 125  457
 125  458
 126  459
 126  462
 127  463
 127  465
 128  466
 128  467
 129  468
 129  469
 130  470
 130  472
 131  473
 131  475
 132  476
 132  477
 133  478
 133  481
 134  482
 134  484
 136  486
 136  488
 137  489
 137  492
 138  493
 138  495
 139  496
 139  498
 140  499
 140  501
 141  502
 141  504
 142  505
 142  506
 143  507
 143  509
 144  510
 144  511
 145  512
 145  513
 146  514
 146  515
 147  516
 147  518
 152  523
 153  523
 154  524
 155  524
 156  525
 157  525
 158  526
 160  526
 164  530
 164  534
 165  535
 165  541
 166  542
 166  548
 167  549
 167  553
 168  554
 168  556
 169  557
 169  558
 170  559
 170  561
 174  565
 175  565
 176  566
 178  566
 179  567
 180  567
 181  566
 184  566
 185  565
 186  565
 188  563
 189  563
 191  561
 209  561
 211  563
 212  563
 216  567
 217  567
 218  568
 225  568
 226  567
 228  567
 229  566
 230  566
 231  565
 247  565
 248  566
 252  566
 253  567
 254  567
 255  568
 257  568
 258  569
 259  569
 264  574
 264  575
 272  583
 272  584
 274  586
 274  587
 277  590
 277  591
 278  592
 278  593
 280  595
 280  596
 281  597
 281  598
 283  600
 283  601
 284  602
 284  604
 285  605
 285  606
 287  608
 287  610
 288  611
 288  612
 290  614
 290  615
 291  616
 291  617
 292  618
 292  619
 294  621
 294  623
 297  626
 297  627
 299  629
 300  629
 301  630
 306  630
 308  628
 309  628
 311  626
 311  625
 313  623
 313  622
 314  621
 314  619
 315  618
 315  615
 316  614
 316  608
 315  607
 315  606
 314  605
 314  603
 313  602
 313  601
 307  595
 306  595
 304  593
 303  593
 300  590
 299  590
 295  586
 294  586
 287  579
 286  579
 278  571
 277  571
 276  570
 276  569
 273  566
 273  565
 270  562
 270  561
 268  559
 268  558
 266  556
 266  554
 264  552
 264  551
 263  550
 263  548
 262  547
 262  544
 261  543
 261  542
 260  541
 260  520
 261  519
 261  518
 262  517
 262  515
 263  514
 263  512
 270  505
 271  505
 273  503
 274  503
 281  496
 281  495
 283  493
 283  485
 282  484
 282  482
 281  481
 281  478
 280  477
 280  459
 281  458
 281  457
 282  456
 282  455
 289  448
 290  448
 291  447
 292  447
 293  446
 296  446
 297  445
 298  445
 300  443
 300  441
 301  440
 301  439
 302  438
 302  435
 301  434
 301  433
 300  432
 300  431
 299  430
 299  429
 298  428
 298  427
 297  426
 297  408
 298  407
 298  406
 301  403
 302  403
 304  401
 305  401
 307  399
 307  397
 306  396
 306  395
 305  394
 305  393
 302  390
 302  389
 299  386
 299  385
 293  379
 292  379
 288  375
 288  374
 287  373
 287  354
 286  353
 286  352
 285  351
 285  350
 280  345
 280  344
 268  332
 267  332
 265  330
 265  316
 266  315
 283  315
 284  314
 289  314
 290  313
 293  313
 294  312
 296  312
 296  304
 297  303
 300  303
 301  302
 304  302
 305  301
 306  301
 307  300
 308  300
 313  295
 314  295
 316  293
 317  293
 319  291
 319  290
 320  289
 320  288
 321  287
 321  286
 322  285
 322  283
 323  282
 323  281
 330  274
 330  273
 332  271
 332  270
 333  269
 333  265
 334  264
 334  263
 335  262
 335  261
 336  260
 336  259
 337  258
 337  256
 339  254
 339  253
 340  252
 340  251
 341  250
 341  249
 342  248
 342  247
 343  246
 343  241
 344  240
 344  238
 345  237
 345  236
 346  235
 346  231
 347  230
 347  228
 348  227
 348  226
 349  225
 349  224
 350  223
 350  222
 352  220
 352  219
 353  218
 353  216
 354  215
 354  214
 355  213
 355  211
 356  210
 356  206
 357  205
 357  203
 358  202
 358  199
 359  198
 359  195
 360  194
 360  189
 361  188
 361  187
 362  186
 362  184
 363  183
 363  179
 364  178
 364  177
 365  176
 365  175
 366  174
 366  172
 367  171
 367  167
 368  166
 368  164
 369  163
 369  161
 370  160
 370  156
 371  155
 371  153
 372  152
 372  151
 373  150
 373  149
 375  147
 375  146
 376  145
 376  144
 377  143
 377  141
 378  140
 378  139
 379  138
 379  137
 380  136
 380  135
 381  134
 381  133
 382  132
 382  130
 383  129
 383  128
 385  126
 385  125
 386  124
 386  123
 387  122
 387  121
 389  119
 389  118
 390  117
 390  116
 391  115
 391  114
 393  112
 393  110
 394  109
 394  108
 395  107
 395  106
 397  104
 397  103
 399  101
 399   99
 400   98
 400   95
 401   94
 401   91
 402   90
 402   81
 401   80
 401   77
 400   76
 400   75
 399   74
 399   73
 398   72
 398   71
 394   67
 393   67
 392   66
 391   66
 390   65
 389   65
 388   64
 387   64
 386   63
 385   63
 384   62
 382   62
 381   61
 378   61
 377   60
 374   60
 373   59
 367   59
 366   58
 363   58
 362   57
