 348  108
 347  109
 344  109
 343  110
 339  110
 338  111
 336  111
 335  112
 332  112
 331  113
 330  113
 329  114
 327  114
 326  115
 324  115
 323  116
 321  116
 320  117
 318  117
 317  118
 316  118
 315  119
 313  119
 312  120
 311  120
 310  121
 309  121
 308  122
 307  122
 306  123
 304  123
 303  124
 302  124
 301  125
 300  125
 299  126
 298  126
 297  127
 296  127
 295  128
 294  128
 293  129
 292  129
 291  130
 290  130
 289  131
 288  131
 287  132
 286  132
 285  133
 284  133
 283  134
 282  134
 280  136
 279  136
 278  137
 277  137
 276  138
 275  138
 274  139
 273  139
 271  141
 270  141
 269  142
 268  142
 266  144
 265  144
 264  145
 263  145
 261  147
 260  147
 258  149
 257  149
 255  151
 254  151
 252  153
 251  153
 249  155
 248  155
 245  158
 244  158
 242  160
 241  160
 237  164
 236  164
 232  168
 231  168
 227  172
 226  172
 222  176
 221  176
 215  182
 214  182
 209  187
 208  187
 202  193
 201  193
 186  208
 185  208
 168  225
 168  226
 166  228
 165  228
 165  229
 154  240
 154  241
 149  246
 149  247
 145  251
 145  252
 141  256
 141  257
 138  260
 138  261
 134  265
 134  266
 133  267
 133  268
 131  270
 131  271
 130  272
 130  274
 128  276
 128  277
 127  278
 127  279
 126  280
 126  281
 125  282
 125  283
 124  284
 124  286
 122  288
 122  289
 121  290
 121  291
 120  292
 120  294
 119  295
 119  296
 118  297
 118  299
 117  300
 117  305
 116  306
 116  307
 115  308
 115  310
 114  311
 114  313
 113  314
 113  316
 110  319
 110  363
 111  364
 113  364
 114  365
 114  380
 113  381
 113  382
 112  383
 112  384
 111  385
 108  385
 107  386
 107  395
 109  397
 110  397
 114  401
 114  402
 115  403
 115  404
 117  406
 117  408
 118  409
 118  410
 120  412
 120  413
 121  414
 121  415
 122  416
 122  417
 123  418
 123  419
 124  420
 124  421
 125  422
 125  423
 126  424
 126  425
 128  427
 128  428
 131  431
 131  432
 135  436
 135  437
 137  439
 137  440
 139  442
 139  443
 140  444
 140  446
 141  447
 141  449
 142  450
 142  452
 143  453
 143  454
 144  455
 144  457
 145  458
 145  459
 146  460
 146  461
 147  462
 147  463
 148  464
 148  465
 149  466
 149  467
 150  468
 150  470
 151  471
 151  472
 152  473
 152  475
 153  476
 153  477
 154  478
 154  479
 155  480
 155  481
 156  482
 156  483
 157  484
 157  486
 158  487
 158  489
 159  490
 159  492
 160  493
 160  495
 161  496
 161  497
 162  498
 162  500
 163  501
 163  503
 164  504
 164  507
 165  508
 165  511
 167  513
 167  514
 168  515
 168  516
 170  518
 170  519
 177  526
 178  526
 181  529
 182  529
 184  531
 184  532
 185  533
 185  534
 187  536
 187  537
 190  540
 190  541
 192  543
 192  544
 194  546
 194  547
 197  550
 197  551
 198  552
 198  553
 201  556
 201  557
 202  558
 202  559
 205  562
 205  563
 206  563
 209  566
 210  566
 211  567
 218  567
 219  568
 220  568
 221  569
 221  570
 224  573
 224  574
 225  575
 225  576
 227  578
 228  578
 229  579
 233  575
 233  574
 235  572
 236  572
 237  571
 238  571
 239  570
 246  570
 247  569
 248  569
 250  567
 250  560
 249  559
 249  557
 248  556
 248  536
 249  535
 249  534
 255  528
 256  528
 260  524
 260  523
 259  522
 259  520
 257  518
 257  515
 256  514
 256  512
 255  511
 255  496
 256  495
 256  494
 258  492
 259  492
 261  490
 262  490
 266  486
 266  485
 267  484
 266  483
 266  461
 267  460
 267  459
 270  456
 271  456
 276  451
 274  449
 274  448
 273  447
 273  446
 270  443
 270  423
 271  422
 271  421
 272  420
 271  419
 271  418
 270  417
 270  416
 269  415
 269  414
 267  412
 267  411
 257  401
 256  401
 251  396
 250  396
 248  394
 247  394
 245  392
 244  392
 242  390
 241  390
 239  388
 238  388
 236  386
 236  372
 237  371
 239  371
 240  370
 254  370
 255  369
 264  369
 265  368
 267  368
 269  366
 270  366
 272  364
 276  364
 282  358
 282  357
 283  356
 283  351
 284  350
 284  348
 287  345
 287  344
 299  332
 299  331
 300  330
 300  325
 301  324
 301  320
 302  319
 302  318
 303  317
 303  315
 304  314
 304  312
 306  310
 306  309
 307  308
 307  306
 310  303
 310  300
 311  299
 311  290
 312  289
 312  284
 313  283
 313  278
 314  277
 314  273
 315  272
 315  270
 316  269
 316  268
 317  267
 317  260
 318  259
 318  256
 319  255
 319  252
 320  251
 320  246
 321  245
 321  242
 323  240
 323  238
 324  237
 324  235
 326  233
 326  232
 327  231
 327  228
 328  227
 328  225
 329  224
 329  223
 330  222
 330  220
 331  219
 331  217
 332  216
 332  215
 333  214
 333  213
 334  212
 334  210
 337  207
 337  206
 338  205
 338  204
 340  202
 340  201
 343  198
 343  197
 344  196
 344  195
 347  192
 347  190
 350  187
 350  186
 352  184
 352  183
 354  181
 354  179
 356  177
 356  176
 357  175
 357  174
 358  173
 358  172
 359  171
 359  170
 360  169
 360  167
 361  166
 361  164
 362  163
 362  162
 363  161
 363  160
 364  159
 364  157
 365  156
 365  155
 366  154
 366  153
 367  152
 367  148
 368  147
 368  144
 369  143
 369  141
 370  140
 370  138
 371  137
 371  133
 372  132
 372  129
 373  128
 373  121
 372  120
 372  118
 371  117
 371  116
 370  115
 370  114
 367  111
 366  111
 365  110
 364  110
 363  109
 362  109
 361  108
