 327  162
 326  163
 322  163
 321  164
 316  164
 315  165
 312  165
 311  166
 307  166
 306  167
 303  167
 302  168
 300  168
 299  169
 296  169
 295  170
 293  170
 292  171
 289  171
 288  172
 286  172
 285  173
 283  173
 282  174
 281  174
 280  175
 278  175
 277  176
 276  176
 275  177
 274  177
 273  178
 271  178
 270  179
 269  179
 268  180
 266  180
 265  181
 264  181
 263  182
 261  182
 260  183
 259  183
 258  184
 256  184
 255  185
 254  185
 253  186
 252  186
 251  187
 250  187
 249  188
 248  188
 247  189
 246  189
 245  190
 244  190
 243  191
 242  191
 241  192
 240  192
 239  193
 238  193
 237  194
 236  194
 235  195
 234  195
 233  196
 232  196
 231  197
 230  197
 229  198
 228  198
 226  200
 225  200
 223  202
 222  202
 221  203
 220  203
 218  205
 217  205
 216  206
 215  206
 214  207
 213  207
 211  209
 210  209
 208  211
 207  211
 205  213
 204  213
 202  215
 201  215
 198  218
 197  218
 195  220
 194  220
 191  223
 190  223
 187  226
 186  226
 183  229
 182  229
 178  233
 177  233
 172  238
 171  238
 166  243
 165  243
 155  253
 154  253
 136  271
 135  271
 135  272
 133  274
 132  274
 132  275
 118  289
 118  290
 115  293
 115  294
 111  298
 111  299
 108  302
 108  303
 106  305
 105  305
 101  309
  98  309
  96  311
  96  323
  97  324
 109  324
 112  327
 112  342
 108  346
 108  347
 107  348
 107  350
 106  351
 106  352
 105  353
 105  354
 104  355
 104  359
 102  361
 102  363
 101  364
 101  376
  97  380
  97  383
  98  384
  98  389
  99  390
  99  391
 100  392
 100  397
 101  398
 101  402
 102  403
 102  404
 103  405
 103  407
 104  408
 104  413
 105  414
 105  416
 106  417
 106  419
 107  420
 107  424
 108  425
 108  426
 109  427
 109  429
 110  430
 110  432
 111  433
 111  437
 112  438
 112  441
 113  442
 113  444
 114  445
 114  449
 115  450
 115  452
 116  453
 116  455
 117  456
 117  460
 118  461
 118  465
 119  466
 119  468
 120  469
 120  470
 121  471
 121  474
 122  475
 122  479
 123  480
 123  483
 124  484
 124  486
 125  487
 125  489
 126  490
 126  491
 127  492
 127  493
 128  494
 128  495
 129  496
 129  497
 130  498
 130  499
 132  501
 132  502
 134  504
 134  505
 137  508
 137  509
 138  510
 138  511
 139  512
 139  513
 141  515
 141  516
 143  518
 143  519
 148  524
 149  524
 150  525
 152  525
 153  526
 154  525
 155  525
 156  524
 171  524
 172  523
 173  523
 174  522
 176  522
 178  520
 179  520
 181  518
 182  518
 183  517
 186  517
 187  516
 189  516
 190  515
 192  515
 193  514
 194  514
 195  513
 196  513
 198  511
 199  511
 203  507
 204  507
 209  502
 212  502
 213  501
 215  501
 216  500
 218  500
 219  499
 220  499
 221  498
 222  498
 224  496
 225  496
 227  494
 227  493
 228  492
 228  491
 230  489
 230  487
 231  486
 231  485
 232  484
 232  483
 233  482
 233  481
 234  480
 234  476
 235  475
 235  474
 236  473
 237  473
 238  472
 239  472
 240  471
 241  471
 248  464
 248  463
 250  461
 250  460
 251  459
 251  457
 253  455
 253  453
 254  452
 254  450
 255  449
 255  448
 256  447
 256  446
 257  445
 257  444
 261  440
 261  439
 262  438
 262  437
 263  436
 263  434
 264  433
 264  429
 263  428
 263  427
 262  426
 262  410
 261  409
 261  407
 260  406
 260  404
 258  402
 258  401
 257  400
 257  399
 254  396
 254  395
 252  393
 252  392
 241  381
 241  366
 242  365
 270  365
 271  364
 277  364
 279  362
 280  362
 284  358
 285  358
 286  357
 287  357
 292  352
 292  351
 294  349
 294  348
 297  345
 297  344
 299  342
 299  341
 300  340
 300  339
 301  338
 301  337
 302  336
 302  335
 303  334
 303  329
 304  328
 304  327
 308  323
 308  321
 310  319
 310  316
 311  315
 311  313
 312  312
 312  311
 313  310
 313  309
 314  308
 314  305
 315  304
 315  303
 317  301
 317  298
 318  297
 318  296
 319  295
 319  294
 320  293
 320  292
 321  291
 321  290
 323  288
 323  287
 324  286
 324  285
 326  283
 326  282
 328  280
 328  279
 330  277
 330  276
 331  275
 331  274
 333  272
 333  271
 336  268
 336  267
 338  265
 338  264
 344  258
 345  258
 352  251
 353  251
 358  246
 358  245
 364  239
 364  238
 367  235
 367  234
 370  231
 370  230
 371  229
 371  228
 373  226
 373  225
 374  224
 374  222
 375  221
 375  220
 377  218
 377  216
 378  215
 378  214
 379  213
 379  211
 380  210
 380  207
 381  206
 381  203
 382  202
 382  201
 383  200
 383  199
 384  198
 384  192
 385  191
 385  185
 384  184
 384  181
 380  177
 380  176
 378  174
 378  173
 374  169
 373  169
 372  168
 371  168
 370  167
 369  167
 368  166
 366  166
 365  165
 363  165
 362  164
 358  164
 357  163
 354  163
 353  162
