 317  177
 316  178
 310  178
 309  179
 304  179
 303  180
 300  180
 299  181
 295  181
 294  182
 291  182
 290  183
 288  183
 287  184
 283  184
 282  185
 281  185
 280  186
 276  186
 275  187
 273  187
 272  188
 269  188
 268  189
 266  189
 265  190
 263  190
 262  191
 260  191
 259  192
 257  192
 256  193
 254  193
 253  194
 251  194
 250  195
 248  195
 247  196
 246  196
 245  197
 243  197
 242  198
 241  198
 240  199
 238  199
 237  200
 236  200
 235  201
 233  201
 232  202
 231  202
 230  203
 229  203
 228  204
 226  204
 224  206
 222  206
 220  208
 218  208
 216  210
 215  210
 214  211
 213  211
 212  212
 211  212
 210  213
 209  213
 207  215
 206  215
 205  216
 204  216
 203  217
 202  217
 200  219
 199  219
 198  220
 197  220
 196  221
 195  221
 193  223
 192  223
 190  225
 189  225
 187  227
 186  227
 184  229
 183  229
 181  231
 180  231
 176  235
 175  235
 171  239
 170  239
 166  243
 165  243
 161  247
 160  247
 155  252
 154  252
 150  256
 149  256
 130  275
 129  275
 119  285
 119  287
 118  288
 117  288
 115  290
 115  291
 113  293
 111  293
 109  295
 108  295
 106  297
 106  303
 107  304
 107  305
 111  309
 112  309
 116  313
 116  328
 113  331
 113  332
 110  335
 110  336
 109  337
 109  339
 108  340
 108  344
 107  345
 107  357
 108  358
 108  359
 109  360
 109  362
 111  364
 111  365
 112  366
 112  370
 113  371
 113  373
 114  374
 114  376
 115  377
 115  382
 116  383
 116  386
 117  387
 117  389
 118  390
 118  395
 119  396
 119  402
 120  403
 120  405
 121  406
 121  407
 122  408
 122  411
 123  412
 123  414
 124  415
 124  416
 125  417
 125  419
 126  420
 126  423
 127  424
 127  425
 128  426
 128  429
 129  430
 129  433
 130  434
 130  437
 131  438
 131  440
 132  441
 132  446
 133  447
 133  450
 134  451
 134  453
 135  454
 135  457
 136  458
 136  461
 137  462
 137  464
 138  465
 138  466
 139  467
 139  471
 140  472
 140  473
 142  475
 142  477
 146  481
 146  482
 147  482
 149  484
 150  484
 151  485
 152  485
 154  487
 155  487
 159  491
 159  507
 161  509
 163  509
 164  508
 164  507
 165  506
 165  504
 170  499
 172  499
 173  498
 188  498
 189  499
 190  498
 190  497
 191  496
 191  494
 192  493
 192  490
 193  489
 193  488
 196  485
 197  485
 198  484
 215  484
 215  465
 218  462
 219  462
 220  461
 228  461
 229  460
 230  460
 231  459
 231  441
 232  440
 232  439
 233  438
 234  438
 235  437
 236  437
 237  436
 242  436
 243  435
 245  435
 247  433
 247  432
 246  431
 246  430
 245  429
 245  413
 246  412
 247  412
 248  411
 249  411
 250  410
 253  410
 254  409
 255  409
 257  407
 257  406
 256  405
 256  404
 255  403
 255  401
 251  397
 250  397
 248  395
 246  395
 245  394
 244  394
 243  393
 242  393
 241  392
 241  391
 240  390
 240  374
 242  372
 243  372
 242  371
 242  370
 240  368
 239  368
 234  363
 234  349
 235  348
 252  348
 253  347
 256  347
 257  346
 259  346
 263  342
 264  342
 265  341
 265  340
 266  339
 266  338
 267  337
 267  336
 269  334
 270  334
 272  332
 272  330
 273  329
 273  327
 274  326
 274  325
 275  324
 275  322
 276  321
 276  320
 277  319
 277  318
 279  316
 279  315
 281  313
 281  312
 282  311
 282  310
 284  308
 284  307
 285  306
 285  304
 286  303
 286  302
 287  301
 287  300
 288  299
 288  297
 289  296
 289  295
 291  293
 291  292
 292  291
 292  290
 295  287
 295  286
 298  283
 298  282
 299  281
 299  280
 302  277
 302  276
 304  274
 304  273
 305  272
 305  271
 319  257
 319  256
 324  251
 325  251
 328  248
 329  248
 331  246
 332  246
 334  244
 335  244
 343  236
 344  236
 347  233
 348  233
 350  231
 351  231
 352  230
 353  230
 355  228
 356  228
 359  225
 359  224
 362  221
 362  220
 365  217
 365  216
 369  212
 369  211
 370  210
 370  209
 371  208
 371  207
 372  206
 372  203
 373  202
 373  200
 374  199
 374  198
 373  197
 373  196
 371  194
 371  193
 369  191
 368  191
 365  188
 364  188
 363  187
 362  187
 361  186
 360  186
 358  184
 356  184
 355  183
 354  183
 353  182
 351  182
 350  181
 348  181
 347  180
 345  180
 344  179
 339  179
 338  178
 334  178
 333  177
