 343  104
 342  105
 339  105
 338  106
 335  106
 334  107
 332  107
 331  108
 329  108
 328  109
 326  109
 325  110
 324  110
 323  111
 321  111
 320  112
 319  112
 318  113
 316  113
 315  114
 314  114
 313  115
 311  115
 310  116
 309  116
 308  117
 307  117
 306  118
 305  118
 304  119
 303  119
 302  120
 301  120
 299  122
 297  122
 296  123
 295  123
 294  124
 293  124
 292  125
 291  125
 290  126
 289  126
 287  128
 286  128
 285  129
 284  129
 282  131
 281  131
 280  132
 279  132
 277  134
 276  134
 274  136
 273  136
 271  138
 270  138
 268  140
 267  140
 265  142
 264  142
 261  145
 260  145
 258  147
 257  147
 253  151
 252  151
 249  154
 248  154
 245  157
 244  157
 239  162
 238  162
 229  171
 228  171
 221  178
 220  178
 202  196
 201  196
 198  199
 198  200
 195  203
 194  203
 194  204
 192  206
 191  206
 191  207
 183  215
 183  216
 174  225
 174  226
 164  236
 164  237
 158  243
 158  244
 154  248
 154  249
 151  252
 151  253
 149  255
 149  256
 147  258
 147  259
 146  260
 146  261
 144  263
 144  264
 141  267
 141  268
 140  269
 140  270
 139  271
 139  272
 137  274
 137  276
 136  277
 136  278
 135  279
 135  280
 134  281
 134  282
 133  283
 133  284
 131  286
 131  287
 130  288
 130  289
 129  290
 129  291
 127  293
 127  296
 126  297
 126  299
 125  300
 125  301
 124  302
 124  321
 121  324
 121  337
 122  338
 129  338
 130  339
 130  355
 129  356
 129  358
 128  359
 128  367
 127  368
 127  381
 126  382
 125  382
 123  384
 123  409
 124  410
 124  411
 125  412
 125  413
 126  414
 126  416
 127  417
 127  419
 128  420
 128  421
 129  422
 129  425
 130  426
 130  428
 131  429
 131  430
 137  436
 137  437
 138  438
 138  439
 139  440
 139  442
 140  443
 140  445
 141  446
 141  447
 142  448
 142  449
 143  450
 143  453
 144  454
 144  455
 145  456
 145  457
 146  458
 146  461
 147  462
 147  464
 148  465
 148  466
 149  467
 149  470
 150  471
 150  473
 151  474
 151  475
 152  476
 152  478
 153  479
 153  481
 154  482
 154  483
 156  485
 156  488
 157  489
 157  490
 158  491
 158  492
 159  493
 159  494
 160  495
 160  496
 161  497
 161  498
 162  499
 162  500
 163  501
 163  502
 164  503
 164  505
 166  507
 166  508
 167  509
 167  510
 169  512
 169  513
 170  514
 170  515
 172  517
 172  518
 179  525
 179  526
 180  527
 180  528
 182  530
 182  535
 183  536
 183  538
 184  539
 184  540
 185  541
 185  542
 186  543
 186  544
 187  545
 187  547
 188  548
 188  549
 189  550
 189  551
 190  552
 190  554
 191  555
 191  557
 192  558
 192  559
 193  560
 193  561
 194  562
 194  563
 197  566
 197  567
 198  567
 200  569
 202  569
 203  570
 211  570
 215  574
 215  575
 216  576
 216  577
 222  583
 225  580
 225  579
 227  577
 244  577
 245  578
 246  578
 247  579
 249  579
 250  578
 250  571
 249  570
 249  546
 253  542
 254  542
 255  541
 259  541
 260  540
 265  540
 266  539
 267  539
 269  537
 269  533
 268  532
 268  531
 267  530
 267  529
 266  528
 266  524
 265  523
 265  522
 264  521
 264  503
 265  502
 265  500
 270  495
 271  495
 272  494
 273  494
 275  492
 276  492
 278  490
 278  489
 277  488
 277  487
 276  486
 276  483
 275  482
 275  481
 274  480
 274  479
 273  478
 273  463
 274  462
 274  461
 276  459
 277  459
 279  457
 280  457
 283  454
 283  453
 282  452
 282  451
 281  450
 281  449
 280  448
 280  446
 279  445
 279  431
 280  430
 280  428
 282  426
 282  425
 283  424
 283  423
 284  422
 283  421
 283  419
 271  407
 270  407
 263  400
 262  400
 258  396
 257  396
 254  393
 253  393
 252  392
 252  391
 251  390
 251  369
 252  368
 257  368
 258  367
 265  367
 266  366
 269  366
 275  360
 275  359
 281  353
 281  352
 282  351
 282  350
 283  349
 283  348
 286  345
 286  344
 287  343
 287  342
 289  340
 289  339
 290  338
 290  337
 293  334
 293  333
 295  331
 295  330
 297  328
 297  327
 299  325
 299  324
 300  323
 300  320
 301  319
 301  318
 302  317
 302  313
 303  312
 303  307
 304  306
 304  305
 305  304
 305  303
 306  302
 306  300
 307  299
 307  297
 308  296
 308  295
 309  294
 309  291
 310  290
 310  284
 311  283
 311  277
 312  276
 312  271
 313  270
 313  262
 314  261
 314  257
 315  256
 315  253
 316  252
 316  241
 317  240
 317  236
 318  235
 318  234
 319  233
 319  231
 320  230
 320  228
 321  227
 321  226
 322  225
 322  224
 323  223
 323  220
 324  219
 324  218
 326  216
 326  213
 327  212
 327  211
 328  210
 328  209
 329  208
 329  205
 330  204
 330  202
 331  201
 331  200
 332  199
 332  198
 333  197
 333  196
 334  195
 334  194
 336  192
 336  191
 337  190
 337  189
 338  188
 338  187
 339  186
 339  185
 340  184
 340  183
 341  182
 341  181
 342  180
 342  179
 343  178
 343  176
 344  175
 344  174
 345  173
 345  172
 346  171
 346  168
 347  167
 347  166
 349  164
 349  162
 350  161
 350  158
 351  157
 351  156
 352  155
 352  153
 353  152
 353  150
 354  149
 354  147
 355  146
 355  144
 356  143
 356  140
 357  139
 357  134
 358  133
 358  131
 359  130
 359  126
 360  125
 360  114
 359  113
 359  111
 358  110
 358  109
 355  106
 354  106
 353  105
 351  105
 350  104
