 363   18
 362   19
 351   19
 350   20
 345   20
 344   21
 339   21
 338   22
 335   22
 334   23
 330   23
 329   24
 327   24
 326   25
 322   25
 321   26
 319   26
 318   27
 315   27
 314   28
 312   28
 311   29
 309   29
 308   30
 306   30
 305   31
 303   31
 302   32
 300   32
 299   33
 298   33
 297   34
 295   34
 294   35
 292   35
 291   36
 290   36
 289   37
 287   37
 286   38
 285   38
 284   39
 282   39
 281   40
 280   40
 279   41
 277   41
 276   42
 275   42
 274   43
 273   43
 272   44
 271   44
 270   45
 269   45
 268   46
 267   46
 266   47
 264   47
 263   48
 262   48
 261   49
 260   49
 259   50
 258   50
 257   51
 256   51
 255   52
 254   52
 252   54
 250   54
 248   56
 247   56
 246   57
 245   57
 244   58
 243   58
 242   59
 241   59
 240   60
 239   60
 237   62
 236   62
 235   63
 234   63
 233   64
 232   64
 231   65
 230   65
 228   67
 227   67
 226   68
 225   68
 224   69
 223   69
 222   70
 221   70
 219   72
 218   72
 216   74
 215   74
 214   75
 213   75
 212   76
 211   76
 210   77
 209   77
 207   79
 206   79
 205   80
 204   80
 202   82
 201   82
 199   84
 198   84
 196   86
 195   86
 194   87
 193   87
 191   89
 190   89
 188   91
 187   91
 185   93
 184   93
 183   94
 182   94
 181   95
 180   95
 178   97
 177   97
 175   99
 174   99
 172  101
 171  101
 170  102
 169  102
 167  104
 166  104
 164  106
 163  106
 161  108
 160  108
 157  111
 156  111
 154  113
 153  113
 152  114
 151  114
 148  117
 147  117
 145  119
 144  119
 142  121
 141  121
 139  123
 138  123
 135  126
 134  126
 130  130
 129  130
 124  135
 123  135
 118  140
 117  140
  79  178
  79  179
  77  181
  77  182
  76  183
  76  184
  74  186
  74  187
  73  188
  73  189
  72  190
  72  191
  71  192
  71  193
  69  195
  69  196
  68  197
  68  198
  67  199
  67  200
  66  201
  66  203
  65  204
  65  205
  64  206
  64  220
  63  221
  63  226
  64  227
  64  228
  65  229
  65  230
  66  231
  66  232
  70  236
  70  251
  69  252
  69  253
  67  255
  67  258
  66  259
  66  261
  65  262
  65  265
  64  266
  64  270
  63  271
  63  273
  64  274
  64  300
  65  301
  65  303
  66  304
  66  306
  67  307
  67  308
  68  309
  68  311
  69  312
  69  314
  70  315
  70  316
  71  317
  71  319
  72  320
  72  322
  73  323
  73  325
  74  326
  74  329
  75  330
  75  337
  76  338
  76  343
  77  344
  77  346
  78  347
  78  353
  79  354
  79  361
  80  362
  80  364
  81  365
  81  367
  82  368
  82  370
  83  371
  83  374
  84  375
  84  377
  85  378
  85  384
  86  385
  86  395
  87  396
  87  400
  88  401
  88  414
  89  415
  89  448
  90  449
  90  455
  91  456
  91  460
  92  461
  92  472
  93  473
  93  480
  94  481
  94  488
  95  489
  95  494
  96  495
  96  500
  97  501
  97  502
  98  503
  98  505
  99  506
  99  510
 100  511
 100  512
 101  513
 101  514
 103  516
 104  516
 105  517
 116  517
 117  518
 121  518
 122  519
 125  519
 126  520
 127  520
 128  521
 130  521
 132  523
 133  523
 136  526
 136  528
 137  529
 137  547
 136  548
 136  551
 135  552
 135  555
 134  556
 134  558
 133  559
 133  566
 132  567
 132  581
 133  582
 133  585
 134  586
 134  587
 136  589
 136  590
 140  594
 140  595
 142  597
 142  575
 143  574
 143  573
 145  571
 145  570
 147  568
 148  568
 150  566
 151  566
 152  565
 153  565
 154  564
 157  564
 158  563
 175  563
 176  564
 177  564
 182  569
 182  570
 183  571
 183  576
 184  577
 184  586
 185  587
 185  592
 186  593
 186  613
 187  614
 187  617
 189  619
 189  620
 190  621
 190  622
 192  624
 192  620
 191  619
 191  614
 190  613
 190  609
 189  608
 189  596
 188  595
 188  571
 189  570
 189  568
 190  567
 190  566
 193  563
 194  563
 196  561
 198  561
 199  560
 221  560
 222  561
 225  561
 226  562
 227  562
 228  563
 229  563
 230  564
 231  564
 232  565
 233  565
 234  566
 235  566
 236  567
 237  567
 238  568
 239  568
 241  570
 242  570
 255  583
 255  584
 257  586
 257  587
 259  589
 259  590
 260  591
 260  593
 261  594
 261  595
 262  596
 262  597
 263  598
 263  602
 264  603
 264  605
 265  606
 265  607
 266  608
 266  612
 267  613
 267  616
 268  617
 268  618
 269  619
 269  622
 270  623
 270  632
 271  633
 271  636
 272  637
 272  642
 273  643
 273  659
 274  660
 274  662
 275  663
 275  664
 277  666
 278  666
 279  667
 279  644
 278  643
 278  639
 277  638
 277  636
 276  635
 276  630
 275  629
 275  626
 274  625
 274  623
 273  622
 273  619
 272  618
 272  613
 271  612
 271  610
 270  609
 270  608
 269  607
 269  604
 268  603
 268  601
 267  600
 267  599
 266  598
 266  596
 265  595
 265  593
 263  591
 263  590
 262  589
 262  588
 260  586
 260  585
 259  584
 259  583
 258  582
 258  581
 256  579
 256  578
 255  577
 255  576
 252  573
 252  572
 249  569
 249  567
 246  564
 246  563
 243  560
 243  559
 239  555
 239  554
 238  553
 238  552
 235  549
 235  548
 232  545
 232  544
 230  542
 230  541
 229  540
 229  539
 226  536
 226  534
 225  533
 225  532
 224  531
 224  529
 223  528
 223  527
 222  526
 222  506
 228  500
 229  500
 230  499
 231  499
 233  497
 234  497
 235  496
 236  496
 237  495
 238  495
 239  494
 257  494
 258  495
 260  495
 261  496
 256  491
 256  490
 245  479
 245  478
 242  475
 242  474
 241  473
 241  455
 242  454
 242  453
 246  449
 246  448
 249  445
 249  444
 256  437
 257  437
 258  436
 259  436
 260  435
 261  435
 262  434
 278  434
 267  423
 267  422
 264  419
 264  418
 263  417
 263  401
 269  395
 269  394
 272  391
 272  390
 273  389
 274  389
 278  385
 279  385
 280  384
 282  384
 283  383
 284  383
 285  382
 287  382
 289  380
 289  378
 283  372
 282  372
 273  363
 273  346
 274  345
 274  344
 275  343
 275  341
 276  340
 275  339
 275  336
 274  335
 274  334
 273  333
 273  332
 272  331
 272  329
 270  327
 270  326
 269  325
 269  324
 268  323
 268  322
 266  320
 266  319
 259  312
 259  311
 255  307
 254  307
 251  304
 250  304
 248  302
 247  302
 244  299
 243  299
 241  297
 240  297
 238  295
 237  295
 236  294
 236  280
 237  279
 256  279
 257  280
 270  280
 271  279
 289  279
 290  278
 295  278
 296  277
 297  277
 302  272
 302  271
 305  268
 306  268
 308  266
 309  266
 312  263
 312  261
 313  260
 313  258
 314  257
 314  252
 315  251
 315  246
 316  245
 316  242
 325  233
 325  229
 326  228
 326  225
 327  224
 327  223
 328  222
 328  221
 329  220
 329  218
 330  217
 330  216
 335  211
 335  210
 337  208
 337  207
 338  206
 338  203
 339  202
 339  195
 340  194
 340  192
 341  191
 341  190
 342  189
 342  187
 343  186
 343  184
 344  183
 344  182
 345  181
 345  179
 346  178
 346  175
 348  173
 348  172
 349  171
 349  170
 350  169
 350  167
 351  166
 351  164
 352  163
 352  159
 353  158
 353  157
 354  156
 354  155
 355  154
 355  153
 356  152
 356  150
 358  148
 358  147
 359  146
 359  143
 361  141
 361  140
 363  138
 363  137
 365  135
 365  134
 366  133
 366  130
 367  129
 367  128
 368  127
 368  126
 369  125
 369  123
 370  122
 370  121
 372  119
 372  117
 373  116
 373  114
 374  113
 374  112
 375  111
 375  109
 376  108
 376  107
 377  106
 377  105
 378  104
 378  103
 379  102
 379   99
 380   98
 380   97
 381   96
 381   95
 382   94
 382   93
 384   91
 384   90
 387   87
 387   86
 390   83
 390   82
 392   80
 392   78
 393   77
 393   76
 394   75
 394   74
 397   71
 397   70
 402   65
 402   64
 404   62
 404   61
 409   56
 409   54
 410   53
 410   51
 411   50
 411   49
 412   48
 412   46
 413   45
 413   43
 415   41
 415   40
 416   39
 416   37
 417   36
 417   35
 418   34
 418   32
 419   31
 415   27
 414   27
 412   25
 411   25
 410   24
 409   24
 408   23
 406   23
 405   22
 403   22
 402   21
 397   21
 396   20
 390   20
 389   19
 365   19
 364   18
