 303  214
 302  215
 299  215
 298  216
 296  216
 295  217
 293  217
 292  218
 290  218
 289  219
 288  219
 286  221
 284  221
 283  222
 282  222
 281  223
 277  223
 276  224
 274  224
 273  225
 272  225
 271  226
 270  226
 269  227
 268  227
 267  228
 266  228
 264  230
 263  230
 261  232
 260  232
 259  233
 258  233
 257  234
 256  234
 255  235
 254  235
 252  237
 251  237
 249  239
 248  239
 246  241
 244  241
 243  242
 242  242
 241  243
 240  243
 238  245
 237  245
 236  246
 235  246
 234  247
 233  247
 230  250
 229  250
 227  252
 226  252
 225  253
 224  253
 223  254
 222  254
 220  256
 219  256
 217  258
 216  258
 213  261
 212  261
 210  263
 209  263
 203  269
 202  269
 198  273
 197  273
 192  278
 191  278
 186  283
 185  283
 181  287
 181  288
 179  290
 178  290
 174  294
 174  295
 162  307
 162  308
 158  312
 158  313
 156  315
 156  316
 154  318
 154  320
 152  322
 151  322
 150  323
 149  323
 147  325
 147  332
 149  334
 157  334
 158  335
 158  349
 155  352
 155  355
 154  356
 154  357
 153  358
 153  365
 155  367
 155  368
 160  373
 160  374
 161  375
 161  376
 163  378
 163  379
 164  380
 164  381
 166  383
 166  384
 167  385
 167  386
 169  388
 169  389
 172  392
 172  393
 174  395
 174  397
 175  398
 175  400
 176  401
 176  402
 177  403
 177  406
 178  407
 178  409
 179  410
 179  411
 180  412
 180  414
 181  415
 181  440
 182  441
 182  443
 183  444
 183  446
 187  450
 189  450
 190  451
 192  451
 193  452
 195  452
 196  453
 197  453
 200  456
 200  462
 201  463
 201  467
 204  470
 204  471
 211  464
 212  464
 214  462
 229  462
 237  470
 237  469
 240  466
 240  465
 241  464
 241  463
 242  462
 242  461
 243  460
 243  458
 248  453
 249  453
 250  452
 266  452
 266  451
 267  450
 267  433
 269  431
 270  431
 271  430
 272  430
 274  428
 275  428
 276  427
 276  425
 274  423
 274  422
 273  421
 273  407
 278  402
 278  400
 276  398
 276  397
 275  396
 274  396
 269  391
 269  390
 268  389
 268  383
 267  382
 267  377
 263  373
 263  372
 259  368
 258  368
 257  367
 254  367
 253  366
 251  366
 247  362
 247  343
 248  342
 263  342
 264  343
 267  343
 268  344
 270  344
 271  345
 275  345
 276  344
 277  344
 278  343
 281  343
 283  341
 284  341
 285  340
 287  340
 287  339
 288  338
 288  337
 291  334
 300  334
 301  333
 303  333
 306  330
 306  315
 307  314
 314  314
 315  313
 316  313
 318  311
 318  310
 317  309
 317  308
 316  307
 316  292
 317  291
 320  291
 321  290
 322  290
 323  289
 323  273
 324  272
 326  272
 327  271
 328  271
 330  269
 330  256
 332  254
 332  241
 331  240
 331  239
 329  237
 329  226
 325  222
 324  222
 321  219
 321  218
 318  215
 316  215
 315  214
