 317  144
 316  145
 310  145
 309  146
 307  146
 306  147
 303  147
 302  148
 299  148
 298  149
 296  149
 295  150
 294  150
 293  151
 291  151
 290  152
 289  152
 288  153
 287  153
 286  154
 284  154
 282  156
 281  156
 280  157
 279  157
 278  158
 277  158
 276  159
 275  159
 274  160
 273  160
 272  161
 271  161
 270  162
 269  162
 268  163
 267  163
 265  165
 264  165
 263  166
 262  166
 261  167
 260  167
 259  168
 258  168
 257  169
 256  169
 255  170
 254  170
 252  172
 251  172
 249  174
 248  174
 246  176
 245  176
 243  178
 242  178
 239  181
 238  181
 234  185
 233  185
 230  188
 229  188
 227  190
 226  190
 224  192
 223  192
 221  194
 220  194
 218  196
 217  196
 214  199
 213  199
 210  202
 209  202
 207  204
 206  204
 203  207
 202  207
 200  209
 199  209
 197  211
 196  211
 188  219
 187  219
 181  225
 180  225
 171  234
 170  234
 165  239
 164  239
 159  244
 158  244
 155  247
 155  250
 154  251
 141  251
 139  253
 139  277
 140  278
 143  278
 144  279
 144  293
 142  295
 142  296
 140  298
 140  300
 139  301
 139  304
 138  305
 138  313
 137  314
 137  318
 136  319
 135  319
 134  320
 134  324
 135  325
 135  326
 137  328
 137  330
 138  331
 138  332
 139  333
 139  335
 140  336
 140  339
 141  340
 141  341
 142  342
 142  344
 143  345
 143  348
 144  349
 144  350
 145  351
 145  352
 146  353
 146  355
 147  356
 147  358
 148  359
 148  360
 149  361
 149  364
 150  365
 150  369
 151  370
 151  372
 152  373
 152  377
 153  378
 153  384
 154  385
 154  387
 155  388
 155  390
 156  391
 156  396
 157  397
 157  400
 158  401
 158  405
 159  406
 159  412
 160  413
 160  430
 161  431
 161  436
 162  437
 162  445
 163  446
 163  451
 164  452
 164  453
 166  455
 166  456
 168  458
 169  458
 170  459
 171  459
 172  460
 173  460
 174  461
 175  461
 177  463
 178  463
 181  466
 181  481
 180  482
 180  486
 181  487
 181  488
 183  490
 183  491
 185  493
 186  493
 188  495
 206  495
 210  499
 210  500
 211  501
 212  500
 212  496
 213  495
 213  494
 215  492
 216  492
 217  491
 237  491
 238  492
 239  492
 240  493
 241  493
 242  494
 243  494
 247  498
 247  499
 250  502
 250  503
 251  504
 251  505
 253  507
 253  508
 254  509
 254  510
 255  511
 255  512
 256  513
 256  515
 257  516
 257  519
 258  520
 258  521
 259  522
 259  525
 260  526
 260  537
 261  538
 261  539
 264  542
 264  543
 265  542
 265  540
 264  539
 264  537
 263  536
 263  532
 262  531
 262  528
 261  527
 261  526
 260  525
 260  523
 259  522
 259  518
 257  516
 257  515
 256  514
 256  512
 255  511
 255  510
 254  509
 254  508
 253  507
 253  506
 252  505
 252  504
 250  502
 250  501
 249  500
 249  499
 247  497
 247  496
 246  495
 246  494
 244  492
 244  491
 243  490
 243  489
 242  488
 242  487
 241  486
 241  485
 240  484
 240  483
 239  482
 239  481
 238  480
 238  479
 236  477
 236  476
 235  475
 235  458
 236  457
 236  456
 242  450
 243  450
 244  449
 246  449
 247  448
 248  448
 249  447
 250  447
 252  445
 249  442
 249  441
 248  440
 248  424
 249  423
 249  421
 251  419
 251  418
 253  416
 253  415
 256  412
 256  411
 261  406
 262  406
 265  403
 264  402
 264  401
 263  400
 263  382
 266  379
 266  378
 269  375
 269  374
 270  373
 270  370
 269  369
 269  368
 268  367
 268  366
 264  362
 264  348
 263  347
 263  345
 262  344
 262  342
 261  341
 261  340
 259  338
 259  336
 256  333
 256  332
 247  323
 247  309
 248  308
 254  308
 255  307
 268  307
 269  306
 272  306
 273  305
 274  305
 275  304
 276  304
 281  299
 282  299
 286  295
 286  294
 288  292
 288  291
 290  289
 291  289
 292  288
 292  287
 293  286
 293  285
 294  284
 294  283
 295  282
 295  280
 299  276
 299  274
 300  273
 300  272
 302  270
 302  268
 303  267
 303  265
 304  264
 304  263
 305  262
 305  261
 306  260
 306  257
 308  255
 308  254
 309  253
 309  252
 310  251
 310  250
 312  248
 312  246
 313  245
 313  241
 314  240
 314  236
 315  235
 315  233
 316  232
 316  228
 317  227
 317  226
 318  225
 318  224
 319  223
 319  221
 320  220
 320  218
 321  217
 321  215
 322  214
 322  212
 323  211
 323  209
 324  208
 324  207
 326  205
 326  203
 327  202
 327  201
 328  200
 328  199
 329  198
 329  196
 330  195
 330  193
 331  192
 331  191
 332  190
 332  189
 333  188
 333  186
 334  185
 334  184
 336  182
 336  179
 337  178
 337  177
 338  176
 338  174
 339  173
 339  171
 340  170
 340  169
 342  167
 342  165
 343  164
 343  162
 344  161
 344  160
 345  159
 345  158
 346  157
 346  151
 343  148
 342  148
 341  147
 339  147
 338  146
 337  146
 336  145
 332  145
 331  144
