 338   91
 337   92
 329   92
 328   93
 322   93
 321   94
 318   94
 317   95
 313   95
 312   96
 310   96
 309   97
 306   97
 305   98
 303   98
 302   99
 300   99
 299  100
 297  100
 296  101
 294  101
 293  102
 291  102
 290  103
 289  103
 288  104
 286  104
 285  105
 284  105
 283  106
 281  106
 280  107
 279  107
 278  108
 277  108
 276  109
 274  109
 273  110
 272  110
 271  111
 270  111
 269  112
 268  112
 267  113
 265  113
 263  115
 261  115
 260  116
 259  116
 258  117
 257  117
 256  118
 255  118
 254  119
 253  119
 252  120
 251  120
 249  122
 248  122
 247  123
 246  123
 245  124
 244  124
 243  125
 242  125
 241  126
 240  126
 239  127
 238  127
 237  128
 236  128
 234  130
 233  130
 232  131
 231  131
 229  133
 228  133
 227  134
 226  134
 225  135
 224  135
 222  137
 221  137
 220  138
 219  138
 217  140
 216  140
 214  142
 213  142
 211  144
 210  144
 208  146
 207  146
 206  147
 205  147
 203  149
 202  149
 200  151
 199  151
 197  153
 196  153
 193  156
 192  156
 190  158
 189  158
 186  161
 185  161
 183  163
 182  163
 178  167
 177  167
 175  169
 174  169
 169  174
 168  174
 163  179
 162  179
 144  197
 144  198
 142  200
 141  200
 141  201
 131  211
 131  212
 125  218
 125  219
 120  224
 120  225
 119  226
 118  226
 118  227
 114  231
 114  232
 110  236
 110  237
  97  250
  97  251
  96  252
  96  253
  95  254
  95  255
  94  256
  94  257
  93  258
  93  261
  92  262
  92  263
  91  264
  91  266
  90  267
  90  270
  89  271
  89  272
  88  273
  88  274
  87  275
  87  278
  85  280
  85  281
  84  282
  84  284
  80  288
  80  296
  81  297
  96  297
  97  298
  97  312
  96  313
  95  313
  91  317
  91  318
  90  319
  90  322
  89  323
  89  326
  88  327
  82  327
  81  328
  81  354
  84  357
  84  358
  85  359
  85  360
  86  361
  86  363
  87  364
  87  368
  88  369
  88  371
  89  372
  89  376
  90  377
  90  380
  91  381
  91  383
  92  384
  92  385
  93  386
  93  388
  94  389
  94  391
  95  392
  95  393
  96  394
  96  396
  97  397
  97  398
  98  399
  98  401
  99  402
  99  405
 100  406
 100  411
 101  412
 101  414
 102  415
 102  416
 105  419
 105  420
 106  421
 106  422
 107  423
 107  425
 108  426
 108  427
 110  429
 110  431
 111  432
 111  433
 112  434
 112  435
 113  436
 113  437
 114  438
 114  439
 115  440
 115  441
 120  446
 120  447
 121  448
 121  450
 123  452
 123  453
 124  454
 124  455
 125  456
 125  457
 127  459
 127  460
 128  461
 128  462
 130  464
 130  465
 131  466
 131  467
 134  470
 134  471
 135  472
 135  473
 138  476
 138  477
 140  479
 140  480
 141  481
 141  482
 143  484
 143  485
 144  486
 144  487
 145  488
 145  489
 149  493
 149  494
 154  499
 154  500
 156  502
 156  503
 161  508
 161  509
 162  510
 162  511
 163  512
 163  513
 164  514
 164  516
 165  517
 165  518
 166  519
 166  520
 167  521
 167  522
 168  523
 168  524
 175  531
 175  532
 178  535
 178  536
 179  537
 180  537
 181  538
 181  539
 184  542
 184  545
 185  546
 185  550
 186  551
 186  553
 187  554
 187  558
 188  559
 188  560
 189  561
 189  562
 190  563
 190  564
 191  565
 191  567
 195  571
 197  571
 197  570
 198  569
 198  565
 199  564
 199  558
 200  557
 200  555
 201  554
 201  553
 207  547
 208  547
 209  546
 227  546
 228  547
 229  547
 232  550
 232  551
 234  553
 234  554
 235  555
 235  556
 236  557
 236  558
 237  559
 237  560
 238  561
 238  563
 239  564
 239  565
 240  566
 240  569
 241  570
 241  573
 242  574
 242  575
 244  577
 244  578
 246  580
 246  577
 245  576
 245  575
 244  574
 244  573
 243  572
 243  571
 242  570
 242  568
 241  567
 241  566
 240  565
 240  543
 246  537
 247  537
 248  536
 249  536
 250  535
 266  535
 267  536
 269  536
 270  537
 271  537
 273  539
 274  539
 286  551
 286  552
 288  554
 288  555
 291  558
 291  560
 292  561
 292  562
 293  563
 293  564
 294  565
 294  567
 295  568
 295  570
 296  571
 296  572
 297  573
 297  574
 298  575
 298  578
 299  579
 299  580
 300  581
 300  582
 301  583
 301  585
 303  587
 303  588
 310  595
 311  595
 312  596
 315  596
 318  593
 318  591
 317  590
 317  588
 315  586
 315  585
 313  583
 313  582
 307  576
 307  575
 303  571
 303  570
 297  564
 297  563
 294  560
 294  559
 290  555
 290  554
 273  537
 273  536
 271  534
 271  533
 270  532
 270  531
 268  529
 268  528
 267  527
 267  526
 266  525
 266  523
 265  522
 265  521
 264  520
 264  499
 265  498
 265  497
 267  495
 267  494
 276  485
 277  485
 278  484
 293  484
 293  483
 287  477
 287  476
 285  474
 285  473
 284  472
 284  471
 283  470
 283  452
 284  451
 284  450
 285  449
 285  448
 287  446
 287  445
 293  439
 294  439
 295  438
 297  438
 298  437
 301  437
 303  435
 297  429
 297  428
 296  427
 295  427
 294  426
 294  425
 293  424
 293  423
 290  420
 290  418
 289  417
 289  416
 288  415
 288  414
 287  413
 287  397
 288  396
 288  395
 289  394
 289  393
 291  391
 292  391
 293  390
 295  390
 296  389
 296  387
 294  385
 294  384
 293  383
 293  382
 282  371
 282  370
 281  369
 281  356
 280  355
 280  353
 279  352
 279  351
 276  348
 276  347
 275  347
 274  346
 274  345
 269  340
 268  340
 266  338
 266  324
 267  323
 287  323
 288  322
 294  322
 294  315
 295  314
 299  314
 300  313
 305  313
 306  312
 309  312
 310  311
 312  311
 313  310
 314  310
 319  305
 319  299
 320  298
 321  298
 322  297
 326  297
 328  295
 329  295
 331  293
 331  292
 333  290
 333  289
 334  288
 334  281
 335  280
 335  279
 336  278
 336  277
 337  276
 337  274
 340  271
 340  270
 341  269
 342  269
 343  268
 343  267
 345  265
 345  264
 346  263
 346  262
 347  261
 347  248
 348  247
 348  245
 349  244
 349  243
 350  242
 350  241
 354  237
 354  236
 356  234
 356  233
 357  232
 357  227
 358  226
 358  211
 359  210
 359  209
 360  208
 360  207
 361  206
 361  205
 362  204
 362  203
 363  202
 363  201
 364  200
 364  197
 365  196
 365  194
 366  193
 366  190
 367  189
 367  186
 370  183
 370  182
 372  180
 372  179
 373  178
 373  177
 374  176
 374  175
 376  173
 376  172
 377  171
 377  169
 378  168
 378  167
 380  165
 380  163
 384  159
 384  158
 387  155
 387  154
 389  152
 389  151
 390  150
 390  149
 391  148
 391  147
 392  146
 392  145
 393  144
 393  143
 394  142
 394  140
 395  139
 395  138
 396  137
 396  136
 397  135
 397  132
 398  131
 398  129
 399  128
 399  125
 400  124
 400  118
 401  117
 401  115
 400  114
 400  111
 399  110
 399  109
 397  107
 397  106
 395  104
 394  104
 392  102
 391  102
 390  101
 389  101
 388  100
 387  100
 386   99
 385   99
 384   98
 382   98
 381   97
 379   97
 378   96
 377   96
 376   95
 372   95
 371   94
 369   94
 368   93
 362   93
 361   92
 354   92
 353   91
