 309  135
 308  136
 303  136
 302  137
 297  137
 296  138
 292  138
 291  139
 288  139
 287  140
 283  140
 282  141
 280  141
 279  142
 276  142
 275  143
 273  143
 272  144
 270  144
 269  145
 267  145
 266  146
 264  146
 263  147
 261  147
 260  148
 259  148
 258  149
 255  149
 253  151
 250  151
 249  152
 248  152
 247  153
 246  153
 245  154
 243  154
 242  155
 241  155
 240  156
 239  156
 238  157
 237  157
 236  158
 235  158
 234  159
 233  159
 232  160
 231  160
 230  161
 229  161
 228  162
 227  162
 226  163
 225  163
 223  165
 222  165
 221  166
 220  166
 217  169
 216  169
 214  171
 213  171
 211  173
 210  173
 207  176
 206  176
 203  179
 202  179
 197  184
 196  184
 193  187
 192  187
 187  192
 186  192
 179  199
 178  199
 138  239
 138  240
 127  251
 127  252
 124  255
 124  256
 122  258
 122  259
 119  262
 118  262
 115  265
 115  270
 116  271
 116  272
 119  272
 120  273
 120  287
 118  289
 118  290
 117  291
 117  292
 116  293
 116  295
 115  296
 115  300
 114  301
 114  312
 115  313
 115  334
 116  335
 116  337
 117  338
 117  342
 118  343
 118  347
 119  348
 119  350
 120  351
 120  357
 121  358
 121  365
 122  366
 122  369
 123  370
 123  374
 124  375
 124  380
 125  381
 125  384
 126  385
 126  388
 127  389
 127  395
 128  396
 128  400
 129  401
 129  403
 130  404
 130  408
 131  409
 131  413
 132  414
 132  416
 133  417
 133  420
 134  421
 134  429
 135  430
 135  435
 136  436
 136  439
 137  440
 137  445
 138  446
 138  449
 139  450
 139  452
 140  453
 140  455
 141  456
 141  458
 145  462
 147  462
 149  464
 152  464
 153  465
 154  465
 155  466
 156  466
 160  470
 160  476
 161  477
 161  483
 162  484
 162  485
 163  486
 163  487
 164  488
 164  489
 165  490
 166  490
 167  491
 168  491
 169  492
 170  491
 172  491
 173  490
 174  490
 175  489
 176  489
 179  486
 180  486
 181  485
 183  485
 184  484
 197  484
 198  483
 199  483
 200  482
 201  482
 202  481
 219  481
 225  487
 225  488
 227  490
 227  491
 228  492
 228  493
 229  494
 229  495
 231  497
 231  498
 232  499
 232  500
 234  502
 234  506
 235  507
 235  511
 236  512
 236  514
 237  515
 237  518
 238  519
 238  527
 239  528
 239  530
 240  531
 240  533
 241  534
 241  539
 242  540
 242  542
 244  544
 244  545
 245  546
 245  547
 248  550
 249  550
 250  551
 251  551
 252  552
 255  552
 256  551
 257  551
 258  550
 259  550
 262  547
 262  546
 264  544
 264  539
 263  538
 263  536
 261  534
 261  533
 260  532
 260  531
 258  529
 258  528
 256  526
 256  525
 255  524
 255  523
 254  522
 254  521
 251  518
 251  517
 250  516
 250  514
 248  512
 248  511
 247  510
 247  509
 245  507
 244  507
 240  503
 240  493
 239  492
 239  490
 238  489
 238  487
 237  486
 237  481
 236  480
 236  478
 235  477
 235  475
 234  474
 234  456
 235  455
 235  454
 236  453
 236  452
 237  451
 237  449
 240  446
 240  445
 241  444
 242  444
 245  441
 246  441
 249  438
 250  438
 250  437
 254  433
 254  431
 256  429
 256  427
 257  426
 257  416
 258  415
 258  413
 260  411
 260  410
 262  408
 263  408
 270  401
 270  379
 274  375
 274  374
 275  373
 274  372
 274  370
 273  369
 273  368
 271  366
 271  365
 267  361
 267  360
 264  357
 264  356
 262  354
 262  343
 260  341
 260  340
 257  337
 257  336
 254  333
 254  319
 255  318
 269  318
 270  317
 271  317
 272  316
 273  316
 274  315
 277  315
 278  314
 281  314
 282  313
 286  313
 287  312
 288  312
 289  311
 290  311
 291  310
 291  301
 292  300
 297  300
 298  299
 299  299
 301  297
 301  296
 302  295
 302  290
 303  289
 303  288
 307  284
 307  282
 308  281
 308  279
 309  278
 309  277
 310  276
 310  274
 311  273
 311  272
 313  270
 313  269
 314  268
 314  260
 315  259
 315  255
 316  254
 316  252
 317  251
 317  250
 319  248
 319  247
 320  246
 320  244
 321  243
 321  241
 322  240
 322  238
 323  237
 323  235
 324  234
 324  230
 325  229
 325  228
 326  227
 326  226
 327  225
 327  224
 330  221
 330  220
 331  219
 331  217
 332  216
 332  215
 333  214
 333  213
 334  212
 334  209
 335  208
 335  207
 336  206
 336  205
 343  198
 343  197
 345  195
 345  194
 347  192
 347  191
 353  185
 353  184
 354  183
 354  182
 357  179
 357  178
 358  177
 358  176
 361  173
 361  172
 363  170
 363  169
 364  168
 364  166
 366  164
 366  162
 367  161
 367  154
 366  153
 366  152
 365  151
 365  150
 364  149
 364  147
 363  146
 363  145
 360  142
 359  142
 357  140
 356  140
 355  139
 354  139
 353  138
 351  138
 350  137
 347  137
 346  136
 341  136
 340  135
