 334   71
 333   72
 327   72
 326   73
 320   73
 319   74
 315   74
 314   75
 310   75
 309   76
 306   76
 305   77
 302   77
 301   78
 298   78
 297   79
 295   79
 294   80
 292   80
 291   81
 289   81
 288   82
 285   82
 284   83
 283   83
 282   84
 280   84
 279   85
 277   85
 276   86
 274   86
 273   87
 271   87
 270   88
 268   88
 267   89
 266   89
 265   90
 263   90
 262   91
 260   91
 259   92
 258   92
 257   93
 255   93
 254   94
 253   94
 252   95
 251   95
 250   96
 249   96
 248   97
 246   97
 245   98
 244   98
 243   99
 242   99
 241  100
 240  100
 239  101
 238  101
 237  102
 236  102
 235  103
 234  103
 233  104
 232  104
 231  105
 230  105
 229  106
 228  106
 227  107
 226  107
 225  108
 224  108
 222  110
 221  110
 220  111
 219  111
 218  112
 217  112
 216  113
 215  113
 213  115
 212  115
 211  116
 210  116
 209  117
 208  117
 206  119
 205  119
 204  120
 203  120
 201  122
 200  122
 198  124
 197  124
 195  126
 194  126
 193  127
 192  127
 190  129
 189  129
 187  131
 186  131
 183  134
 182  134
 180  136
 179  136
 176  139
 175  139
 173  141
 172  141
 169  144
 168  144
 166  146
 165  146
 163  148
 162  148
 159  151
 158  151
 155  154
 154  154
 151  157
 150  157
 146  161
 145  161
 137  169
 136  169
 130  175
 129  175
 116  188
 116  189
 109  196
 109  197
 103  203
 103  204
 100  207
 100  208
  98  210
  98  211
  96  213
  96  214
  95  215
  95  216
  92  219
  92  220
  90  222
  90  223
  88  225
  88  226
  86  228
  86  229
  85  230
  85  231
  84  232
  84  233
  83  234
  83  236
  82  237
  82  238
  80  240
  80  241
  79  242
  79  243
  78  244
  78  245
  76  247
  76  248
  74  250
  74  251
  72  253
  72  254
  70  256
  70  301
  72  303
  72  320
  71  321
  71  330
  69  332
  69  336
  72  339
  72  340
  74  342
  74  343
  75  344
  75  345
  78  348
  78  349
  79  350
  79  351
  80  352
  80  353
  81  354
  81  355
  82  356
  82  359
  83  360
  83  361
  84  362
  84  363
  85  364
  85  366
  86  367
  86  369
  88  371
  88  373
  89  374
  89  377
  90  378
  90  379
  91  380
  91  381
  92  382
  92  385
  93  386
  93  388
  94  389
  94  390
  95  391
  95  394
  96  395
  96  397
  97  398
  97  399
  98  400
  98  404
  99  405
  99  408
 100  409
 100  410
 101  411
 101  413
 102  414
 102  419
 103  420
 103  422
 104  423
 104  424
 105  425
 105  429
 106  430
 106  432
 107  433
 107  434
 108  435
 108  438
 109  439
 109  442
 110  443
 110  444
 111  445
 111  446
 112  447
 112  450
 113  451
 113  453
 114  454
 114  455
 115  456
 115  459
 116  460
 116  462
 117  463
 117  464
 118  465
 118  467
 119  468
 119  472
 120  473
 120  474
 121  475
 121  477
 122  478
 122  483
 123  484
 123  486
 124  487
 124  488
 125  489
 125  492
 126  493
 126  496
 127  497
 127  498
 128  499
 128  503
 129  504
 129  508
 130  509
 130  511
 131  512
 131  514
 132  515
 132  517
 133  518
 133  519
 138  524
 139  524
 140  525
 141  525
 142  526
 146  526
 147  527
 154  527
 156  529
 156  533
 157  534
 157  537
 158  538
 158  540
 159  541
 159  545
 160  546
 160  547
 161  548
 161  549
 162  550
 162  551
 163  552
 163  553
 164  554
 164  555
 170  561
 171  561
 172  562
 174  562
 175  563
 176  562
 178  562
 179  561
 180  561
 182  559
 183  559
 185  557
 187  557
 188  556
 206  556
 207  557
 208  557
 209  558
 210  558
 212  560
 213  560
 214  561
 220  561
 221  560
 222  560
 223  559
 243  559
 244  560
 245  560
 246  561
 247  561
 248  562
 249  562
 264  577
 264  578
 266  580
 266  581
 269  584
 269  585
 272  588
 272  589
 273  590
 273  592
 274  593
 274  594
 276  596
 276  598
 277  599
 277  600
 279  602
 279  603
 280  604
 280  605
 288  613
 289  613
 290  614
 291  614
 293  616
 294  616
 295  617
 297  617
 298  616
 299  616
 302  613
 302  612
 305  609
 305  607
 306  606
 306  603
 305  602
 305  600
 304  599
 304  598
 303  597
 303  596
 302  595
 302  593
 301  592
 301  591
 300  590
 300  589
 298  587
 298  586
 297  585
 296  585
 294  583
 293  583
 292  582
 291  582
 290  581
 289  581
 287  579
 286  579
 282  575
 281  575
 278  572
 277  572
 274  569
 273  569
 262  558
 262  557
 261  556
 261  555
 258  552
 258  551
 256  549
 256  548
 255  547
 255  546
 254  545
 254  544
 252  542
 252  539
 251  538
 251  535
 250  534
 250  533
 249  532
 249  511
 250  510
 250  509
 251  508
 251  507
 252  506
 252  504
 254  502
 254  501
 263  492
 264  492
 264  491
 265  490
 265  489
 267  487
 267  486
 268  485
 268  455
 271  452
 271  451
 272  450
 272  449
 275  446
 276  446
 277  445
 278  445
 279  444
 281  444
 282  443
 284  443
 286  441
 287  441
 288  440
 288  439
 289  438
 289  432
 288  431
 288  429
 286  427
 286  426
 285  425
 285  421
 284  420
 284  404
 291  397
 291  396
 289  394
 289  392
 288  391
 288  390
 286  388
 286  387
 283  384
 283  383
 276  376
 276  375
 273  372
 273  371
 272  370
 272  355
 271  354
 271  353
 269  351
 269  350
 268  349
 268  348
 265  345
 265  344
 261  340
 261  326
 262  325
 270  325
 271  324
 283  324
 283  319
 286  316
 289  316
 290  315
 294  315
 295  314
 297  314
 298  313
 300  313
 301  312
 302  312
 306  308
 307  308
 309  306
 310  306
 310  305
 313  302
 316  302
 318  300
 318  299
 319  298
 319  297
 322  294
 322  293
 323  292
 323  291
 324  290
 324  288
 325  287
 325  285
 326  284
 326  282
 328  280
 328  279
 329  278
 329  277
 330  276
 330  275
 331  274
 331  273
 332  272
 332  271
 333  270
 333  269
 335  267
 335  266
 336  265
 336  264
 338  262
 338  260
 340  258
 340  257
 341  256
 341  255
 342  254
 342  252
 343  251
 343  248
 344  247
 344  246
 345  245
 345  243
 346  242
 346  241
 348  239
 348  238
 349  237
 349  236
 351  234
 351  233
 352  232
 352  231
 354  229
 354  228
 355  227
 355  225
 356  224
 356  221
 357  220
 357  218
 358  217
 358  213
 359  212
 359  207
 360  206
 360  205
 361  204
 361  202
 362  201
 362  199
 363  198
 363  197
 364  196
 364  195
 365  194
 365  192
 366  191
 366  189
 368  187
 368  185
 369  184
 369  183
 370  182
 370  181
 371  180
 371  179
 372  178
 372  176
 373  175
 373  174
 375  172
 375  170
 376  169
 376  168
 378  166
 378  164
 380  162
 380  161
 382  159
 382  158
 383  157
 383  156
 384  155
 384  154
 385  153
 385  152
 386  151
 386  150
 389  147
 389  146
 391  144
 391  143
 392  142
 392  141
 394  139
 394  138
 395  137
 395  136
 397  134
 397  133
 399  131
 399  129
 401  127
 401  125
 402  124
 402  123
 403  122
 403  121
 405  119
 405  118
 406  117
 406  116
 408  114
 408  113
 409  112
 409  110
 410  109
 410  103
 411  102
 411   94
 410   93
 410   92
 406   88
 405   88
 403   86
 402   86
 400   84
 399   84
 397   82
 396   82
 395   81
 394   81
 393   80
 391   80
 390   79
 388   79
 387   78
 386   78
 385   77
 382   77
 381   76
 379   76
 378   75
 375   75
 374   74
 372   74
 371   73
 367   73
 366   72
 361   72
 360   71
