 349   38
 348   39
 341   39
 340   40
 333   40
 332   41
 329   41
 328   42
 324   42
 323   43
 319   43
 318   44
 315   44
 314   45
 311   45
 310   46
 308   46
 307   47
 304   47
 303   48
 301   48
 300   49
 298   49
 297   50
 295   50
 294   51
 292   51
 291   52
 289   52
 288   53
 286   53
 285   54
 282   54
 281   55
 280   55
 279   56
 277   56
 276   57
 274   57
 273   58
 271   58
 270   59
 269   59
 268   60
 266   60
 265   61
 264   61
 263   62
 262   62
 261   63
 259   63
 258   64
 257   64
 256   65
 254   65
 253   66
 252   66
 251   67
 249   67
 248   68
 247   68
 246   69
 245   69
 244   70
 243   70
 242   71
 240   71
 239   72
 238   72
 237   73
 236   73
 235   74
 233   74
 231   76
 230   76
 229   77
 228   77
 227   78
 226   78
 225   79
 224   79
 223   80
 222   80
 221   81
 220   81
 219   82
 218   82
 217   83
 216   83
 215   84
 214   84
 213   85
 212   85
 211   86
 210   86
 209   87
 208   87
 206   89
 205   89
 204   90
 203   90
 201   92
 200   92
 198   94
 197   94
 195   96
 194   96
 192   98
 191   98
 189  100
 188  100
 187  101
 186  101
 185  102
 184  102
 182  104
 181  104
 179  106
 178  106
 174  110
 173  110
 169  114
 168  114
 165  117
 164  117
 162  119
 161  119
 159  121
 158  121
 155  124
 154  124
 152  126
 151  126
 148  129
 147  129
 140  136
 139  136
 133  142
 132  142
 126  148
 125  148
 116  157
 115  157
 113  159
 112  159
 111  160
 108  160
 107  161
 106  161
 100  167
 100  168
  94  174
  94  175
  93  176
  93  178
  92  179
  92  183
  90  185
  90  186
  88  188
  88  189
  86  191
  86  192
  82  196
  82  197
  79  200
  79  201
  75  205
  75  206
  73  208
  73  209
  71  211
  71  212
  69  214
  69  215
  67  217
  67  218
  66  219
  66  220
  65  221
  65  222
  63  224
  63  226
  62  227
  62  229
  61  230
  61  231
  60  232
  60  233
  59  234
  59  278
  60  279
  77  279
  78  280
  78  294
  76  296
  75  296
  74  297
  72  297
  71  298
  65  298
  64  299
  64  300
  63  301
  63  316
  64  317
  64  319
  66  321
  66  322
  67  323
  67  324
  69  326
  69  327
  70  328
  70  329
  72  331
  72  333
  73  334
  73  336
  75  338
  75  339
  76  340
  76  342
  77  343
  77  344
  78  345
  78  346
  79  347
  79  349
  80  350
  80  351
  81  352
  81  353
  82  354
  82  356
  83  357
  83  359
  84  360
  84  362
  85  363
  85  365
  86  366
  86  369
  87  370
  87  371
  88  372
  88  373
  89  374
  89  378
  90  379
  90  382
  91  383
  91  384
  92  385
  92  387
  93  388
  93  391
  94  392
  94  393
  95  394
  95  396
  96  397
  96  401
  97  402
  97  405
  98  406
  98  408
  99  409
  99  415
 100  416
 100  419
 101  420
 101  422
 102  423
 102  429
 103  430
 103  435
 104  436
 104  439
 105  440
 105  447
 106  448
 106  456
 107  457
 107  462
 108  463
 108  469
 109  470
 109  478
 110  479
 110  481
 111  482
 111  483
 112  484
 112  486
 113  487
 113  489
 114  490
 114  491
 115  492
 115  493
 116  494
 116  496
 117  497
 117  499
 119  501
 119  502
 120  503
 120  504
 121  505
 121  506
 123  508
 123  509
 125  511
 126  511
 127  512
 128  512
 129  513
 146  513
 149  516
 149  536
 150  537
 150  544
 151  545
 151  548
 152  549
 152  553
 153  554
 153  557
 154  558
 154  559
 156  561
 156  562
 157  563
 157  565
 159  567
 159  568
 165  574
 166  574
 168  576
 170  576
 171  577
 173  577
 174  576
 177  576
 178  575
 179  575
 185  569
 185  566
 186  565
 186  563
 187  562
 187  560
 188  559
 188  558
 190  556
 206  556
 209  559
 209  560
 210  561
 210  562
 214  566
 214  567
 216  569
 217  569
 219  571
 220  571
 221  572
 223  572
 224  571
 226  571
 233  564
 248  564
 256  572
 256  573
 259  576
 259  577
 260  578
 260  579
 263  582
 263  583
 265  585
 265  586
 267  588
 267  590
 270  593
 270  595
 272  597
 272  598
 273  599
 273  600
 274  601
 274  602
 275  603
 275  604
 276  605
 276  606
 277  607
 277  608
 279  610
 279  611
 280  612
 280  613
 281  614
 281  615
 283  617
 283  619
 284  620
 284  621
 285  622
 285  623
 286  624
 286  625
 287  626
 287  628
 289  630
 289  631
 290  632
 290  634
 292  636
 292  637
 294  639
 294  640
 300  646
 301  646
 303  648
 304  648
 305  649
 308  649
 309  650
 310  649
 314  649
 315  648
 316  648
 318  646
 319  646
 319  645
 323  641
 323  639
 325  637
 325  634
 326  633
 326  622
 325  621
 325  619
 324  618
 324  617
 323  616
 323  614
 322  613
 322  611
 320  609
 320  608
 319  607
 319  606
 318  605
 318  604
 316  602
 316  601
 313  598
 313  597
 309  593
 309  592
 303  586
 303  585
 286  568
 286  567
 282  563
 282  562
 279  559
 279  558
 276  555
 276  554
 273  551
 273  550
 272  549
 272  548
 269  545
 269  543
 267  541
 267  540
 266  539
 266  538
 265  537
 265  536
 263  534
 263  533
 262  532
 262  530
 261  529
 261  528
 260  527
 260  526
 259  525
 259  505
 260  504
 260  503
 261  502
 262  502
 264  500
 267  500
 269  498
 270  498
 272  496
 272  495
 273  494
 273  493
 275  491
 275  489
 276  488
 276  486
 275  485
 275  481
 274  480
 274  479
 273  478
 273  476
 272  475
 272  473
 270  471
 270  470
 269  469
 269  453
 270  452
 270  451
 271  450
 271  449
 272  448
 272  447
 274  445
 281  445
 282  444
 284  444
 287  441
 287  440
 288  439
 288  436
 287  435
 287  433
 286  432
 286  430
 285  429
 285  428
 283  426
 283  425
 280  422
 280  421
 279  420
 279  404
 280  403
 280  402
 281  401
 281  399
 282  398
 282  397
 283  396
 284  396
 285  395
 286  395
 287  394
 290  394
 291  393
 292  393
 294  391
 294  390
 295  389
 295  386
 294  385
 294  384
 293  383
 293  381
 292  380
 292  379
 290  377
 290  376
 289  375
 289  374
 286  371
 286  370
 278  362
 277  362
 274  359
 273  359
 270  356
 270  355
 269  354
 269  353
 267  351
 267  350
 266  349
 266  346
 265  345
 265  342
 264  341
 264  333
 263  332
 263  330
 262  329
 262  328
 247  313
 246  313
 240  307
 239  307
 236  304
 235  304
 233  302
 232  302
 228  298
 228  284
 229  283
 257  283
 258  282
 279  282
 280  281
 282  281
 283  280
 284  280
 285  279
 290  279
 296  273
 296  272
 297  271
 297  270
 303  264
 304  264
 309  259
 310  259
 313  256
 313  255
 316  252
 316  251
 318  249
 318  247
 319  246
 319  242
 320  241
 320  236
 321  235
 321  233
 323  231
 323  230
 324  229
 325  229
 329  225
 329  224
 333  220
 333  219
 334  218
 334  217
 335  216
 335  214
 336  213
 336  198
 338  196
 338  195
 339  194
 339  193
 346  186
 346  185
 349  182
 349  179
 350  178
 350  176
 351  175
 351  170
 352  169
 352  166
 353  165
 353  164
 354  163
 355  163
 365  153
 365  152
 366  151
 366  150
 368  148
 368  147
 369  146
 369  143
 371  141
 371  140
 373  138
 374  138
 376  136
 377  136
 387  126
 387  125
 389  123
 389  122
 390  121
 390  120
 392  118
 392  117
 393  116
 393  115
 395  113
 395  112
 398  109
 399  109
 402  106
 402  105
 408   99
 408   98
 410   96
 410   95
 412   93
 412   92
 413   91
 413   89
 414   88
 414   87
 415   86
 415   85
 416   84
 416   83
 417   82
 417   81
 418   80
 418   79
 419   78
 419   76
 420   75
 420   71
 421   70
 421   62
 422   61
 421   60
 421   58
 420   57
 420   56
 419   55
 419   54
 418   53
 417   53
 415   51
 414   51
 412   49
 410   49
 409   48
 408   48
 407   47
 405   47
 404   46
 403   46
 402   45
 400   45
 399   44
 397   44
 396   43
 393   43
 392   42
 388   42
 387   41
 383   41
 382   40
 376   40
 375   39
 368   39
 367   38
