 313  142
 312  143
 306  143
 305  144
 302  144
 301  145
 298  145
 297  146
 295  146
 294  147
 292  147
 291  148
 289  148
 288  149
 287  149
 286  150
 285  150
 284  151
 283  151
 282  152
 281  152
 280  153
 279  153
 278  154
 277  154
 275  156
 274  156
 273  157
 272  157
 271  158
 270  158
 268  160
 267  160
 265  162
 264  162
 262  164
 261  164
 258  167
 257  167
 253  171
 252  171
 247  176
 246  176
 222  200
 222  201
 212  211
 212  212
 209  215
 209  216
 207  218
 207  219
 205  221
 205  222
 202  225
 202  226
 201  227
 201  228
 199  230
 199  231
 197  233
 197  234
 195  236
 195  237
 193  239
 193  240
 191  242
 191  243
 189  245
 189  246
 187  248
 187  249
 186  250
 186  251
 185  252
 185  253
 183  255
 183  256
 182  257
 182  258
 180  260
 180  261
 178  263
 178  264
 176  266
 176  267
 175  268
 175  269
 172  272
 172  273
 170  275
 170  276
 169  277
 169  278
 168  279
 168  280
 166  282
 166  283
 163  286
 163  287
 162  288
 162  289
 159  292
 159  293
 158  294
 158  295
 155  298
 155  299
 154  300
 154  301
 152  303
 152  304
 151  305
 151  306
 149  308
 149  309
 148  310
 148  311
 146  313
 146  314
 145  315
 145  316
 142  319
 142  320
 140  322
 140  323
 139  324
 139  334
 141  336
 145  336
 146  337
 146  352
 145  353
 141  353
 139  355
 139  371
 140  372
 140  373
 141  373
 144  376
 144  377
 146  379
 146  380
 149  383
 149  384
 150  385
 150  386
 153  389
 153  390
 156  393
 156  394
 158  396
 158  397
 160  399
 160  400
 162  402
 162  403
 164  405
 164  406
 166  408
 166  409
 167  410
 167  411
 168  412
 168  413
 169  414
 169  416
 170  417
 170  418
 171  419
 171  420
 172  421
 172  423
 173  424
 173  425
 174  426
 174  427
 175  428
 175  430
 176  431
 176  433
 177  434
 177  435
 178  436
 178  439
 179  440
 179  443
 180  444
 180  446
 181  447
 181  451
 182  452
 182  460
 183  461
 183  464
 184  465
 184  467
 185  468
 185  474
 186  475
 186  479
 187  480
 187  483
 188  484
 188  487
 189  488
 189  490
 191  492
 191  493
 192  494
 192  495
 193  496
 193  497
 198  502
 199  502
 200  503
 214  503
 216  505
 216  515
 217  516
 217  517
 218  518
 218  519
 219  520
 219  521
 223  525
 223  526
 224  526
 227  529
 228  529
 229  530
 231  530
 232  529
 232  528
 233  527
 233  526
 236  523
 237  523
 238  522
 239  522
 241  520
 257  520
 259  522
 259  523
 260  524
 260  525
 262  527
 262  528
 263  529
 263  530
 267  534
 268  534
 268  533
 267  532
 267  517
 271  513
 273  513
 274  512
 293  512
 294  513
 295  513
 297  515
 298  515
 300  517
 301  517
 303  519
 304  519
 309  524
 310  524
 320  534
 321  534
 326  539
 327  539
 330  542
 331  542
 332  543
 333  543
 335  545
 335  543
 334  542
 334  541
 331  538
 330  538
 323  531
 322  531
 317  526
 316  526
 313  523
 312  523
 310  521
 309  521
 303  515
 302  515
 291  504
 291  503
 289  501
 289  500
 288  499
 288  498
 287  497
 287  482
 288  481
 288  479
 294  473
 303  473
 305  471
 306  471
 306  470
 305  469
 305  468
 304  467
 304  466
 301  463
 301  462
 296  457
 296  438
 298  436
 298  435
 300  433
 301  433
 302  432
 303  432
 304  431
 305  431
 306  430
 307  430
 309  428
 309  427
 308  426
 308  425
 305  422
 305  421
 304  420
 304  405
 305  404
 305  400
 309  396
 308  395
 308  394
 307  393
 307  392
 305  390
 305  389
 304  388
 303  388
 300  385
 300  384
 297  381
 297  380
 294  377
 294  376
 293  375
 293  374
 292  373
 292  372
 290  370
 289  370
 286  367
 285  367
 283  365
 282  365
 281  364
 280  364
 279  363
 278  363
 277  362
 277  348
 278  347
 278  341
 280  339
 291  339
 292  338
 294  338
 296  336
 297  336
 302  331
 303  331
 304  330
 304  329
 306  327
 306  326
 307  325
 307  324
 308  323
 308  322
 309  321
 309  320
 311  318
 311  317
 312  316
 312  313
 313  312
 313  310
 314  309
 314  306
 315  305
 315  297
 318  294
 318  291
 319  290
 319  288
 320  287
 320  269
 321  268
 321  266
 322  265
 322  243
 324  241
 324  240
 325  239
 325  237
 326  236
 326  234
 327  233
 327  231
 328  230
 328  213
 330  211
 330  210
 331  209
 331  208
 332  207
 332  201
 333  200
 333  195
 334  194
 334  192
 337  189
 337  188
 338  187
 338  184
 339  183
 339  177
 340  176
 340  173
 341  172
 341  156
 340  155
 340  154
 339  153
 339  152
 338  151
 338  150
 335  147
 334  147
 332  145
 331  145
 330  144
 328  144
 327  143
 323  143
 322  142
