 297  226
 296  227
 292  227
 291  228
 288  228
 287  229
 285  229
 284  230
 282  230
 281  231
 280  231
 279  232
 278  232
 277  233
 276  233
 275  234
 274  234
 273  235
 272  235
 271  236
 270  236
 269  237
 268  237
 266  239
 265  239
 264  240
 263  240
 262  241
 261  241
 259  243
 258  243
 257  244
 256  244
 255  245
 254  245
 253  246
 252  246
 251  247
 250  247
 249  248
 248  248
 247  249
 246  249
 245  250
 244  250
 242  252
 241  252
 240  253
 239  253
 237  255
 236  255
 235  256
 234  256
 233  257
 232  257
 230  259
 229  259
 228  260
 227  260
 225  262
 224  262
 222  264
 221  264
 218  267
 217  267
 215  269
 214  269
 211  272
 210  272
 206  276
 205  276
 203  278
 202  278
 200  280
 198  280
 197  281
 190  281
 189  282
 188  282
 181  289
 180  289
 178  291
 177  291
 173  295
 173  303
 168  308
 168  309
 164  313
 163  313
 161  315
 161  316
 158  319
 157  319
 156  320
 153  320
 152  321
 152  331
 153  332
 155  332
 156  333
 156  359
 161  364
 161  365
 162  365
 164  367
 164  368
 167  371
 167  372
 169  374
 169  375
 171  377
 171  378
 175  382
 175  383
 177  385
 177  386
 179  388
 179  389
 181  391
 181  392
 183  394
 183  395
 184  396
 184  397
 186  399
 186  400
 187  401
 187  402
 188  403
 188  404
 189  405
 189  406
 190  407
 190  408
 191  409
 191  410
 192  411
 192  413
 193  414
 193  415
 194  416
 194  419
 195  420
 195  422
 196  423
 196  426
 197  427
 197  432
 198  433
 198  437
 199  438
 199  439
 200  440
 200  441
 201  442
 202  442
 203  443
 205  443
 208  446
 208  447
 209  448
 209  449
 210  450
 210  452
 211  453
 211  454
 212  455
 212  456
 216  460
 217  460
 218  459
 218  458
 219  457
 219  456
 220  455
 220  454
 221  453
 235  453
 238  456
 239  456
 240  457
 241  457
 241  456
 242  455
 242  454
 243  453
 243  451
 244  450
 244  448
 245  447
 245  444
 247  442
 259  442
 260  441
 262  441
 263  440
 264  440
 264  439
 265  438
 265  436
 266  435
 266  430
 267  429
 267  423
 268  422
 270  422
 271  421
 272  421
 273  420
 274  420
 276  418
 275  417
 275  414
 274  413
 274  412
 273  411
 273  410
 272  409
 272  394
 274  392
 273  391
 273  390
 272  389
 272  388
 269  385
 269  384
 264  379
 264  378
 263  377
 263  369
 262  368
 262  367
 256  361
 255  361
 254  360
 252  360
 251  359
 248  359
 247  358
 247  349
 246  348
 246  334
 247  333
 252  333
 253  332
 278  332
 281  329
 287  329
 288  328
 289  328
 290  327
 291  327
 291  326
 292  325
 292  324
 294  322
 297  322
 298  321
 300  321
 301  320
 302  320
 303  319
 303  318
 304  317
 304  316
 305  315
 305  309
 306  308
 308  308
 309  307
 311  307
 315  303
 315  302
 316  301
 316  292
 320  288
 321  288
 324  285
 324  283
 325  282
 325  270
 327  268
 327  247
 323  243
 323  237
 322  236
 322  235
 320  233
 319  233
 317  231
 315  231
 313  229
 312  229
 311  228
 310  228
 309  227
 308  227
 307  226
