 298  138
 297  139
 293  139
 292  140
 290  140
 289  141
 286  141
 285  142
 284  142
 283  143
 281  143
 280  144
 279  144
 278  145
 276  145
 275  146
 274  146
 273  147
 272  147
 271  148
 270  148
 269  149
 268  149
 267  150
 266  150
 265  151
 264  151
 262  153
 261  153
 260  154
 259  154
 257  156
 256  156
 253  159
 252  159
 248  163
 247  163
 226  184
 226  185
 220  191
 220  192
 215  197
 215  198
 212  201
 212  202
 209  205
 209  206
 207  208
 207  209
 205  211
 205  212
 202  215
 202  217
 199  220
 199  221
 197  223
 197  224
 196  225
 196  226
 195  227
 195  228
 193  230
 193  231
 192  232
 192  233
 190  235
 190  236
 189  237
 189  238
 187  240
 187  241
 185  243
 185  244
 184  245
 184  246
 182  248
 182  249
 181  250
 181  251
 179  253
 179  254
 178  255
 178  256
 176  258
 176  259
 175  260
 175  261
 174  262
 174  263
 173  264
 173  265
 172  266
 172  268
 169  271
 169  273
 168  274
 168  275
 167  276
 167  277
 166  278
 166  279
 165  280
 165  281
 164  282
 164  283
 162  285
 162  288
 160  290
 160  291
 159  292
 159  293
 158  294
 158  295
 157  296
 156  296
 155  297
 150  297
 149  298
 149  334
 150  335
 154  335
 158  339
 158  353
 157  354
 154  354
 153  355
 153  375
 154  376
 154  377
 155  378
 155  380
 156  381
 156  385
 157  386
 157  389
 158  390
 158  394
 159  395
 159  399
 160  400
 160  402
 161  403
 161  406
 162  407
 162  410
 163  411
 163  413
 164  414
 164  415
 165  416
 165  418
 166  419
 166  420
 167  421
 167  422
 169  424
 169  425
 177  433
 178  433
 188  443
 188  444
 190  446
 190  447
 192  449
 192  450
 194  452
 194  453
 207  466
 208  466
 210  468
 211  468
 212  469
 213  469
 216  472
 216  473
 218  475
 218  476
 219  477
 219  499
 220  500
 220  502
 224  506
 226  506
 227  505
 249  505
 250  506
 251  506
 256  511
 256  513
 257  514
 257  515
 258  516
 258  517
 259  518
 259  519
 261  521
 262  521
 264  519
 265  519
 266  518
 283  518
 284  519
 286  519
 287  520
 289  520
 290  521
 291  521
 297  527
 298  527
 302  531
 302  532
 304  534
 304  535
 306  537
 306  538
 309  541
 309  542
 310  543
 311  543
 313  545
 314  545
 315  546
 316  546
 317  547
 318  547
 319  548
 320  548
 321  549
 325  549
 326  550
 327  549
 329  549
 331  547
 330  546
 329  546
 327  544
 326  544
 325  543
 324  543
 323  542
 322  542
 321  541
 320  541
 318  539
 317  539
 315  537
 314  537
 310  533
 309  533
 308  532
 308  531
 307  530
 306  530
 305  529
 305  528
 304  527
 304  526
 302  524
 302  523
 300  521
 300  520
 298  518
 298  517
 296  515
 296  514
 295  513
 295  512
 294  511
 294  510
 292  508
 292  505
 291  504
 291  502
 290  501
 290  500
 289  499
 289  497
 288  496
 288  478
 289  477
 289  475
 294  470
 295  470
 298  467
 298  466
 297  465
 297  464
 295  462
 295  459
 294  458
 294  439
 295  438
 295  435
 296  434
 296  433
 302  427
 302  426
 303  425
 303  424
 302  423
 302  403
 303  402
 303  401
 305  399
 305  393
 302  390
 302  389
 300  387
 300  386
 298  384
 298  383
 297  382
 297  381
 296  380
 296  378
 295  377
 295  371
 294  370
 294  367
 293  366
 293  365
 292  364
 292  363
 291  362
 291  361
 287  357
 286  357
 285  356
 284  356
 282  354
 274  354
 273  353
 273  339
 274  338
 276  338
 277  337
 278  337
 279  336
 281  336
 283  334
 284  334
 286  332
 287  332
 289  330
 290  330
 295  325
 295  324
 298  321
 298  320
 300  318
 300  317
 301  316
 301  314
 302  313
 302  309
 303  308
 303  306
 304  305
 304  304
 305  303
 305  298
 306  297
 306  292
 307  291
 307  281
 308  280
 308  272
 307  271
 307  265
 306  264
 306  260
 305  259
 305  248
 304  247
 304  242
 303  241
 303  238
 302  237
 302  219
 303  218
 303  217
 304  216
 304  214
 305  213
 305  211
 306  210
 306  209
 308  207
 308  205
 309  204
 309  202
 310  201
 310  200
 311  199
 311  195
 312  194
 312  190
 313  189
 313  187
 314  186
 314  162
 313  161
 313  157
 312  156
 312  149
 311  148
 311  146
 308  143
 308  142
 306  140
 305  140
 304  139
 302  139
 301  138
