 334  144
 333  145
 329  145
 328  146
 323  146
 322  147
 318  147
 317  148
 315  148
 314  149
 311  149
 310  150
 308  150
 307  151
 304  151
 303  152
 301  152
 300  153
 298  153
 297  154
 295  154
 294  155
 292  155
 291  156
 290  156
 289  157
 287  157
 286  158
 285  158
 284  159
 283  159
 282  160
 280  160
 279  161
 278  161
 277  162
 276  162
 275  163
 274  163
 273  164
 272  164
 271  165
 270  165
 269  166
 268  166
 267  167
 266  167
 265  168
 264  168
 263  169
 262  169
 260  171
 259  171
 258  172
 257  172
 256  173
 255  173
 254  174
 253  174
 252  175
 251  175
 249  177
 248  177
 247  178
 246  178
 244  180
 243  180
 241  182
 240  182
 239  183
 238  183
 236  185
 235  185
 233  187
 232  187
 230  189
 229  189
 227  191
 226  191
 224  193
 223  193
 221  195
 220  195
 217  198
 216  198
 214  200
 213  200
 210  203
 209  203
 207  205
 206  205
 203  208
 202  208
 199  211
 198  211
 195  214
 194  214
 190  218
 189  218
 181  226
 180  226
 174  232
 173  232
 146  259
 146  260
 140  266
 140  267
 136  271
 136  272
 131  277
 131  278
 128  281
 128  282
 125  285
 125  286
 122  289
 122  290
 120  292
 120  293
 118  295
 118  296
 116  298
 116  299
 115  300
 115  301
 114  302
 114  303
 112  305
 112  306
 111  307
 111  308
 110  309
 110  310
 109  311
 109  313
 108  314
 108  315
 107  316
 107  317
 106  318
 106  319
 105  320
 105  321
 104  322
 104  323
 103  324
 103  347
 104  348
 111  348
 112  349
 112  363
 111  364
 111  365
 110  366
 110  368
 109  369
 109  373
 108  374
 108  383
 107  384
 103  384
 101  386
 101  393
 102  394
 102  395
 104  397
 104  398
 105  399
 105  400
 106  401
 106  404
 107  405
 107  406
 108  407
 108  408
 109  409
 109  411
 110  412
 110  413
 111  414
 111  415
 112  416
 112  418
 113  419
 113  420
 115  422
 115  425
 116  426
 116  427
 117  428
 117  429
 118  430
 118  432
 119  433
 119  434
 120  435
 120  436
 121  437
 121  439
 122  440
 122  445
 123  446
 123  447
 124  448
 124  450
 125  451
 125  457
 126  458
 126  461
 127  462
 127  465
 128  466
 128  470
 129  471
 129  473
 130  474
 130  475
 131  476
 131  477
 132  478
 132  479
 133  480
 133  481
 135  483
 135  484
 137  486
 137  487
 139  489
 139  490
 142  493
 142  494
 156  508
 157  508
 162  513
 163  513
 167  517
 168  517
 170  519
 171  519
 177  525
 178  525
 180  527
 181  527
 183  529
 184  529
 185  530
 186  530
 196  540
 197  540
 199  542
 200  542
 201  543
 203  543
 204  544
 205  543
 206  543
 208  541
 208  540
 211  537
 222  537
 223  536
 224  536
 225  535
 227  535
 228  534
 229  534
 232  531
 232  529
 237  524
 238  524
 239  523
 243  523
 244  522
 249  522
 250  521
 252  521
 254  519
 255  519
 257  517
 257  516
 258  515
 258  514
 259  513
 259  510
 260  509
 260  508
 264  504
 265  504
 266  503
 268  503
 269  502
 272  502
 273  501
 275  501
 277  499
 278  499
 278  498
 281  495
 281  492
 282  491
 282  481
 285  478
 286  478
 287  477
 288  477
 290  475
 291  475
 291  474
 294  471
 294  470
 295  469
 295  448
 297  446
 298  446
 299  445
 300  445
 301  444
 301  443
 302  442
 302  439
 301  438
 301  436
 297  432
 297  431
 296  431
 294  429
 294  426
 293  425
 293  422
 292  421
 292  418
 285  411
 285  410
 283  408
 282  408
 279  405
 278  405
 275  402
 274  402
 273  401
 272  401
 270  399
 269  399
 268  398
 267  398
 266  397
 265  397
 263  395
 262  395
 261  394
 260  394
 259  393
 259  379
 260  378
 263  378
 263  372
 264  371
 274  371
 275  370
 279  370
 280  369
 286  369
 287  368
 290  368
 291  367
 293  367
 295  365
 296  365
 299  362
 299  361
 302  358
 302  357
 306  353
 307  353
 307  352
 312  347
 312  346
 313  345
 313  344
 314  343
 314  342
 315  341
 315  339
 316  338
 316  337
 317  336
 317  334
 318  333
 318  331
 320  329
 320  328
 321  327
 321  326
 322  325
 322  323
 323  322
 323  321
 324  320
 324  318
 325  317
 325  314
 326  313
 326  311
 327  310
 327  308
 328  307
 328  301
 329  300
 329  297
 330  296
 330  294
 331  293
 331  291
 332  290
 332  286
 333  285
 333  284
 334  283
 334  280
 335  279
 335  276
 336  275
 336  272
 337  271
 337  269
 338  268
 338  266
 339  265
 339  264
 340  263
 340  262
 341  261
 341  260
 342  259
 342  258
 345  255
 345  253
 346  252
 346  251
 348  249
 348  247
 349  246
 349  245
 350  244
 350  243
 352  241
 352  240
 353  239
 353  238
 354  237
 354  236
 355  235
 355  234
 357  232
 357  231
 359  229
 359  228
 362  225
 362  224
 363  223
 363  222
 364  221
 364  220
 365  219
 365  218
 366  217
 366  216
 367  215
 367  214
 368  213
 368  212
 369  211
 369  209
 370  208
 370  207
 371  206
 371  204
 372  203
 372  200
 373  199
 373  197
 374  196
 374  194
 375  193
 375  191
 376  190
 376  187
 377  186
 377  184
 378  183
 378  179
 379  178
 379  164
 378  163
 378  160
 377  159
 377  157
 376  156
 376  155
 374  153
 374  152
 372  150
 371  150
 370  149
 369  149
 368  148
 367  148
 366  147
 364  147
 363  146
 360  146
 359  145
 356  145
 355  144
