 327  114
 326  115
 321  115
 320  116
 315  116
 314  117
 312  117
 311  118
 308  118
 307  119
 304  119
 303  120
 300  120
 299  121
 297  121
 296  122
 294  122
 293  123
 290  123
 289  124
 288  124
 287  125
 285  125
 284  126
 282  126
 281  127
 279  127
 278  128
 277  128
 276  129
 274  129
 273  130
 272  130
 271  131
 269  131
 268  132
 266  132
 265  133
 264  133
 263  134
 262  134
 261  135
 260  135
 259  136
 257  136
 256  137
 255  137
 254  138
 252  138
 251  139
 250  139
 249  140
 248  140
 247  141
 246  141
 245  142
 244  142
 243  143
 242  143
 241  144
 240  144
 239  145
 238  145
 237  146
 236  146
 235  147
 233  147
 232  148
 231  148
 230  149
 229  149
 228  150
 227  150
 225  152
 224  152
 223  153
 222  153
 220  155
 219  155
 218  156
 217  156
 215  158
 214  158
 213  159
 212  159
 210  161
 209  161
 208  162
 207  162
 206  163
 205  163
 203  165
 202  165
 200  167
 199  167
 197  169
 196  169
 195  170
 194  170
 192  172
 191  172
 188  175
 187  175
 184  178
 183  178
 180  181
 179  181
 176  184
 175  184
 172  187
 171  187
 167  191
 166  191
 161  196
 160  196
 157  199
 156  199
 151  204
 150  204
 145  209
 144  209
 119  234
 119  235
 113  241
 113  242
 110  245
 110  246
 107  249
 107  250
 106  251
 106  252
 103  255
 103  256
  98  261
  98  262
  97  263
  97  265
  98  266
  98  267
  99  268
 106  268
 107  269
 107  283
 106  284
 100  284
  99  285
  98  285
  97  286
  96  286
  95  287
  95  288
  94  289
  94  290
  93  291
  93  300
  92  301
  92  330
  93  331
  93  333
  95  335
  95  338
  96  339
  96  342
  97  343
  97  344
  98  345
  98  347
  99  348
  99  351
 100  352
 100  354
 101  355
 101  356
 102  357
 102  359
 103  360
 103  362
 104  363
 104  364
 105  365
 105  366
 106  367
 106  368
 107  369
 107  370
 108  371
 108  373
 109  374
 109  377
 110  378
 110  381
 111  382
 111  384
 112  385
 112  390
 113  391
 113  394
 114  395
 114  397
 115  398
 115  403
 116  404
 116  414
 117  415
 117  419
 118  420
 118  426
 119  427
 119  453
 120  454
 120  457
 121  458
 121  461
 122  462
 122  468
 123  469
 123  470
 126  473
 127  473
 128  474
 133  474
 134  475
 137  475
 138  476
 143  476
 145  478
 145  506
 146  507
 146  509
 147  510
 147  511
 148  512
 148  513
 149  514
 149  516
 151  518
 151  519
 153  521
 154  521
 156  523
 157  522
 158  522
 158  521
 160  519
 160  518
 165  513
 182  513
 185  516
 185  518
 186  519
 186  521
 188  523
 188  524
 190  526
 192  524
 192  523
 193  522
 193  519
 194  518
 194  516
 195  515
 195  514
 196  513
 196  512
 197  511
 198  511
 199  510
 214  510
 215  511
 216  511
 217  512
 218  512
 220  514
 221  514
 224  517
 224  518
 227  521
 227  522
 228  523
 228  524
 229  525
 229  526
 230  527
 230  529
 232  531
 232  533
 233  534
 233  537
 234  538
 234  539
 235  540
 235  541
 236  542
 236  544
 237  545
 237  547
 238  548
 238  549
 239  550
 239  552
 240  553
 240  554
 241  555
 241  556
 242  557
 242  558
 243  559
 243  560
 244  561
 244  562
 246  564
 246  565
 252  571
 253  571
 255  573
 257  573
 259  571
 259  566
 258  565
 258  563
 257  562
 257  561
 256  560
 256  559
 255  558
 255  557
 254  556
 254  555
 252  553
 252  551
 249  548
 249  547
 248  546
 248  545
 245  542
 245  541
 243  539
 243  538
 242  537
 242  536
 239  533
 239  532
 236  529
 236  528
 235  527
 235  526
 232  523
 232  522
 230  520
 230  519
 229  518
 229  517
 228  516
 228  515
 226  513
 226  512
 225  511
 225  509
 223  507
 223  506
 222  505
 222  502
 221  501
 221  499
 220  498
 220  497
 219  496
 219  478
 220  477
 220  471
 226  465
 240  465
 242  463
 242  458
 241  457
 241  456
 240  455
 240  454
 239  453
 239  449
 238  448
 238  432
 239  431
 239  430
 242  427
 257  427
 259  425
 259  421
 258  420
 258  419
 255  416
 255  415
 254  414
 254  413
 253  412
 253  397
 256  394
 257  394
 258  393
 260  393
 261  392
 262  392
 265  389
 264  388
 264  386
 263  385
 263  384
 262  383
 262  380
 252  370
 252  369
 251  368
 251  367
 250  366
 250  363
 249  362
 249  352
 248  351
 248  350
 247  349
 247  348
 246  347
 246  346
 245  345
 245  344
 243  342
 243  341
 242  340
 242  339
 241  338
 241  337
 238  334
 238  333
 232  327
 232  313
 233  312
 267  312
 268  311
 272  311
 276  307
 277  307
 282  302
 283  302
 287  298
 288  298
 289  297
 289  296
 292  293
 292  291
 293  290
 293  287
 294  286
 294  284
 296  282
 297  282
 303  276
 303  274
 304  273
 304  269
 306  267
 306  259
 307  258
 307  257
 310  254
 311  254
 316  249
 316  247
 318  245
 318  244
 319  243
 319  238
 320  237
 320  232
 321  231
 321  230
 324  227
 325  227
 332  220
 332  219
 334  217
 334  216
 335  215
 335  214
 336  213
 336  211
 337  210
 337  209
 338  208
 338  207
 339  206
 339  205
 343  201
 344  201
 350  195
 350  194
 353  191
 353  190
 354  189
 354  188
 355  187
 355  186
 356  185
 356  184
 369  171
 369  170
 382  157
 382  156
 383  155
 383  154
 384  153
 384  152
 385  151
 385  149
 386  148
 386  145
 387  144
 387  141
 388  140
 388  138
 387  137
 387  136
 386  135
 386  133
 381  128
 380  128
 377  125
 376  125
 375  124
 374  124
 373  123
 372  123
 371  122
 370  122
 369  121
 368  121
 367  120
 366  120
 365  119
 364  119
 363  118
 361  118
 360  117
 358  117
 357  116
 354  116
 353  115
 350  115
 349  114
