 345   88
 344   89
 332   89
 331   90
 327   90
 326   91
 317   91
 316   92
 313   92
 312   93
 309   93
 308   94
 305   94
 304   95
 302   95
 301   96
 298   96
 297   97
 296   97
 295   98
 291   98
 290   99
 289   99
 288  100
 285  100
 284  101
 283  101
 282  102
 280  102
 279  103
 277  103
 276  104
 275  104
 274  105
 272  105
 271  106
 270  106
 269  107
 267  107
 266  108
 265  108
 264  109
 263  109
 262  110
 260  110
 259  111
 258  111
 257  112
 256  112
 255  113
 253  113
 252  114
 251  114
 250  115
 249  115
 248  116
 247  116
 246  117
 245  117
 244  118
 243  118
 242  119
 241  119
 240  120
 239  120
 238  121
 237  121
 236  122
 235  122
 234  123
 233  123
 232  124
 231  124
 230  125
 229  125
 228  126
 227  126
 226  127
 225  127
 224  128
 223  128
 222  129
 221  129
 220  130
 219  130
 218  131
 217  131
 215  133
 214  133
 213  134
 212  134
 211  135
 210  135
 208  137
 207  137
 206  138
 205  138
 203  140
 202  140
 200  142
 199  142
 197  144
 196  144
 194  146
 193  146
 191  148
 190  148
 188  150
 187  150
 185  152
 184  152
 182  154
 181  154
 178  157
 177  157
 175  159
 174  159
 171  162
 170  162
 166  166
 165  166
 161  170
 160  170
 148  182
 147  182
 147  183
 145  185
 144  185
 143  186
 143  187
 133  197
 133  198
 130  201
 130  202
 120  212
 120  213
 117  216
 117  217
 113  221
 113  222
 110  225
 110  226
 108  228
 108  229
 106  231
 106  233
 103  236
 103  237
 102  238
 102  239
 100  241
 100  242
  98  244
  98  245
  96  247
  96  248
  93  251
  93  252
  92  253
  92  254
  91  255
  91  256
  89  258
  89  259
  87  261
  87  262
  86  263
  86  264
  84  266
  83  266
  82  267
  80  267
  79  268
  79  309
  80  310
  81  310
  82  311
  82  325
  81  326
  81  340
  82  341
  82  342
  83  343
  83  344
  86  347
  86  348
  87  349
  87  350
  89  352
  89  353
  91  355
  91  356
  94  359
  94  360
  95  361
  95  362
  96  363
  96  364
  97  365
  97  366
  99  368
  99  369
 100  370
 100  372
 102  374
 102  375
 103  376
 103  377
 107  381
 107  382
 110  385
 110  386
 111  387
 111  388
 112  389
 112  391
 113  392
 113  395
 114  396
 114  397
 116  399
 116  403
 117  404
 117  405
 119  407
 119  409
 120  410
 120  411
 121  412
 121  413
 123  415
 123  417
 125  419
 125  420
 126  421
 126  422
 127  423
 127  424
 129  426
 129  427
 130  428
 130  429
 133  432
 133  433
 134  434
 134  435
 136  437
 136  440
 137  441
 137  442
 139  444
 139  448
 140  449
 140  453
 141  454
 141  455
 142  456
 142  457
 143  458
 143  461
 144  462
 144  463
 145  464
 145  465
 146  466
 146  469
 147  470
 147  473
 148  474
 148  475
 149  476
 149  480
 150  481
 150  484
 151  485
 151  489
 152  490
 152  495
 153  496
 153  500
 156  503
 156  504
 163  511
 165  511
 166  512
 167  512
 168  513
 171  513
 172  514
 175  514
 177  516
 177  517
 179  519
 179  520
 180  521
 180  522
 187  529
 187  530
 189  532
 189  533
 190  534
 190  535
 192  537
 193  536
 194  536
 195  535
 210  535
 211  536
 212  536
 216  540
 217  540
 219  542
 220  541
 222  541
 223  540
 240  540
 241  541
 243  541
 244  542
 245  542
 253  550
 253  551
 255  553
 255  554
 257  556
 257  557
 262  562
 262  563
 263  564
 263  565
 264  566
 264  567
 266  569
 266  570
 267  571
 267  572
 269  574
 269  576
 270  577
 270  580
 272  582
 272  583
 273  584
 273  585
 285  597
 286  597
 287  598
 288  598
 289  599
 292  599
 293  598
 295  598
 297  596
 298  596
 298  595
 300  593
 300  590
 302  588
 302  587
 301  586
 301  584
 300  583
 300  582
 299  581
 299  579
 297  577
 297  576
 294  573
 293  573
 288  568
 288  567
 281  560
 280  560
 277  557
 276  557
 272  553
 271  553
 256  538
 256  537
 254  535
 254  534
 253  533
 253  532
 252  531
 252  529
 250  527
 250  526
 249  525
 249  523
 248  522
 248  501
 249  500
 249  496
 250  495
 250  493
 251  492
 251  491
 254  488
 257  488
 258  487
 259  487
 261  485
 261  484
 262  483
 262  482
 263  481
 263  479
 262  478
 262  473
 261  472
 261  471
 260  470
 260  468
 259  467
 259  449
 261  447
 262  447
 263  446
 265  446
 266  445
 267  445
 268  444
 269  444
 270  443
 271  443
 272  442
 272  441
 273  440
 273  439
 275  437
 275  436
 274  435
 274  434
 273  433
 273  430
 272  429
 272  426
 271  425
 271  409
 273  407
 274  407
 278  403
 278  401
 277  400
 277  399
 276  398
 276  396
 275  395
 275  394
 273  392
 273  391
 270  388
 270  387
 269  386
 269  385
 266  382
 266  380
 265  379
 265  378
 264  377
 264  365
 263  364
 263  362
 262  361
 262  360
 259  357
 259  356
 256  353
 256  352
 231  327
 230  327
 228  325
 228  311
 229  310
 308  310
 309  309
 310  309
 311  308
 312  308
 313  307
 313  306
 315  304
 315  303
 316  302
 316  301
 317  300
 317  299
 319  297
 319  296
 320  295
 320  294
 323  291
 323  290
 329  284
 329  283
 330  282
 330  279
 331  278
 331  275
 332  274
 332  268
 333  267
 333  265
 334  264
 334  263
 337  260
 337  259
 339  257
 339  254
 340  253
 340  247
 341  246
 341  241
 342  240
 342  237
 343  236
 343  233
 344  232
 344  231
 345  230
 345  229
 346  228
 346  226
 347  225
 347  224
 348  223
 348  222
 349  221
 349  213
 350  212
 350  208
 351  207
 351  206
 352  205
 352  204
 354  202
 354  201
 356  199
 356  197
 357  196
 357  195
 358  194
 358  193
 359  192
 359  189
 360  188
 360  185
 361  184
 361  182
 363  180
 363  179
 367  175
 367  174
 369  172
 369  171
 370  170
 370  169
 371  168
 371  167
 372  166
 372  165
 373  164
 373  162
 374  161
 374  160
 375  159
 375  158
 376  157
 376  156
 377  155
 377  154
 379  152
 379  151
 381  149
 381  148
 383  146
 383  144
 385  142
 385  141
 386  140
 386  139
 387  138
 387  137
 388  136
 388  135
 389  134
 389  133
 391  131
 391  130
 393  128
 393  127
 394  126
 394  125
 395  124
 395  123
 396  122
 396  120
 397  119
 397  116
 398  115
 398  114
 399  113
 399  111
 400  110
 400  108
 401  107
 401  106
 400  105
 400  104
 399  103
 399  102
 397  100
 396  100
 394   98
 393   98
 392   97
 391   97
 390   96
 389   96
 388   95
 386   95
 385   94
 383   94
 382   93
 380   93
 379   92
 376   92
 375   91
 370   91
 369   90
 365   90
 364   89
 352   89
 351   88
