 301  134
 300  135
 292  135
 291  136
 284  136
 283  137
 278  137
 277  138
 274  138
 273  139
 269  139
 268  140
 266  140
 265  141
 262  141
 261  142
 259  142
 258  143
 255  143
 254  144
 252  144
 251  145
 249  145
 248  146
 246  146
 245  147
 244  147
 243  148
 241  148
 240  149
 239  149
 238  150
 236  150
 235  151
 234  151
 233  152
 231  152
 230  153
 229  153
 228  154
 227  154
 226  155
 225  155
 224  156
 223  156
 222  157
 220  157
 218  159
 216  159
 214  161
 213  161
 212  162
 211  162
 210  163
 209  163
 207  165
 206  165
 205  166
 204  166
 202  168
 201  168
 199  170
 198  170
 196  172
 195  172
 193  174
 192  174
 189  177
 188  177
 186  179
 185  179
 183  181
 182  181
 179  184
 178  184
 175  187
 174  187
 168  193
 167  193
 145  215
 145  216
 141  220
 141  221
 138  224
 138  225
 132  231
 132  232
 126  238
 124  238
 123  239
 122  239
 122  245
 123  246
 127  246
 128  247
 128  261
 127  262
 126  262
 122  266
 122  267
 121  268
 121  269
 120  270
 120  273
 119  274
 119  280
 118  281
 118  374
 119  375
 119  384
 120  385
 120  404
 121  405
 121  431
 122  432
 122  435
 123  436
 123  440
 124  441
 124  448
 125  449
 125  453
 126  454
 126  455
 127  456
 127  457
 129  459
 131  459
 132  460
 136  460
 137  461
 139  461
 141  463
 141  484
 142  485
 142  487
 143  488
 143  489
 145  491
 145  492
 146  492
 147  493
 148  493
 149  492
 150  492
 151  491
 152  491
 153  490
 172  490
 173  491
 174  491
 175  492
 176  492
 177  493
 179  493
 180  494
 196  494
 197  495
 198  495
 199  496
 200  496
 204  500
 204  501
 205  502
 205  520
 204  521
 204  525
 203  526
 203  527
 202  528
 202  530
 201  531
 201  535
 200  536
 200  538
 199  539
 200  540
 200  542
 201  543
 201  545
 202  546
 202  547
 206  551
 207  551
 209  553
 210  552
 212  552
 213  551
 214  551
 216  549
 217  549
 219  547
 219  546
 220  545
 220  544
 221  543
 221  542
 222  541
 222  540
 223  539
 223  533
 222  532
 222  530
 221  529
 221  526
 220  525
 220  522
 219  521
 219  519
 218  518
 218  516
 217  515
 217  505
 216  504
 216  485
 217  484
 217  480
 218  479
 218  478
 219  477
 219  476
 223  472
 223  471
 227  467
 227  466
 231  462
 232  462
 233  461
 234  461
 235  460
 236  460
 243  453
 243  451
 244  450
 244  447
 245  446
 245  444
 246  443
 246  439
 247  438
 247  436
 250  433
 250  432
 252  430
 253  430
 253  429
 255  427
 256  427
 259  424
 260  424
 261  423
 265  423
 266  422
 268  422
 269  421
 270  421
 271  420
 271  419
 273  417
 273  416
 274  415
 274  411
 273  410
 273  395
 274  394
 274  392
 275  391
 275  390
 276  389
 276  388
 277  387
 277  384
 278  383
 278  382
 284  376
 284  375
 285  374
 285  373
 284  372
 284  368
 283  367
 283  366
 281  364
 281  362
 280  361
 280  360
 279  359
 279  358
 278  357
 278  355
 277  354
 277  350
 276  349
 276  347
 275  346
 275  345
 274  344
 274  338
 273  337
 273  334
 272  333
 272  332
 271  331
 271  329
 270  328
 270  325
 269  324
 269  310
 270  309
 271  309
 272  308
 281  308
 282  307
 284  307
 285  306
 286  306
 287  305
 288  305
 295  298
 295  297
 297  295
 298  295
 302  291
 302  284
 310  276
 310  274
 311  273
 311  262
 313  260
 313  259
 314  258
 314  257
 317  254
 317  253
 318  252
 318  251
 319  250
 319  249
 320  248
 320  241
 321  240
 321  236
 323  234
 323  233
 327  229
 327  228
 328  227
 328  225
 329  224
 329  222
 330  221
 330  218
 331  217
 331  214
 335  210
 335  209
 337  207
 337  206
 339  204
 339  203
 340  202
 340  201
 341  200
 341  199
 342  198
 342  197
 345  194
 345  193
 346  192
 347  192
 348  191
 348  190
 352  186
 352  185
 354  183
 354  182
 355  181
 355  180
 357  178
 357  177
 358  176
 358  175
 360  173
 360  171
 361  170
 361  164
 362  163
 362  161
 363  160
 362  159
 362  157
 361  156
 361  155
 355  149
 354  149
 352  147
 351  147
 349  145
 348  145
 347  144
 346  144
 345  143
 343  143
 342  142
 341  142
 340  141
 339  141
 338  140
 336  140
 335  139
 332  139
 331  138
 330  138
 329  137
 325  137
 324  136
 319  136
 318  135
 311  135
 310  134
