 311  135
 310  136
 305  136
 304  137
 298  137
 297  138
 294  138
 293  139
 289  139
 288  140
 286  140
 285  141
 282  141
 281  142
 279  142
 278  143
 276  143
 275  144
 273  144
 272  145
 270  145
 269  146
 267  146
 266  147
 265  147
 264  148
 263  148
 262  149
 260  149
 259  150
 258  150
 257  151
 256  151
 255  152
 254  152
 253  153
 251  153
 250  154
 249  154
 248  155
 247  155
 246  156
 245  156
 243  158
 242  158
 241  159
 239  159
 237  161
 236  161
 235  162
 234  162
 233  163
 232  163
 231  164
 230  164
 228  166
 227  166
 226  167
 225  167
 223  169
 222  169
 221  170
 220  170
 218  172
 217  172
 215  174
 214  174
 211  177
 210  177
 207  180
 206  180
 203  183
 202  183
 197  188
 196  188
 191  193
 190  193
 184  199
 183  199
 167  215
 167  216
 162  221
 162  222
 158  226
 158  227
 155  230
 155  231
 152  234
 152  235
 148  239
 148  240
 145  243
 145  244
 143  246
 143  247
 142  248
 142  249
 139  252
 139  253
 138  254
 138  255
 136  257
 136  258
 135  259
 135  260
 133  262
 133  263
 132  264
 132  265
 130  267
 129  267
 128  268
 125  268
 124  269
 123  269
 123  283
 124  284
 128  284
 129  285
 129  301
 128  302
 128  304
 127  305
 127  310
 126  311
 126  322
 125  323
 125  329
 126  330
 126  334
 127  335
 127  337
 128  338
 128  342
 129  343
 129  344
 132  347
 132  349
 133  350
 133  352
 134  353
 134  354
 135  355
 135  360
 136  361
 136  363
 137  364
 137  366
 138  367
 138  370
 139  371
 139  375
 140  376
 140  378
 141  379
 141  382
 142  383
 142  389
 143  390
 143  392
 144  393
 144  396
 145  397
 145  404
 146  405
 146  409
 147  410
 147  413
 148  414
 148  422
 149  423
 149  429
 150  430
 150  433
 151  434
 151  437
 152  438
 152  441
 153  442
 153  444
 154  445
 154  447
 155  448
 155  451
 156  452
 156  454
 157  455
 157  456
 158  457
 158  460
 159  461
 159  464
 161  466
 161  467
 164  470
 165  470
 166  471
 169  471
 170  472
 177  472
 179  474
 179  481
 180  482
 180  486
 181  487
 181  489
 182  490
 182  492
 183  493
 183  494
 186  497
 187  497
 188  498
 189  498
 190  499
 191  499
 192  498
 193  498
 194  497
 194  493
 195  492
 222  492
 226  488
 247  488
 248  489
 249  489
 250  490
 251  490
 260  499
 260  500
 263  503
 263  504
 264  505
 264  506
 265  507
 265  509
 266  510
 266  513
 267  514
 267  515
 268  516
 268  518
 269  519
 269  525
 270  526
 270  529
 271  530
 271  531
 272  532
 272  535
 273  536
 273  539
 275  541
 275  542
 276  543
 276  544
 283  551
 284  551
 285  552
 290  552
 295  547
 295  546
 296  545
 296  544
 297  543
 297  542
 298  541
 298  537
 297  536
 297  535
 296  534
 296  533
 295  532
 295  530
 294  529
 294  528
 291  525
 291  524
 284  517
 283  517
 271  505
 271  504
 268  501
 268  500
 264  496
 264  495
 262  493
 262  492
 261  491
 261  489
 260  488
 260  487
 259  486
 259  485
 258  484
 258  482
 257  481
 257  480
 254  477
 254  461
 255  460
 255  456
 256  455
 256  454
 257  453
 257  452
 259  450
 260  450
 261  449
 262  449
 263  448
 268  448
 269  447
 270  447
 273  444
 273  442
 272  441
 272  436
 271  435
 271  415
 276  410
 278  410
 280  408
 282  408
 283  407
 284  407
 284  406
 285  405
 285  403
 284  402
 284  401
 282  399
 282  398
 281  397
 281  378
 283  376
 284  376
 285  375
 286  375
 288  373
 288  370
 285  367
 285  366
 284  365
 284  364
 274  354
 273  354
 270  351
 270  350
 268  348
 268  337
 267  336
 267  322
 268  321
 272  321
 273  320
 277  320
 278  319
 283  319
 284  318
 285  318
 286  317
 287  317
 287  312
 289  310
 290  310
 291  309
 294  309
 306  297
 306  292
 307  291
 307  290
 308  289
 308  288
 311  285
 311  283
 312  282
 312  280
 317  275
 317  274
 318  273
 318  272
 319  271
 319  269
 320  268
 320  266
 321  265
 321  259
 322  258
 322  253
 323  252
 323  251
 324  250
 324  249
 325  248
 325  245
 326  244
 326  243
 327  242
 327  225
 328  224
 328  221
 330  219
 330  218
 331  217
 331  216
 332  215
 332  211
 333  210
 333  207
 334  206
 334  203
 335  202
 335  199
 338  196
 338  195
 339  194
 339  193
 341  191
 341  190
 342  189
 342  187
 343  186
 343  185
 344  184
 344  183
 345  182
 345  180
 348  177
 348  175
 349  174
 349  173
 351  171
 351  170
 352  169
 352  166
 354  164
 354  162
 355  161
 355  159
 356  158
 356  154
 357  153
 357  148
 356  147
 356  146
 353  143
 352  143
 351  142
 350  142
 348  140
 347  140
 346  139
 344  139
 343  138
 342  138
 341  137
 338  137
 337  136
 335  136
 334  135
