 327  154
 326  155
 322  155
 321  156
 316  156
 315  157
 311  157
 310  158
 308  158
 307  159
 304  159
 303  160
 301  160
 300  161
 297  161
 296  162
 294  162
 293  163
 291  163
 290  164
 288  164
 287  165
 286  165
 285  166
 283  166
 282  167
 281  167
 280  168
 278  168
 277  169
 276  169
 275  170
 273  170
 272  171
 271  171
 270  172
 268  172
 266  174
 265  174
 264  175
 263  175
 262  176
 260  176
 259  177
 258  177
 256  179
 255  179
 254  180
 253  180
 252  181
 251  181
 250  182
 249  182
 248  183
 247  183
 245  185
 244  185
 243  186
 242  186
 241  187
 240  187
 238  189
 237  189
 236  190
 235  190
 233  192
 232  192
 230  194
 229  194
 227  196
 226  196
 224  198
 223  198
 221  200
 220  200
 217  203
 216  203
 212  207
 211  207
 207  211
 206  211
 203  214
 202  214
 197  219
 196  219
 190  225
 189  225
 175  239
 174  239
 130  283
 130  284
 127  287
 127  288
 125  290
 125  291
 122  294
 122  295
 119  298
 119  299
 116  302
 116  303
 112  307
 104  307
 102  309
 102  337
 104  339
 111  339
 112  340
 112  354
 108  358
 108  359
 106  361
 106  362
 105  363
 105  366
 104  367
 104  374
 103  375
 103  377
 102  378
 100  378
  99  379
  99  385
 100  386
 100  388
 101  389
 101  390
 102  391
 102  394
 103  395
 103  397
 104  398
 104  399
 105  400
 105  403
 106  404
 106  407
 107  408
 107  410
 108  411
 108  413
 109  414
 109  416
 110  417
 110  419
 111  420
 111  421
 112  422
 112  424
 113  425
 113  426
 114  427
 114  428
 115  429
 115  430
 116  431
 116  432
 117  433
 117  434
 119  436
 119  437
 120  438
 120  439
 122  441
 122  442
 123  443
 123  445
 124  446
 124  448
 125  449
 125  450
 126  451
 126  452
 127  453
 127  454
 128  455
 128  456
 129  457
 129  458
 130  459
 130  461
 131  462
 131  464
 132  465
 132  468
 133  469
 133  473
 134  474
 134  475
 136  477
 136  478
 138  480
 138  481
 139  482
 139  483
 140  484
 140  486
 141  487
 141  490
 142  491
 142  494
 143  495
 143  497
 144  498
 144  499
 145  500
 145  502
 146  503
 146  504
 147  505
 147  506
 148  507
 148  508
 150  510
 150  511
 152  513
 153  513
 154  514
 154  515
 159  520
 159  521
 161  523
 161  524
 163  526
 163  527
 167  531
 168  531
 169  532
 170  532
 171  533
 179  533
 180  532
 188  532
 189  531
 191  531
 192  530
 194  530
 195  529
 196  529
 198  527
 199  527
 201  525
 202  525
 204  523
 206  523
 207  522
 208  522
 209  521
 211  521
 212  520
 213  520
 214  519
 215  519
 216  518
 217  518
 219  516
 220  516
 231  505
 231  504
 232  503
 233  503
 234  502
 235  502
 237  500
 238  500
 240  498
 241  498
 245  494
 245  493
 246  492
 246  490
 247  489
 247  488
 248  487
 248  485
 249  484
 249  483
 250  482
 250  481
 251  480
 251  478
 252  477
 252  476
 261  467
 261  466
 262  465
 262  464
 263  463
 263  462
 264  461
 264  460
 265  459
 265  457
 266  456
 266  454
 267  453
 267  452
 268  451
 268  449
 271  446
 271  445
 273  443
 273  442
 275  440
 275  436
 276  435
 276  418
 275  417
 275  414
 274  413
 274  411
 272  409
 272  408
 271  407
 271  406
 266  401
 266  400
 258  392
 257  392
 254  389
 253  389
 250  386
 249  386
 248  385
 248  384
 247  383
 247  366
 248  365
 260  365
 261  364
 272  364
 273  363
 277  363
 278  362
 279  362
 280  361
 281  361
 285  357
 286  357
 291  352
 291  351
 296  346
 297  346
 297  345
 298  344
 298  343
 299  342
 299  341
 300  340
 300  339
 302  337
 302  335
 304  333
 304  332
 305  331
 305  329
 306  328
 306  326
 307  325
 307  323
 308  322
 308  320
 309  319
 309  314
 310  313
 310  310
 311  309
 311  307
 312  306
 312  301
 313  300
 313  299
 314  298
 314  297
 315  296
 315  293
 316  292
 316  289
 317  288
 317  286
 318  285
 318  284
 319  283
 319  281
 320  280
 320  279
 321  278
 321  277
 322  276
 322  274
 324  272
 324  271
 325  270
 325  269
 326  268
 326  267
 328  265
 328  264
 329  263
 329  262
 331  260
 331  259
 333  257
 333  256
 346  243
 347  243
 359  231
 359  230
 362  227
 362  226
 365  223
 365  222
 369  218
 369  216
 371  214
 371  213
 372  212
 372  210
 374  208
 374  207
 375  206
 375  205
 376  204
 376  202
 378  200
 378  198
 379  197
 379  194
 380  193
 380  187
 381  186
 381  183
 382  182
 382  179
 381  178
 381  176
 380  175
 380  173
 379  172
 379  169
 377  167
 377  166
 374  163
 373  163
 371  161
 370  161
 369  160
 368  160
 367  159
 366  159
 365  158
 363  158
 362  157
 360  157
 359  156
 356  156
 355  155
 351  155
 350  154
