 298    0
 298    8
 297    9
 295    9
 294   10
 291   10
 290   11
 289   11
 288   12
 285   12
 284   13
 282   13
 281   14
 279   14
 278   15
 276   15
 275   16
 273   16
 272   17
 270   17
 269   18
 268   18
 267   19
 265   19
 264   20
 263   20
 262   21
 261   21
 260   22
 259   22
 258   23
 257   23
 256   24
 255   24
 254   25
 253   25
 252   26
 251   26
 250   27
 249   27
 248   28
 247   28
 246   29
 245   29
 244   30
 243   30
 242   31
 241   31
 240   32
 239   32
 238   33
 237   33
 236   34
 235   34
 234   35
 233   35
 231   37
 230   37
 229   38
 228   38
 227   39
 226   39
 224   41
 223   41
 222   42
 221   42
 219   44
 218   44
 217   45
 216   45
 214   47
 213   47
 212   48
 211   48
 209   50
 208   50
 206   52
 205   52
 203   54
 202   54
 199   57
 198   57
 196   59
 195   59
 193   61
 192   61
 190   63
 189   63
 187   65
 186   65
 184   67
 183   67
 181   69
 180   69
 177   72
 176   72
 172   76
 171   76
 168   79
 167   79
 162   84
 161   84
 154   91
 153   91
 112  132
 112  133
 103  142
 103  143
  97  149
  97  150
  93  154
  93  155
  89  159
  89  160
  86  163
  86  164
  85  165
  85  166
  83  168
  83  169
  81  171
  81  172
  79  174
  79  175
  77  177
  77  178
  76  179
  76  180
  75  181
  75  182
  73  184
  73  186
  72  187
  72  188
  70  190
  70  191
  69  192
  69  193
  67  195
  67  196
  61  202
  61  214
  62  215
  66  215
  68  217
  69  217
  70  218
  71  218
  72  219
  73  219
  74  220
  74  234
  72  236
  70  236
  66  240
  66  241
  65  242
  65  243
  64  244
  64  245
  63  246
  63  248
  62  249
  62  251
  61  252
  61  254
  60  255
  60  257
  59  258
  59  261
  58  262
  58  284
  56  286
  56  297
  58  299
  58  300
  59  301
  59  306
  60  307
  60  309
  61  310
  61  311
  62  312
  62  319
  63  320
  63  323
  64  324
  64  325
  65  326
  65  331
  66  332
  66  336
  67  337
  67  339
  68  340
  68  342
  69  343
  69  350
  70  351
  70  354
  71  355
  71  357
  72  358
  72  367
  73  368
  73  373
  74  374
  74  377
  75  378
  75  385
  76  386
  76  397
  77  398
  77  401
  78  402
  78  405
  79  406
  79  418
  80  419
  80  422
  81  423
  81  425
  82  426
  82  438
  83  439
  83  458
  84  459
  84  462
  85  463
  85  470
  86  471
  86  515
  87  516
  87  522
  88  523
  88  527
  89  528
  89  531
  91  533
  92  533
  93  532
 115  532
 116  533
 117  533
 118  534
 119  534
 120  535
 120  536
 121  537
 121  538
 122  539
 122  557
 121  558
 121  563
 120  564
 121  565
 121  568
 122  569
 122  572
 123  573
 123  574
 125  576
 126  576
 128  578
 135  578
 136  577
 137  577
 138  576
 138  575
 142  571
 142  570
 147  565
 148  565
 149  564
 151  564
 152  563
 171  563
 173  565
 174  565
 177  568
 177  569
 178  569
 179  570
 180  570
 182  568
 182  567
 183  566
 184  566
 185  565
 203  565
 204  566
 206  566
 208  568
 209  568
 216  575
 216  576
 217  577
 217  578
 218  579
 218  580
 219  581
 219  584
 220  585
 220  588
 221  589
 221  590
 222  591
 222  592
 223  593
 223  599
 224  600
 224  602
 225  603
 225  605
 226  606
 226  643
 225  644
 225  648
 224  649
 224  663
 225  664
 225  665
 226  666
 226  668
 227  669
 227  670
 230  673
 230  675
 233  678
 233  679
 234  680
 234  687
 245  687
 245  680
 246  679
 246  678
 247  677
 247  676
 248  675
 248  674
 249  673
 249  665
 248  664
 248  661
 247  660
 247  659
 246  658
 246  655
 245  654
 245  651
 244  650
 244  649
 243  648
 243  645
 242  644
 242  637
 241  636
 241  634
 240  633
 240  631
 239  630
 239  624
 238  623
 238  619
 237  618
 237  616
 236  615
 236  601
 235  600
 235  580
 234  579
 234  572
 233  571
 233  563
 232  562
 232  534
 233  533
 233  532
 234  531
 234  530
 235  529
 235  528
 239  524
 239  523
 246  516
 247  516
 248  515
 262  515
 263  514
 265  514
 267  512
 268  512
 268  511
 269  510
 269  509
 270  508
 270  506
 271  505
 271  503
 272  502
 272  489
 271  488
 271  485
 270  484
 270  464
 271  463
 271  462
 272  461
 272  459
 273  458
 273  457
 275  455
 275  454
 276  453
 276  452
 278  450
 279  450
 281  448
 300  448
 301  447
 302  447
 302  446
 304  444
 304  443
 305  442
 305  440
 304  439
 304  438
 303  437
 303  434
 302  433
 302  431
 300  429
 300  428
 299  427
 299  426
 296  423
 296  422
 295  421
 295  404
 296  403
 296  401
 299  398
 299  396
 300  395
 300  393
 301  392
 301  391
 302  390
 302  389
 303  388
 304  388
 306  386
 307  386
 311  382
 311  381
 312  380
 312  377
 311  376
 311  375
 310  374
 310  373
 309  372
 309  369
 307  367
 307  366
 306  365
 306  364
 303  361
 303  360
 300  357
 300  356
 299  355
 299  353
 298  352
 298  351
 297  350
 297  348
 296  347
 296  345
 295  344
 295  343
 294  342
 294  341
 293  340
 293  338
 292  337
 292  336
 290  334
 290  333
 289  332
 289  329
 288  328
 288  327
 287  326
 287  324
 286  323
 286  319
 283  316
 283  315
 282  314
 282  313
 279  310
 279  309
 276  306
 276  305
 272  301
 272  300
 265  293
 265  292
 260  287
 260  272
 261  271
 277  271
 278  272
 279  272
 280  273
 282  273
 283  274
 285  274
 286  275
 289  275
 290  276
 293  276
 294  275
 299  275
 301  273
 302  273
 303  272
 304  272
 305  271
 306  271
 307  270
 309  270
 310  269
 313  269
 314  268
 316  268
 317  267
 319  267
 320  266
 321  266
 322  265
 323  265
 329  259
 329  258
 330  257
 330  256
 331  255
 331  253
 332  252
 332  249
 333  248
 333  246
 334  245
 334  243
 336  241
 337  241
 340  238
 341  238
 342  237
 342  236
 344  234
 344  232
 345  231
 345  217
 347  215
 352  215
 353  214
 353  213
 354  212
 354  210
 355  209
 355  205
 356  204
 356  199
 357  198
 357  197
 358  196
 358  195
 359  194
 359  192
 360  191
 360  190
 362  188
 362  187
 363  186
 363  185
 365  183
 365  181
 366  180
 366  177
 367  176
 367  170
 368  169
 368  166
 369  165
 369  162
 370  161
 370  160
 372  158
 372  157
 376  153
 376  152
 379  149
 379  147
 380  146
 380  144
 381  143
 381  142
 382  141
 382  139
 383  138
 383  133
 385  131
 385  129
 386  128
 386  125
 389  122
 390  122
 393  119
 393  118
 394  117
 394  115
 395  114
 395  112
 396  111
 396  107
 397  106
 397  103
 399  101
 399   99
 400   98
 400   97
 402   95
 402   94
 403   93
 403   92
 405   90
 405   89
 406   88
 406   86
 407   85
 407   84
 408   83
 408   82
 409   81
 409   78
 410   77
 410   75
 411   74
 411   73
 412   72
 412   71
 414   69
 414   68
 417   65
 417   64
 419   62
 419   61
 420   60
 420   58
 421   57
 421   56
 422   55
 422   53
 423   52
 423   46
 424   45
 424   36
 425   35
 425   32
 424   31
 424   29
 423   28
 423   27
 422   26
 422   25
 415   18
 414   18
 412   16
 411   16
 410   15
 409   15
 408   14
 407   14
 406   13
 404   13
 403   12
 402   12
 401   11
 400   11
 399   10
 396   10
 395    9
 392    9
 391    8
 391    0
