 334  126
 333  127
 328  127
 327  128
 320  128
 319  129
 315  129
 314  130
 311  130
 310  131
 307  131
 306  132
 304  132
 303  133
 301  133
 300  134
 299  134
 298  135
 296  135
 295  136
 293  136
 292  137
 290  137
 289  138
 288  138
 287  139
 286  139
 285  140
 284  140
 283  141
 282  141
 281  142
 280  142
 279  143
 277  143
 276  144
 275  144
 274  145
 273  145
 272  146
 271  146
 270  147
 269  147
 268  148
 267  148
 266  149
 265  149
 264  150
 263  150
 262  151
 260  151
 258  153
 257  153
 256  154
 255  154
 254  155
 253  155
 251  157
 250  157
 249  158
 248  158
 246  160
 245  160
 243  162
 242  162
 241  163
 240  163
 238  165
 237  165
 236  166
 235  166
 234  167
 233  167
 231  169
 230  169
 227  172
 226  172
 224  174
 223  174
 221  176
 220  176
 217  179
 216  179
 213  182
 212  182
 209  185
 208  185
 203  190
 202  190
 190  202
 189  202
 176  215
 176  216
 166  226
 166  227
 152  241
 152  242
 146  248
 146  249
 142  253
 142  254
 139  257
 139  258
 135  262
 135  263
 131  267
 131  268
 126  273
 126  274
 123  277
 123  278
 119  282
 119  283
 116  286
 116  287
 115  288
 115  289
 110  294
 110  304
 111  305
 116  305
 117  306
 117  320
 116  321
 116  322
 115  323
 115  324
 114  325
 114  328
 113  329
 113  339
 112  340
 110  340
 109  341
 109  342
 108  343
 108  345
 109  346
 109  347
 111  349
 112  349
 116  353
 116  354
 118  356
 118  357
 119  358
 119  359
 121  361
 121  362
 122  363
 122  364
 123  365
 123  366
 126  369
 126  370
 127  371
 127  372
 129  374
 129  375
 130  376
 130  377
 132  379
 132  380
 134  382
 134  383
 135  384
 135  385
 136  386
 136  387
 138  389
 138  390
 139  391
 139  392
 140  393
 140  394
 141  395
 141  397
 142  398
 142  400
 143  401
 143  402
 144  403
 144  405
 145  406
 145  409
 146  410
 146  411
 147  412
 147  414
 148  415
 148  420
 149  421
 149  425
 150  426
 150  430
 151  431
 151  438
 152  439
 152  446
 153  447
 153  450
 154  451
 154  453
 155  454
 155  457
 156  458
 156  460
 157  461
 157  464
 158  465
 158  469
 159  470
 159  473
 160  474
 160  475
 161  476
 161  479
 162  480
 162  483
 163  484
 163  485
 164  486
 164  487
 165  488
 165  491
 166  492
 166  493
 168  495
 184  495
 185  496
 185  497
 186  498
 186  499
 188  501
 188  503
 189  504
 189  507
 190  508
 190  523
 191  524
 191  526
 192  527
 192  528
 194  530
 194  531
 196  533
 198  533
 198  531
 199  530
 199  528
 201  526
 201  525
 206  520
 207  520
 208  519
 227  519
 229  521
 229  522
 231  524
 231  525
 232  526
 232  532
 233  533
 233  537
 234  538
 234  539
 235  540
 235  542
 236  543
 236  523
 237  522
 237  521
 241  517
 242  517
 243  516
 264  516
 265  517
 266  517
 267  518
 268  518
 269  519
 270  519
 272  521
 273  521
 277  525
 278  525
 283  530
 284  530
 286  532
 286  533
 296  543
 297  543
 312  558
 313  558
 316  561
 317  561
 318  560
 317  559
 317  558
 296  537
 295  537
 290  532
 289  532
 280  523
 279  523
 264  508
 264  507
 261  504
 261  503
 258  500
 258  499
 257  498
 257  482
 258  481
 258  477
 259  476
 259  474
 260  473
 260  472
 262  470
 270  470
 271  469
 273  469
 274  468
 274  466
 272  464
 272  463
 271  462
 271  461
 268  458
 268  457
 265  454
 265  453
 264  452
 264  434
 267  431
 267  430
 269  428
 279  428
 280  427
 280  425
 277  422
 277  404
 278  403
 278  401
 279  400
 279  399
 286  392
 283  389
 283  388
 280  385
 280  384
 279  383
 279  382
 278  381
 278  379
 277  378
 277  377
 276  376
 276  375
 275  374
 275  371
 274  370
 274  368
 273  367
 273  366
 271  364
 271  363
 268  360
 268  359
 267  358
 266  358
 261  353
 260  353
 258  351
 257  351
 256  350
 256  329
 257  328
 267  328
 268  327
 276  327
 277  326
 282  326
 283  325
 284  325
 292  317
 293  317
 296  314
 296  313
 297  312
 297  310
 298  309
 298  308
 299  307
 299  306
 300  305
 304  305
 305  304
 305  295
 306  294
 306  293
 314  285
 314  284
 315  283
 315  262
 320  257
 321  257
 324  254
 324  253
 325  252
 325  251
 326  250
 326  249
 327  248
 327  247
 326  246
 326  244
 325  243
 325  229
 332  222
 332  221
 334  219
 334  217
 335  216
 335  205
 345  195
 345  194
 347  192
 347  191
 348  190
 348  188
 349  187
 349  186
 351  184
 351  183
 356  178
 357  178
 361  174
 361  173
 363  171
 363  170
 364  169
 364  167
 365  166
 365  163
 366  162
 366  161
 370  157
 370  156
 371  155
 371  154
 372  153
 372  149
 371  148
 371  142
 370  141
 370  139
 369  138
 369  137
 368  136
 368  135
 365  132
 364  132
 363  131
 362  131
 361  130
 360  130
 359  129
 357  129
 356  128
 352  128
 351  127
 343  127
 342  126
