 332  160
 331  161
 327  161
 326  162
 322  162
 321  163
 319  163
 318  164
 315  164
 314  165
 312  165
 311  166
 310  166
 309  167
 307  167
 306  168
 305  168
 304  169
 302  169
 301  170
 300  170
 299  171
 298  171
 297  172
 296  172
 295  173
 294  173
 293  174
 292  174
 291  175
 290  175
 289  176
 288  176
 287  177
 286  177
 284  179
 283  179
 282  180
 281  180
 280  181
 279  181
 278  182
 277  182
 275  184
 274  184
 273  185
 272  185
 271  186
 270  186
 268  188
 267  188
 265  190
 264  190
 262  192
 261  192
 260  193
 259  193
 256  196
 255  196
 253  198
 252  198
 249  201
 248  201
 245  204
 244  204
 242  206
 241  206
 237  210
 236  210
 232  214
 231  214
 225  220
 224  220
 219  225
 218  225
 218  226
 215  229
 214  229
 205  238
 204  238
 184  258
 184  259
 180  263
 180  264
 174  270
 174  271
 171  274
 171  275
 167  279
 167  280
 165  282
 165  283
 164  284
 164  285
 161  288
 161  289
 160  290
 160  291
 157  294
 157  295
 156  296
 156  297
 155  298
 155  299
 154  300
 154  301
 153  302
 153  303
 152  304
 152  305
 150  307
 150  308
 148  310
 148  311
 147  312
 147  314
 146  315
 146  316
 144  318
 144  320
 142  322
 138  322
 137  323
 137  345
 138  346
 141  346
 142  347
 142  381
 143  382
 143  385
 144  386
 144  389
 145  390
 145  393
 146  394
 146  397
 147  398
 147  401
 148  402
 148  404
 149  405
 149  408
 150  409
 150  414
 151  415
 151  418
 152  419
 152  422
 153  423
 153  427
 154  428
 154  430
 155  431
 155  433
 156  434
 156  436
 157  437
 157  439
 158  440
 158  442
 159  443
 159  445
 160  446
 160  449
 161  450
 161  453
 162  454
 162  456
 163  457
 163  461
 164  462
 164  466
 165  467
 165  470
 166  471
 166  472
 167  473
 167  475
 169  477
 169  479
 170  480
 170  484
 171  485
 171  487
 173  489
 173  490
 174  491
 174  493
 175  494
 175  495
 176  496
 176  497
 177  498
 177  501
 178  502
 178  505
 179  506
 179  507
 180  508
 180  510
 181  511
 181  512
 184  515
 184  516
 187  519
 188  519
 189  520
 190  520
 191  521
 194  521
 195  522
 198  522
 202  526
 203  526
 204  527
 205  526
 206  526
 207  525
 207  524
 208  523
 208  522
 210  520
 223  520
 224  519
 225  519
 227  517
 227  516
 228  515
 228  513
 229  512
 229  506
 230  505
 230  496
 231  495
 231  494
 233  492
 234  492
 235  491
 238  491
 239  490
 240  490
 241  489
 242  489
 244  487
 245  487
 246  486
 246  485
 247  484
 246  483
 246  478
 245  477
 245  462
 246  461
 246  460
 248  458
 249  458
 251  456
 252  456
 256  452
 256  451
 257  450
 257  435
 260  432
 261  432
 267  426
 267  412
 269  410
 269  409
 270  408
 270  405
 269  404
 269  403
 267  401
 267  399
 254  386
 253  386
 248  381
 247  381
 243  377
 243  363
 244  362
 252  362
 253  361
 264  361
 265  360
 271  360
 272  359
 273  359
 284  348
 284  347
 287  344
 287  343
 289  341
 289  340
 290  339
 290  338
 291  337
 292  337
 293  336
 293  335
 294  334
 294  333
 296  331
 296  330
 297  329
 297  322
 298  321
 298  310
 299  309
 299  308
 300  307
 300  303
 301  302
 301  285
 302  284
 302  282
 303  281
 303  278
 304  277
 304  273
 305  272
 305  269
 306  268
 306  262
 307  261
 307  257
 308  256
 308  255
 309  254
 309  252
 310  251
 310  249
 311  248
 311  246
 312  245
 312  244
 313  243
 313  241
 314  240
 314  238
 316  236
 316  235
 317  234
 317  232
 319  230
 319  229
 320  228
 320  227
 321  226
 321  225
 322  224
 322  223
 323  222
 323  221
 324  220
 324  219
 325  218
 325  217
 327  215
 327  214
 329  212
 329  211
 331  209
 331  208
 333  206
 333  205
 334  204
 334  203
 335  202
 335  201
 336  200
 336  199
 337  198
 337  195
 339  193
 339  192
 340  191
 340  188
 341  187
 341  186
 342  185
 342  184
 343  183
 343  178
 344  177
 344  170
 343  169
 343  166
 341  164
 341  163
 340  162
 339  162
 338  161
 337  161
 336  160
