 319  184
 318  185
 311  185
 310  186
 307  186
 306  187
 302  187
 301  188
 298  188
 297  189
 294  189
 293  190
 291  190
 290  191
 287  191
 286  192
 285  192
 284  193
 283  193
 282  194
 280  194
 279  195
 278  195
 277  196
 275  196
 274  197
 273  197
 272  198
 270  198
 269  199
 268  199
 267  200
 266  200
 265  201
 264  201
 263  202
 262  202
 261  203
 260  203
 259  204
 258  204
 257  205
 255  205
 253  207
 252  207
 251  208
 250  208
 249  209
 248  209
 247  210
 246  210
 245  211
 244  211
 243  212
 242  212
 240  214
 239  214
 238  215
 237  215
 236  216
 235  216
 233  218
 232  218
 230  220
 229  220
 228  221
 227  221
 225  223
 224  223
 222  225
 221  225
 220  226
 219  226
 216  229
 215  229
 213  231
 212  231
 210  233
 209  233
 207  235
 206  235
 203  238
 202  238
 199  241
 198  241
 193  246
 192  246
 186  252
 185  252
 151  286
 151  287
 144  294
 144  295
 140  299
 140  300
 137  303
 137  304
 134  307
 134  308
 133  309
 133  310
 130  313
 130  314
 129  315
 129  316
 127  318
 127  319
 123  323
 122  323
 120  325
 120  339
 121  340
 126  340
 128  342
 128  343
 129  344
 129  345
 131  347
 131  362
 128  365
 128  366
 126  368
 126  369
 125  370
 119  370
 118  371
 118  388
 119  389
 119  390
 120  391
 120  394
 121  395
 121  397
 122  398
 122  399
 123  400
 123  403
 124  404
 124  405
 125  406
 125  407
 126  408
 126  411
 127  412
 127  416
 128  417
 128  419
 129  420
 129  421
 130  422
 130  425
 131  426
 131  428
 132  429
 132  430
 133  431
 133  434
 134  435
 134  437
 135  438
 135  440
 136  441
 136  444
 137  445
 137  448
 138  449
 138  450
 139  451
 139  453
 140  454
 140  457
 141  458
 141  460
 142  461
 142  462
 143  463
 143  464
 144  465
 144  467
 145  468
 145  469
 146  470
 146  471
 147  472
 147  473
 148  474
 148  476
 150  478
 150  480
 151  481
 151  483
 152  484
 152  485
 153  486
 153  488
 154  489
 154  491
 156  493
 156  494
 157  495
 157  496
 161  500
 162  500
 163  501
 164  501
 165  502
 169  502
 170  503
 174  503
 175  504
 176  504
 177  503
 182  503
 183  502
 187  502
 188  501
 191  501
 192  500
 196  500
 197  499
 199  499
 200  498
 202  498
 203  497
 205  497
 206  496
 208  496
 209  495
 210  495
 211  494
 212  494
 213  493
 214  493
 215  492
 217  492
 218  491
 221  491
 222  490
 223  490
 224  489
 225  489
 227  487
 228  487
 229  486
 230  486
 232  484
 233  484
 235  482
 236  482
 237  481
 238  481
 239  480
 240  480
 241  479
 242  479
 243  478
 244  478
 246  476
 247  476
 256  467
 256  466
 258  464
 258  463
 260  461
 260  460
 264  456
 265  456
 267  454
 267  453
 270  450
 270  449
 272  447
 272  446
 273  445
 273  444
 274  443
 274  442
 276  440
 276  438
 277  437
 277  436
 280  433
 280  432
 283  429
 283  424
 282  423
 282  422
 280  420
 280  418
 277  415
 277  414
 276  413
 276  412
 274  410
 274  409
 272  407
 272  406
 270  404
 270  403
 269  402
 269  401
 267  399
 267  398
 266  397
 266  396
 263  393
 263  392
 262  391
 262  390
 260  388
 260  387
 257  384
 257  383
 253  379
 253  378
 250  375
 250  361
 251  360
 266  360
 267  361
 269  361
 270  362
 283  362
 284  361
 288  361
 289  360
 291  360
 292  359
 295  359
 296  358
 303  358
 304  357
 306  357
 312  351
 313  351
 320  344
 320  343
 321  342
 321  341
 323  339
 323  337
 324  336
 324  335
 326  333
 326  332
 327  331
 327  330
 328  329
 328  328
 330  326
 330  325
 331  324
 331  323
 333  321
 333  320
 334  319
 334  317
 336  315
 336  313
 337  312
 337  309
 338  308
 338  306
 339  305
 339  304
 340  303
 340  301
 341  300
 341  299
 343  297
 343  293
 344  292
 344  289
 345  288
 345  286
 346  285
 346  283
 347  282
 347  280
 348  279
 348  278
 349  277
 349  276
 350  275
 350  273
 351  272
 351  270
 352  269
 352  268
 353  267
 353  264
 354  263
 354  261
 355  260
 355  258
 356  257
 356  255
 357  254
 357  249
 358  248
 358  245
 359  244
 359  241
 360  240
 360  235
 361  234
 361  227
 362  226
 362  216
 363  215
 363  201
 362  200
 362  197
 361  196
 361  195
 360  194
 360  193
 357  190
 356  190
 355  189
 354  189
 353  188
 352  188
 351  187
 348  187
 347  186
 344  186
 343  185
 336  185
 335  184
