 326   85
 325   86
 318   86
 317   87
 309   87
 308   88
 303   88
 302   89
 297   89
 296   90
 292   90
 291   91
 288   91
 287   92
 283   92
 282   93
 280   93
 279   94
 275   94
 274   95
 272   95
 271   96
 268   96
 267   97
 265   97
 264   98
 261   98
 260   99
 258   99
 257  100
 255  100
 254  101
 252  101
 251  102
 249  102
 248  103
 246  103
 245  104
 243  104
 242  105
 240  105
 239  106
 238  106
 237  107
 235  107
 234  108
 233  108
 232  109
 230  109
 229  110
 227  110
 226  111
 225  111
 224  112
 223  112
 222  113
 220  113
 219  114
 218  114
 217  115
 216  115
 215  116
 214  116
 213  117
 212  117
 211  118
 210  118
 209  119
 208  119
 207  120
 206  120
 205  121
 203  121
 202  122
 201  122
 200  123
 199  123
 197  125
 195  125
 193  127
 192  127
 191  128
 190  128
 189  129
 188  129
 187  130
 186  130
 185  131
 184  131
 183  132
 182  132
 180  134
 179  134
 178  135
 177  135
 176  136
 175  136
 173  138
 172  138
 171  139
 170  139
 169  140
 168  140
 167  141
 166  141
 164  143
 163  143
 162  144
 161  144
 159  146
 158  146
 157  147
 156  147
 154  149
 153  149
 151  151
 150  151
 148  153
 147  153
 145  155
 144  155
 142  157
 141  157
 138  160
 137  160
 132  165
 131  165
 128  168
 127  168
 123  172
 122  172
 118  176
 117  176
 101  192
 101  193
  94  200
  94  201
  87  208
  87  209
  84  212
  84  213
  81  216
  81  217
  78  220
  78  221
  75  224
  75  225
  73  227
  73  228
  70  231
  70  232
  68  234
  68  235
  67  236
  67  237
  64  240
  64  241
  63  242
  63  243
  62  244
  62  245
  61  246
  61  249
  62  250
  62  251
  63  251
  65  253
  66  253
  67  254
  67  269
  66  270
  66  271
  65  272
  65  273
  64  274
  64  276
  63  277
  63  279
  62  280
  62  281
  61  282
  61  284
  60  285
  60  287
  59  288
  59  292
  58  293
  58  302
  59  303
  59  305
  60  306
  60  307
  61  308
  61  310
  62  311
  62  320
  63  321
  63  323
  64  324
  64  325
  65  326
  65  327
  67  329
  67  331
  68  332
  68  333
  70  335
  70  336
  71  337
  71  338
  73  340
  73  341
  74  342
  74  344
  76  346
  76  347
  77  348
  77  351
  78  352
  78  353
  79  354
  79  358
  80  359
  80  370
  81  371
  81  376
  82  377
  82  387
  83  388
  83  417
  84  418
  84  427
  85  428
  85  437
  86  438
  86  447
  87  448
  87  452
  88  453
  88  455
  89  456
  89  458
  90  459
  90  465
  91  466
  91  469
  92  470
  92  475
  93  476
  93  481
  94  482
  94  484
  95  485
  95  487
  96  488
  96  491
  97  492
  97  496
  98  497
  98  498
  99  499
  99  500
 104  505
 107  505
 108  506
 120  506
 121  507
 121  522
 122  523
 122  525
 123  526
 123  528
 124  529
 124  532
 126  534
 126  535
 127  536
 127  537
 128  538
 128  539
 131  542
 131  543
 132  543
 135  546
 137  546
 138  547
 141  547
 142  546
 143  546
 145  544
 145  543
 147  541
 148  541
 149  540
 166  540
 170  544
 170  545
 171  546
 171  547
 175  551
 176  551
 177  552
 178  551
 180  551
 182  549
 182  548
 183  547
 183  545
 187  541
 188  541
 189  540
 207  540
 208  541
 209  541
 211  543
 212  543
 220  551
 220  552
 221  553
 221  554
 224  557
 224  559
 226  561
 226  562
 227  563
 227  564
 228  565
 228  567
 230  569
 230  570
 231  571
 231  574
 232  575
 232  576
 233  577
 233  578
 234  579
 234  581
 235  582
 235  583
 237  585
 237  586
 238  587
 238  588
 239  589
 239  590
 242  593
 242  594
 243  594
 245  596
 245  597
 246  597
 249  600
 250  600
 251  601
 252  601
 253  602
 258  602
 260  600
 261  600
 263  598
 263  596
 264  595
 264  592
 263  591
 263  588
 262  587
 262  586
 260  584
 260  583
 257  580
 257  579
 236  558
 236  557
 233  554
 233  553
 230  550
 230  549
 227  546
 227  545
 226  544
 226  542
 225  541
 225  540
 224  539
 224  538
 223  537
 223  535
 222  534
 222  533
 221  532
 221  530
 220  529
 220  510
 221  509
 221  508
 222  507
 222  506
 223  505
 223  504
 228  499
 229  499
 230  498
 242  498
 243  497
 244  497
 249  492
 249  491
 250  490
 250  484
 249  483
 249  482
 247  480
 247  479
 246  478
 246  477
 244  475
 244  457
 248  453
 249  453
 250  452
 251  452
 252  451
 255  451
 256  450
 257  450
 259  448
 260  448
 262  446
 263  446
 268  441
 268  440
 270  438
 270  433
 267  430
 267  429
 263  425
 263  409
 269  403
 270  403
 274  399
 274  398
 276  396
 276  388
 274  386
 274  385
 273  384
 273  382
 272  381
 272  380
 270  378
 270  376
 265  371
 264  371
 263  370
 262  370
 261  369
 260  369
 259  368
 258  368
 256  366
 256  365
 254  363
 254  361
 253  360
 253  339
 250  336
 250  335
 243  328
 243  327
 237  321
 237  307
 238  306
 265  306
 266  305
 274  305
 275  304
 278  304
 279  303
 282  303
 283  302
 284  302
 286  300
 287  300
 291  296
 291  295
 296  290
 297  290
 298  289
 299  289
 301  287
 302  287
 304  285
 304  284
 305  283
 305  282
 306  281
 306  279
 307  278
 307  277
 308  276
 309  276
 310  275
 312  275
 316  271
 316  270
 317  269
 317  268
 318  267
 318  266
 323  261
 324  261
 325  260
 326  260
 327  259
 327  257
 328  256
 328  248
 331  245
 332  245
 334  243
 335  243
 336  242
 337  242
 339  240
 339  239
 340  238
 340  237
 341  236
 341  235
 343  233
 343  232
 345  230
 345  229
 347  227
 347  225
 348  224
 348  223
 349  222
 349  220
 350  219
 350  218
 352  216
 353  216
 355  214
 356  214
 360  210
 360  209
 364  205
 364  204
 368  200
 368  199
 370  197
 370  196
 371  195
 371  194
 372  193
 372  192
 375  189
 376  189
 377  188
 378  188
 379  187
 380  187
 381  186
 382  186
 384  184
 384  183
 391  176
 391  175
 397  169
 397  167
 398  166
 398  165
 403  160
 404  160
 409  155
 409  154
 413  150
 413  149
 417  145
 417  144
 418  143
 418  142
 420  140
 420  139
 421  138
 421  136
 422  135
 422  133
 423  132
 423  128
 422  127
 422  126
 421  125
 421  123
 413  115
 412  115
 406  109
 405  109
 402  106
 401  106
 399  104
 398  104
 396  102
 395  102
 394  101
 393  101
 391   99
 390   99
 389   98
 388   98
 386   96
 385   96
 384   95
 383   95
 382   94
 381   94
 379   92
 377   92
 376   91
 375   91
 374   90
 372   90
 371   89
 368   89
 367   88
 364   88
 363   87
 357   87
 356   86
 351   86
 350   85
