 312  127
 311  128
 307  128
 306  129
 301  129
 300  130
 297  130
 296  131
 294  131
 293  132
 290  132
 289  133
 287  133
 286  134
 285  134
 284  135
 282  135
 281  136
 280  136
 279  137
 278  137
 277  138
 275  138
 274  139
 273  139
 272  140
 271  140
 270  141
 269  141
 268  142
 267  142
 266  143
 265  143
 264  144
 263  144
 261  146
 260  146
 259  147
 258  147
 256  149
 255  149
 253  151
 252  151
 251  152
 250  152
 247  155
 246  155
 244  157
 243  157
 239  161
 238  161
 235  164
 234  164
 228  170
 227  170
 209  188
 209  189
 208  190
 207  190
 207  191
 199  199
 199  200
 194  205
 194  206
 190  210
 190  211
 186  215
 186  216
 183  219
 183  220
 180  223
 180  224
 178  226
 178  227
 176  229
 176  230
 175  231
 175  232
 173  234
 173  235
 172  236
 172  237
 170  239
 170  240
 169  241
 169  243
 167  245
 167  246
 166  247
 166  248
 165  249
 165  250
 163  252
 163  254
 162  255
 162  256
 160  258
 160  260
 159  261
 159  263
 156  266
 156  269
 155  270
 155  271
 153  273
 153  276
 152  277
 152  278
 151  279
 151  280
 150  281
 150  283
 149  284
 149  287
 147  289
 147  291
 146  292
 146  294
 144  296
 142  296
 140  298
 140  315
 141  316
 147  316
 148  317
 148  331
 147  332
 147  333
 146  334
 142  334
 141  335
 141  359
 142  360
 142  361
 143  362
 143  363
 145  365
 145  366
 146  367
 146  371
 147  372
 147  373
 148  374
 148  375
 149  376
 149  378
 150  379
 150  381
 152  383
 152  385
 153  386
 153  388
 154  389
 154  390
 155  391
 155  392
 156  393
 156  396
 157  397
 157  398
 158  399
 158  400
 159  401
 159  404
 160  405
 160  406
 161  407
 161  408
 162  409
 162  410
 163  411
 163  413
 164  414
 164  416
 165  417
 165  418
 166  419
 166  421
 167  422
 167  424
 168  425
 168  426
 169  427
 169  430
 170  431
 170  433
 171  434
 171  435
 172  436
 172  439
 173  440
 173  442
 174  443
 174  445
 175  446
 175  448
 176  449
 176  451
 177  452
 177  454
 178  455
 178  457
 179  458
 179  460
 180  461
 180  464
 181  465
 181  468
 182  469
 182  474
 183  475
 183  478
 184  479
 184  480
 185  481
 185  482
 186  483
 186  485
 188  487
 188  488
 190  490
 190  491
 192  493
 192  494
 197  499
 198  499
 199  500
 202  500
 203  501
 208  501
 211  504
 211  506
 212  507
 212  509
 213  510
 213  512
 215  514
 215  515
 221  521
 222  521
 223  522
 224  521
 225  521
 226  520
 227  520
 228  519
 229  519
 234  514
 251  514
 253  512
 254  512
 255  511
 256  511
 257  510
 273  510
 274  511
 276  511
 280  515
 281  515
 288  522
 288  523
 290  525
 290  526
 293  529
 293  530
 294  531
 294  532
 296  534
 296  535
 297  536
 297  537
 299  539
 299  540
 300  541
 300  542
 302  544
 302  545
 303  546
 303  547
 304  548
 304  549
 307  552
 307  553
 308  554
 309  554
 314  559
 315  559
 316  560
 318  560
 322  556
 322  548
 321  547
 321  546
 319  544
 319  543
 311  535
 310  535
 307  532
 306  532
 304  530
 303  530
 289  516
 289  515
 286  512
 286  511
 285  510
 285  509
 282  506
 282  503
 281  502
 281  501
 280  500
 280  499
 279  498
 279  479
 282  476
 282  475
 283  474
 284  474
 286  472
 287  472
 292  467
 292  466
 293  465
 293  463
 292  462
 292  458
 291  457
 291  440
 292  439
 292  437
 299  430
 300  430
 305  425
 305  424
 304  423
 304  422
 302  420
 302  418
 300  416
 300  415
 299  414
 299  395
 305  389
 303  387
 303  386
 302  385
 302  384
 296  378
 295  378
 292  375
 292  374
 289  371
 289  370
 288  369
 288  367
 287  366
 287  365
 286  364
 286  362
 285  361
 285  359
 274  348
 273  348
 271  346
 270  346
 269  345
 268  345
 266  343
 265  343
 264  342
 263  342
 262  341
 261  341
 260  340
 259  340
 257  338
 256  338
 255  337
 254  337
 253  336
 253  322
 254  321
 280  321
 281  320
 297  320
 298  319
 299  319
 300  318
 302  318
 303  317
 304  317
 306  315
 307  315
 311  311
 311  310
 313  308
 313  307
 315  305
 315  302
 316  301
 316  298
 318  296
 318  295
 319  294
 319  293
 320  292
 320  291
 321  290
 321  288
 322  287
 322  271
 323  270
 323  267
 324  266
 324  243
 325  242
 325  240
 326  239
 326  231
 325  230
 325  210
 326  209
 326  192
 327  191
 327  189
 328  188
 328  185
 329  184
 329  183
 330  182
 330  179
 331  178
 331  175
 332  174
 332  172
 333  171
 333  170
 334  169
 334  168
 335  167
 335  165
 336  164
 336  162
 337  161
 337  158
 338  157
 338  155
 339  154
 339  151
 340  150
 340  147
 341  146
 341  145
 340  144
 340  137
 339  136
 339  133
 337  131
 336  131
 335  130
 334  130
 333  129
 331  129
 330  128
 328  128
 327  127
