 324  129
 323  130
 319  130
 318  131
 314  131
 313  132
 310  132
 309  133
 307  133
 306  134
 304  134
 303  135
 301  135
 300  136
 299  136
 298  137
 297  137
 296  138
 294  138
 293  139
 291  139
 290  140
 288  140
 287  141
 286  141
 285  142
 284  142
 283  143
 281  143
 280  144
 279  144
 278  145
 277  145
 276  146
 275  146
 274  147
 272  147
 270  149
 269  149
 268  150
 267  150
 265  152
 264  152
 263  153
 262  153
 261  154
 260  154
 258  156
 257  156
 256  157
 255  157
 253  159
 252  159
 251  160
 250  160
 248  162
 247  162
 246  163
 245  163
 242  166
 241  166
 239  168
 238  168
 234  172
 233  172
 229  176
 228  176
 225  179
 224  179
 218  185
 217  185
 212  190
 211  190
 190  211
 190  212
 181  221
 181  222
 166  237
 165  237
 163  239
 162  239
 160  241
 159  241
 153  247
 153  248
 150  251
 150  252
 149  253
 149  254
 148  255
 148  256
 146  258
 146  259
 145  260
 145  261
 144  262
 144  263
 142  265
 142  266
 140  268
 140  269
 138  271
 138  272
 136  274
 136  275
 135  276
 135  277
 133  279
 133  280
 131  282
 131  283
 129  285
 129  286
 127  288
 127  289
 125  291
 125  292
 124  293
 124  295
 123  296
 123  347
 125  349
 130  349
 131  350
 131  364
 129  366
 129  371
 128  372
 128  379
 127  380
 127  382
 126  383
 122  383
 121  384
 121  398
 122  399
 122  400
 124  402
 124  403
 131  410
 131  411
 132  412
 132  413
 133  414
 133  416
 134  417
 134  418
 135  419
 135  420
 136  421
 136  422
 137  423
 137  425
 138  426
 138  427
 139  428
 139  429
 140  430
 140  431
 141  432
 141  433
 142  434
 142  435
 143  436
 143  437
 144  438
 144  439
 145  440
 145  441
 146  442
 146  443
 147  444
 147  445
 149  447
 149  448
 150  449
 150  450
 151  451
 151  452
 153  454
 153  455
 154  456
 154  457
 156  459
 156  460
 157  461
 157  462
 158  463
 158  464
 160  466
 160  468
 161  469
 161  471
 162  472
 162  473
 163  474
 163  477
 164  478
 164  485
 165  486
 165  488
 166  489
 166  494
 167  495
 167  501
 168  502
 168  505
 169  506
 169  509
 170  510
 170  512
 171  513
 171  515
 172  516
 172  517
 173  518
 173  520
 174  521
 174  522
 184  532
 185  532
 188  535
 189  535
 191  537
 192  537
 195  540
 195  541
 196  542
 196  543
 202  549
 202  550
 208  556
 209  556
 211  558
 213  558
 214  559
 215  558
 218  558
 219  557
 220  557
 221  556
 236  556
 237  555
 240  555
 241  554
 242  554
 244  552
 245  552
 245  551
 247  549
 247  548
 252  543
 255  543
 256  542
 262  542
 263  541
 265  541
 266  540
 267  540
 268  539
 269  539
 270  538
 271  538
 273  536
 273  535
 275  533
 275  532
 276  531
 276  530
 277  529
 277  528
 279  526
 279  525
 284  520
 286  520
 287  519
 289  519
 290  518
 292  518
 293  517
 294  517
 295  516
 296  516
 300  512
 300  510
 301  509
 301  503
 302  502
 302  495
 303  494
 303  493
 306  490
 306  489
 315  480
 315  479
 317  477
 317  475
 318  474
 318  471
 319  470
 319  453
 320  452
 320  450
 321  449
 321  448
 322  447
 322  446
 323  445
 323  443
 322  442
 322  440
 320  438
 320  437
 319  436
 319  435
 310  426
 310  424
 309  423
 309  420
 308  419
 308  417
 307  416
 307  415
 306  414
 306  413
 303  410
 303  409
 301  407
 300  407
 294  401
 293  401
 290  398
 289  398
 287  396
 286  396
 284  394
 283  394
 282  393
 281  393
 280  392
 279  392
 278  391
 277  391
 276  390
 275  390
 274  389
 273  389
 272  388
 271  388
 269  386
 269  371
 270  370
 287  370
 288  369
 293  369
 294  368
 297  368
 309  356
 309  355
 310  354
 310  353
 322  341
 322  340
 323  339
 323  338
 324  337
 324  336
 325  335
 325  333
 326  332
 326  326
 327  325
 327  321
 329  319
 329  318
 333  314
 333  312
 334  311
 334  310
 335  309
 335  308
 336  307
 336  305
 337  304
 337  300
 338  299
 338  298
 337  297
 337  277
 338  276
 338  274
 339  273
 339  270
 340  269
 340  249
 341  248
 341  246
 342  245
 342  244
 343  243
 343  241
 345  239
 345  238
 346  237
 346  234
 347  233
 347  228
 348  227
 348  225
 349  224
 349  223
 350  222
 350  214
 351  213
 351  209
 352  208
 352  207
 353  206
 353  204
 354  203
 354  202
 355  201
 355  199
 356  198
 356  196
 357  195
 357  189
 358  188
 358  183
 359  182
 359  175
 360  174
 360  160
 359  159
 359  155
 358  154
 358  152
 357  151
 357  149
 356  148
 356  146
 355  145
 355  144
 353  142
 353  141
 350  138
 349  138
 347  136
 346  136
 345  135
 344  135
 343  134
 342  134
 341  133
 340  133
 339  132
 338  132
 337  131
 335  131
 334  130
 332  130
 331  129
