 329  132
 328  133
 324  133
 323  134
 317  134
 316  135
 313  135
 312  136
 308  136
 307  137
 305  137
 304  138
 301  138
 300  139
 298  139
 297  140
 295  140
 294  141
 292  141
 291  142
 290  142
 289  143
 287  143
 286  144
 285  144
 284  145
 282  145
 281  146
 280  146
 279  147
 278  147
 277  148
 275  148
 274  149
 273  149
 272  150
 271  150
 270  151
 269  151
 268  152
 266  152
 264  154
 263  154
 262  155
 261  155
 260  156
 259  156
 258  157
 257  157
 256  158
 255  158
 254  159
 253  159
 252  160
 251  160
 250  161
 249  161
 247  163
 246  163
 245  164
 244  164
 243  165
 242  165
 240  167
 239  167
 237  169
 236  169
 235  170
 234  170
 232  172
 231  172
 229  174
 228  174
 227  175
 226  175
 225  176
 224  176
 222  178
 221  178
 219  180
 218  180
 216  182
 215  182
 213  184
 212  184
 209  187
 208  187
 206  189
 205  189
 202  192
 201  192
 198  195
 197  195
 194  198
 193  198
 190  201
 189  201
 186  204
 185  204
 170  219
 169  219
 168  220
 168  221
 163  226
 162  226
 162  227
 148  241
 148  242
 141  249
 141  250
 138  253
 138  254
 134  258
 134  259
 131  262
 131  263
 128  266
 128  267
 125  270
 125  271
 121  275
 121  276
 119  278
 119  279
 118  280
 118  281
 115  284
 115  285
 114  286
 114  287
 112  289
 112  291
 111  292
 111  293
 109  295
 109  296
 108  297
 108  299
 105  302
 105  303
 104  304
 104  305
 102  307
 102  308
 101  309
 101  324
 103  326
 112  326
 113  327
 113  341
 111  343
 104  343
 103  344
 103  355
 104  356
 104  357
 105  358
 105  361
 106  362
 106  365
 107  366
 107  370
 108  371
 108  373
 109  374
 109  375
 110  376
 110  377
 111  378
 111  379
 112  380
 112  381
 114  383
 114  384
 115  385
 115  386
 118  389
 118  390
 121  393
 121  395
 122  396
 122  397
 124  399
 124  400
 125  401
 125  403
 127  405
 127  406
 128  407
 128  409
 129  410
 129  411
 131  413
 131  415
 132  416
 132  417
 134  419
 134  421
 135  422
 135  424
 136  425
 136  426
 137  427
 137  428
 138  429
 138  430
 139  431
 139  432
 141  434
 141  435
 142  436
 142  438
 144  440
 144  442
 145  443
 145  446
 146  447
 146  448
 147  449
 147  451
 148  452
 148  455
 149  456
 149  457
 150  458
 150  459
 151  460
 151  465
 152  466
 152  469
 153  470
 153  471
 154  472
 154  475
 155  476
 155  478
 156  479
 156  480
 157  481
 157  482
 158  483
 158  484
 159  485
 159  486
 162  489
 162  490
 164  492
 165  492
 167  494
 170  494
 171  495
 172  495
 173  496
 175  496
 176  497
 177  497
 185  505
 185  506
 186  507
 186  508
 187  509
 187  510
 188  511
 188  515
 189  516
 189  517
 190  518
 190  519
 191  520
 191  522
 192  523
 192  524
 195  527
 195  528
 199  532
 200  532
 203  535
 204  535
 206  537
 207  537
 208  538
 210  538
 211  539
 213  539
 214  540
 218  540
 219  541
 220  540
 239  540
 240  541
 243  541
 244  540
 246  540
 247  539
 248  539
 250  537
 251  537
 254  534
 270  534
 271  535
 273  535
 276  538
 277  538
 284  545
 285  545
 292  552
 293  552
 295  554
 296  554
 297  555
 298  555
 299  556
 301  556
 303  554
 304  554
 304  553
 307  550
 307  546
 306  545
 306  544
 305  543
 305  541
 304  540
 304  539
 301  536
 301  535
 293  527
 292  527
 287  522
 286  522
 282  518
 281  518
 270  507
 270  506
 268  504
 268  488
 269  487
 269  486
 270  485
 270  484
 271  483
 271  482
 274  479
 274  478
 277  475
 277  472
 278  471
 277  470
 277  468
 276  467
 276  466
 274  464
 274  463
 267  456
 267  455
 265  453
 265  452
 264  451
 264  435
 267  432
 268  432
 271  429
 271  427
 270  426
 270  425
 264  419
 264  418
 263  417
 263  402
 264  401
 265  401
 266  400
 266  399
 265  398
 265  397
 259  391
 258  391
 251  384
 251  383
 248  380
 248  379
 247  378
 247  377
 246  376
 246  375
 245  374
 245  373
 244  372
 244  369
 243  368
 243  367
 241  365
 241  364
 232  355
 231  355
 226  350
 225  350
 222  347
 221  347
 219  345
 219  331
 220  330
 251  330
 252  329
 259  329
 260  328
 263  328
 265  326
 266  326
 271  321
 271  320
 275  316
 275  315
 278  312
 278  311
 287  302
 287  301
 288  300
 288  299
 291  296
 291  295
 292  294
 292  293
 294  291
 294  290
 295  289
 295  288
 297  286
 297  285
 301  281
 301  280
 305  276
 305  275
 307  273
 307  272
 308  271
 308  270
 311  267
 311  265
 313  263
 313  262
 314  261
 314  260
 315  259
 315  258
 317  256
 317  255
 320  252
 320  251
 322  249
 322  248
 324  246
 324  245
 325  244
 325  243
 326  242
 326  241
 327  240
 327  239
 328  238
 328  236
 329  235
 329  234
 331  232
 331  231
 332  230
 332  229
 335  226
 335  225
 338  222
 338  221
 339  220
 339  219
 342  216
 342  215
 351  206
 351  205
 354  202
 354  201
 357  198
 357  197
 358  196
 358  195
 361  192
 361  191
 363  189
 363  188
 365  186
 365  185
 367  183
 367  182
 368  181
 368  180
 369  179
 369  178
 371  176
 371  175
 372  174
 372  173
 374  171
 374  170
 375  169
 375  168
 377  166
 377  164
 378  163
 378  160
 379  159
 379  153
 378  152
 378  150
 377  149
 377  148
 375  146
 375  145
 370  140
 369  140
 367  138
 366  138
 364  136
 362  136
 361  135
 360  135
 359  134
 355  134
 354  133
 350  133
 349  132
