 337  155
 336  156
 331  156
 330  157
 320  157
 319  158
 316  158
 315  159
 312  159
 311  160
 308  160
 307  161
 304  161
 303  162
 300  162
 299  163
 297  163
 296  164
 294  164
 293  165
 291  165
 290  166
 288  166
 287  167
 285  167
 284  168
 283  168
 282  169
 280  169
 279  170
 277  170
 276  171
 274  171
 273  172
 272  172
 271  173
 270  173
 269  174
 268  174
 267  175
 266  175
 265  176
 264  176
 263  177
 262  177
 261  178
 260  178
 259  179
 258  179
 256  181
 254  181
 253  182
 252  182
 250  184
 249  184
 248  185
 247  185
 245  187
 244  187
 242  189
 241  189
 240  190
 239  190
 237  192
 236  192
 235  193
 234  193
 233  194
 232  194
 230  196
 229  196
 226  199
 225  199
 223  201
 222  201
 221  202
 220  202
 218  204
 217  204
 215  206
 214  206
 210  210
 209  210
 205  214
 204  214
 199  219
 198  219
 192  225
 191  225
 171  245
 171  246
 161  256
 161  257
 155  263
 155  264
 148  271
 148  272
 144  276
 144  277
 141  280
 141  281
 138  284
 138  285
 134  289
 134  290
 131  293
 131  294
 130  295
 130  296
 127  299
 127  300
 126  301
 126  302
 124  304
 124  305
 123  306
 123  307
 121  309
 121  310
 120  311
 120  312
 118  314
 118  315
 117  316
 117  317
 111  323
 111  348
 112  349
 115  349
 116  350
 116  364
 115  365
 115  367
 114  368
 114  370
 113  371
 113  373
 112  374
 112  377
 111  378
 111  380
 110  381
 110  395
 111  396
 111  398
 113  400
 113  402
 114  403
 114  404
 115  405
 115  407
 116  408
 116  409
 117  410
 117  411
 118  412
 118  413
 119  414
 119  415
 120  416
 120  418
 121  419
 121  421
 122  422
 122  424
 123  425
 123  427
 124  428
 124  430
 125  431
 125  432
 126  433
 126  434
 127  435
 127  437
 128  438
 128  439
 129  440
 129  441
 130  442
 130  443
 131  444
 131  445
 132  446
 132  447
 134  449
 134  450
 135  451
 135  452
 136  453
 136  454
 137  455
 137  456
 138  457
 138  458
 140  460
 140  461
 141  462
 141  463
 144  466
 144  467
 145  468
 145  469
 148  472
 148  473
 150  475
 150  476
 153  479
 153  480
 154  481
 154  482
 155  483
 155  484
 157  486
 157  487
 158  488
 158  489
 159  490
 159  491
 161  493
 161  494
 163  496
 163  497
 165  499
 165  500
 166  501
 166  502
 167  503
 167  504
 168  505
 168  507
 169  508
 169  509
 171  511
 171  512
 177  518
 177  519
 178  520
 178  521
 180  523
 180  524
 182  526
 182  527
 185  530
 186  530
 188  532
 190  532
 191  533
 192  533
 193  532
 196  532
 197  531
 200  531
 201  530
 204  530
 205  529
 208  529
 209  528
 211  528
 212  527
 213  527
 214  526
 216  526
 218  524
 219  524
 220  523
 221  523
 223  521
 224  521
 225  520
 226  520
 227  519
 228  519
 230  517
 231  517
 232  516
 233  516
 235  514
 236  514
 245  505
 246  505
 246  504
 249  501
 250  501
 253  498
 254  498
 258  494
 259  494
 259  493
 261  491
 261  490
 263  488
 263  487
 264  486
 264  484
 265  483
 265  482
 266  481
 266  480
 267  479
 267  478
 273  472
 273  471
 275  469
 276  469
 276  468
 278  466
 278  465
 280  463
 280  459
 281  458
 281  454
 282  453
 282  452
 283  451
 283  449
 284  448
 284  446
 286  444
 286  443
 287  442
 287  440
 288  439
 288  437
 289  436
 289  434
 288  433
 288  431
 287  430
 287  428
 286  427
 286  426
 285  425
 285  424
 284  423
 284  421
 283  420
 283  419
 282  418
 282  417
 280  415
 280  413
 274  407
 274  406
 272  404
 271  404
 268  401
 267  401
 265  399
 264  399
 263  398
 263  383
 264  382
 269  382
 269  376
 271  374
 281  374
 282  373
 290  373
 291  372
 292  372
 298  366
 299  366
 301  364
 302  364
 304  362
 304  361
 309  356
 310  356
 314  352
 314  351
 317  348
 318  348
 318  347
 320  345
 320  343
 321  342
 321  341
 323  339
 323  338
 324  337
 324  335
 325  334
 325  333
 327  331
 327  329
 329  327
 329  326
 330  325
 330  324
 331  323
 331  322
 332  321
 332  320
 333  319
 333  316
 334  315
 334  313
 335  312
 335  310
 336  309
 336  307
 337  306
 337  301
 338  300
 338  298
 339  297
 339  295
 340  294
 340  290
 341  289
 341  287
 342  286
 342  282
 343  281
 343  280
 344  279
 344  277
 345  276
 345  275
 346  274
 346  272
 347  271
 347  269
 348  268
 348  267
 349  266
 349  265
 350  264
 350  262
 351  261
 351  260
 353  258
 353  256
 354  255
 354  254
 355  253
 355  252
 356  251
 356  250
 357  249
 357  248
 358  247
 358  246
 359  245
 359  244
 360  243
 360  241
 361  240
 361  239
 362  238
 362  237
 363  236
 363  234
 364  233
 364  231
 365  230
 365  229
 366  228
 366  226
 367  225
 367  222
 368  221
 368  218
 369  217
 369  215
 370  214
 370  210
 371  209
 371  197
 372  196
 372  190
 371  189
 371  181
 370  180
 370  176
 369  175
 369  173
 368  172
 368  171
 367  170
 367  168
 365  166
 365  165
 360  160
 359  160
 357  158
 356  158
 355  157
 353  157
 352  156
 350  156
 349  155
