 330  193
 329  194
 325  194
 324  195
 319  195
 318  196
 316  196
 315  197
 311  197
 310  198
 307  198
 306  199
 304  199
 303  200
 300  200
 299  201
 298  201
 297  202
 294  202
 293  203
 292  203
 291  204
 289  204
 288  205
 287  205
 286  206
 284  206
 283  207
 282  207
 281  208
 279  208
 278  209
 277  209
 276  210
 275  210
 274  211
 272  211
 271  212
 270  212
 269  213
 268  213
 267  214
 266  214
 265  215
 263  215
 262  216
 261  216
 260  217
 259  217
 258  218
 257  218
 256  219
 255  219
 254  220
 253  220
 252  221
 251  221
 250  222
 249  222
 248  223
 247  223
 246  224
 245  224
 244  225
 243  225
 242  226
 241  226
 240  227
 239  227
 238  228
 237  228
 236  229
 235  229
 234  230
 233  230
 232  231
 231  231
 229  233
 228  233
 227  234
 226  234
 225  235
 224  235
 223  236
 222  236
 221  237
 220  237
 218  239
 217  239
 216  240
 215  240
 214  241
 213  241
 211  243
 210  243
 209  244
 208  244
 207  245
 206  245
 205  246
 204  246
 203  247
 202  247
 200  249
 199  249
 196  252
 195  252
 193  254
 192  254
 190  256
 189  256
 187  258
 186  258
 184  260
 183  260
 180  263
 179  263
 177  265
 176  265
 174  267
 173  267
 170  270
 169  270
 166  273
 165  273
 163  275
 162  275
 158  279
 157  279
 154  282
 153  282
 150  285
 149  285
 146  288
 145  288
 142  291
 141  291
 124  308
 124  309
 120  313
 110  313
 108  315
 108  338
 110  340
 116  340
 117  341
 117  355
 113  359
 113  360
 112  361
 112  363
 111  364
 111  367
 110  368
 110  375
 109  376
 108  376
 107  377
 107  408
 108  409
 108  415
 109  416
 109  420
 110  421
 110  423
 111  424
 111  427
 112  428
 112  430
 113  431
 113  433
 114  434
 114  436
 115  437
 115  438
 116  439
 116  441
 117  442
 117  443
 118  444
 118  446
 120  448
 120  449
 121  450
 121  451
 123  453
 123  454
 128  459
 128  460
 131  463
 132  463
 136  467
 137  467
 139  469
 139  470
 142  473
 143  473
 144  474
 144  475
 145  476
 145  477
 146  478
 146  479
 147  480
 147  482
 148  483
 148  485
 149  486
 149  487
 151  489
 151  490
 154  493
 156  493
 159  490
 161  490
 162  489
 165  489
 166  488
 169  488
 170  487
 171  487
 172  486
 173  486
 175  484
 176  484
 180  480
 181  480
 182  479
 183  479
 184  478
 185  478
 186  477
 188  477
 189  476
 190  476
 191  475
 192  475
 193  474
 194  474
 196  472
 197  472
 198  471
 198  470
 199  469
 200  469
 202  467
 203  467
 205  465
 206  465
 207  464
 208  464
 209  463
 210  463
 211  462
 213  462
 214  461
 215  461
 217  459
 218  459
 218  458
 219  457
 219  456
 220  455
 220  454
 221  453
 221  452
 222  451
 222  450
 223  449
 223  448
 225  446
 225  445
 228  442
 228  441
 232  437
 232  436
 233  435
 233  434
 234  433
 234  426
 235  425
 235  422
 236  421
 236  419
 237  418
 237  416
 238  415
 238  414
 239  413
 239  411
 238  410
 238  403
 237  402
 237  398
 236  397
 236  396
 235  395
 235  394
 234  393
 234  392
 233  391
 233  390
 226  383
 225  383
 221  379
 221  365
 222  364
 246  364
 247  365
 248  365
 249  364
 261  364
 262  363
 264  363
 265  362
 266  362
 270  358
 271  358
 272  357
 273  357
 275  355
 276  355
 276  354
 278  352
 278  348
 279  347
 279  346
 281  344
 282  344
 286  340
 286  338
 287  337
 287  336
 289  334
 289  333
 293  329
 293  328
 294  327
 294  326
 296  324
 296  322
 297  321
 297  319
 298  318
 298  317
 299  316
 299  315
 300  314
 300  312
 302  310
 302  309
 305  306
 305  305
 310  300
 310  299
 311  298
 311  297
 319  289
 320  289
 330  279
 331  279
 340  270
 341  270
 346  265
 347  265
 357  255
 357  254
 360  251
 360  250
 361  249
 361  248
 363  246
 363  245
 364  244
 364  243
 365  242
 365  241
 366  240
 366  239
 367  238
 367  237
 368  236
 368  235
 369  234
 369  233
 370  232
 370  230
 371  229
 371  227
 372  226
 372  224
 373  223
 373  219
 374  218
 374  207
 373  206
 373  205
 372  204
 372  203
 367  198
 366  198
 365  197
 364  197
 363  196
 361  196
 360  195
 357  195
 356  194
 353  194
 352  193
