 318  142
 317  143
 314  143
 313  144
 309  144
 308  145
 306  145
 305  146
 304  146
 303  147
 301  147
 300  148
 299  148
 298  149
 296  149
 295  150
 294  150
 293  151
 292  151
 291  152
 289  152
 288  153
 287  153
 286  154
 285  154
 284  155
 283  155
 282  156
 281  156
 280  157
 279  157
 278  158
 277  158
 276  159
 275  159
 274  160
 273  160
 272  161
 271  161
 269  163
 268  163
 267  164
 266  164
 264  166
 263  166
 261  168
 260  168
 258  170
 257  170
 255  172
 254  172
 250  176
 249  176
 245  180
 244  180
 242  182
 241  182
 238  185
 237  185
 231  191
 230  191
 224  197
 223  197
 208  212
 207  212
 198  221
 198  222
 197  223
 196  223
 194  225
 194  226
 191  229
 191  230
 187  234
 187  235
 178  244
 178  245
 174  249
 174  250
 171  253
 171  254
 168  257
 168  258
 164  262
 164  263
 161  266
 161  267
 158  270
 158  271
 155  274
 155  275
 153  277
 153  278
 151  280
 151  281
 150  282
 150  283
 147  286
 147  287
 145  289
 145  290
 143  292
 143  293
 140  296
 140  297
 138  299
 138  300
 133  305
 133  306
 131  308
 131  309
 129  311
 129  312
 127  314
 127  315
 126  316
 126  318
 125  319
 125  320
 124  321
 124  323
 123  324
 123  326
 122  327
 122  328
 121  329
 121  358
 122  359
 128  359
 129  360
 129  374
 128  375
 125  375
 124  376
 124  392
 126  394
 126  396
 127  397
 127  399
 128  400
 128  401
 129  402
 129  403
 130  404
 130  405
 131  406
 131  408
 132  409
 132  412
 133  413
 133  417
 134  418
 134  419
 135  420
 135  425
 136  426
 136  432
 137  433
 137  436
 138  437
 138  440
 139  441
 139  444
 140  445
 140  448
 141  449
 141  452
 142  453
 142  456
 143  457
 143  460
 144  461
 144  463
 145  464
 145  465
 146  466
 146  469
 147  470
 147  472
 148  473
 148  474
 149  475
 149  476
 150  477
 150  478
 151  479
 151  481
 152  482
 152  486
 153  487
 153  495
 154  496
 154  500
 155  501
 155  503
 156  504
 156  506
 157  507
 157  510
 158  511
 158  512
 159  513
 159  516
 160  517
 160  518
 161  519
 161  521
 163  523
 163  525
 164  526
 164  527
 166  529
 166  530
 172  536
 173  536
 174  537
 175  537
 176  538
 177  538
 179  540
 180  540
 181  541
 182  541
 183  542
 184  542
 185  543
 187  543
 188  544
 189  544
 190  545
 193  545
 194  546
 206  546
 207  545
 211  545
 212  544
 219  544
 220  543
 224  543
 225  542
 227  542
 228  541
 229  541
 232  538
 233  538
 241  530
 242  530
 243  529
 244  529
 245  528
 245  527
 246  526
 248  526
 251  523
 251  522
 252  521
 252  520
 253  519
 253  517
 254  516
 254  515
 255  514
 255  510
 256  509
 256  490
 257  489
 257  488
 261  484
 261  483
 262  482
 263  482
 268  477
 268  476
 269  475
 269  473
 270  472
 270  469
 271  468
 271  464
 272  463
 272  455
 273  454
 273  453
 274  452
 274  451
 275  450
 275  449
 276  448
 276  447
 277  446
 277  445
 276  444
 276  436
 275  435
 275  429
 274  428
 274  425
 273  424
 273  422
 272  421
 272  419
 271  418
 271  417
 269  415
 269  414
 265  410
 264  410
 259  405
 258  405
 254  401
 253  401
 250  398
 249  398
 246  395
 245  395
 243  393
 242  393
 239  390
 238  390
 235  387
 234  387
 233  386
 233  372
 234  371
 237  371
 238  370
 248  370
 248  363
 249  362
 253  362
 254  361
 266  361
 267  360
 269  360
 270  359
 273  359
 274  358
 275  358
 276  357
 277  357
 279  355
 280  355
 285  350
 286  350
 295  341
 295  340
 299  336
 299  335
 301  333
 301  332
 302  331
 302  330
 304  328
 304  327
 305  326
 305  325
 306  324
 306  321
 307  320
 308  320
 308  319
 309  318
 309  316
 310  315
 310  314
 311  313
 311  312
 312  311
 312  310
 313  309
 313  306
 314  305
 314  303
 315  302
 315  299
 316  298
 316  294
 317  293
 317  291
 318  290
 318  288
 319  287
 319  283
 320  282
 320  279
 321  278
 321  275
 322  274
 322  269
 323  268
 323  262
 324  261
 324  258
 325  257
 325  255
 326  254
 326  251
 327  250
 327  248
 328  247
 328  245
 329  244
 329  241
 330  240
 330  237
 331  236
 331  232
 332  231
 332  229
 333  228
 333  226
 334  225
 334  224
 336  222
 336  221
 341  216
 341  215
 342  214
 342  213
 345  210
 345  209
 346  208
 346  207
 348  205
 348  204
 349  203
 349  202
 350  201
 350  200
 352  198
 352  197
 353  196
 353  194
 354  193
 354  192
 355  191
 355  190
 356  189
 356  187
 357  186
 357  184
 358  183
 358  180
 359  179
 359  176
 360  175
 360  165
 359  164
 359  161
 358  160
 358  159
 357  158
 357  157
 356  156
 356  155
 354  153
 354  152
 349  147
 348  147
 346  145
 345  145
 344  144
 341  144
 340  143
 337  143
 336  142
