 327  153
 326  154
 322  154
 321  155
 316  155
 315  156
 313  156
 312  157
 310  157
 309  158
 307  158
 306  159
 304  159
 303  160
 301  160
 300  161
 299  161
 298  162
 296  162
 295  163
 293  163
 292  164
 291  164
 290  165
 289  165
 288  166
 286  166
 285  167
 284  167
 283  168
 282  168
 281  169
 280  169
 279  170
 278  170
 277  171
 276  171
 275  172
 274  172
 273  173
 272  173
 270  175
 269  175
 268  176
 267  176
 266  177
 265  177
 263  179
 262  179
 260  181
 259  181
 257  183
 256  183
 253  186
 252  186
 250  188
 249  188
 247  190
 246  190
 243  193
 242  193
 238  197
 237  197
 235  199
 234  199
 228  205
 227  205
 223  209
 222  209
 213  218
 212  218
 183  247
 183  248
 178  253
 178  254
 166  266
 166  267
 158  275
 158  276
 151  283
 151  284
 148  287
 148  288
 142  294
 142  295
 140  297
 140  298
 138  300
 138  301
 135  304
 135  305
 132  308
 132  309
 129  312
 129  313
 127  315
 127  316
 125  318
 125  319
 123  321
 123  322
 119  326
 119  327
 117  329
 116  329
 115  330
 115  331
 114  332
 114  355
 116  357
 121  357
 122  358
 122  372
 121  373
 121  375
 120  376
 120  378
 119  379
 119  382
 118  383
 118  385
 116  387
 116  391
 120  395
 120  396
 121  397
 121  398
 122  399
 122  400
 123  401
 123  403
 124  404
 124  406
 125  407
 125  411
 126  412
 126  414
 127  415
 127  417
 128  418
 128  422
 129  423
 129  425
 130  426
 130  428
 131  429
 131  430
 132  431
 132  433
 133  434
 133  436
 134  437
 134  438
 135  439
 135  441
 136  442
 136  443
 137  444
 137  445
 138  446
 138  448
 139  449
 139  450
 140  451
 140  452
 141  453
 141  454
 142  455
 142  457
 143  458
 143  459
 144  460
 144  462
 145  463
 145  467
 146  468
 146  469
 147  470
 147  471
 148  472
 148  474
 149  475
 149  476
 150  477
 150  478
 151  479
 151  480
 152  481
 152  483
 154  485
 154  486
 156  488
 156  489
 158  491
 158  492
 159  493
 159  494
 160  495
 160  496
 161  497
 161  498
 162  499
 162  501
 164  503
 164  504
 165  505
 165  506
 166  507
 166  508
 168  510
 168  511
 170  513
 170  514
 172  516
 172  517
 175  520
 175  522
 176  523
 176  524
 178  526
 178  527
 184  533
 185  533
 186  534
 188  534
 189  535
 194  535
 195  534
 198  534
 201  531
 216  531
 217  530
 219  530
 220  529
 224  529
 225  528
 226  528
 229  525
 229  524
 231  522
 231  516
 232  515
 232  514
 233  513
 233  512
 236  509
 237  509
 238  508
 239  508
 240  507
 241  507
 242  506
 245  506
 246  505
 247  505
 249  503
 250  503
 251  502
 251  501
 252  500
 252  482
 253  481
 253  479
 254  478
 254  476
 255  475
 255  474
 260  469
 261  469
 262  468
 263  468
 265  466
 266  466
 266  465
 268  463
 268  456
 269  455
 269  453
 270  452
 270  451
 274  447
 274  446
 277  443
 277  438
 275  436
 275  433
 274  432
 274  426
 273  425
 273  418
 272  417
 272  415
 271  414
 271  412
 269  410
 269  409
 263  403
 262  403
 259  400
 258  400
 254  396
 253  396
 249  392
 248  392
 245  389
 245  374
 246  373
 254  373
 255  372
 258  372
 259  371
 265  371
 266  370
 270  370
 271  369
 272  369
 280  361
 281  361
 285  357
 286  357
 288  355
 288  354
 290  352
 290  351
 291  350
 291  349
 292  348
 292  346
 294  344
 294  341
 295  340
 295  336
 296  335
 296  333
 297  332
 297  330
 298  329
 298  327
 299  326
 299  325
 301  323
 301  321
 302  320
 302  319
 303  318
 303  317
 304  316
 304  311
 305  310
 305  295
 306  294
 306  291
 307  290
 307  287
 308  286
 308  281
 309  280
 309  277
 310  276
 310  273
 311  272
 311  265
 312  264
 312  262
 314  260
 314  257
 315  256
 315  252
 316  251
 316  250
 317  249
 317  248
 318  247
 318  244
 319  243
 319  242
 320  241
 320  240
 321  239
 321  238
 332  227
 333  227
 336  224
 337  224
 342  219
 343  219
 345  217
 345  216
 346  215
 347  215
 347  214
 350  211
 350  210
 353  207
 353  206
 355  204
 355  203
 356  202
 356  201
 358  199
 358  197
 359  196
 359  195
 361  193
 361  191
 362  190
 362  187
 363  186
 363  185
 364  184
 364  182
 365  181
 365  175
 366  174
 366  171
 365  170
 365  166
 363  164
 363  163
 359  159
 358  159
 356  157
 355  157
 354  156
 352  156
 351  155
 348  155
 347  154
 344  154
 343  153
