 331  113
 330  114
 317  114
 316  115
 313  115
 312  116
 310  116
 309  117
 308  117
 302  123
 300  123
 299  124
 292  124
 291  125
 290  125
 289  126
 288  126
 287  127
 287  128
 282  133
 277  133
 276  134
 275  134
 274  135
 273  135
 265  143
 264  143
 260  147
 260  148
 256  152
 255  152
 253  154
 252  154
 252  155
 247  160
 246  160
 245  161
 244  161
 243  162
 242  162
 241  163
 240  163
 239  164
 238  164
 238  165
 232  171
 231  171
 230  172
 229  172
 228  173
 228  174
 226  176
 226  177
 223  180
 222  180
 218  184
 218  185
 216  187
 216  188
 214  190
 213  190
 209  194
 209  195
 208  196
 208  197
 204  201
 203  201
 203  202
 201  204
 201  205
 200  206
 200  207
 199  208
 199  209
 197  211
 197  212
 186  223
 186  224
 183  227
 183  228
 181  230
 181  231
 176  236
 176  237
 175  238
 175  239
 174  240
 174  241
 166  249
 166  250
 165  251
 165  252
 161  256
 160  256
 159  257
 159  258
 157  260
 157  264
 156  265
 156  268
 155  269
 155  270
 152  273
 151  273
 151  274
 149  276
 149  278
 147  280
 147  281
 145  283
 144  283
 141  286
 141  287
 140  288
 140  289
 139  290
 139  293
 138  294
 138  295
 135  298
 135  299
 133  301
 133  302
 132  303
 132  304
 131  305
 131  308
 130  309
 130  311
 128  313
 128  314
 127  315
 127  317
 128  318
 128  319
 133  324
 133  339
 131  341
 131  342
 130  343
 130  345
 129  346
 129  349
 128  350
 128  355
 127  356
 127  373
 128  374
 128  382
 129  383
 129  392
 130  393
 130  403
 131  404
 131  408
 132  409
 132  411
 133  412
 133  413
 135  415
 135  416
 136  417
 136  420
 137  421
 137  424
 138  425
 138  426
 139  427
 139  428
 140  429
 140  430
 141  431
 141  432
 142  433
 142  434
 143  435
 143  437
 144  438
 144  441
 146  443
 146  444
 149  447
 149  448
 150  449
 150  450
 151  451
 151  452
 152  453
 152  454
 156  458
 156  459
 157  460
 157  461
 162  466
 162  467
 163  468
 163  469
 166  472
 167  472
 170  475
 170  476
 171  477
 171  478
 174  481
 175  481
 178  484
 178  485
 180  487
 180  488
 181  488
 183  490
 183  491
 187  495
 187  496
 189  498
 189  500
 190  501
 190  503
 191  504
 191  505
 195  509
 195  510
 196  511
 196  513
 197  514
 197  519
 198  520
 198  522
 200  524
 200  525
 202  527
 202  528
 203  529
 203  533
 204  534
 204  539
 205  540
 205  541
 208  544
 208  545
 209  546
 209  548
 210  549
 210  552
 211  553
 211  554
 212  555
 212  556
 215  559
 215  560
 218  563
 219  563
 220  564
 221  564
 227  570
 230  570
 231  571
 232  571
 233  572
 235  572
 236  573
 240  573
 241  574
 244  574
 245  575
 249  575
 250  574
 254  574
 255  573
 261  573
 262  572
 267  572
 269  570
 270  570
 272  568
 272  564
 273  563
 273  562
 272  561
 272  538
 274  536
 274  535
 275  534
 275  533
 280  528
 281  528
 282  527
 283  527
 284  526
 285  526
 289  522
 289  517
 290  516
 289  515
 289  510
 288  509
 288  506
 287  505
 287  491
 288  490
 288  484
 289  483
 289  482
 290  481
 290  478
 291  477
 291  475
 292  474
 292  473
 295  470
 295  468
 296  467
 296  460
 297  459
 297  412
 296  411
 296  408
 295  407
 295  405
 294  404
 294  403
 293  402
 293  401
 292  400
 292  399
 291  398
 291  397
 290  396
 290  395
 289  394
 289  393
 288  392
 288  391
 287  390
 286  390
 284  388
 283  388
 282  387
 281  387
 280  386
 279  386
 278  385
 278  384
 273  379
 272  379
 271  378
 267  378
 266  377
 265  377
 259  371
 258  371
 257  370
 255  370
 254  369
 254  355
 255  354
 269  354
 270  355
 271  355
 272  354
 276  354
 277  353
 281  353
 282  352
 290  352
 291  351
 293  351
 295  349
 296  349
 296  348
 298  346
 298  345
 301  342
 302  342
 305  339
 305  338
 306  337
 306  336
 313  329
 313  328
 314  327
 314  323
 315  322
 315  318
 322  311
 322  309
 323  308
 323  301
 324  300
 324  297
 325  296
 325  295
 330  290
 330  287
 331  286
 331  282
 332  281
 332  250
 333  249
 333  240
 334  239
 334  232
 335  231
 335  229
 336  228
 336  226
 337  225
 337  223
 338  222
 338  219
 339  218
 339  214
 340  213
 340  202
 341  201
 341  189
 342  188
 342  186
 347  181
 347  180
 348  179
 348  177
 349  176
 349  156
 350  155
 350  146
 351  145
 351  142
 352  141
 352  139
 353  138
 353  136
 354  135
 354  133
 355  132
 355  129
 354  128
 354  127
 352  125
 352  123
 351  122
 351  121
 350  120
 350  119
 349  118
 349  117
 347  115
 346  115
 345  114
 344  114
 343  113
