 317  182
 316  183
 311  183
 310  184
 305  184
 304  185
 302  185
 301  186
 298  186
 297  187
 294  187
 293  188
 292  188
 291  189
 289  189
 288  190
 286  190
 285  191
 284  191
 283  192
 281  192
 280  193
 279  193
 277  195
 275  195
 274  196
 273  196
 272  197
 271  197
 270  198
 269  198
 267  200
 266  200
 265  201
 264  201
 263  202
 262  202
 260  204
 259  204
 258  205
 257  205
 255  207
 254  207
 252  209
 251  209
 249  211
 248  211
 246  213
 245  213
 243  215
 242  215
 239  218
 238  218
 236  220
 235  220
 233  222
 232  222
 229  225
 228  225
 224  229
 223  229
 219  233
 218  233
 213  238
 212  238
 202  248
 201  248
 188  261
 188  262
 178  272
 178  273
 171  280
 171  281
 165  287
 165  288
 163  290
 163  291
 161  293
 161  294
 158  297
 158  298
 156  300
 156  301
 154  303
 154  304
 150  308
 150  309
 145  314
 145  315
 142  318
 141  318
 138  321
 138  343
 139  344
 140  344
 141  345
 141  359
 140  360
 140  366
 139  367
 139  368
 137  370
 136  370
 136  381
 138  383
 138  384
 140  386
 140  388
 141  389
 141  390
 142  391
 142  392
 143  393
 143  394
 144  395
 144  396
 145  397
 145  398
 147  400
 147  402
 148  403
 148  404
 150  406
 150  407
 152  409
 152  410
 153  411
 153  412
 154  413
 154  414
 156  416
 156  417
 157  418
 157  419
 158  420
 158  421
 159  422
 159  423
 160  424
 160  425
 161  426
 161  427
 162  428
 162  429
 163  430
 163  431
 164  432
 164  433
 165  434
 165  435
 171  441
 171  442
 172  443
 172  444
 173  445
 173  447
 174  448
 174  457
 175  458
 175  459
 176  460
 176  461
 177  462
 177  464
 178  465
 178  466
 179  467
 179  468
 182  471
 182  472
 196  486
 197  486
 198  487
 198  489
 199  490
 199  492
 200  493
 200  495
 201  496
 201  497
 204  500
 204  501
 207  504
 208  504
 209  505
 211  505
 212  504
 230  504
 232  502
 232  498
 233  497
 233  495
 238  490
 248  490
 250  488
 250  487
 251  486
 251  473
 252  472
 252  471
 253  470
 253  469
 255  467
 256  467
 258  465
 259  465
 260  464
 263  464
 264  463
 265  463
 267  461
 267  447
 268  446
 268  445
 269  444
 269  443
 270  442
 270  441
 271  440
 272  440
 274  438
 275  438
 277  436
 276  435
 276  433
 275  432
 275  417
 276  416
 276  415
 279  412
 279  411
 280  410
 280  409
 277  406
 277  403
 276  402
 276  394
 275  393
 275  392
 274  391
 274  390
 273  389
 273  388
 271  386
 271  385
 266  380
 265  380
 262  377
 261  377
 258  374
 257  374
 255  372
 255  358
 256  357
 272  357
 273  356
 276  356
 278  354
 279  354
 287  346
 287  345
 288  344
 290  344
 291  343
 291  342
 293  340
 293  338
 299  332
 299  331
 300  330
 300  313
 301  312
 301  309
 303  307
 302  306
 302  304
 301  303
 301  285
 302  284
 302  282
 303  281
 303  277
 304  276
 304  270
 305  269
 305  267
 306  266
 306  265
 307  264
 307  263
 309  261
 309  260
 312  257
 312  256
 314  254
 314  253
 316  251
 316  250
 319  247
 319  246
 329  236
 329  235
 333  231
 333  230
 335  228
 335  227
 336  226
 336  225
 337  224
 337  222
 339  220
 339  218
 340  217
 340  214
 341  213
 341  211
 342  210
 342  209
 343  208
 343  202
 344  201
 344  192
 343  191
 343  190
 342  189
 342  188
 338  184
 337  184
 336  183
 334  183
 333  182
