 308  215
 307  216
 303  216
 302  217
 296  217
 295  218
 294  218
 293  219
 290  219
 289  220
 287  220
 286  221
 284  221
 283  222
 282  222
 281  223
 279  223
 278  224
 276  224
 275  225
 274  225
 273  226
 271  226
 270  227
 269  227
 268  228
 267  228
 266  229
 264  229
 263  230
 261  230
 260  231
 259  231
 258  232
 256  232
 255  233
 254  233
 253  234
 251  234
 250  235
 249  235
 248  236
 246  236
 245  237
 244  237
 243  238
 241  238
 240  239
 239  239
 238  240
 237  240
 236  241
 234  241
 233  242
 232  242
 231  243
 230  243
 229  244
 227  244
 225  246
 224  246
 223  247
 222  247
 221  248
 220  248
 219  249
 218  249
 217  250
 216  250
 215  251
 214  251
 213  252
 212  252
 211  253
 210  253
 208  255
 207  255
 206  256
 205  256
 204  257
 203  257
 202  258
 201  258
 199  260
 198  260
 197  261
 196  261
 194  263
 193  263
 192  264
 191  264
 189  266
 188  266
 187  267
 186  267
 184  269
 183  269
 182  270
 181  270
 179  272
 178  272
 176  274
 175  274
 173  276
 172  276
 171  277
 170  277
 168  279
 167  279
 166  280
 165  280
 164  281
 162  281
 161  282
 160  282
 158  284
 157  284
 155  286
 154  286
 147  293
 146  293
 142  297
 142  298
 133  307
 133  325
 134  326
 134  342
 133  343
 133  344
 132  345
 132  350
 133  351
 133  352
 134  353
 134  354
 136  356
 136  357
 140  361
 140  362
 142  364
 142  365
 144  367
 144  368
 146  370
 146  371
 148  373
 148  374
 151  377
 151  378
 154  381
 154  382
 156  384
 156  385
 158  387
 158  388
 160  390
 160  391
 161  392
 161  393
 163  395
 163  398
 164  399
 164  400
 165  401
 165  402
 166  403
 166  404
 167  405
 167  407
 168  408
 168  409
 169  410
 169  412
 170  413
 170  417
 171  418
 171  422
 172  423
 172  427
 173  428
 173  441
 174  442
 174  445
 175  446
 175  449
 176  450
 176  452
 177  453
 177  454
 178  455
 179  455
 180  456
 190  456
 193  459
 193  464
 194  465
 194  466
 197  469
 198  469
 200  471
 202  471
 202  470
 205  467
 205  466
 206  465
 206  464
 207  463
 222  463
 227  468
 230  468
 230  467
 232  465
 232  464
 233  463
 233  462
 234  461
 234  460
 235  459
 235  458
 236  457
 236  454
 237  453
 254  453
 255  454
 259  454
 261  452
 261  451
 262  450
 262  447
 263  446
 263  433
 264  432
 264  431
 265  430
 272  430
 273  429
 274  429
 274  428
 275  427
 275  423
 274  422
 274  421
 273  420
 273  418
 272  417
 272  401
 273  400
 274  400
 275  399
 276  399
 276  398
 278  396
 277  395
 277  393
 276  392
 276  391
 275  390
 275  389
 267  381
 267  380
 266  379
 266  369
 264  367
 264  366
 256  358
 255  358
 254  357
 254  343
 255  342
 271  342
 272  343
 278  343
 279  342
 283  342
 284  341
 285  341
 286  340
 288  340
 289  339
 291  339
 292  338
 297  338
 298  337
 299  337
 302  334
 304  334
 305  333
 306  333
 308  331
 308  328
 309  327
 309  326
 310  325
 311  325
 312  324
 317  324
 318  323
 320  323
 325  318
 325  316
 326  315
 326  304
 327  303
 328  303
 329  302
 331  302
 332  301
 333  301
 339  295
 339  292
 340  291
 340  281
 343  278
 343  277
 344  276
 344  275
 345  274
 345  266
 346  265
 346  262
 347  261
 347  260
 348  259
 348  246
 346  244
 346  231
 345  230
 345  229
 341  225
 340  225
 333  218
 332  218
 331  217
 330  217
 329  216
 327  216
 326  215
