 337  171
 336  172
 329  172
 328  173
 320  173
 319  174
 315  174
 314  175
 309  175
 308  176
 304  176
 303  177
 299  177
 298  178
 295  178
 294  179
 291  179
 290  180
 287  180
 286  181
 284  181
 283  182
 280  182
 279  183
 277  183
 276  184
 274  184
 273  185
 272  185
 271  186
 269  186
 268  187
 267  187
 266  188
 264  188
 263  189
 262  189
 261  190
 260  190
 259  191
 257  191
 256  192
 254  192
 253  193
 252  193
 251  194
 249  194
 248  195
 247  195
 246  196
 245  196
 244  197
 242  197
 241  198
 240  198
 239  199
 238  199
 237  200
 236  200
 235  201
 234  201
 233  202
 232  202
 231  203
 230  203
 229  204
 228  204
 226  206
 225  206
 224  207
 223  207
 222  208
 221  208
 219  210
 218  210
 217  211
 216  211
 215  212
 214  212
 213  213
 212  213
 211  214
 210  214
 208  216
 207  216
 206  217
 205  217
 204  218
 203  218
 201  220
 200  220
 199  221
 198  221
 196  223
 195  223
 194  224
 193  224
 191  226
 190  226
 188  228
 187  228
 185  230
 184  230
 181  233
 180  233
 178  235
 177  235
 175  237
 174  237
 171  240
 170  240
 168  242
 167  242
 164  245
 163  245
 158  250
 157  250
 153  254
 152  254
 147  259
 146  259
 141  264
 140  264
 130  274
 129  274
 122  281
 122  282
 120  284
 120  285
 116  289
 116  290
 112  294
 112  295
 111  296
 110  296
 108  298
 102  298
 101  299
 101  320
 102  321
 107  321
 108  322
 108  336
 101  343
 101  344
 100  345
 100  348
  99  349
  99  353
  98  354
  98  368
  97  369
  97  377
  96  378
  96  383
  97  384
  97  386
  98  387
  98  392
  99  393
  99  399
 100  400
 100  402
 101  403
 101  405
 102  406
 102  410
 103  411
 103  412
 104  413
 104  415
 105  416
 105  419
 106  420
 106  423
 107  424
 107  426
 108  427
 108  429
 109  430
 109  433
 110  434
 110  436
 111  437
 111  439
 112  440
 112  442
 113  443
 113  445
 114  446
 114  447
 115  448
 115  449
 116  450
 116  451
 117  452
 117  453
 120  456
 120  457
 123  460
 123  461
 129  467
 129  468
 130  469
 130  470
 131  471
 131  475
 132  476
 132  489
 133  490
 133  495
 134  496
 134  498
 135  499
 135  501
 136  502
 136  503
 137  504
 137  505
 140  508
 140  509
 145  514
 146  514
 147  515
 148  515
 149  516
 161  516
 162  515
 168  515
 169  514
 172  514
 173  513
 175  513
 176  512
 178  512
 179  511
 180  511
 181  510
 183  510
 184  509
 186  509
 187  508
 191  508
 192  507
 194  507
 195  506
 197  506
 199  504
 200  504
 201  503
 202  503
 203  502
 204  502
 205  501
 206  501
 208  499
 210  499
 211  498
 212  498
 213  497
 214  497
 216  495
 218  495
 219  494
 221  494
 223  492
 224  492
 228  488
 228  486
 229  485
 229  481
 230  480
 230  476
 231  475
 231  472
 232  471
 232  468
 233  467
 233  466
 235  464
 235  463
 237  461
 237  460
 241  456
 241  455
 245  451
 245  450
 247  448
 247  445
 249  443
 249  441
 250  440
 250  439
 251  438
 251  437
 252  436
 252  433
 257  428
 257  427
 259  425
 259  423
 260  422
 260  420
 261  419
 261  406
 262  405
 261  404
 261  402
 260  401
 260  400
 259  399
 259  397
 258  396
 258  395
 256  393
 256  392
 254  390
 254  389
 248  383
 247  383
 245  381
 244  381
 241  378
 240  378
 237  375
 236  375
 235  374
 235  360
 236  359
 275  359
 276  358
 284  358
 285  357
 287  357
 288  356
 289  356
 291  354
 292  354
 294  352
 295  352
 296  351
 298  351
 300  349
 301  349
 303  347
 303  346
 312  337
 312  336
 313  335
 313  333
 314  332
 314  326
 315  325
 315  324
 317  322
 318  322
 319  321
 320  321
 321  320
 321  318
 322  317
 322  315
 324  313
 324  312
 325  311
 325  309
 326  308
 326  307
 327  306
 327  305
 328  304
 328  302
 329  301
 329  297
 330  296
 330  295
 331  294
 331  292
 332  291
 332  289
 333  288
 333  287
 334  286
 334  285
 335  284
 335  283
 336  282
 336  281
 338  279
 338  278
 339  277
 339  276
 340  275
 340  274
 342  272
 342  270
 343  269
 343  268
 345  266
 345  265
 358  252
 358  251
 364  245
 364  244
 366  242
 366  241
 369  238
 369  236
 371  234
 371  233
 372  232
 372  230
 373  229
 373  228
 374  227
 374  226
 375  225
 375  224
 376  223
 376  221
 377  220
 377  218
 378  217
 378  216
 379  215
 379  212
 380  211
 380  210
 381  209
 381  208
 382  207
 382  203
 383  202
 383  196
 384  195
 384  188
 383  187
 383  184
 382  183
 382  182
 380  180
 379  180
 377  178
 376  178
 375  177
 374  177
 373  176
 372  176
 371  175
 369  175
 368  174
 366  174
 365  173
 359  173
 358  172
 352  172
 351  171
