 332  147
 331  148
 326  148
 325  149
 323  149
 322  150
 318  150
 317  151
 316  151
 315  152
 312  152
 311  153
 309  153
 308  154
 307  154
 306  155
 304  155
 303  156
 302  156
 301  157
 299  157
 297  159
 295  159
 294  160
 293  160
 292  161
 291  161
 290  162
 289  162
 288  163
 287  163
 286  164
 285  164
 284  165
 283  165
 282  166
 281  166
 280  167
 279  167
 278  168
 277  168
 276  169
 275  169
 274  170
 273  170
 272  171
 271  171
 269  173
 268  173
 267  174
 266  174
 264  176
 263  176
 261  178
 260  178
 258  180
 257  180
 256  181
 255  181
 253  183
 252  183
 250  185
 249  185
 247  187
 246  187
 244  189
 243  189
 242  190
 241  190
 238  193
 237  193
 235  195
 234  195
 232  197
 231  197
 228  200
 227  200
 224  203
 223  203
 219  207
 218  207
 214  211
 213  211
 206  218
 205  218
 196  227
 195  227
 169  253
 169  254
 163  260
 163  261
 159  265
 159  266
 156  269
 156  270
 154  272
 154  273
 150  277
 150  278
 147  281
 147  282
 145  284
 145  285
 143  287
 143  288
 141  290
 141  291
 140  292
 140  293
 139  294
 139  295
 138  296
 138  297
 137  298
 137  299
 136  300
 136  301
 135  302
 135  303
 134  304
 134  305
 132  307
 132  308
 131  309
 131  310
 130  311
 130  312
 129  313
 129  324
 130  325
 137  325
 139  327
 139  341
 136  344
 136  346
 135  347
 135  349
 134  350
 134  355
 133  356
 133  381
 132  382
 124  382
 123  383
 122  383
 122  397
 123  398
 123  399
 124  400
 124  402
 125  403
 125  404
 126  405
 126  407
 127  408
 127  410
 128  411
 128  413
 129  414
 129  417
 130  418
 130  441
 131  442
 131  454
 132  455
 132  457
 133  458
 133  460
 134  461
 134  462
 135  463
 135  464
 137  466
 137  467
 138  468
 138  469
 139  470
 139  471
 141  473
 141  474
 144  477
 144  478
 161  495
 162  495
 163  496
 169  496
 170  497
 172  497
 173  498
 173  506
 174  507
 174  509
 175  510
 175  511
 177  513
 177  514
 178  515
 178  516
 180  518
 180  519
 181  520
 181  521
 184  524
 184  525
 187  528
 187  529
 193  535
 194  535
 195  536
 205  536
 206  537
 207  537
 209  539
 210  539
 211  540
 212  540
 213  541
 215  541
 217  539
 217  538
 221  534
 230  534
 231  533
 232  533
 234  531
 235  531
 235  530
 236  529
 236  528
 237  527
 237  508
 240  505
 241  505
 242  504
 245  504
 246  503
 247  503
 248  502
 249  502
 254  497
 254  495
 255  494
 255  492
 254  491
 254  486
 253  485
 253  468
 254  467
 254  466
 256  464
 257  464
 264  457
 264  455
 265  454
 265  452
 266  451
 266  440
 270  436
 271  436
 273  434
 273  433
 274  432
 274  431
 275  430
 275  429
 274  428
 274  413
 277  410
 277  409
 278  408
 278  404
 277  403
 277  402
 274  399
 274  398
 272  396
 271  396
 264  389
 263  389
 260  386
 260  385
 259  384
 259  368
 260  367
 273  367
 274  366
 276  366
 277  365
 278  365
 280  363
 281  363
 281  362
 290  353
 290  352
 292  350
 292  349
 293  348
 293  347
 294  346
 294  345
 297  342
 298  342
 300  340
 300  339
 301  338
 301  332
 302  331
 302  326
 303  325
 304  325
 305  324
 305  321
 306  320
 306  319
 307  318
 307  315
 308  314
 308  312
 309  311
 309  309
 310  308
 310  301
 311  300
 311  290
 312  289
 312  286
 313  285
 313  284
 314  283
 314  281
 315  280
 315  278
 316  277
 316  276
 317  275
 317  267
 318  266
 318  261
 319  260
 319  258
 320  257
 320  256
 321  255
 321  253
 323  251
 323  250
 324  249
 324  247
 325  246
 325  244
 326  243
 326  242
 327  241
 327  239
 328  238
 328  237
 329  236
 329  235
 330  234
 330  232
 331  231
 331  229
 332  228
 332  227
 334  225
 334  223
 336  221
 336  220
 337  219
 337  217
 338  216
 338  215
 340  213
 340  211
 341  210
 341  209
 342  208
 342  207
 343  206
 343  205
 344  204
 344  203
 345  202
 345  201
 347  199
 347  197
 348  196
 348  194
 350  192
 350  190
 351  189
 351  187
 353  185
 353  184
 354  183
 354  180
 355  179
 355  177
 356  176
 356  174
 357  173
 357  169
 358  168
 358  162
 359  161
 359  159
 358  158
 358  156
 357  155
 357  154
 353  150
 352  150
 351  149
 350  149
 349  148
 347  148
 346  147
