 315  135
 314  136
 308  136
 307  137
 301  137
 300  138
 297  138
 296  139
 293  139
 292  140
 289  140
 288  141
 286  141
 285  142
 282  142
 281  143
 280  143
 279  144
 277  144
 276  145
 274  145
 273  146
 272  146
 271  147
 269  147
 268  148
 267  148
 266  149
 265  149
 264  150
 263  150
 262  151
 260  151
 259  152
 258  152
 257  153
 256  153
 254  155
 253  155
 252  156
 251  156
 250  157
 249  157
 248  158
 247  158
 246  159
 245  159
 244  160
 243  160
 241  162
 240  162
 239  163
 238  163
 236  165
 235  165
 234  166
 233  166
 231  168
 230  168
 228  170
 227  170
 224  173
 223  173
 221  175
 220  175
 218  177
 217  177
 214  180
 213  180
 210  183
 209  183
 205  187
 204  187
 198  193
 197  193
 195  195
 194  195
 191  198
 191  199
 185  205
 185  206
 174  217
 174  218
 170  222
 170  223
 168  225
 168  226
 165  229
 165  230
 162  233
 162  234
 159  237
 159  238
 158  239
 158  240
 155  243
 155  244
 153  246
 153  247
 152  248
 152  249
 149  252
 149  253
 148  254
 148  255
 145  258
 145  260
 144  261
 144  262
 142  264
 142  266
 141  267
 141  268
 140  269
 140  270
 137  273
 133  273
 131  275
 131  303
 133  305
 133  321
 132  322
 132  328
 131  329
 129  329
 128  330
 128  335
 129  336
 129  339
 131  341
 131  343
 132  344
 132  346
 134  348
 134  350
 135  351
 135  353
 136  354
 136  356
 137  357
 137  359
 138  360
 138  367
 139  368
 139  371
 140  372
 140  373
 141  374
 141  377
 142  378
 142  381
 143  382
 143  383
 144  384
 144  385
 145  386
 145  390
 146  391
 146  392
 147  393
 147  394
 148  395
 148  398
 149  399
 149  401
 150  402
 150  403
 151  404
 151  407
 152  408
 152  411
 153  412
 153  414
 154  415
 154  416
 155  417
 155  422
 156  423
 156  425
 157  426
 157  427
 158  428
 158  433
 159  434
 159  437
 160  438
 160  439
 161  440
 161  443
 162  444
 162  450
 163  451
 163  453
 164  454
 164  458
 165  459
 165  463
 166  464
 166  465
 168  467
 168  469
 169  470
 169  471
 170  472
 170  473
 171  474
 171  475
 172  476
 172  477
 175  480
 175  481
 176  481
 178  483
 179  483
 180  484
 181  484
 182  485
 183  485
 184  486
 187  486
 190  489
 190  490
 191  491
 191  497
 192  498
 192  501
 193  502
 193  503
 198  508
 199  508
 200  509
 203  509
 204  508
 205  508
 206  507
 207  507
 211  503
 228  503
 229  502
 230  502
 231  501
 232  501
 233  500
 234  500
 235  499
 250  499
 251  500
 252  500
 254  502
 255  502
 260  507
 260  508
 263  511
 263  512
 266  515
 266  516
 267  517
 267  518
 268  519
 268  520
 269  521
 269  522
 270  523
 270  524
 272  526
 272  528
 273  529
 273  530
 274  531
 274  532
 275  533
 275  534
 276  535
 276  537
 278  539
 278  540
 279  541
 279  542
 282  545
 282  546
 285  549
 286  549
 288  551
 289  551
 290  552
 291  552
 293  550
 294  550
 294  549
 296  547
 296  546
 297  545
 297  544
 298  543
 297  542
 297  540
 296  539
 296  538
 295  537
 295  536
 294  535
 294  534
 290  530
 289  530
 282  523
 281  523
 272  514
 272  513
 268  509
 268  508
 265  505
 265  504
 264  503
 264  502
 261  499
 261  497
 260  496
 260  495
 259  494
 259  493
 258  492
 258  470
 259  469
 259  468
 263  464
 264  464
 266  462
 267  462
 269  460
 270  460
 271  459
 271  458
 273  456
 273  455
 274  454
 274  452
 273  451
 273  450
 272  449
 272  431
 273  430
 273  429
 274  428
 274  426
 278  422
 279  422
 284  417
 284  413
 282  411
 282  408
 281  407
 281  392
 282  391
 282  390
 286  386
 287  386
 288  385
 288  384
 289  383
 288  382
 288  379
 287  378
 287  377
 285  375
 285  373
 278  366
 278  365
 277  364
 277  363
 275  361
 275  358
 274  357
 274  354
 273  353
 273  352
 268  347
 268  346
 263  341
 262  341
 257  336
 256  336
 253  333
 253  318
 254  317
 268  317
 269  318
 285  318
 286  317
 291  317
 292  316
 295  316
 296  315
 298  315
 302  311
 302  310
 303  309
 303  308
 304  307
 304  306
 306  304
 306  303
 307  302
 307  301
 308  300
 308  299
 311  296
 311  295
 312  294
 312  292
 313  291
 313  289
 314  288
 314  280
 315  279
 315  276
 316  275
 316  274
 318  272
 318  270
 319  269
 319  268
 320  267
 320  265
 321  264
 321  248
 322  247
 322  246
 324  244
 324  243
 325  242
 325  239
 326  238
 326  222
 327  221
 327  220
 328  219
 328  215
 329  214
 329  208
 330  207
 330  203
 331  202
 331  200
 332  199
 332  198
 334  196
 334  195
 335  194
 335  192
 336  191
 336  189
 337  188
 337  186
 338  185
 338  183
 341  180
 341  179
 344  176
 344  175
 345  174
 345  172
 347  170
 347  169
 348  168
 348  166
 349  165
 349  164
 350  163
 350  162
 351  161
 351  159
 352  158
 352  151
 353  150
 353  149
 352  148
 352  145
 349  142
 348  142
 346  140
 345  140
 344  139
 343  139
 342  138
 340  138
 339  137
 335  137
 334  136
 330  136
 329  135
