 308  197
 307  198
 303  198
 302  199
 300  199
 299  200
 295  200
 294  201
 291  201
 290  202
 288  202
 287  203
 285  203
 284  204
 283  204
 282  205
 281  205
 280  206
 279  206
 278  207
 277  207
 275  209
 274  209
 272  211
 271  211
 270  212
 269  212
 268  213
 267  213
 266  214
 265  214
 263  216
 262  216
 260  218
 259  218
 257  220
 256  220
 253  223
 252  223
 250  225
 249  225
 247  227
 246  227
 244  229
 243  229
 240  232
 239  232
 237  234
 236  234
 234  236
 233  236
 231  238
 230  238
 227  241
 226  241
 223  244
 222  244
 218  248
 217  248
 215  250
 214  250
 211  253
 210  253
 208  255
 207  255
 204  258
 203  258
 191  270
 191  271
 187  275
 187  276
 178  285
 178  286
 173  291
 173  292
 168  297
 168  298
 164  302
 164  303
 161  306
 161  307
 160  308
 160  309
 157  312
 157  313
 156  314
 156  315
 155  316
 154  316
 151  319
 151  320
 147  324
 147  325
 145  327
 145  328
 143  330
 143  337
 144  338
 151  338
 152  339
 152  353
 151  354
 142  354
 141  355
 141  377
 148  384
 149  384
 154  389
 155  389
 157  391
 157  392
 158  392
 161  395
 162  395
 165  398
 166  398
 171  403
 172  403
 184  415
 184  416
 188  420
 188  421
 191  424
 191  425
 193  427
 193  428
 195  430
 195  431
 196  432
 196  433
 197  434
 197  435
 198  436
 198  437
 199  438
 199  440
 200  441
 200  444
 201  445
 201  446
 202  447
 202  449
 203  450
 203  454
 204  455
 204  457
 205  458
 205  459
 206  460
 206  463
 207  464
 207  467
 210  470
 211  470
 212  471
 213  471
 214  472
 219  472
 220  473
 223  473
 224  474
 228  474
 231  477
 231  478
 233  480
 233  481
 235  483
 235  484
 239  488
 241  488
 242  487
 242  486
 243  485
 243  484
 246  481
 246  480
 248  478
 248  477
 250  475
 266  475
 268  477
 269  477
 273  481
 274  481
 275  482
 276  482
 276  481
 277  480
 277  479
 278  478
 278  477
 279  476
 279  464
 280  463
 280  461
 281  460
 297  460
 298  459
 299  459
 300  458
 300  436
 303  433
 303  432
 305  430
 305  428
 303  426
 303  425
 302  424
 302  423
 301  422
 300  422
 296  418
 296  403
 297  402
 297  401
 298  400
 296  398
 296  397
 295  397
 288  390
 287  390
 285  388
 285  387
 283  385
 283  380
 282  379
 282  376
 280  374
 280  373
 278  371
 277  371
 275  369
 274  369
 273  368
 272  368
 271  367
 269  367
 268  366
 267  366
 266  365
 262  365
 261  364
 260  364
 259  363
 259  362
 258  362
 253  357
 253  343
 254  342
 279  342
 280  341
 281  341
 282  340
 284  340
 286  338
 289  338
 290  337
 293  337
 294  336
 296  336
 297  335
 298  335
 299  334
 299  333
 300  332
 300  325
 302  323
 303  323
 304  322
 307  322
 308  321
 310  321
 311  320
 312  320
 314  318
 315  318
 315  301
 316  300
 317  300
 318  299
 321  299
 322  298
 324  298
 328  294
 328  293
 327  292
 327  291
 326  290
 326  276
 327  275
 328  275
 329  274
 330  274
 331  273
 332  273
 333  272
 333  270
 332  269
 332  255
 333  254
 334  254
 336  252
 337  252
 338  251
 338  250
 337  249
 337  234
 336  233
 336  226
 335  225
 335  224
 334  223
 334  222
 333  221
 332  221
 329  218
 329  213
 328  212
 328  210
 327  209
 327  208
 325  206
 324  206
 323  205
 321  205
 320  204
 318  204
 315  201
 315  200
 314  200
 312  198
 310  198
 309  197
