 309  136
 308  137
 305  137
 304  138
 299  138
 298  139
 296  139
 295  140
 293  140
 292  141
 290  141
 289  142
 287  142
 286  143
 284  143
 283  144
 282  144
 281  145
 280  145
 279  146
 278  146
 277  147
 275  147
 274  148
 272  148
 271  149
 270  149
 269  150
 268  150
 267  151
 266  151
 265  152
 264  152
 263  153
 262  153
 261  154
 260  154
 259  155
 258  155
 257  156
 256  156
 255  157
 254  157
 253  158
 252  158
 250  160
 249  160
 247  162
 246  162
 245  163
 244  163
 242  165
 241  165
 239  167
 238  167
 236  169
 235  169
 233  171
 232  171
 229  174
 228  174
 223  179
 222  179
 221  180
 221  181
 219  183
 218  183
 216  185
 215  185
 212  188
 211  188
 208  191
 207  191
 203  195
 202  195
 199  198
 198  198
 195  201
 194  201
 184  211
 184  212
 178  218
 178  219
 171  226
 171  227
 170  228
 170  229
 164  235
 164  236
 160  240
 159  240
 154  245
 154  246
 151  249
 151  250
 149  252
 149  253
 147  255
 147  257
 145  259
 145  260
 144  261
 144  263
 143  264
 143  265
 137  271
 137  307
 138  308
 138  325
 137  326
 138  327
 138  334
 139  335
 139  336
 140  337
 140  338
 141  339
 141  340
 142  341
 142  342
 143  343
 143  344
 144  345
 144  346
 145  347
 145  348
 146  349
 146  350
 147  351
 147  353
 148  354
 148  355
 149  356
 149  357
 150  358
 150  361
 151  362
 151  365
 152  366
 152  367
 153  368
 153  370
 154  371
 154  372
 155  373
 155  374
 156  375
 156  376
 157  377
 157  379
 158  380
 158  381
 159  382
 159  383
 160  384
 160  385
 161  386
 161  387
 163  389
 163  390
 164  391
 164  392
 165  393
 165  394
 166  395
 166  396
 167  397
 167  399
 168  400
 168  401
 170  403
 170  404
 171  405
 171  406
 172  407
 172  408
 173  409
 173  410
 174  411
 174  412
 175  413
 175  414
 177  416
 177  419
 178  420
 178  421
 180  423
 180  425
 181  426
 181  427
 182  428
 182  429
 183  430
 183  431
 184  432
 184  433
 185  434
 185  436
 186  437
 186  438
 187  439
 187  441
 188  442
 188  443
 190  445
 190  446
 191  447
 191  448
 196  453
 197  453
 198  454
 199  454
 200  455
 202  455
 203  456
 204  456
 205  457
 206  457
 209  460
 209  461
 210  462
 210  463
 211  464
 211  465
 212  466
 212  480
 213  481
 213  482
 214  483
 214  485
 215  486
 216  486
 218  488
 219  488
 221  486
 222  486
 223  485
 244  485
 245  484
 263  484
 264  485
 265  485
 266  486
 267  486
 271  490
 272  490
 303  521
 304  521
 307  524
 308  524
 311  527
 312  527
 314  529
 315  529
 317  531
 318  531
 320  533
 316  529
 315  529
 309  523
 308  523
 298  513
 297  513
 286  502
 286  501
 285  501
 282  498
 282  497
 281  497
 280  496
 280  495
 272  487
 272  486
 269  483
 269  482
 265  478
 265  477
 264  476
 264  475
 262  473
 262  458
 263  457
 263  456
 264  455
 264  454
 266  452
 266  451
 267  450
 267  449
 270  446
 270  445
 275  440
 275  439
 274  438
 274  437
 273  436
 273  434
 272  433
 272  432
 271  431
 271  416
 272  415
 272  413
 273  412
 273  409
 274  408
 274  406
 276  404
 276  403
 277  402
 277  400
 279  398
 279  397
 280  396
 280  394
 281  393
 281  391
 282  390
 282  381
 283  380
 283  375
 284  374
 284  369
 283  368
 283  361
 282  360
 282  358
 281  357
 281  354
 280  353
 280  349
 278  347
 278  346
 272  340
 272  339
 271  338
 271  324
 272  323
 279  323
 280  322
 285  322
 286  321
 287  321
 290  318
 290  317
 293  314
 294  314
 297  311
 297  310
 301  306
 301  305
 304  302
 304  300
 306  298
 306  295
 307  294
 307  289
 308  288
 308  287
 309  286
 309  285
 310  284
 310  281
 311  280
 311  279
 312  278
 312  277
 313  276
 313  271
 314  270
 314  265
 315  264
 315  263
 316  262
 316  260
 317  259
 317  256
 319  254
 319  252
 320  251
 320  243
 321  242
 321  237
 322  236
 322  235
 323  234
 323  231
 324  230
 324  226
 325  225
 325  222
 326  221
 326  216
 327  215
 327  211
 328  210
 328  208
 330  206
 330  203
 331  202
 331  199
 332  198
 332  196
 333  195
 333  193
 334  192
 334  190
 336  188
 336  187
 337  186
 337  183
 338  182
 338  179
 339  178
 339  175
 340  174
 340  168
 341  167
 341  163
 342  162
 342  160
 343  159
 343  156
 344  155
 344  143
 343  142
 343  141
 342  140
 341  140
 339  138
 336  138
 335  137
 333  137
 332  136
