 314  116
 313  117
 305  117
 304  118
 301  118
 300  119
 295  119
 294  120
 292  120
 291  121
 288  121
 287  122
 285  122
 284  123
 282  123
 281  124
 279  124
 278  125
 277  125
 276  126
 274  126
 273  127
 271  127
 270  128
 268  128
 267  129
 266  129
 265  130
 264  130
 263  131
 262  131
 261  132
 260  132
 259  133
 257  133
 256  134
 255  134
 254  135
 253  135
 252  136
 251  136
 250  137
 249  137
 247  139
 246  139
 245  140
 244  140
 242  142
 241  142
 240  143
 239  143
 237  145
 236  145
 235  146
 234  146
 232  148
 231  148
 229  150
 228  150
 225  153
 224  153
 222  155
 221  155
 219  157
 218  157
 216  159
 215  159
 213  161
 212  161
 209  164
 208  164
 206  166
 205  166
 202  169
 201  169
 198  172
 197  172
 194  175
 193  175
 188  180
 187  180
 168  199
 168  200
 162  206
 162  207
 159  210
 159  211
 157  213
 157  214
 154  217
 154  218
 151  221
 151  222
 148  225
 148  226
 147  227
 147  228
 144  231
 144  232
 143  233
 143  234
 141  236
 141  237
 140  238
 140  239
 137  242
 137  244
 135  246
 135  247
 133  249
 133  250
 130  253
 130  255
 128  257
 128  258
 127  259
 127  261
 124  264
 123  264
 121  266
 121  286
 122  287
 127  287
 128  288
 128  303
 127  304
 127  305
 126  306
 126  308
 125  309
 125  318
 124  319
 120  319
 119  320
 119  345
 120  346
 120  348
 121  349
 121  350
 122  351
 122  352
 123  353
 123  356
 124  357
 124  358
 126  360
 126  362
 127  363
 127  365
 128  366
 128  367
 129  368
 129  370
 130  371
 130  374
 131  375
 131  376
 132  377
 132  379
 133  380
 133  383
 134  384
 134  386
 135  387
 135  388
 136  389
 136  392
 137  393
 137  396
 138  397
 138  399
 139  400
 139  402
 140  403
 140  406
 141  407
 141  409
 142  410
 142  413
 143  414
 143  417
 144  418
 144  421
 145  422
 145  423
 146  424
 146  430
 147  431
 147  435
 148  436
 148  438
 149  439
 149  446
 150  447
 150  453
 151  454
 151  456
 152  457
 152  459
 153  460
 153  462
 154  463
 154  465
 156  467
 156  469
 157  470
 157  471
 158  472
 158  473
 160  475
 160  476
 165  481
 166  481
 167  482
 168  482
 173  487
 173  491
 174  492
 174  500
 175  501
 175  503
 176  504
 176  505
 177  506
 177  507
 178  508
 178  509
 180  511
 181  511
 182  512
 183  511
 185  511
 186  510
 187  510
 188  509
 189  509
 190  508
 208  508
 209  509
 210  509
 211  510
 212  510
 213  511
 214  510
 234  510
 235  511
 236  511
 237  512
 239  512
 244  517
 244  518
 249  523
 249  524
 251  526
 251  527
 253  529
 253  530
 254  531
 254  532
 255  533
 255  534
 257  536
 257  537
 258  538
 258  539
 259  540
 259  541
 260  542
 260  545
 261  546
 261  548
 262  549
 262  550
 263  551
 263  554
 264  555
 264  558
 265  559
 265  560
 266  561
 266  562
 267  563
 267  564
 268  565
 268  566
 272  570
 273  570
 274  571
 275  571
 276  572
 277  572
 278  571
 279  571
 284  566
 284  565
 285  564
 285  560
 283  558
 283  557
 277  551
 277  550
 275  548
 275  547
 270  542
 270  541
 266  537
 266  536
 262  532
 262  531
 260  529
 260  528
 259  527
 259  526
 256  523
 256  522
 255  521
 255  520
 253  518
 253  516
 252  515
 252  514
 251  513
 251  512
 250  511
 250  510
 249  509
 249  507
 246  504
 246  476
 247  475
 247  474
 251  470
 253  470
 254  469
 256  469
 257  468
 259  468
 260  467
 261  467
 266  462
 266  458
 265  457
 265  441
 266  440
 266  437
 267  436
 267  435
 269  433
 269  432
 271  430
 271  429
 273  427
 273  426
 275  424
 276  424
 277  423
 278  423
 282  419
 282  415
 281  414
 281  413
 280  412
 280  393
 281  392
 281  391
 287  385
 288  385
 289  384
 289  382
 288  381
 288  380
 286  378
 286  377
 283  374
 283  373
 277  367
 277  366
 273  362
 273  360
 272  359
 272  357
 271  356
 271  353
 270  352
 270  346
 269  345
 269  342
 268  341
 268  340
 266  338
 266  337
 265  336
 265  335
 264  334
 263  334
 261  332
 260  332
 258  330
 257  330
 255  328
 254  328
 251  325
 251  311
 252  310
 272  310
 273  309
 274  309
 275  308
 277  308
 278  307
 280  307
 281  306
 285  306
 286  305
 288  305
 290  303
 291  303
 296  298
 297  298
 298  297
 298  296
 299  295
 299  294
 300  293
 300  292
 301  291
 301  290
 304  287
 305  287
 306  286
 306  285
 308  283
 308  281
 309  280
 309  277
 310  276
 310  274
 311  273
 311  272
 312  271
 312  268
 313  267
 313  265
 315  263
 315  262
 316  261
 316  259
 318  257
 318  255
 319  254
 319  250
 320  249
 320  238
 321  237
 321  236
 322  235
 322  234
 323  233
 323  231
 325  229
 325  228
 326  227
 326  222
 327  221
 327  208
 328  207
 328  206
 329  205
 329  204
 330  203
 330  202
 331  201
 331  196
 332  195
 332  193
 333  192
 333  191
 334  190
 334  189
 336  187
 336  186
 339  183
 339  182
 340  181
 340  180
 342  178
 342  177
 343  176
 343  174
 344  173
 344  172
 345  171
 345  170
 346  169
 346  167
 348  165
 348  164
 349  163
 349  162
 350  161
 350  160
 352  158
 352  157
 354  155
 354  154
 356  152
 356  151
 358  149
 358  148
 359  147
 359  146
 360  145
 360  141
 361  140
 361  133
 360  132
 360  129
 359  128
 359  127
 355  123
 354  123
 352  121
 351  121
 350  120
 348  120
 347  119
 344  119
 343  118
 341  118
 340  117
 333  117
 332  116
