 358   78
 357   79
 347   79
 346   80
 336   80
 335   81
 329   81
 328   82
 323   82
 322   83
 317   83
 316   84
 314   84
 313   85
 308   85
 307   86
 306   86
 305   87
 302   87
 301   88
 299   88
 298   89
 296   89
 295   90
 293   90
 292   91
 290   91
 289   92
 286   92
 285   93
 284   93
 283   94
 281   94
 280   95
 279   95
 278   96
 276   96
 275   97
 273   97
 272   98
 271   98
 270   99
 268   99
 267  100
 266  100
 265  101
 263  101
 262  102
 261  102
 260  103
 259  103
 258  104
 257  104
 256  105
 254  105
 253  106
 252  106
 251  107
 250  107
 249  108
 248  108
 247  109
 246  109
 245  110
 244  110
 243  111
 241  111
 240  112
 239  112
 237  114
 235  114
 233  116
 232  116
 231  117
 230  117
 229  118
 228  118
 227  119
 226  119
 225  120
 224  120
 223  121
 222  121
 220  123
 219  123
 218  124
 217  124
 215  126
 214  126
 213  127
 212  127
 210  129
 209  129
 208  130
 207  130
 206  131
 205  131
 203  133
 202  133
 201  134
 200  134
 198  136
 197  136
 196  137
 195  137
 193  139
 192  139
 190  141
 189  141
 187  143
 186  143
 184  145
 183  145
 181  147
 180  147
 178  149
 177  149
 174  152
 173  152
 170  155
 169  155
 166  158
 165  158
 162  161
 161  161
 157  165
 156  165
 134  187
 134  188
 127  195
 127  196
 122  201
 122  202
 119  205
 119  206
 115  210
 115  211
 111  215
 111  216
 107  220
 107  221
 105  223
 105  224
 102  227
 102  229
  99  232
  99  233
  98  234
  98  235
  97  236
  97  237
  95  239
  95  240
  93  242
  93  243
  92  244
  92  245
  91  246
  91  247
  90  248
  90  249
  89  250
  89  251
  84  256
  80  256
  78  258
  78  270
  80  272
  90  272
  91  273
  91  288
  90  289
  89  289
  85  293
  85  294
  84  295
  84  298
  83  299
  83  306
  82  307
  82  317
  81  318
  77  318
  75  320
  75  327
  76  328
  76  330
  78  332
  78  333
  79  334
  79  335
  80  336
  80  337
  81  338
  81  339
  82  340
  82  341
  85  344
  85  346
  87  348
  87  349
  89  351
  89  352
  90  353
  90  354
  92  356
  92  357
  93  358
  93  359
  95  361
  95  363
  96  364
  96  365
  97  366
  97  367
  98  368
  98  369
  99  370
  99  372
 101  374
 101  375
 102  376
 102  377
 103  378
 103  379
 105  381
 105  382
 106  383
 106  384
 109  387
 109  389
 110  390
 110  392
 111  393
 111  399
 112  400
 112  405
 113  406
 113  408
 114  409
 114  412
 115  413
 115  417
 116  418
 116  420
 118  422
 118  424
 119  425
 119  428
 120  429
 120  434
 121  435
 121  440
 122  441
 122  442
 123  443
 123  445
 124  446
 124  448
 125  449
 125  453
 126  454
 126  456
 127  457
 127  459
 128  460
 128  462
 129  463
 129  464
 130  465
 130  466
 131  467
 131  468
 132  469
 132  472
 133  473
 133  474
 134  475
 134  476
 135  477
 135  480
 136  481
 136  482
 137  483
 137  484
 138  485
 138  486
 139  487
 139  488
 142  491
 142  492
 143  493
 143  494
 145  496
 145  497
 150  502
 151  502
 153  504
 155  504
 156  505
 159  505
 160  506
 161  506
 162  507
 163  507
 167  511
 167  512
 169  514
 170  514
 174  518
 174  519
 180  525
 181  525
 186  530
 186  531
 188  533
 188  534
 202  534
 203  535
 204  535
 207  538
 208  538
 213  543
 214  543
 215  544
 217  544
 218  543
 233  543
 242  552
 242  553
 246  557
 246  558
 249  561
 249  562
 250  563
 250  564
 252  566
 252  567
 253  568
 253  569
 254  570
 254  571
 255  572
 255  573
 256  574
 256  576
 257  577
 257  578
 258  579
 258  580
 259  581
 259  583
 260  584
 260  585
 261  586
 261  587
 262  588
 262  589
 263  590
 263  592
 265  594
 265  595
 266  596
 266  597
 269  600
 269  601
 272  604
 273  604
 275  606
 276  606
 277  607
 278  607
 279  608
 280  608
 281  609
 283  609
 284  608
 285  608
 286  607
 287  607
 291  603
 291  602
 292  601
 292  600
 293  599
 293  598
 294  597
 294  591
 293  590
 293  588
 292  587
 292  585
 289  582
 289  581
 277  569
 276  569
 271  564
 270  564
 264  558
 263  558
 254  549
 254  548
 251  545
 251  544
 246  539
 246  537
 245  536
 245  533
 244  532
 244  531
 243  530
 243  529
 242  528
 242  525
 241  524
 241  520
 240  519
 240  501
 243  498
 245  498
 246  497
 248  497
 249  496
 251  496
 253  494
 254  494
 258  490
 258  489
 259  488
 259  487
 260  486
 259  485
 259  480
 258  479
 258  477
 257  476
 257  460
 258  459
 258  456
 260  454
 261  454
 263  452
 265  452
 266  451
 270  451
 271  450
 272  450
 273  449
 274  449
 276  447
 277  447
 277  446
 279  444
 279  443
 280  442
 280  441
 279  440
 279  436
 278  435
 278  433
 277  432
 277  430
 276  429
 276  428
 275  427
 275  410
 279  406
 281  406
 282  405
 283  405
 284  404
 285  404
 288  401
 288  398
 287  397
 287  396
 286  395
 286  394
 285  393
 285  392
 284  391
 284  390
 282  388
 282  387
 281  386
 281  385
 275  379
 274  379
 271  376
 271  358
 269  356
 269  355
 268  354
 268  353
 258  343
 258  342
 246  330
 245  330
 243  328
 242  328
 239  325
 238  325
 235  322
 234  322
 231  319
 231  305
 232  304
 251  304
 252  305
 256  305
 257  306
 260  306
 261  307
 263  307
 264  308
 282  308
 283  307
 291  307
 292  306
 294  306
 295  305
 298  305
 299  304
 303  304
 304  303
 306  303
 307  302
 308  302
 315  295
 316  295
 317  294
 318  294
 321  291
 321  290
 322  289
 322  288
 323  287
 323  279
 324  278
 324  277
 325  276
 325  275
 326  274
 326  273
 327  272
 331  272
 332  271
 332  268
 333  267
 333  266
 334  265
 334  264
 336  262
 336  261
 338  259
 338  258
 339  257
 339  256
 340  255
 340  254
 341  253
 341  248
 342  247
 342  238
 343  237
 343  236
 344  235
 344  234
 345  233
 345  231
 346  230
 346  229
 348  227
 348  225
 349  224
 349  221
 350  220
 350  214
 351  213
 351  207
 352  206
 352  204
 354  202
 354  201
 355  200
 355  199
 356  198
 356  197
 357  196
 357  195
 358  194
 358  192
 359  191
 359  190
 360  189
 360  187
 361  186
 361  184
 362  183
 362  180
 363  179
 363  178
 364  177
 364  176
 366  174
 366  173
 369  170
 369  169
 372  166
 372  164
 374  162
 374  161
 375  160
 375  158
 376  157
 376  155
 377  154
 377  153
 378  152
 378  150
 379  149
 379  148
 381  146
 381  144
 384  141
 384  140
 385  139
 385  138
 387  136
 387  135
 388  134
 388  132
 389  131
 389  130
 390  129
 390  128
 392  126
 392  125
 393  124
 393  123
 395  121
 395  119
 396  118
 396  117
 397  116
 397  115
 398  114
 398  113
 399  112
 399  109
 400  108
 400  107
 401  106
 401  105
 402  104
 402  102
 403  101
 403  100
 404   99
 404   98
 405   97
 404   96
 404   95
 401   92
 401   91
 400   91
 398   89
 397   89
 395   87
 393   87
 392   86
 391   86
 390   85
 389   85
 388   84
 386   84
 385   83
 383   83
 382   82
 380   82
 379   81
 376   81
 375   80
 370   80
 369   79
 359   79
