 320  123
 319  124
 311  124
 310  125
 303  125
 302  126
 298  126
 297  127
 294  127
 293  128
 291  128
 290  129
 288  129
 287  130
 285  130
 284  131
 282  131
 281  132
 279  132
 278  133
 277  133
 276  134
 275  134
 274  135
 272  135
 271  136
 270  136
 269  137
 268  137
 267  138
 265  138
 264  139
 263  139
 262  140
 261  140
 260  141
 259  141
 258  142
 257  142
 256  143
 255  143
 254  144
 253  144
 252  145
 251  145
 250  146
 249  146
 248  147
 247  147
 246  148
 245  148
 243  150
 242  150
 241  151
 240  151
 239  152
 238  152
 236  154
 235  154
 234  155
 233  155
 231  157
 230  157
 229  158
 228  158
 227  159
 226  159
 225  160
 224  160
 222  162
 221  162
 220  163
 219  163
 214  168
 213  168
 210  171
 209  171
 206  174
 205  174
 200  179
 199  179
 194  184
 193  184
 186  191
 185  191
 172  204
 172  205
 164  213
 164  214
 163  215
 162  215
 162  216
 155  223
 155  224
 151  228
 151  229
 147  233
 147  234
 144  237
 144  238
 141  241
 141  242
 138  245
 138  246
 136  248
 136  249
 134  251
 134  252
 132  254
 132  255
 131  256
 131  263
 129  265
 129  267
 128  268
 128  273
 127  274
 127  288
 130  291
 130  305
 129  306
 128  306
 127  307
 127  308
 126  309
 126  310
 125  311
 125  316
 124  317
 124  319
 123  320
 119  320
 118  321
 118  348
 119  349
 120  349
 123  352
 123  354
 124  355
 124  357
 125  358
 125  360
 126  361
 126  363
 127  364
 127  369
 128  370
 128  373
 129  374
 129  376
 130  377
 130  384
 131  385
 131  389
 132  390
 132  391
 133  392
 133  397
 134  398
 134  405
 135  406
 135  408
 136  409
 136  413
 137  414
 137  424
 138  425
 138  428
 139  429
 139  431
 140  432
 140  436
 141  437
 141  438
 142  439
 142  441
 143  442
 143  446
 144  447
 144  452
 145  453
 145  454
 146  455
 146  456
 147  457
 147  458
 151  462
 152  462
 153  463
 162  463
 165  466
 165  469
 166  470
 166  474
 167  475
 167  480
 168  481
 168  482
 174  488
 175  488
 176  487
 177  487
 179  485
 180  485
 182  483
 184  483
 185  482
 188  482
 189  481
 221  481
 222  482
 223  482
 224  483
 225  483
 226  484
 227  484
 231  488
 231  489
 235  493
 235  494
 237  496
 237  497
 238  498
 238  500
 240  502
 240  503
 241  504
 241  506
 242  507
 242  508
 243  509
 243  510
 244  511
 244  515
 245  516
 245  519
 246  520
 246  522
 247  523
 247  530
 248  531
 248  541
 249  542
 249  545
 250  546
 250  549
 251  550
 251  553
 252  554
 252  555
 254  557
 254  558
 259  563
 262  563
 268  557
 268  556
 270  554
 270  552
 271  551
 271  548
 272  547
 272  544
 273  543
 273  542
 272  541
 272  540
 271  539
 271  537
 270  536
 270  535
 264  529
 264  528
 257  521
 257  520
 255  518
 255  517
 253  515
 253  514
 252  513
 252  512
 250  510
 250  508
 247  505
 247  503
 246  502
 246  501
 244  499
 244  498
 243  497
 243  495
 240  492
 240  490
 239  489
 239  488
 237  486
 237  484
 236  483
 236  481
 235  480
 235  479
 234  478
 234  476
 233  475
 233  450
 234  449
 234  448
 236  446
 236  445
 237  444
 237  443
 241  439
 242  439
 245  436
 246  436
 251  431
 251  430
 252  429
 252  425
 253  424
 253  417
 254  416
 254  414
 260  408
 261  408
 263  406
 264  406
 267  403
 267  402
 270  399
 269  398
 269  381
 270  380
 270  378
 273  375
 273  374
 277  370
 277  368
 274  365
 274  364
 273  363
 273  362
 272  361
 271  361
 264  354
 264  352
 263  351
 263  336
 262  335
 262  334
 260  332
 260  331
 255  326
 255  312
 256  311
 275  311
 276  310
 277  310
 278  309
 280  309
 281  308
 284  308
 285  307
 289  307
 291  305
 291  304
 294  301
 294  299
 296  297
 296  296
 297  295
 297  293
 300  290
 300  289
 301  288
 301  287
 303  285
 303  283
 304  282
 304  279
 305  278
 305  277
 304  276
 304  262
 305  261
 311  261
 313  259
 313  256
 314  255
 314  246
 315  245
 315  243
 316  242
 316  241
 317  240
 317  238
 318  237
 318  235
 319  234
 319  232
 320  231
 320  221
 321  220
 321  218
 322  217
 322  216
 323  215
 323  214
 324  213
 324  211
 325  210
 325  209
 326  208
 326  206
 327  205
 327  202
 328  201
 328  199
 329  198
 329  197
 330  196
 330  191
 331  190
 332  190
 337  185
 337  183
 338  182
 338  181
 339  180
 339  179
 340  178
 340  177
 343  174
 343  173
 347  169
 347  168
 350  165
 350  164
 351  163
 351  162
 354  159
 354  158
 357  155
 357  153
 358  152
 358  151
 359  150
 359  149
 360  148
 360  145
 361  144
 361  142
 362  141
 362  136
 361  135
 361  134
 359  132
 358  132
 356  130
 355  130
 354  129
 352  129
 351  128
 350  128
 349  127
 347  127
 346  126
 343  126
 342  125
 337  125
 336  124
 330  124
 329  123
