 321  132
 320  133
 315  133
 314  134
 307  134
 306  135
 303  135
 302  136
 298  136
 297  137
 295  137
 294  138
 292  138
 291  139
 288  139
 287  140
 286  140
 285  141
 282  141
 281  142
 280  142
 279  143
 277  143
 276  144
 275  144
 274  145
 272  145
 271  146
 269  146
 268  147
 267  147
 266  148
 265  148
 264  149
 262  149
 261  150
 260  150
 259  151
 258  151
 257  152
 255  152
 254  153
 253  153
 252  154
 251  154
 250  155
 249  155
 248  156
 247  156
 246  157
 245  157
 244  158
 243  158
 242  159
 240  159
 239  160
 238  160
 237  161
 236  161
 234  163
 233  163
 232  164
 231  164
 230  165
 229  165
 227  167
 226  167
 224  169
 223  169
 222  170
 221  170
 219  172
 218  172
 217  173
 216  173
 213  176
 212  176
 209  179
 208  179
 205  182
 204  182
 200  186
 199  186
 196  189
 195  189
 190  194
 189  194
 164  219
 164  220
 155  229
 155  230
 149  236
 149  237
 146  240
 146  241
 144  243
 144  244
 140  248
 140  249
 138  251
 138  252
 136  254
 136  255
 134  257
 134  258
 131  261
 131  262
 129  264
 129  268
 128  269
 128  273
 127  274
 127  277
 126  278
 126  285
 125  286
 121  286
 120  287
 120  291
 121  292
 127  292
 129  294
 129  295
 130  296
 130  297
 133  300
 133  301
 134  302
 134  316
 133  317
 128  317
 126  319
 124  319
 122  321
 122  327
 120  329
 120  330
 119  331
 119  332
 120  333
 120  336
 121  337
 121  340
 122  341
 122  342
 123  343
 123  344
 124  345
 124  347
 125  348
 125  350
 126  351
 126  352
 127  353
 127  356
 128  357
 128  358
 129  359
 129  361
 130  362
 130  364
 131  365
 131  367
 132  368
 132  369
 134  371
 134  374
 135  375
 135  377
 136  378
 136  379
 137  380
 137  383
 138  384
 138  387
 139  388
 139  389
 140  390
 140  392
 141  393
 141  396
 142  397
 142  398
 143  399
 143  401
 144  402
 144  408
 145  409
 145  411
 146  412
 146  413
 147  414
 147  418
 148  419
 148  422
 149  423
 149  425
 150  426
 150  428
 151  429
 151  433
 152  434
 152  436
 153  437
 153  438
 154  439
 154  446
 155  447
 155  450
 156  451
 156  453
 157  454
 157  457
 158  458
 158  461
 160  463
 160  464
 161  465
 161  466
 162  467
 163  467
 165  469
 167  469
 168  470
 169  470
 170  471
 171  471
 174  474
 174  477
 175  478
 175  480
 176  481
 176  482
 177  483
 177  487
 178  488
 178  491
 181  494
 181  495
 186  500
 189  500
 191  498
 192  498
 194  496
 196  496
 197  495
 214  495
 218  499
 218  500
 222  504
 224  504
 226  502
 243  502
 244  503
 245  503
 246  504
 247  504
 255  512
 255  513
 258  516
 258  517
 261  520
 261  521
 262  522
 262  523
 263  524
 263  525
 264  526
 264  527
 265  528
 265  529
 266  530
 266  531
 267  532
 267  533
 268  534
 268  537
 269  538
 269  540
 270  541
 270  542
 271  543
 271  545
 272  546
 272  547
 278  553
 279  553
 280  554
 282  554
 283  555
 284  555
 285  554
 286  554
 290  550
 290  549
 291  548
 291  546
 292  545
 292  542
 291  541
 291  539
 290  538
 290  537
 287  534
 287  533
 276  522
 275  522
 274  521
 274  520
 264  510
 264  509
 260  505
 260  504
 258  502
 258  501
 257  500
 257  499
 255  497
 255  496
 254  495
 254  494
 253  493
 253  491
 252  490
 252  489
 251  488
 251  486
 250  485
 250  480
 249  479
 249  461
 250  460
 250  456
 251  455
 251  454
 255  450
 257  450
 258  449
 261  449
 267  443
 267  442
 266  441
 266  439
 265  438
 265  437
 264  436
 264  431
 263  430
 263  409
 264  408
 264  406
 265  405
 266  405
 268  403
 271  403
 272  402
 274  402
 277  399
 277  398
 278  397
 277  396
 277  392
 276  391
 276  390
 274  388
 274  373
 275  372
 275  371
 276  370
 276  369
 277  368
 277  367
 282  362
 282  360
 281  359
 281  358
 280  357
 280  356
 278  354
 278  353
 277  352
 277  351
 273  347
 273  346
 270  343
 270  342
 268  340
 268  339
 267  338
 267  335
 264  332
 264  331
 262  329
 261  329
 257  325
 255  325
 254  324
 254  310
 255  309
 267  309
 268  308
 272  308
 273  307
 276  307
 277  306
 280  306
 281  305
 282  305
 284  303
 286  303
 287  302
 287  301
 288  300
 288  299
 290  297
 290  296
 294  292
 294  291
 295  290
 295  289
 296  288
 296  287
 297  286
 297  283
 298  282
 298  281
 302  277
 303  277
 304  276
 304  275
 307  272
 307  269
 308  268
 308  264
 309  263
 309  261
 310  260
 310  258
 311  257
 311  256
 318  249
 318  248
 319  247
 319  246
 320  245
 320  234
 321  233
 321  232
 327  226
 327  224
 328  223
 328  222
 329  221
 329  220
 330  219
 330  215
 331  214
 331  211
 341  201
 341  199
 342  198
 342  197
 343  196
 343  195
 344  194
 344  192
 345  191
 345  190
 351  184
 351  183
 353  181
 353  180
 354  179
 354  176
 355  175
 355  172
 356  171
 356  169
 357  168
 357  166
 358  165
 358  164
 360  162
 360  158
 361  157
 361  145
 355  139
 354  139
 353  138
 352  138
 351  137
 350  137
 349  136
 348  136
 347  135
 345  135
 344  134
 338  134
 337  133
 332  133
 331  132
