 330  146
 329  147
 325  147
 324  148
 319  148
 318  149
 314  149
 313  150
 312  150
 311  151
 308  151
 307  152
 305  152
 304  153
 302  153
 301  154
 299  154
 298  155
 296  155
 295  156
 293  156
 292  157
 291  157
 290  158
 288  158
 287  159
 286  159
 285  160
 284  160
 283  161
 282  161
 281  162
 279  162
 278  163
 277  163
 276  164
 274  164
 272  166
 270  166
 268  168
 267  168
 266  169
 265  169
 264  170
 263  170
 262  171
 261  171
 259  173
 258  173
 257  174
 256  174
 254  176
 253  176
 251  178
 250  178
 248  180
 247  180
 245  182
 244  182
 242  184
 241  184
 239  186
 238  186
 236  188
 235  188
 232  191
 231  191
 229  193
 228  193
 226  195
 225  195
 222  198
 221  198
 217  202
 216  202
 211  207
 210  207
 183  234
 183  235
 179  239
 179  240
 170  249
 170  250
 167  253
 167  254
 163  258
 163  259
 159  263
 159  264
 155  268
 155  269
 152  272
 152  273
 149  276
 149  277
 146  280
 146  281
 143  284
 143  285
 141  287
 141  288
 139  290
 139  291
 136  294
 136  295
 134  297
 134  298
 132  300
 132  301
 129  304
 129  306
 128  307
 128  308
 127  309
 127  310
 126  311
 126  313
 125  314
 125  315
 123  317
 123  318
 119  322
 118  322
 116  324
 116  339
 118  341
 126  341
 127  342
 127  356
 125  358
 125  359
 124  360
 124  361
 123  362
 123  363
 122  364
 122  365
 121  366
 121  369
 120  370
 120  374
 119  375
 119  385
 118  386
 114  386
 112  388
 112  397
 113  398
 113  399
 117  403
 117  404
 118  405
 118  406
 119  407
 119  408
 120  409
 120  410
 121  411
 121  412
 122  413
 122  417
 123  418
 123  419
 124  420
 124  421
 126  423
 126  425
 127  426
 127  427
 128  428
 128  430
 129  431
 129  433
 130  434
 130  436
 131  437
 131  439
 132  440
 132  442
 133  443
 133  445
 134  446
 134  448
 135  449
 135  450
 136  451
 136  453
 137  454
 137  455
 138  456
 138  458
 139  459
 139  461
 140  462
 140  463
 141  464
 141  465
 142  466
 142  468
 143  469
 143  470
 144  471
 144  472
 145  473
 145  474
 146  475
 146  477
 147  478
 147  479
 148  480
 148  481
 149  482
 149  483
 150  484
 150  485
 151  486
 151  487
 152  488
 152  489
 153  490
 153  492
 154  493
 154  494
 155  495
 155  496
 156  497
 156  498
 158  500
 158  501
 160  503
 160  504
 163  507
 163  508
 164  509
 165  509
 166  510
 166  511
 168  513
 168  514
 169  515
 169  516
 170  517
 170  518
 176  524
 176  525
 177  526
 177  527
 179  529
 179  531
 180  532
 180  534
 186  540
 187  540
 188  541
 189  541
 190  542
 191  542
 192  541
 194  541
 195  540
 197  540
 198  539
 201  539
 202  538
 206  538
 207  537
 210  537
 211  536
 212  536
 213  535
 215  535
 217  533
 218  533
 219  532
 220  532
 222  530
 223  530
 225  528
 227  528
 228  527
 229  527
 230  526
 231  526
 232  525
 233  525
 234  524
 235  524
 236  523
 237  523
 244  516
 244  515
 245  514
 245  513
 248  510
 249  510
 250  509
 251  509
 252  508
 253  508
 256  505
 257  505
 262  500
 262  499
 263  498
 263  497
 264  496
 264  495
 265  494
 265  492
 266  491
 266  490
 267  489
 267  488
 268  487
 268  486
 279  475
 279  474
 280  473
 280  472
 281  471
 281  470
 282  469
 282  463
 283  462
 283  458
 284  457
 284  455
 285  454
 285  452
 288  449
 288  447
 289  446
 289  440
 288  439
 288  438
 287  437
 287  436
 286  435
 286  431
 285  430
 285  424
 284  423
 284  422
 282  420
 282  418
 275  411
 274  411
 272  409
 271  409
 269  407
 268  407
 266  405
 265  405
 263  403
 262  403
 260  401
 259  401
 257  399
 256  399
 254  397
 253  397
 251  395
 250  395
 246  391
 246  377
 247  376
 261  376
 262  377
 264  377
 265  376
 269  376
 270  375
 272  375
 273  374
 274  374
 275  373
 278  373
 279  372
 285  372
 286  371
 290  371
 291  370
 292  370
 300  362
 301  362
 305  358
 305  357
 308  354
 309  354
 310  353
 311  353
 313  351
 313  350
 314  349
 314  348
 321  341
 321  340
 322  339
 322  338
 323  337
 323  336
 325  334
 325  332
 326  331
 326  329
 328  327
 328  326
 329  325
 329  324
 330  323
 330  322
 331  321
 331  320
 332  319
 332  317
 333  316
 333  315
 334  314
 334  313
 335  312
 335  309
 336  308
 336  307
 337  306
 337  304
 338  303
 338  301
 339  300
 339  295
 340  294
 340  292
 341  291
 341  290
 342  289
 342  285
 343  284
 343  281
 344  280
 344  278
 345  277
 345  272
 346  271
 346  267
 347  266
 347  265
 348  264
 348  262
 349  261
 349  259
 350  258
 350  257
 351  256
 351  254
 352  253
 352  250
 353  249
 353  247
 354  246
 354  245
 355  244
 355  242
 356  241
 356  240
 357  239
 357  238
 358  237
 358  235
 359  234
 359  231
 360  230
 360  229
 361  228
 361  227
 362  226
 362  224
 363  223
 363  221
 364  220
 364  219
 365  218
 365  215
 366  214
 366  208
 367  207
 367  203
 368  202
 368  196
 369  195
 369  187
 368  186
 368  181
 367  180
 367  176
 366  175
 366  168
 365  167
 365  164
 364  163
 364  162
 363  161
 363  160
 362  159
 362  157
 357  152
 356  152
 354  150
 353  150
 352  149
 351  149
 350  148
 348  148
 347  147
 345  147
 344  146
