 327  108
 326  109
 321  109
 320  110
 314  110
 313  111
 310  111
 309  112
 305  112
 304  113
 302  113
 301  114
 299  114
 298  115
 296  115
 295  116
 293  116
 292  117
 291  117
 290  118
 289  118
 288  119
 286  119
 285  120
 284  120
 283  121
 282  121
 281  122
 280  122
 279  123
 277  123
 276  124
 275  124
 274  125
 273  125
 272  126
 271  126
 270  127
 269  127
 268  128
 267  128
 266  129
 265  129
 264  130
 263  130
 262  131
 261  131
 260  132
 259  132
 257  134
 256  134
 255  135
 254  135
 252  137
 251  137
 249  139
 248  139
 246  141
 245  141
 243  143
 242  143
 240  145
 239  145
 237  147
 236  147
 234  149
 233  149
 230  152
 229  152
 226  155
 225  155
 223  157
 222  157
 219  160
 218  160
 214  164
 213  164
 189  188
 188  188
 188  189
 184  193
 184  194
 182  196
 182  197
 180  199
 180  200
 178  202
 178  203
 176  205
 176  206
 173  209
 173  210
 170  213
 170  214
 166  218
 166  219
 163  222
 163  224
 160  227
 160  229
 158  231
 158  232
 156  234
 156  235
 155  236
 155  237
 153  239
 153  241
 150  244
 150  246
 149  247
 149  248
 147  250
 147  252
 146  253
 146  256
 145  257
 145  258
 144  259
 144  262
 143  263
 143  267
 141  269
 139  269
 139  270
 138  271
 138  283
 139  284
 142  284
 143  285
 143  299
 142  300
 142  305
 141  306
 141  319
 140  320
 136  320
 135  321
 135  332
 137  334
 140  334
 142  336
 142  350
 150  350
 151  351
 151  352
 152  353
 152  355
 153  356
 153  359
 154  360
 154  362
 155  363
 155  364
 156  365
 156  367
 157  368
 157  370
 158  371
 158  372
 159  373
 159  374
 160  375
 160  376
 161  377
 161  379
 162  380
 162  381
 163  382
 163  384
 164  385
 164  388
 165  389
 165  393
 166  394
 166  403
 167  404
 167  413
 168  414
 168  416
 169  417
 169  435
 170  436
 170  439
 171  440
 171  441
 172  442
 172  443
 173  444
 173  445
 175  447
 177  447
 178  448
 180  448
 181  449
 182  449
 183  450
 186  450
 190  454
 190  455
 193  458
 193  459
 194  460
 194  461
 196  463
 196  476
 197  477
 197  480
 199  482
 199  483
 202  486
 203  486
 210  479
 226  479
 227  480
 228  480
 229  481
 230  481
 232  479
 233  479
 234  478
 235  478
 236  477
 253  477
 255  479
 256  479
 261  484
 261  485
 265  489
 265  490
 269  494
 269  495
 270  496
 270  497
 272  499
 272  500
 274  502
 274  503
 275  504
 275  505
 277  507
 277  508
 280  511
 280  512
 282  514
 282  515
 284  517
 284  518
 286  520
 286  521
 287  522
 287  523
 291  527
 291  528
 294  531
 294  532
 297  535
 297  536
 302  541
 302  542
 308  548
 308  549
 314  555
 314  556
 320  562
 317  559
 317  558
 315  556
 315  555
 314  554
 314  553
 312  551
 312  550
 310  548
 310  547
 308  545
 308  544
 305  541
 305  540
 302  537
 302  536
 299  533
 299  532
 296  529
 296  528
 294  526
 294  525
 292  523
 292  522
 289  519
 289  518
 286  515
 286  514
 285  513
 285  512
 282  509
 282  508
 279  505
 279  504
 276  501
 276  500
 275  499
 275  498
 272  495
 272  494
 269  491
 269  490
 266  487
 266  486
 264  484
 264  483
 262  481
 262  480
 261  479
 261  478
 259  476
 259  475
 258  474
 258  458
 259  457
 259  456
 261  454
 262  454
 264  452
 268  452
 269  451
 270  451
 270  448
 269  447
 269  444
 268  443
 268  427
 269  426
 269  425
 273  421
 275  421
 276  420
 278  420
 279  419
 280  419
 283  416
 283  400
 284  399
 285  399
 287  397
 288  397
 290  395
 291  395
 293  393
 293  391
 288  386
 288  365
 272  349
 271  349
 270  348
 269  348
 267  346
 266  346
 264  344
 263  344
 259  340
 258  340
 256  338
 255  338
 253  336
 252  336
 250  334
 249  334
 247  332
 246  332
 245  331
 244  331
 242  329
 241  329
 240  328
 239  328
 238  327
 237  327
 236  326
 235  326
 233  324
 232  324
 231  323
 231  308
 232  307
 247  307
 248  308
 250  308
 251  309
 254  309
 255  308
 260  308
 261  307
 264  307
 265  306
 268  306
 269  305
 273  305
 274  304
 276  304
 277  303
 279  303
 280  302
 283  302
 284  301
 285  301
 288  298
 289  298
 293  294
 293  293
 298  288
 298  287
 301  284
 301  283
 305  279
 305  278
 309  274
 309  273
 311  271
 311  270
 312  269
 312  265
 313  264
 313  251
 314  250
 314  248
 315  247
 315  244
 316  243
 316  221
 317  220
 317  217
 318  216
 318  213
 319  212
 319  200
 320  199
 320  196
 321  195
 321  194
 322  193
 322  191
 323  190
 323  188
 324  187
 324  186
 325  185
 325  184
 326  183
 326  181
 327  180
 327  179
 328  178
 328  177
 329  176
 329  174
 330  173
 330  172
 332  170
 332  169
 333  168
 333  167
 335  165
 335  164
 336  163
 336  161
 337  160
 337  159
 339  157
 339  155
 340  154
 340  152
 342  150
 342  148
 343  147
 343  143
 344  142
 344  140
 345  139
 345  137
 346  136
 346  123
 345  122
 345  120
 344  119
 344  118
 343  117
 343  116
 342  115
 342  114
 341  113
 340  113
 339  112
 338  112
 337  111
 336  111
 335  110
 332  110
 331  109
 329  109
 328  108
