 319  133
 318  134
 312  134
 311  135
 305  135
 304  136
 302  136
 301  137
 298  137
 297  138
 295  138
 294  139
 292  139
 291  140
 289  140
 288  141
 286  141
 285  142
 284  142
 283  143
 282  143
 281  144
 279  144
 277  146
 275  146
 273  148
 272  148
 271  149
 270  149
 269  150
 268  150
 267  151
 266  151
 264  153
 263  153
 261  155
 260  155
 259  156
 258  156
 256  158
 255  158
 253  160
 252  160
 249  163
 248  163
 246  165
 245  165
 242  168
 241  168
 238  171
 237  171
 233  175
 232  175
 229  178
 228  178
 224  182
 223  182
 219  186
 218  186
 212  192
 211  192
 204  199
 203  199
 198  204
 198  205
 191  212
 190  212
 190  213
 188  215
 187  215
 183  219
 183  220
 176  227
 176  228
 170  234
 170  235
 167  238
 167  239
 165  241
 165  242
 163  244
 163  245
 160  248
 160  249
 159  250
 159  251
 157  253
 157  254
 156  255
 156  256
 154  258
 154  259
 153  260
 153  261
 150  264
 150  266
 148  268
 148  269
 147  270
 147  271
 146  272
 146  273
 145  274
 145  275
 144  276
 144  277
 143  278
 143  279
 142  280
 142  281
 140  283
 140  285
 137  288
 137  289
 134  292
 134  303
 136  305
 136  319
 135  320
 135  342
 136  343
 136  344
 137  345
 137  347
 138  348
 138  349
 139  350
 139  351
 140  352
 140  355
 141  356
 141  357
 142  358
 142  359
 143  360
 143  365
 144  366
 144  368
 145  369
 145  370
 146  371
 146  374
 147  375
 147  378
 148  379
 148  381
 149  382
 149  383
 150  384
 150  389
 151  390
 151  391
 152  392
 152  394
 153  395
 153  398
 154  399
 154  401
 155  402
 155  404
 156  405
 156  408
 157  409
 157  412
 158  413
 158  414
 159  415
 159  416
 160  417
 160  420
 161  421
 161  423
 162  424
 162  425
 163  426
 163  429
 164  430
 164  432
 165  433
 165  434
 166  435
 166  438
 167  439
 167  441
 168  442
 168  444
 169  445
 169  446
 170  447
 170  450
 171  451
 171  452
 172  453
 172  454
 173  455
 173  456
 174  457
 174  459
 175  460
 175  461
 176  462
 176  464
 177  465
 177  467
 178  468
 178  469
 179  470
 179  471
 180  472
 180  475
 181  476
 181  477
 184  480
 184  481
 185  481
 186  482
 196  482
 197  483
 198  483
 202  487
 202  488
 203  489
 203  492
 204  493
 204  499
 205  500
 205  502
 206  503
 206  504
 207  505
 207  506
 208  507
 208  508
 209  508
 212  511
 214  511
 215  510
 216  510
 221  505
 222  505
 224  503
 226  503
 227  502
 241  502
 242  503
 243  503
 247  507
 248  506
 248  505
 251  502
 252  502
 253  501
 267  501
 268  502
 270  502
 272  504
 273  504
 275  506
 275  507
 277  509
 277  510
 280  513
 280  514
 281  515
 281  516
 282  517
 282  518
 283  519
 283  520
 284  521
 284  523
 285  524
 285  525
 286  526
 286  527
 287  528
 287  531
 288  532
 288  533
 289  534
 289  535
 290  536
 290  538
 291  539
 291  541
 293  543
 293  544
 294  545
 294  546
 300  552
 301  552
 303  554
 306  554
 307  553
 308  553
 310  551
 310  550
 311  549
 311  548
 312  547
 312  542
 311  541
 311  540
 310  539
 310  536
 307  533
 307  532
 300  525
 300  524
 298  522
 297  522
 280  505
 280  504
 277  501
 277  500
 276  499
 276  498
 274  496
 274  495
 273  494
 273  493
 272  492
 272  491
 271  490
 271  489
 270  488
 270  486
 269  485
 269  482
 268  481
 268  466
 269  465
 269  462
 270  461
 270  459
 273  456
 274  456
 275  455
 279  455
 280  454
 281  454
 284  451
 284  449
 283  448
 283  445
 282  444
 282  443
 281  442
 281  441
 280  440
 280  422
 281  421
 281  420
 283  418
 283  417
 286  414
 287  414
 288  413
 290  413
 291  412
 292  412
 293  411
 293  407
 290  404
 290  402
 289  401
 289  383
 290  382
 290  381
 296  375
 295  374
 295  373
 293  371
 293  370
 283  360
 283  354
 282  353
 282  347
 281  346
 281  345
 280  344
 280  343
 279  342
 279  341
 275  337
 274  337
 271  334
 270  334
 267  331
 266  331
 265  330
 264  330
 263  329
 262  329
 260  327
 259  327
 258  326
 257  326
 256  325
 255  325
 254  324
 253  324
 252  323
 251  323
 250  322
 250  308
 251  307
 276  307
 277  306
 286  306
 287  305
 288  305
 289  304
 290  304
 291  303
 292  303
 294  301
 295  301
 300  296
 300  295
 302  293
 302  291
 303  290
 303  289
 304  288
 304  287
 310  281
 310  279
 311  278
 311  276
 312  275
 312  269
 313  268
 313  265
 317  261
 317  260
 319  258
 319  257
 320  256
 320  241
 324  237
 324  236
 326  234
 326  220
 327  219
 327  218
 329  216
 329  215
 330  214
 330  213
 331  212
 331  210
 332  209
 332  205
 333  204
 333  200
 336  197
 336  196
 337  195
 337  194
 339  192
 339  191
 340  190
 340  185
 341  184
 341  181
 342  180
 342  178
 343  177
 343  175
 344  174
 344  173
 345  172
 345  171
 346  170
 346  158
 347  157
 347  150
 346  149
 346  145
 345  144
 345  143
 340  138
 339  138
 337  136
 335  136
 334  135
 331  135
 330  134
 326  134
 325  133
