 340  121
 339  122
 335  122
 334  123
 331  123
 330  124
 328  124
 327  125
 325  125
 324  126
 322  126
 321  127
 319  127
 318  128
 317  128
 316  129
 314  129
 313  130
 311  130
 309  132
 307  132
 306  133
 305  133
 304  134
 302  134
 300  136
 298  136
 297  137
 296  137
 295  138
 294  138
 292  140
 291  140
 290  141
 289  141
 287  143
 286  143
 284  145
 283  145
 282  146
 281  146
 279  148
 278  148
 276  150
 275  150
 272  153
 271  153
 268  156
 267  156
 263  160
 262  160
 259  163
 258  163
 252  169
 251  169
 245  175
 244  175
 224  195
 224  196
 217  203
 217  204
 211  210
 211  211
 207  215
 207  216
 200  223
 200  224
 197  227
 197  228
 193  232
 193  233
 188  238
 188  239
 184  243
 184  244
 181  247
 181  248
 178  251
 178  252
 176  254
 176  255
 173  258
 173  259
 170  262
 170  263
 169  264
 169  265
 167  267
 167  268
 166  269
 166  270
 164  272
 164  273
 163  274
 163  275
 161  277
 161  278
 160  279
 160  280
 159  281
 159  282
 157  284
 157  286
 155  288
 155  289
 153  291
 153  293
 150  296
 150  297
 149  298
 149  299
 147  301
 147  302
 146  303
 146  304
 145  305
 145  306
 144  307
 144  308
 143  309
 143  310
 142  311
 142  312
 141  313
 141  314
 140  315
 140  317
 139  318
 139  319
 137  321
 137  323
 136  324
 136  326
 135  327
 135  329
 134  330
 134  331
 133  332
 133  333
 129  337
 128  337
 126  339
 126  354
 127  354
 128  355
 131  355
 132  356
 132  372
 131  373
 131  392
 130  393
 126  393
 124  395
 124  424
 126  426
 128  426
 130  428
 130  429
 132  431
 132  432
 133  433
 133  434
 134  435
 134  436
 135  437
 135  438
 136  439
 136  440
 137  441
 137  442
 138  443
 138  444
 139  445
 139  446
 140  447
 140  448
 141  449
 141  450
 142  451
 142  453
 143  454
 143  457
 144  458
 144  460
 145  461
 145  462
 146  463
 146  465
 147  466
 147  468
 148  469
 148  470
 150  472
 150  474
 151  475
 151  476
 153  478
 153  479
 154  480
 154  481
 155  482
 155  483
 156  484
 156  486
 157  487
 157  489
 158  490
 158  491
 159  492
 159  494
 160  495
 160  498
 161  499
 161  502
 162  503
 162  504
 163  505
 163  509
 164  510
 164  511
 165  512
 165  513
 177  525
 178  525
 180  527
 181  527
 182  528
 183  528
 184  529
 185  529
 186  530
 187  530
 189  532
 190  532
 191  533
 192  533
 195  536
 196  536
 197  537
 198  537
 200  539
 201  539
 203  541
 204  541
 211  548
 212  548
 214  550
 215  550
 221  556
 222  556
 228  562
 229  562
 231  564
 232  564
 233  565
 248  565
 249  566
 254  566
 257  563
 258  563
 259  562
 260  562
 261  561
 264  561
 265  560
 271  560
 272  559
 275  559
 276  558
 278  558
 280  556
 281  556
 281  555
 282  554
 282  533
 287  528
 288  528
 291  525
 292  525
 292  524
 296  520
 296  517
 295  516
 295  496
 296  495
 296  493
 300  489
 300  488
 303  485
 303  484
 305  482
 305  479
 304  478
 304  476
 303  475
 303  458
 304  457
 304  456
 305  455
 305  454
 306  453
 306  446
 304  444
 304  443
 303  442
 303  440
 302  439
 302  438
 301  437
 301  436
 300  435
 300  429
 299  428
 299  422
 298  421
 298  420
 296  418
 296  417
 295  416
 295  415
 288  408
 287  408
 284  405
 283  405
 282  404
 281  404
 280  403
 279  403
 278  402
 277  402
 276  401
 275  401
 274  400
 273  400
 272  399
 272  385
 273  384
 279  384
 280  383
 281  383
 282  382
 284  382
 285  381
 286  381
 287  380
 288  380
 289  379
 291  379
 292  378
 295  378
 296  377
 297  377
 300  374
 300  373
 301  372
 301  371
 306  366
 306  363
 307  362
 307  361
 308  360
 308  359
 309  358
 309  355
 310  354
 310  351
 311  350
 311  349
 312  348
 312  347
 313  346
 313  345
 314  344
 314  343
 315  342
 315  341
 316  340
 316  336
 317  335
 317  321
 318  320
 318  319
 319  318
 319  316
 320  315
 320  313
 321  312
 321  311
 322  310
 322  308
 323  307
 323  302
 322  301
 322  299
 321  298
 321  281
 323  279
 323  276
 324  275
 324  273
 325  272
 325  271
 324  270
 324  250
 325  249
 325  248
 326  247
 326  245
 327  244
 327  243
 329  241
 329  238
 330  237
 330  233
 331  232
 331  230
 332  229
 332  225
 333  224
 333  220
 334  219
 334  217
 336  215
 336  213
 337  212
 337  211
 338  210
 338  209
 339  208
 339  207
 340  206
 340  205
 343  202
 343  200
 344  199
 344  198
 346  196
 346  194
 347  193
 347  191
 348  190
 348  189
 349  188
 349  186
 350  185
 350  182
 351  181
 351  180
 352  179
 352  177
 353  176
 353  173
 354  172
 354  169
 355  168
 355  166
 356  165
 356  159
 357  158
 357  136
 356  135
 356  131
 355  130
 355  129
 354  128
 354  127
 351  124
 350  124
 349  123
 347  123
 346  122
 343  122
 342  121
