 315  183
 314  184
 309  184
 308  185
 303  185
 302  186
 298  186
 297  187
 295  187
 294  188
 291  188
 290  189
 289  189
 288  190
 286  190
 285  191
 284  191
 283  192
 281  192
 280  193
 279  193
 278  194
 276  194
 275  195
 274  195
 273  196
 272  196
 271  197
 270  197
 268  199
 267  199
 266  200
 265  200
 264  201
 263  201
 262  202
 261  202
 259  204
 258  204
 257  205
 256  205
 254  207
 253  207
 251  209
 250  209
 249  210
 248  210
 245  213
 244  213
 242  215
 241  215
 239  217
 238  217
 235  220
 234  220
 230  224
 229  224
 226  227
 225  227
 222  230
 221  230
 216  235
 215  235
 210  240
 209  240
 190  259
 190  260
 185  265
 185  266
 180  271
 180  272
 176  276
 176  277
 172  281
 172  282
 169  285
 169  286
 167  288
 167  289
 164  292
 164  293
 162  295
 162  296
 160  298
 160  299
 157  302
 157  303
 156  304
 156  305
 153  308
 153  309
 150  312
 150  313
 147  316
 147  317
 145  319
 145  320
 143  322
 143  323
 140  326
 140  327
 139  328
 139  331
 140  332
 146  332
 147  333
 147  349
 146  350
 146  352
 145  353
 145  361
 144  362
 141  362
 139  364
 139  386
 140  387
 140  389
 149  398
 150  398
 152  400
 152  401
 154  403
 154  404
 156  406
 156  407
 157  408
 157  409
 158  410
 158  411
 159  412
 159  413
 161  415
 161  416
 163  418
 163  419
 164  420
 164  421
 165  422
 165  423
 166  424
 166  425
 167  426
 167  427
 169  429
 169  430
 170  431
 170  432
 171  433
 171  434
 173  436
 173  437
 180  444
 180  445
 181  446
 181  447
 182  448
 182  450
 183  451
 183  458
 184  459
 184  461
 185  462
 185  464
 186  465
 186  466
 187  467
 187  468
 189  470
 189  471
 190  472
 191  472
 197  478
 197  479
 200  482
 201  482
 202  483
 204  483
 208  487
 208  488
 209  489
 209  493
 210  494
 210  495
 213  498
 213  499
 215  501
 216  501
 218  503
 219  503
 221  501
 237  501
 238  500
 238  498
 239  497
 239  492
 240  491
 240  490
 244  486
 250  486
 251  485
 253  485
 254  484
 255  484
 256  483
 256  469
 257  468
 257  467
 258  466
 258  464
 260  462
 261  462
 263  460
 264  460
 265  459
 268  459
 269  458
 270  458
 272  456
 272  439
 273  438
 273  437
 277  433
 278  433
 280  431
 281  431
 281  430
 280  429
 280  428
 279  427
 279  410
 283  406
 283  404
 282  403
 282  402
 280  400
 280  391
 279  390
 279  388
 278  387
 278  385
 277  384
 277  383
 274  380
 274  379
 270  375
 270  361
 271  360
 272  360
 273  359
 274  359
 275  358
 276  358
 277  357
 278  357
 278  355
 283  350
 285  350
 286  349
 287  349
 289  347
 289  346
 291  344
 291  340
 297  334
 297  333
 299  331
 299  328
 300  327
 300  311
 301  310
 301  308
 302  307
 302  306
 301  305
 301  303
 300  302
 300  285
 301  284
 301  281
 302  280
 302  269
 303  268
 303  267
 304  266
 304  265
 305  264
 305  263
 311  257
 311  256
 312  255
 312  254
 314  252
 314  251
 315  250
 315  249
 320  244
 321  244
 321  243
 323  241
 324  241
 328  237
 328  236
 330  234
 330  233
 332  231
 332  230
 334  228
 334  227
 335  226
 335  224
 336  223
 336  222
 337  221
 337  219
 338  218
 338  215
 339  214
 339  210
 340  209
 340  207
 341  206
 341  202
 342  201
 341  200
 341  196
 340  195
 340  193
 339  192
 339  191
 338  190
 338  189
 335  186
 334  186
 333  185
 331  185
 330  184
 328  184
 327  183
