 326  135
 325  136
 315  136
 314  137
 310  137
 309  138
 305  138
 304  139
 301  139
 300  140
 298  140
 297  141
 294  141
 293  142
 291  142
 290  143
 288  143
 287  144
 286  144
 285  145
 283  145
 282  146
 281  146
 280  147
 279  147
 278  148
 277  148
 276  149
 274  149
 273  150
 272  150
 271  151
 270  151
 269  152
 268  152
 267  153
 266  153
 265  154
 264  154
 263  155
 262  155
 261  156
 260  156
 258  158
 257  158
 256  159
 255  159
 254  160
 253  160
 252  161
 251  161
 249  163
 248  163
 246  165
 245  165
 243  167
 242  167
 239  170
 238  170
 236  172
 235  172
 233  174
 232  174
 229  177
 228  177
 224  181
 223  181
 214  190
 213  190
 205  198
 204  198
 198  204
 197  204
 187  214
 187  215
 186  216
 186  217
 185  218
 184  218
 183  219
 183  220
 168  235
 168  236
 160  244
 160  245
 156  249
 156  250
 154  252
 154  253
 153  254
 153  255
 152  256
 152  258
 151  259
 151  260
 150  261
 150  262
 149  263
 149  264
 148  265
 148  266
 147  267
 147  268
 146  269
 146  270
 145  271
 145  272
 143  274
 140  274
 138  276
 138  296
 140  298
 146  298
 147  299
 147  313
 146  314
 146  315
 145  316
 145  322
 144  323
 144  332
 143  333
 139  333
 137  335
 137  339
 138  340
 138  341
 142  345
 142  346
 144  348
 144  349
 146  351
 146  352
 148  354
 148  355
 149  356
 149  358
 150  359
 150  360
 151  361
 151  362
 152  363
 152  365
 153  366
 153  367
 154  368
 154  369
 155  370
 155  372
 156  373
 156  375
 157  376
 157  378
 158  379
 158  381
 159  382
 159  383
 160  384
 160  385
 162  387
 162  389
 163  390
 163  391
 164  392
 164  393
 165  394
 165  395
 166  396
 166  397
 167  398
 167  399
 168  400
 168  401
 169  402
 169  403
 170  404
 170  405
 171  406
 171  407
 172  408
 172  409
 173  410
 173  411
 175  413
 175  414
 176  415
 176  417
 177  418
 177  419
 179  421
 179  423
 180  424
 180  425
 181  426
 181  427
 182  428
 182  429
 183  430
 183  431
 184  432
 184  433
 186  435
 186  437
 187  438
 187  439
 189  441
 189  442
 190  443
 190  444
 191  445
 191  446
 192  447
 192  449
 200  457
 201  457
 202  458
 203  458
 204  459
 205  459
 206  460
 207  460
 213  466
 213  468
 215  470
 215  476
 216  477
 216  482
 217  483
 217  484
 219  486
 219  487
 220  488
 220  489
 221  489
 222  490
 224  490
 225  489
 246  489
 247  490
 248  489
 264  489
 265  490
 266  490
 267  491
 268  491
 280  503
 280  504
 284  508
 284  509
 285  509
 286  510
 286  511
 297  522
 298  522
 302  526
 303  526
 305  528
 306  528
 308  530
 309  530
 314  535
 315  535
 318  538
 319  538
 321  540
 322  540
 324  542
 325  542
 326  543
 327  543
 328  544
 329  544
 330  545
 331  545
 332  546
 331  545
 330  545
 328  543
 327  543
 326  542
 325  542
 321  538
 320  538
 316  534
 315  534
 301  520
 301  519
 300  518
 299  518
 295  514
 294  514
 292  512
 292  511
 285  504
 285  503
 279  497
 279  496
 275  492
 275  491
 274  490
 274  489
 272  487
 272  486
 270  484
 270  483
 268  481
 268  480
 267  479
 267  465
 268  464
 268  463
 269  462
 269  461
 271  459
 271  458
 272  457
 272  456
 273  455
 273  454
 275  452
 275  451
 278  448
 278  447
 281  444
 279  442
 279  440
 278  439
 278  418
 279  417
 279  414
 281  412
 281  410
 282  409
 282  407
 283  406
 283  405
 284  404
 284  403
 285  402
 285  401
 286  400
 286  399
 287  398
 287  397
 288  396
 288  386
 289  385
 289  382
 291  380
 291  378
 292  377
 292  371
 291  370
 291  369
 290  368
 290  367
 289  366
 289  360
 288  359
 288  355
 286  353
 286  352
 285  351
 285  350
 284  349
 284  348
 283  347
 282  347
 279  344
 278  344
 277  343
 276  343
 275  342
 274  342
 272  340
 271  340
 269  338
 269  323
 271  321
 289  321
 290  320
 294  320
 295  319
 296  319
 303  312
 304  312
 305  311
 305  310
 306  309
 306  308
 307  307
 307  303
 308  302
 308  301
 312  297
 312  293
 313  292
 313  289
 314  288
 314  286
 315  285
 315  281
 316  280
 316  277
 317  276
 317  273
 318  272
 318  267
 319  266
 319  261
 320  260
 320  259
 321  258
 321  255
 322  254
 322  242
 323  241
 323  237
 324  236
 324  234
 325  233
 325  230
 326  229
 326  227
 327  226
 327  223
 328  222
 328  215
 329  214
 329  210
 330  209
 330  208
 331  207
 331  204
 332  203
 332  199
 333  198
 333  195
 334  194
 334  192
 335  191
 335  189
 336  188
 336  187
 337  186
 337  185
 338  184
 338  182
 339  181
 339  173
 340  172
 340  169
 341  168
 341  165
 342  164
 342  152
 343  151
 343  142
 342  141
 342  139
 341  138
 340  138
 339  137
 338  137
 337  136
 333  136
 332  135
