 334  146
 333  147
 329  147
 328  148
 323  148
 322  149
 320  149
 319  150
 316  150
 315  151
 312  151
 311  152
 310  152
 309  153
 306  153
 305  154
 304  154
 303  155
 301  155
 300  156
 299  156
 298  157
 296  157
 295  158
 294  158
 293  159
 292  159
 291  160
 290  160
 289  161
 288  161
 287  162
 286  162
 285  163
 284  163
 283  164
 282  164
 281  165
 280  165
 279  166
 278  166
 276  168
 275  168
 274  169
 273  169
 272  170
 271  170
 270  171
 269  171
 268  172
 267  172
 265  174
 264  174
 262  176
 261  176
 260  177
 259  177
 257  179
 256  179
 254  181
 253  181
 252  182
 251  182
 249  184
 248  184
 245  187
 244  187
 242  189
 241  189
 239  191
 238  191
 236  193
 235  193
 233  195
 232  195
 229  198
 228  198
 224  202
 223  202
 221  204
 220  204
 216  208
 215  208
 211  212
 210  212
 204  218
 203  218
 195  226
 194  226
 182  238
 181  238
 181  239
 178  242
 177  242
 177  243
 171  249
 171  250
 167  254
 167  255
 164  258
 164  259
 160  263
 160  264
 157  267
 157  268
 155  270
 155  271
 151  275
 151  276
 149  278
 149  279
 147  281
 147  282
 145  284
 145  285
 143  287
 143  289
 142  290
 142  291
 140  293
 140  294
 139  295
 139  296
 137  298
 137  299
 132  304
 131  304
 129  306
 129  345
 131  347
 133  347
 134  348
 134  362
 133  363
 133  364
 132  365
 132  366
 130  368
 130  369
 129  370
 129  371
 128  372
 128  375
 127  376
 127  378
 124  381
 124  384
 125  385
 125  390
 126  391
 126  406
 127  407
 127  413
 128  414
 128  418
 129  419
 129  425
 130  426
 130  434
 131  435
 131  439
 132  440
 132  448
 133  449
 133  464
 134  465
 134  466
 135  467
 135  468
 136  469
 136  470
 137  471
 137  472
 138  473
 138  474
 140  476
 140  477
 142  479
 142  480
 150  488
 151  488
 156  493
 157  493
 160  496
 161  496
 162  497
 169  497
 170  498
 170  509
 171  510
 171  512
 173  514
 173  515
 175  517
 175  518
 177  520
 177  521
 179  523
 179  524
 180  525
 180  526
 183  529
 183  530
 188  535
 189  535
 190  536
 191  536
 192  537
 204  537
 207  540
 208  540
 209  541
 211  541
 212  540
 213  540
 214  539
 216  539
 217  538
 218  538
 219  537
 223  537
 224  536
 226  536
 227  535
 228  535
 232  531
 232  526
 233  525
 233  511
 236  508
 237  508
 238  507
 239  507
 240  506
 242  506
 243  505
 244  505
 246  503
 247  503
 250  500
 250  499
 251  498
 251  493
 250  492
 250  474
 251  473
 251  472
 257  466
 258  466
 262  462
 262  461
 263  460
 263  443
 270  436
 270  433
 271  432
 271  415
 272  414
 272  412
 273  411
 273  406
 272  405
 272  404
 261  393
 260  393
 256  389
 255  389
 252  386
 251  386
 249  384
 248  384
 246  382
 246  368
 247  367
 262  367
 263  366
 271  366
 272  365
 279  365
 281  363
 282  363
 283  362
 283  361
 289  355
 289  354
 293  350
 293  349
 297  345
 297  344
 300  341
 300  340
 303  337
 303  334
 304  333
 304  331
 305  330
 305  327
 306  326
 306  319
 307  318
 307  315
 308  314
 308  313
 309  312
 309  311
 310  310
 310  306
 311  305
 311  300
 312  299
 312  287
 313  286
 313  282
 314  281
 314  280
 315  279
 315  277
 316  276
 316  271
 317  270
 317  259
 318  258
 318  256
 319  255
 319  254
 320  253
 320  251
 321  250
 321  249
 322  248
 322  247
 323  246
 323  244
 324  243
 324  242
 325  241
 325  240
 326  239
 326  236
 327  235
 327  233
 328  232
 328  231
 329  230
 329  229
 330  228
 330  226
 331  225
 331  224
 333  222
 333  220
 334  219
 334  218
 336  216
 336  214
 337  213
 337  211
 339  209
 339  208
 340  207
 340  205
 341  204
 341  203
 342  202
 342  201
 343  200
 343  199
 344  198
 344  197
 346  195
 346  193
 347  192
 347  191
 348  190
 348  189
 349  188
 349  186
 350  185
 350  183
 351  182
 351  181
 352  180
 352  179
 353  178
 353  175
 354  174
 354  172
 355  171
 355  169
 356  168
 356  159
 355  158
 355  156
 354  155
 354  154
 353  153
 353  152
 351  150
 350  150
 349  149
 348  149
 347  148
 345  148
 344  147
 341  147
 340  146
