 319  103
 318  104
 314  104
 313  105
 308  105
 307  106
 304  106
 303  107
 301  107
 300  108
 297  108
 296  109
 294  109
 293  110
 290  110
 289  111
 288  111
 287  112
 284  112
 283  113
 282  113
 281  114
 280  114
 279  115
 278  115
 277  116
 275  116
 274  117
 273  117
 272  118
 271  118
 270  119
 269  119
 268  120
 267  120
 266  121
 265  121
 264  122
 263  122
 262  123
 261  123
 259  125
 258  125
 257  126
 256  126
 254  128
 253  128
 252  129
 251  129
 249  131
 248  131
 246  133
 245  133
 243  135
 242  135
 241  136
 240  136
 237  139
 236  139
 234  141
 233  141
 230  144
 229  144
 227  146
 226  146
 221  151
 220  151
 215  156
 214  156
 209  161
 208  161
 198  171
 197  171
 181  187
 181  188
 174  195
 174  196
 164  206
 164  207
 162  209
 162  210
 160  212
 160  214
 159  215
 159  216
 157  218
 157  220
 155  222
 155  223
 153  225
 153  226
 150  229
 150  230
 149  231
 149  232
 146  235
 146  236
 144  238
 144  239
 143  240
 143  241
 141  243
 141  244
 140  245
 140  246
 138  248
 138  249
 137  250
 137  251
 136  252
 136  253
 134  255
 134  256
 133  257
 133  259
 132  260
 132  262
 131  263
 131  265
 130  266
 130  268
 129  269
 127  269
 126  270
 123  270
 121  272
 121  300
 122  301
 123  301
 124  302
 124  316
 122  318
 122  330
 123  331
 125  331
 126  332
 126  361
 127  362
 127  365
 128  366
 128  367
 129  368
 129  370
 130  371
 130  375
 131  376
 131  377
 132  378
 132  380
 133  381
 133  385
 134  386
 134  389
 135  390
 135  392
 136  393
 136  397
 137  398
 137  401
 138  402
 138  404
 139  405
 139  408
 140  409
 140  414
 141  415
 141  418
 142  419
 142  421
 143  422
 143  429
 144  430
 144  433
 145  434
 145  436
 146  437
 146  443
 147  444
 147  449
 148  450
 148  452
 149  453
 149  459
 150  460
 150  469
 151  470
 151  473
 152  474
 152  475
 153  476
 153  478
 154  479
 154  480
 157  483
 158  483
 163  488
 164  488
 166  490
 167  490
 168  491
 170  491
 173  494
 173  495
 174  496
 174  505
 175  506
 175  510
 176  511
 176  512
 177  513
 177  514
 179  516
 180  516
 182  518
 183  518
 184  519
 185  518
 187  518
 188  517
 189  517
 190  516
 211  516
 212  517
 213  517
 214  518
 236  518
 237  519
 238  519
 239  520
 240  520
 241  521
 243  521
 245  523
 246  523
 250  527
 250  528
 254  532
 254  533
 256  535
 256  536
 257  537
 257  538
 259  540
 259  541
 260  542
 260  544
 261  545
 261  546
 262  547
 262  548
 263  549
 263  550
 264  551
 264  554
 265  555
 265  556
 266  557
 266  559
 267  560
 267  563
 268  564
 268  566
 269  567
 269  568
 270  569
 270  571
 271  572
 271  574
 273  576
 273  578
 278  583
 279  583
 280  584
 281  584
 282  585
 283  585
 284  584
 285  584
 288  581
 288  580
 289  579
 289  577
 290  576
 290  573
 289  572
 289  570
 288  569
 288  568
 287  567
 287  566
 286  565
 286  564
 283  561
 283  560
 279  556
 279  555
 273  549
 273  548
 269  544
 269  543
 266  540
 266  539
 263  536
 263  535
 262  534
 262  533
 260  531
 260  530
 259  529
 259  528
 256  525
 256  523
 253  520
 253  518
 252  517
 252  515
 251  514
 251  513
 250  512
 250  510
 249  509
 249  502
 248  501
 248  485
 249  484
 249  480
 254  475
 255  475
 256  474
 257  474
 258  473
 259  473
 260  472
 261  472
 262  471
 263  471
 266  468
 266  444
 267  443
 267  442
 269  440
 269  438
 270  437
 270  436
 271  435
 271  434
 276  429
 277  429
 279  427
 280  427
 283  424
 283  420
 282  419
 282  418
 281  417
 281  416
 280  415
 280  400
 281  399
 281  398
 282  397
 282  395
 289  388
 289  386
 287  384
 287  383
 286  382
 286  381
 283  378
 283  377
 276  370
 276  369
 275  368
 275  367
 273  365
 273  361
 272  360
 272  357
 271  356
 271  352
 270  351
 270  347
 269  346
 269  345
 260  336
 259  336
 255  332
 254  332
 252  330
 251  330
 249  328
 248  328
 247  327
 247  313
 248  312
 249  312
 249  309
 250  308
 267  308
 268  307
 271  307
 272  306
 274  306
 275  305
 279  305
 280  304
 288  304
 289  303
 293  303
 294  302
 297  302
 300  299
 301  299
 301  298
 306  293
 306  292
 307  291
 307  288
 308  287
 308  286
 310  284
 310  283
 312  281
 312  280
 313  279
 313  277
 314  276
 314  274
 315  273
 315  269
 316  268
 316  264
 317  263
 317  261
 319  259
 319  258
 320  257
 320  255
 321  254
 321  253
 322  252
 322  251
 323  250
 323  244
 324  243
 324  233
 325  232
 325  229
 326  228
 326  226
 327  225
 327  224
 328  223
 328  222
 329  221
 329  218
 330  217
 330  197
 331  196
 331  195
 333  193
 333  190
 334  189
 334  187
 335  186
 335  178
 336  177
 336  175
 337  174
 337  173
 340  170
 340  168
 342  166
 342  164
 343  163
 343  162
 344  161
 344  160
 345  159
 345  157
 346  156
 346  154
 347  153
 347  152
 349  150
 349  148
 350  147
 350  146
 352  144
 352  143
 353  142
 353  141
 355  139
 355  138
 356  137
 356  135
 357  134
 357  132
 358  131
 358  128
 359  127
 359  124
 358  123
 358  122
 357  121
 357  118
 356  117
 356  116
 355  115
 355  114
 350  109
 349  109
 347  107
 346  107
 345  106
 343  106
 342  105
 340  105
 339  104
 337  104
 336  103
