 328  159
 327  160
 322  160
 321  161
 318  161
 317  162
 315  162
 314  163
 312  163
 311  164
 309  164
 308  165
 306  165
 305  166
 304  166
 303  167
 301  167
 300  168
 299  168
 298  169
 297  169
 296  170
 295  170
 294  171
 293  171
 292  172
 291  172
 290  173
 288  173
 287  174
 286  174
 284  176
 283  176
 282  177
 281  177
 280  178
 279  178
 278  179
 277  179
 276  180
 275  180
 274  181
 273  181
 271  183
 270  183
 268  185
 267  185
 266  186
 265  186
 264  187
 263  187
 261  189
 260  189
 258  191
 257  191
 255  193
 254  193
 251  196
 250  196
 248  198
 247  198
 245  200
 244  200
 242  202
 241  202
 238  205
 237  205
 235  207
 234  207
 231  210
 230  210
 228  212
 227  212
 224  215
 223  215
 219  219
 218  219
 214  223
 213  223
 209  227
 208  227
 199  236
 198  236
 188  246
 187  246
 179  254
 179  255
 170  264
 170  265
 168  267
 167  267
 167  268
 151  284
 151  285
 136  300
 136  301
 126  311
 125  311
 124  312
 113  312
 112  313
 112  314
 111  315
 111  361
 113  363
 118  363
 119  364
 119  378
 118  379
 118  380
 117  381
 112  381
 111  382
 111  403
 113  405
 113  407
 114  408
 114  410
 115  411
 115  412
 116  413
 116  415
 117  416
 117  419
 118  420
 118  421
 119  422
 119  424
 120  425
 120  427
 121  428
 121  430
 122  431
 122  432
 123  433
 123  435
 124  436
 124  437
 125  438
 125  439
 126  440
 126  442
 127  443
 127  444
 128  445
 128  446
 129  447
 129  448
 130  449
 130  450
 131  451
 131  452
 132  453
 132  454
 134  456
 134  458
 136  460
 136  461
 137  462
 137  463
 140  466
 140  467
 142  469
 142  470
 144  472
 144  473
 146  475
 146  476
 150  480
 150  481
 163  494
 164  494
 165  495
 166  495
 168  497
 169  497
 170  498
 171  498
 172  499
 173  499
 175  501
 176  501
 180  505
 180  506
 182  508
 182  509
 183  510
 183  511
 184  512
 184  514
 185  515
 185  516
 186  517
 186  518
 187  519
 187  520
 190  523
 190  524
 194  528
 195  528
 196  527
 196  526
 197  525
 197  524
 201  520
 202  520
 203  519
 204  519
 205  518
 214  518
 215  517
 216  517
 217  516
 218  516
 221  513
 221  512
 228  505
 229  505
 231  503
 233  503
 234  502
 237  502
 238  501
 241  501
 243  499
 244  499
 244  498
 246  496
 246  494
 247  493
 247  492
 248  491
 248  490
 249  489
 249  488
 252  485
 252  484
 253  483
 254  483
 258  479
 259  479
 262  476
 263  476
 264  475
 264  474
 265  473
 265  453
 267  451
 267  450
 268  449
 269  449
 269  448
 274  443
 274  424
 275  423
 275  419
 274  418
 274  416
 273  415
 273  412
 272  411
 272  407
 271  406
 271  405
 270  404
 270  402
 269  401
 269  400
 268  399
 268  398
 266  396
 266  395
 263  392
 262  392
 258  388
 257  388
 255  386
 254  386
 253  385
 252  385
 251  384
 250  384
 249  383
 248  383
 247  382
 247  368
 248  367
 281  367
 282  366
 283  366
 284  365
 285  365
 287  363
 291  363
 292  362
 293  362
 296  359
 297  359
 297  358
 306  349
 306  348
 308  346
 308  345
 310  343
 310  342
 312  340
 312  339
 313  338
 313  336
 315  334
 315  333
 316  332
 316  331
 318  329
 318  328
 319  327
 319  326
 322  323
 322  322
 325  319
 325  318
 326  317
 326  315
 327  314
 327  313
 328  312
 328  310
 329  309
 329  307
 330  306
 330  303
 331  302
 331  301
 332  300
 332  299
 333  298
 333  297
 335  295
 335  294
 336  293
 336  292
 338  290
 338  289
 339  288
 339  287
 340  286
 340  284
 341  283
 341  282
 342  281
 342  280
 343  279
 343  277
 345  275
 345  274
 346  273
 346  272
 348  270
 348  269
 349  268
 349  267
 352  264
 352  263
 353  262
 353  261
 355  259
 355  258
 356  257
 356  256
 357  255
 357  253
 358  252
 358  251
 359  250
 359  249
 360  248
 360  245
 361  244
 361  243
 362  242
 362  240
 363  239
 363  237
 364  236
 364  234
 365  233
 365  232
 366  231
 366  229
 367  228
 367  225
 368  224
 368  222
 369  221
 369  216
 370  215
 370  200
 369  199
 369  195
 368  194
 368  191
 367  190
 367  184
 366  183
 366  180
 365  179
 365  178
 364  177
 364  176
 363  175
 363  173
 362  172
 362  171
 361  170
 361  169
 357  165
 356  165
 355  164
 354  164
 353  163
 352  163
 351  162
 350  162
 349  161
 347  161
 346  160
 341  160
 340  159
