 345  137
 344  138
 338  138
 337  139
 330  139
 329  140
 326  140
 325  141
 321  141
 320  142
 318  142
 317  143
 314  143
 313  144
 311  144
 310  145
 308  145
 307  146
 305  146
 304  147
 302  147
 301  148
 299  148
 298  149
 297  149
 296  150
 294  150
 293  151
 291  151
 290  152
 288  152
 287  153
 286  153
 285  154
 284  154
 283  155
 282  155
 281  156
 280  156
 279  157
 278  157
 277  158
 276  158
 275  159
 274  159
 272  161
 271  161
 270  162
 269  162
 268  163
 267  163
 265  165
 264  165
 263  166
 262  166
 260  168
 259  168
 258  169
 257  169
 255  171
 254  171
 252  173
 251  173
 250  174
 249  174
 246  177
 245  177
 243  179
 242  179
 240  181
 239  181
 237  183
 236  183
 233  186
 232  186
 229  189
 228  189
 225  192
 224  192
 222  194
 221  194
 219  196
 218  196
 215  199
 214  199
 212  201
 211  201
 208  204
 207  204
 205  206
 204  206
 200  210
 199  210
 196  213
 195  213
 191  217
 190  217
 187  220
 186  220
 178  228
 177  228
 170  235
 169  235
 161  243
 160  243
 148  255
 147  255
 134  268
 134  269
 129  274
 129  275
 126  278
 126  279
 123  282
 123  283
 120  286
 120  287
 116  291
 116  292
 113  295
 113  296
 110  299
 110  300
 108  302
 107  302
 106  303
 103  303
 102  304
 102  332
 103  333
 106  333
 107  334
 107  348
 106  349
 105  349
 104  350
 104  351
 101  354
 101  355
 100  356
 100  358
  99  359
  99  367
  98  368
  98  379
  99  380
  99  388
 100  389
 100  394
 101  395
 101  399
 102  400
 102  404
 103  405
 103  409
 104  410
 104  413
 105  414
 105  417
 106  418
 106  422
 107  423
 107  426
 108  427
 108  429
 109  430
 109  434
 110  435
 110  439
 111  440
 111  442
 112  443
 112  446
 113  447
 113  449
 114  450
 114  452
 115  453
 115  455
 116  456
 116  459
 117  460
 117  462
 118  463
 118  464
 119  465
 119  469
 120  470
 120  473
 121  474
 121  475
 122  476
 122  478
 123  479
 123  484
 124  485
 124  487
 125  488
 125  489
 126  490
 126  494
 127  495
 127  496
 128  497
 128  499
 129  500
 129  503
 130  504
 130  506
 131  507
 131  509
 132  510
 132  511
 133  512
 133  515
 134  516
 134  517
 135  518
 135  520
 136  521
 136  523
 137  524
 137  526
 138  527
 138  528
 139  529
 139  530
 140  531
 140  532
 143  535
 143  536
 144  536
 147  539
 148  539
 150  541
 152  541
 154  543
 156  543
 157  544
 158  544
 159  545
 160  545
 161  546
 163  546
 164  547
 165  547
 166  548
 169  548
 170  549
 172  549
 173  550
 177  550
 178  551
 193  551
 194  550
 199  550
 200  549
 202  549
 203  548
 204  548
 205  547
 206  547
 223  530
 224  530
 228  526
 228  525
 229  524
 229  523
 230  522
 230  521
 232  519
 232  515
 233  514
 233  508
 234  507
 234  502
 235  501
 235  495
 236  494
 236  491
 237  490
 237  489
 239  487
 239  486
 243  482
 243  481
 244  480
 244  477
 245  476
 245  473
 246  472
 246  461
 247  460
 247  458
 248  457
 248  456
 249  455
 249  452
 250  451
 250  450
 251  449
 251  446
 252  445
 252  443
 251  442
 251  438
 250  437
 250  418
 249  417
 249  412
 248  411
 248  410
 246  408
 246  406
 245  405
 245  404
 242  401
 242  400
 239  397
 239  396
 231  388
 230  388
 221  379
 220  379
 217  376
 217  362
 218  361
 235  361
 236  360
 238  360
 239  359
 241  359
 242  358
 247  358
 248  357
 255  357
 256  356
 258  356
 259  355
 260  355
 261  354
 262  354
 265  351
 266  351
 267  350
 268  350
 269  349
 270  349
 271  348
 273  348
 274  347
 275  347
 276  346
 277  346
 280  343
 280  342
 282  340
 282  339
 288  333
 291  333
 292  332
 292  331
 295  328
 295  327
 297  325
 297  324
 300  321
 300  320
 303  317
 303  316
 306  313
 306  312
 308  310
 308  309
 309  308
 309  306
 312  303
 312  302
 313  301
 313  300
 315  298
 315  297
 316  296
 316  294
 317  293
 317  292
 319  290
 319  288
 320  287
 320  286
 321  285
 321  284
 322  283
 322  282
 323  281
 323  279
 324  278
 324  277
 325  276
 325  274
 326  273
 326  271
 328  269
 328  268
 329  267
 329  266
 330  265
 330  264
 331  263
 331  262
 332  261
 332  260
 333  259
 333  257
 334  256
 334  255
 335  254
 335  253
 336  252
 336  248
 337  247
 337  246
 338  245
 338  244
 339  243
 339  241
 340  240
 340  239
 341  238
 341  237
 343  235
 343  234
 346  231
 346  230
 349  227
 349  226
 353  222
 353  221
 356  218
 356  216
 359  213
 359  212
 360  211
 360  210
 362  208
 362  207
 364  205
 364  204
 366  202
 366  201
 368  199
 368  198
 369  197
 369  196
 370  195
 370  194
 372  192
 372  191
 373  190
 373  188
 375  186
 375  185
 376  184
 376  182
 377  181
 377  180
 378  179
 378  178
 379  177
 379  175
 380  174
 380  172
 381  171
 381  169
 382  168
 382  164
 383  163
 383  153
 382  152
 382  151
 381  150
 381  149
 379  147
 379  146
 378  146
 375  143
 374  143
 373  142
 372  142
 371  141
 370  141
 369  140
 368  140
 367  139
 364  139
 363  138
 358  138
 357  137
