 334  142
 333  143
 329  143
 328  144
 323  144
 322  145
 320  145
 319  146
 316  146
 315  147
 313  147
 312  148
 310  148
 309  149
 307  149
 306  150
 304  150
 303  151
 301  151
 300  152
 299  152
 298  153
 295  153
 294  154
 293  154
 292  155
 291  155
 290  156
 288  156
 287  157
 286  157
 285  158
 283  158
 281  160
 279  160
 277  162
 275  162
 274  163
 273  163
 271  165
 270  165
 269  166
 268  166
 267  167
 266  167
 265  168
 264  168
 262  170
 261  170
 260  171
 259  171
 258  172
 257  172
 255  174
 254  174
 253  175
 252  175
 250  177
 249  177
 248  178
 247  178
 245  180
 244  180
 242  182
 241  182
 239  184
 238  184
 236  186
 235  186
 233  188
 232  188
 229  191
 228  191
 226  193
 225  193
 221  197
 220  197
 217  200
 216  200
 213  203
 212  203
 210  205
 209  205
 205  209
 204  209
 200  213
 199  213
 195  217
 194  217
 190  221
 189  221
 174  236
 173  236
 172  237
 172  238
 171  239
 170  239
 165  244
 165  245
 164  246
 163  246
 163  247
 143  267
 143  268
 139  272
 139  273
 135  277
 135  278
 132  281
 132  282
 128  286
 128  287
 122  293
 122  294
 119  297
 119  298
 117  300
 117  301
 111  307
 107  307
 106  308
 106  322
 107  323
 112  323
 113  324
 113  338
 109  342
 109  343
 108  344
 108  346
 107  347
 107  349
 106  350
 106  357
 105  358
 105  367
 106  368
 106  377
 107  378
 107  380
 108  381
 108  384
 109  385
 109  387
 110  388
 110  390
 111  391
 111  394
 112  395
 112  400
 113  401
 113  405
 114  406
 114  424
 115  425
 115  429
 116  430
 116  434
 117  435
 117  436
 118  437
 118  439
 119  440
 119  443
 120  444
 120  447
 121  448
 121  451
 122  452
 122  454
 123  455
 123  458
 124  459
 124  461
 125  462
 125  465
 126  466
 126  468
 127  469
 127  471
 128  472
 128  475
 129  476
 129  479
 130  480
 130  481
 131  482
 131  484
 132  485
 132  488
 133  489
 133  490
 134  491
 134  493
 135  494
 135  498
 136  499
 136  501
 137  502
 137  503
 138  504
 138  507
 139  508
 139  511
 140  512
 140  513
 141  514
 141  516
 142  517
 142  519
 143  520
 143  521
 144  522
 144  523
 145  524
 145  526
 147  528
 147  529
 154  536
 155  536
 156  537
 157  537
 158  538
 159  538
 160  539
 161  539
 162  540
 163  540
 164  541
 167  541
 169  543
 171  543
 172  544
 174  544
 175  545
 178  545
 179  546
 184  546
 185  545
 187  545
 188  544
 191  544
 192  543
 195  543
 196  542
 200  542
 201  541
 203  541
 204  540
 205  540
 206  539
 207  539
 208  538
 209  538
 216  531
 216  530
 224  522
 225  522
 228  519
 229  519
 235  513
 235  512
 236  511
 236  510
 237  509
 237  508
 238  507
 238  504
 239  503
 239  497
 240  496
 240  492
 241  491
 241  488
 242  487
 242  486
 243  485
 243  484
 245  482
 245  481
 249  477
 249  476
 251  474
 251  473
 252  472
 252  471
 253  470
 253  469
 254  468
 254  466
 255  465
 255  460
 256  459
 256  456
 257  455
 257  454
 258  453
 258  452
 259  451
 259  450
 262  447
 262  446
 263  445
 263  444
 264  443
 263  442
 263  438
 262  437
 262  434
 261  433
 261  430
 260  429
 260  427
 259  426
 259  415
 258  414
 258  410
 257  409
 257  408
 255  406
 255  405
 252  402
 252  401
 242  391
 241  391
 238  388
 237  388
 234  385
 234  371
 235  370
 237  370
 238  369
 241  369
 241  365
 242  364
 243  364
 245  362
 248  362
 249  361
 252  361
 253  360
 258  360
 259  359
 263  359
 269  353
 270  353
 271  352
 272  352
 273  351
 274  351
 283  342
 284  342
 287  339
 287  338
 288  337
 288  335
 289  334
 289  331
 293  327
 294  327
 298  323
 299  323
 301  321
 301  320
 302  319
 302  318
 305  315
 305  313
 307  311
 307  310
 308  309
 308  308
 309  307
 309  306
 311  304
 311  302
 313  300
 313  299
 314  298
 314  297
 315  296
 315  295
 317  293
 317  292
 318  291
 318  290
 319  289
 319  288
 320  287
 320  286
 321  285
 321  283
 322  282
 322  280
 324  278
 324  277
 325  276
 325  275
 327  273
 327  272
 328  271
 328  270
 330  268
 330  267
 331  266
 331  265
 332  264
 332  263
 334  261
 334  260
 335  259
 335  257
 336  256
 336  255
 338  253
 338  251
 339  250
 339  248
 341  246
 341  245
 342  244
 342  243
 345  240
 345  239
 348  236
 348  235
 351  232
 351  231
 352  230
 352  229
 355  226
 355  225
 356  224
 356  223
 357  222
 357  221
 358  220
 358  218
 361  215
 361  214
 362  213
 362  212
 363  211
 363  210
 365  208
 365  206
 366  205
 366  204
 367  203
 367  202
 368  201
 368  199
 369  198
 369  196
 370  195
 370  194
 371  193
 371  191
 372  190
 372  187
 373  186
 373  185
 374  184
 374  183
 375  182
 375  164
 374  163
 374  161
 373  160
 373  159
 372  158
 372  156
 371  155
 371  154
 365  148
 364  148
 362  146
 361  146
 360  145
 359  145
 358  144
 355  144
 354  143
 352  143
 351  142
