 336  185
 335  186
 328  186
 327  187
 324  187
 323  188
 319  188
 318  189
 316  189
 315  190
 312  190
 311  191
 309  191
 308  192
 306  192
 305  193
 303  193
 302  194
 301  194
 300  195
 298  195
 297  196
 296  196
 295  197
 293  197
 292  198
 291  198
 290  199
 288  199
 287  200
 286  200
 285  201
 284  201
 283  202
 282  202
 281  203
 280  203
 279  204
 278  204
 277  205
 276  205
 275  206
 274  206
 273  207
 272  207
 271  208
 269  208
 267  210
 266  210
 265  211
 264  211
 263  212
 262  212
 261  213
 260  213
 259  214
 258  214
 257  215
 256  215
 255  216
 254  216
 252  218
 251  218
 250  219
 249  219
 248  220
 247  220
 246  221
 245  221
 244  222
 243  222
 242  223
 241  223
 240  224
 239  224
 237  226
 236  226
 235  227
 234  227
 233  228
 232  228
 230  230
 229  230
 227  232
 226  232
 225  233
 224  233
 222  235
 221  235
 219  237
 218  237
 215  240
 214  240
 211  243
 210  243
 208  245
 207  245
 205  247
 204  247
 201  250
 200  250
 197  253
 196  253
 194  255
 193  255
 189  259
 188  259
 183  264
 182  264
 177  269
 176  269
 169  276
 168  276
 160  284
 159  284
 142  301
 142  302
 132  312
 132  313
 129  316
 129  317
 128  318
 128  319
 125  322
 125  323
 122  326
 122  327
 117  332
 113  332
 111  334
 111  354
 113  356
 117  356
 118  357
 118  377
 116  379
 113  379
 112  380
 112  392
 113  393
 113  396
 114  397
 114  401
 115  402
 115  408
 116  409
 116  413
 117  414
 117  418
 118  419
 118  426
 119  427
 119  429
 120  430
 120  432
 121  433
 121  435
 122  436
 122  438
 123  439
 123  440
 125  442
 125  444
 126  445
 126  446
 127  447
 127  448
 128  449
 128  450
 129  451
 129  453
 130  454
 130  455
 131  456
 131  457
 133  459
 133  460
 134  461
 134  462
 136  464
 136  465
 139  468
 139  469
 142  472
 143  472
 145  474
 147  474
 158  485
 158  486
 160  488
 160  489
 161  490
 161  491
 162  492
 162  493
 163  494
 163  495
 164  496
 164  497
 166  499
 166  500
 167  500
 168  501
 170  501
 171  500
 172  500
 173  499
 175  499
 176  498
 181  498
 182  497
 184  497
 185  496
 186  496
 189  493
 190  493
 193  490
 194  490
 196  488
 197  488
 198  487
 199  487
 200  486
 201  486
 202  485
 203  485
 204  484
 206  484
 208  482
 209  482
 212  479
 212  478
 217  473
 218  473
 221  470
 222  470
 223  469
 224  469
 225  468
 226  468
 229  465
 229  464
 230  463
 230  462
 231  461
 231  460
 233  458
 233  457
 234  456
 234  455
 237  452
 237  451
 242  446
 242  445
 243  444
 243  443
 244  442
 244  440
 245  439
 245  434
 246  433
 246  432
 247  431
 247  429
 248  428
 248  426
 249  425
 249  424
 250  423
 250  422
 251  421
 251  419
 252  418
 252  406
 251  405
 251  400
 250  399
 250  398
 248  396
 248  395
 244  391
 243  391
 240  388
 239  388
 238  387
 237  387
 236  386
 235  386
 233  384
 232  384
 231  383
 230  383
 229  382
 228  382
 227  381
 227  367
 228  366
 249  366
 250  367
 254  367
 255  366
 264  366
 265  365
 266  365
 270  361
 271  361
 273  359
 274  359
 280  353
 280  352
 283  349
 283  348
 284  347
 284  346
 286  344
 286  342
 287  341
 287  340
 288  339
 288  338
 289  337
 289  336
 290  335
 290  334
 292  332
 292  331
 294  329
 294  328
 296  326
 296  325
 297  324
 297  323
 298  322
 298  320
 299  319
 299  318
 300  317
 300  316
 301  315
 301  313
 302  312
 302  311
 303  310
 303  309
 305  307
 305  306
 306  305
 306  304
 308  302
 308  301
 310  299
 310  298
 311  297
 311  296
 314  293
 314  292
 318  288
 318  287
 321  284
 321  283
 323  281
 324  281
 324  280
 337  267
 338  267
 353  252
 353  251
 357  247
 357  246
 358  245
 358  244
 361  241
 361  239
 362  238
 362  237
 364  235
 364  234
 365  233
 365  231
 366  230
 366  228
 367  227
 367  225
 368  224
 368  219
 369  218
 369  202
 368  201
 368  198
 367  197
 367  196
 365  194
 365  193
 362  190
 361  190
 359  188
 357  188
 356  187
 355  187
 354  186
 350  186
 349  185
