 291  232
 290  233
 288  233
 287  234
 286  234
 285  235
 284  235
 283  236
 281  236
 280  237
 276  237
 275  238
 273  238
 272  239
 271  239
 269  241
 268  241
 265  244
 264  244
 262  246
 261  246
 260  247
 259  247
 258  248
 256  248
 254  250
 253  250
 252  251
 251  251
 250  252
 249  252
 247  254
 246  254
 245  255
 244  255
 243  256
 242  256
 240  258
 238  258
 236  260
 235  260
 233  262
 232  262
 229  265
 228  265
 225  268
 223  268
 221  270
 220  270
 219  271
 218  271
 215  274
 214  274
 210  278
 209  278
 203  284
 202  284
 196  290
 195  290
 183  302
 182  302
 182  303
 171  314
 171  315
 168  318
 168  319
 166  321
 166  322
 163  325
 163  326
 162  327
 162  332
 163  333
 168  333
 171  336
 172  336
 173  337
 173  352
 172  353
 169  353
 168  354
 168  369
 172  373
 172  374
 176  378
 176  379
 179  382
 179  383
 182  386
 182  387
 184  389
 184  390
 186  392
 186  393
 188  395
 188  397
 190  399
 190  400
 192  402
 192  403
 194  405
 194  406
 195  407
 195  408
 196  409
 196  410
 198  412
 198  413
 199  414
 199  415
 201  417
 201  427
 202  428
 202  435
 203  436
 203  437
 204  438
 205  438
 206  439
 214  439
 215  440
 217  440
 218  441
 218  446
 219  447
 219  449
 223  453
 223  452
 225  450
 225  449
 227  447
 227  446
 229  444
 244  444
 249  449
 249  450
 251  450
 251  442
 252  441
 252  434
 253  433
 253  432
 255  430
 269  430
 269  429
 268  428
 268  427
 267  426
 267  411
 269  409
 270  409
 271  408
 272  408
 273  407
 270  404
 270  403
 269  402
 269  388
 271  386
 271  385
 268  382
 266  382
 264  380
 263  380
 261  378
 261  367
 260  366
 260  365
 258  363
 257  363
 256  362
 255  362
 254  361
 250  361
 249  360
 248  360
 247  359
 247  357
 246  356
 246  342
 248  340
 256  340
 257  339
 263  339
 264  338
 269  338
 270  337
 273  337
 275  335
 276  335
 278  333
 281  333
 283  331
 283  330
 286  327
 289  327
 290  326
 294  326
 295  325
 296  325
 299  322
 299  312
 301  310
 304  310
 305  309
 306  309
 307  308
 307  293
 308  292
 309  292
 310  291
 311  291
 312  290
 312  277
 314  275
 315  275
 317  273
 317  252
 316  251
 316  250
 315  249
 314  249
 313  248
 312  248
 309  245
 309  239
 306  236
 304  236
 303  235
 299  235
 296  232
