 334  163
 333  164
 329  164
 328  165
 321  165
 320  166
 317  166
 316  167
 312  167
 311  168
 309  168
 308  169
 305  169
 304  170
 301  170
 300  171
 298  171
 297  172
 294  172
 293  173
 292  173
 291  174
 287  174
 286  175
 285  175
 284  176
 281  176
 280  177
 278  177
 277  178
 276  178
 275  179
 273  179
 272  180
 271  180
 270  181
 269  181
 268  182
 267  182
 266  183
 264  183
 262  185
 260  185
 259  186
 258  186
 257  187
 256  187
 255  188
 254  188
 253  189
 252  189
 251  190
 250  190
 249  191
 248  191
 247  192
 246  192
 245  193
 244  193
 243  194
 242  194
 241  195
 240  195
 238  197
 237  197
 236  198
 235  198
 234  199
 233  199
 232  200
 231  200
 229  202
 228  202
 227  203
 226  203
 224  205
 223  205
 222  206
 221  206
 219  208
 218  208
 215  211
 214  211
 211  214
 210  214
 208  216
 207  216
 205  218
 204  218
 202  220
 201  220
 198  223
 197  223
 195  225
 194  225
 190  229
 189  229
 186  232
 185  232
 180  237
 179  237
 174  242
 173  242
 168  247
 167  247
 144  270
 144  271
 135  280
 135  281
 131  285
 131  286
 128  289
 128  290
 125  293
 125  294
 123  296
 123  297
 120  300
 120  301
 113  308
 109  308
 107  310
 107  317
 109  319
 118  319
 120  321
 120  336
 117  339
 117  340
 116  341
 116  343
 115  344
 115  346
 114  347
 114  348
 113  349
 113  350
 112  351
 112  353
 111  354
 111  356
 110  357
 110  360
 109  361
 109  369
 108  370
 105  370
 104  371
 104  377
 105  378
 105  381
 106  382
 106  387
 107  388
 107  390
 108  391
 108  393
 109  394
 109  398
 110  399
 110  403
 111  404
 111  406
 112  407
 112  410
 113  411
 113  415
 114  416
 114  418
 115  419
 115  420
 116  421
 116  423
 117  424
 117  426
 118  427
 118  428
 119  429
 119  430
 120  431
 120  433
 121  434
 121  435
 122  436
 122  437
 123  438
 123  439
 124  440
 124  441
 125  442
 125  443
 126  444
 126  445
 127  446
 127  447
 128  448
 128  449
 130  451
 130  452
 131  453
 131  454
 133  456
 133  457
 134  458
 134  459
 135  460
 135  461
 136  462
 136  463
 137  464
 137  466
 138  467
 138  468
 139  469
 139  470
 140  471
 140  472
 141  473
 141  474
 142  475
 142  476
 143  477
 143  478
 144  479
 144  480
 145  481
 145  482
 146  483
 146  485
 147  486
 147  496
 148  497
 148  500
 149  501
 149  503
 150  504
 150  507
 151  508
 151  509
 153  511
 153  513
 154  514
 154  515
 156  517
 156  518
 160  522
 161  522
 162  523
 163  523
 164  524
 166  524
 167  525
 168  525
 169  524
 172  524
 173  523
 178  523
 179  522
 182  522
 183  521
 185  521
 186  520
 187  520
 188  519
 190  519
 191  518
 192  518
 193  517
 194  517
 195  516
 197  516
 198  515
 199  515
 200  514
 203  514
 204  513
 205  513
 206  512
 207  512
 208  511
 209  511
 210  510
 211  510
 213  508
 214  508
 219  503
 219  502
 222  499
 222  498
 223  497
 224  497
 225  496
 226  496
 228  494
 229  494
 231  492
 232  492
 234  490
 235  490
 235  489
 237  487
 237  486
 239  484
 239  472
 240  471
 241  471
 243  469
 244  469
 248  465
 249  465
 256  458
 256  457
 258  455
 258  454
 259  453
 259  451
 260  450
 260  448
 261  447
 261  446
 262  445
 262  442
 263  441
 263  439
 267  435
 267  434
 269  432
 269  431
 270  430
 270  428
 271  427
 271  426
 272  425
 272  413
 273  412
 273  409
 272  408
 272  407
 271  406
 271  405
 269  403
 269  402
 267  400
 267  399
 262  394
 262  393
 261  392
 260  392
 254  386
 253  386
 250  383
 249  383
 246  380
 245  380
 243  378
 242  378
 240  376
 239  376
 237  374
 236  374
 235  373
 234  373
 232  371
 232  357
 233  356
 250  356
 251  357
 255  357
 256  358
 272  358
 273  357
 284  357
 285  356
 288  356
 289  355
 290  355
 291  354
 293  354
 295  352
 296  352
 304  344
 305  344
 307  342
 307  341
 308  340
 308  339
 309  338
 309  336
 310  335
 310  334
 317  327
 317  326
 318  325
 318  324
 319  323
 319  320
 320  319
 321  319
 322  318
 322  316
 323  315
 323  313
 324  312
 324  311
 325  310
 325  308
 326  307
 326  305
 327  304
 327  302
 328  301
 328  300
 329  299
 329  297
 330  296
 330  292
 331  291
 331  290
 332  289
 332  287
 333  286
 333  283
 334  282
 334  280
 335  279
 335  278
 336  277
 336  275
 337  274
 337  273
 338  272
 338  271
 339  270
 339  269
 340  268
 340  266
 341  265
 341  264
 342  263
 342  262
 343  261
 343  259
 346  256
 346  254
 350  250
 350  249
 356  243
 356  242
 359  239
 359  238
 360  237
 360  236
 361  235
 361  234
 362  233
 362  232
 363  231
 363  230
 365  228
 365  227
 366  226
 366  225
 367  224
 367  223
 368  222
 368  221
 369  220
 369  219
 370  218
 370  216
 371  215
 371  213
 372  212
 372  211
 373  210
 373  207
 374  206
 374  203
 375  202
 375  200
 376  199
 376  194
 377  193
 377  178
 376  177
 376  175
 373  172
 373  171
 372  170
 371  170
 369  168
 368  168
 367  167
 366  167
 365  166
 363  166
 362  165
 359  165
 358  164
 355  164
 354  163
