 349  124
 348  125
 344  125
 343  126
 337  126
 336  127
 334  127
 333  128
 330  128
 329  129
 327  129
 326  130
 324  130
 323  131
 321  131
 320  132
 318  132
 317  133
 315  133
 314  134
 313  134
 312  135
 310  135
 309  136
 308  136
 307  137
 306  137
 305  138
 304  138
 303  139
 302  139
 301  140
 299  140
 298  141
 297  141
 296  142
 295  142
 294  143
 293  143
 292  144
 291  144
 290  145
 289  145
 288  146
 287  146
 286  147
 285  147
 284  148
 283  148
 281  150
 280  150
 278  152
 277  152
 276  153
 275  153
 273  155
 272  155
 270  157
 269  157
 267  159
 266  159
 263  162
 262  162
 260  164
 259  164
 257  166
 256  166
 254  168
 253  168
 249  172
 248  172
 244  176
 243  176
 239  180
 238  180
 234  184
 233  184
 228  189
 227  189
 224  192
 223  192
 220  195
 219  195
 216  198
 215  198
 211  202
 210  202
 207  205
 206  205
 202  209
 201  209
 192  218
 191  218
 177  232
 177  233
 153  257
 153  258
 144  267
 144  268
 140  272
 140  273
 134  279
 134  280
 131  283
 131  284
 129  286
 129  287
 126  290
 126  291
 123  294
 123  295
 121  297
 121  298
 120  299
 120  300
 119  301
 119  302
 117  304
 116  304
 115  305
 110  305
 108  307
 108  316
 110  318
 112  318
 113  319
 113  333
 112  334
 111  334
 108  337
 108  339
 107  340
 107  341
 106  342
 106  343
 105  344
 105  345
 104  346
 104  348
 103  349
 103  351
 102  352
 102  355
 101  356
 101  364
 100  365
 100  384
 101  385
 101  390
 102  391
 102  396
 103  397
 103  405
 104  406
 104  411
 105  412
 105  414
 106  415
 106  418
 107  419
 107  421
 108  422
 108  424
 109  425
 109  427
 110  428
 110  430
 111  431
 111  432
 112  433
 112  434
 113  435
 113  437
 114  438
 114  439
 115  440
 115  442
 116  443
 116  448
 117  449
 117  452
 118  453
 118  457
 119  458
 119  461
 120  462
 120  465
 121  466
 121  467
 122  468
 122  470
 123  471
 123  473
 124  474
 124  476
 125  477
 125  478
 126  479
 126  482
 127  483
 127  486
 128  487
 128  489
 129  490
 129  493
 130  494
 130  498
 131  499
 131  502
 132  503
 132  505
 133  506
 133  509
 134  510
 134  512
 135  513
 135  514
 136  515
 136  517
 137  518
 137  519
 138  520
 138  521
 139  522
 139  523
 140  524
 140  526
 141  527
 141  528
 142  529
 142  531
 143  532
 143  535
 144  536
 144  537
 145  538
 145  539
 146  540
 146  541
 147  542
 147  543
 150  546
 150  547
 153  550
 154  550
 156  552
 157  552
 158  553
 159  553
 160  554
 162  554
 163  555
 164  555
 165  556
 167  556
 168  557
 170  557
 171  558
 173  558
 174  559
 175  559
 176  560
 177  560
 178  561
 179  561
 180  562
 183  562
 184  563
 188  563
 189  564
 191  564
 192  563
 196  563
 197  562
 203  562
 204  561
 207  561
 208  560
 210  560
 211  559
 212  559
 213  558
 215  558
 218  555
 219  555
 219  554
 226  547
 226  546
 228  544
 229  544
 234  539
 235  539
 239  535
 239  534
 240  533
 240  532
 242  530
 242  528
 243  527
 243  522
 244  521
 244  508
 245  507
 245  504
 246  503
 246  500
 247  499
 247  498
 249  496
 249  495
 250  494
 250  493
 253  490
 253  488
 254  487
 254  485
 255  484
 255  465
 256  464
 256  461
 257  460
 257  458
 258  457
 258  456
 259  455
 259  446
 258  445
 258  440
 257  439
 257  426
 256  425
 256  422
 255  421
 255  420
 253  418
 253  416
 251  414
 251  413
 249  411
 249  410
 243  404
 243  403
 228  388
 227  388
 223  384
 223  370
 224  369
 228  369
 229  368
 239  368
 240  367
 244  367
 244  365
 245  364
 248  364
 251  361
 252  361
 253  360
 254  360
 255  359
 256  359
 257  358
 262  358
 263  357
 267  357
 269  355
 270  355
 276  349
 277  349
 279  347
 280  347
 282  345
 282  344
 284  342
 284  341
 285  340
 286  340
 288  338
 289  338
 290  337
 290  336
 291  335
 291  334
 292  333
 292  332
 293  331
 293  329
 294  328
 294  327
 302  319
 302  318
 303  317
 304  317
 305  316
 305  315
 306  314
 306  313
 309  310
 309  309
 310  308
 310  307
 311  306
 311  305
 312  304
 312  303
 313  302
 313  301
 316  298
 316  297
 317  296
 317  295
 319  293
 319  291
 320  290
 320  288
 321  287
 321  286
 322  285
 322  284
 323  283
 323  281
 324  280
 324  279
 325  278
 325  276
 326  275
 326  273
 327  272
 327  270
 328  269
 328  267
 329  266
 329  264
 330  263
 330  262
 332  260
 332  259
 333  258
 333  256
 335  254
 335  253
 336  252
 336  249
 337  248
 337  247
 339  245
 339  243
 340  242
 340  238
 341  237
 341  235
 342  234
 342  232
 343  231
 343  230
 344  229
 344  228
 346  226
 346  225
 348  223
 348  222
 350  220
 350  219
 353  216
 353  215
 355  213
 355  212
 356  211
 356  210
 359  207
 359  206
 360  205
 360  203
 362  201
 362  200
 363  199
 363  198
 365  196
 365  195
 366  194
 366  193
 367  192
 367  191
 368  190
 368  189
 369  188
 369  187
 370  186
 370  184
 371  183
 371  182
 372  181
 372  180
 373  179
 373  176
 374  175
 374  173
 375  172
 375  171
 376  170
 376  168
 377  167
 377  165
 378  164
 378  162
 379  161
 379  158
 380  157
 380  150
 381  149
 381  142
 380  141
 380  139
 379  138
 379  137
 378  136
 378  135
 372  129
 371  129
 370  128
 369  128
 368  127
 366  127
 365  126
 362  126
 361  125
 358  125
 357  124
