 316  112
 315  113
 310  113
 309  114
 306  114
 305  115
 303  115
 302  116
 300  116
 299  117
 297  117
 296  118
 294  118
 293  119
 292  119
 291  120
 289  120
 288  121
 287  121
 286  122
 284  122
 283  123
 282  123
 281  124
 280  124
 279  125
 278  125
 277  126
 276  126
 275  127
 273  127
 272  128
 271  128
 270  129
 269  129
 268  130
 267  130
 266  131
 265  131
 264  132
 263  132
 262  133
 261  133
 259  135
 258  135
 257  136
 256  136
 254  138
 253  138
 252  139
 251  139
 249  141
 248  141
 246  143
 245  143
 243  145
 242  145
 240  147
 239  147
 237  149
 236  149
 233  152
 232  152
 230  154
 229  154
 227  156
 226  156
 223  159
 222  159
 219  162
 218  162
 213  167
 212  167
 186  193
 186  194
 185  195
 185  196
 184  197
 184  198
 181  201
 181  202
 177  206
 177  207
 174  210
 174  211
 171  214
 171  215
 167  219
 167  220
 164  223
 164  225
 161  228
 161  229
 160  230
 160  231
 158  233
 158  234
 157  235
 157  236
 155  238
 155  239
 154  240
 154  241
 153  242
 153  243
 152  244
 152  245
 151  246
 151  247
 149  249
 149  250
 148  251
 148  252
 147  253
 147  255
 146  256
 146  257
 145  258
 145  259
 144  260
 144  267
 143  268
 143  269
 142  270
 139  270
 138  271
 137  271
 137  296
 138  297
 145  297
 146  298
 146  312
 143  315
 143  316
 142  317
 142  319
 141  320
 141  322
 140  323
 140  326
 141  327
 141  328
 142  329
 142  330
 143  331
 143  333
 144  334
 144  336
 145  337
 145  340
 146  341
 146  343
 147  344
 147  348
 148  349
 148  352
 149  353
 149  356
 150  357
 150  360
 151  361
 151  367
 152  368
 152  372
 153  373
 153  376
 154  377
 154  379
 155  380
 155  382
 156  383
 156  386
 157  387
 157  391
 158  392
 158  395
 159  396
 159  399
 160  400
 160  405
 161  406
 161  411
 162  412
 162  415
 163  416
 163  419
 164  420
 164  425
 165  426
 165  430
 166  431
 166  433
 167  434
 167  437
 168  438
 168  440
 170  442
 170  443
 173  446
 174  446
 175  447
 177  447
 178  448
 179  448
 180  449
 184  449
 185  450
 186  450
 187  451
 187  452
 188  453
 188  454
 190  456
 190  457
 191  458
 191  459
 194  462
 194  473
 195  474
 195  476
 196  477
 196  478
 197  479
 197  480
 200  483
 202  483
 204  481
 205  481
 208  478
 224  478
 226  480
 227  480
 230  477
 231  477
 232  476
 250  476
 251  477
 252  477
 253  478
 254  478
 256  480
 257  480
 261  484
 261  485
 264  488
 264  489
 267  492
 267  493
 268  494
 268  495
 271  498
 271  499
 272  500
 272  501
 275  504
 275  505
 278  508
 278  509
 279  510
 279  511
 282  514
 282  515
 285  518
 285  519
 288  522
 288  523
 291  526
 291  527
 295  531
 295  532
 299  536
 299  537
 307  545
 307  546
 309  548
 308  547
 308  546
 306  544
 306  543
 304  541
 304  540
 302  538
 302  537
 300  535
 300  534
 297  531
 297  530
 296  529
 296  528
 293  525
 293  524
 290  521
 290  520
 288  518
 288  517
 286  515
 286  514
 284  512
 284  511
 281  508
 281  507
 279  505
 279  504
 277  502
 277  501
 273  497
 273  496
 270  493
 270  492
 267  489
 267  488
 263  484
 263  482
 260  479
 260  478
 259  477
 259  476
 257  474
 257  456
 261  452
 262  452
 263  451
 264  451
 265  450
 266  450
 268  448
 267  447
 267  443
 266  442
 266  427
 267  426
 267  425
 271  421
 272  421
 273  420
 275  420
 277  418
 278  418
 279  417
 280  417
 282  415
 282  399
 283  398
 283  397
 285  395
 286  395
 288  393
 289  393
 291  391
 291  390
 287  386
 286  386
 284  384
 284  367
 285  366
 285  365
 286  364
 286  362
 285  361
 284  361
 283  360
 281  360
 280  359
 279  359
 277  357
 276  357
 270  351
 270  350
 266  346
 265  346
 263  344
 262  344
 260  342
 259  342
 257  340
 256  340
 254  338
 253  338
 252  337
 251  337
 248  334
 247  334
 244  331
 243  331
 240  328
 239  328
 235  324
 235  310
 236  309
 261  309
 262  308
 267  308
 268  307
 273  307
 274  306
 276  306
 277  305
 278  305
 279  304
 280  304
 281  303
 282  303
 286  299
 287  299
 288  298
 289  298
 290  297
 291  297
 295  293
 295  292
 296  291
 296  290
 300  286
 300  285
 306  279
 306  278
 310  274
 310  272
 311  271
 311  267
 312  266
 312  261
 313  260
 313  254
 314  253
 314  249
 315  248
 315  245
 316  244
 316  242
 315  241
 315  227
 316  226
 316  221
 317  220
 317  211
 318  210
 318  202
 319  201
 319  199
 320  198
 320  196
 321  195
 321  194
 322  193
 322  192
 323  191
 323  189
 324  188
 324  185
 325  184
 325  183
 326  182
 326  181
 327  180
 327  178
 328  177
 328  176
 329  175
 329  174
 330  173
 330  172
 331  171
 331  170
 333  168
 333  167
 334  166
 334  164
 336  162
 336  161
 337  160
 337  158
 339  156
 339  155
 340  154
 340  151
 341  150
 341  148
 342  147
 342  146
 343  145
 343  141
 344  140
 344  126
 343  125
 343  122
 341  120
 341  119
 340  118
 340  117
 339  116
 338  116
 336  114
 334  114
 333  113
 330  113
 329  112
