 333   83
 332   84
 327   84
 326   85
 320   85
 319   86
 315   86
 314   87
 311   87
 310   88
 306   88
 305   89
 303   89
 302   90
 299   90
 298   91
 296   91
 295   92
 292   92
 291   93
 290   93
 289   94
 287   94
 286   95
 284   95
 283   96
 281   96
 280   97
 278   97
 277   98
 276   98
 275   99
 273   99
 272  100
 271  100
 270  101
 268  101
 267  102
 266  102
 265  103
 264  103
 263  104
 261  104
 260  105
 259  105
 258  106
 257  106
 256  107
 255  107
 254  108
 252  108
 250  110
 248  110
 247  111
 246  111
 245  112
 244  112
 243  113
 242  113
 241  114
 240  114
 239  115
 238  115
 237  116
 236  116
 235  117
 234  117
 233  118
 232  118
 231  119
 229  119
 227  121
 226  121
 225  122
 224  122
 223  123
 222  123
 221  124
 220  124
 219  125
 218  125
 217  126
 216  126
 215  127
 214  127
 213  128
 212  128
 211  129
 210  129
 209  130
 207  130
 206  131
 205  131
 204  132
 203  132
 201  134
 200  134
 199  135
 198  135
 197  136
 196  136
 195  137
 194  137
 193  138
 192  138
 191  139
 190  139
 189  140
 188  140
 187  141
 186  141
 185  142
 184  142
 183  143
 182  143
 180  145
 179  145
 178  146
 177  146
 175  148
 174  148
 172  150
 171  150
 169  152
 168  152
 166  154
 165  154
 162  157
 161  157
 158  160
 157  160
 154  163
 153  163
 151  165
 150  165
 148  167
 147  167
 144  170
 143  170
 140  173
 139  173
 137  175
 136  175
 133  178
 132  178
 128  182
 127  182
 122  187
 121  187
 116  192
 115  192
  98  209
  98  210
  94  214
  94  215
  91  218
  91  219
  87  223
  87  224
  84  227
  84  228
  81  231
  81  232
  79  234
  79  235
  78  236
  78  237
  77  238
  77  239
  75  241
  75  242
  74  243
  74  244
  68  250
  68  270
  69  271
  83  271
  84  272
  90  272
  91  273
 102  273
 103  274
 103  288
 102  289
  83  289
  82  288
  75  288
  74  289
  73  289
  72  290
  72  291
  70  293
  70  294
  69  295
  69  300
  68  301
  68  312
  69  313
  69  323
  70  324
  70  332
  71  333
  71  334
  72  335
  72  336
  74  338
  74  340
  77  343
  77  345
  78  346
  78  347
  79  348
  79  349
  80  350
  80  351
  81  352
  81  354
  82  355
  82  356
  83  357
  83  358
  84  359
  84  362
  85  363
  85  365
  86  366
  86  367
  87  368
  87  372
  88  373
  88  376
  89  377
  89  378
  90  379
  90  384
  91  385
  91  390
  92  391
  92  392
  93  393
  93  399
  94  400
  94  406
  95  407
  95  409
  96  410
  96  413
  97  414
  97  428
  98  429
  98  439
  99  440
  99  444
 100  445
 100  464
 101  465
 101  467
 102  468
 102  469
 104  471
 104  472
 105  473
 105  474
 106  475
 106  477
 107  478
 107  481
 108  482
 108  483
 109  484
 109  485
 111  487
 111  490
 112  491
 112  492
 113  493
 113  494
 114  495
 114  499
 117  502
 118  502
 119  503
 123  503
 124  504
 127  504
 128  505
 131  505
 132  506
 134  506
 138  510
 138  533
 137  534
 137  538
 138  539
 138  543
 139  544
 139  545
 140  546
 140  547
 142  549
 142  550
 144  552
 145  552
 146  553
 147  552
 147  551
 148  550
 148  549
 149  548
 149  546
 150  545
 150  542
 152  540
 152  539
 153  538
 153  537
 160  530
 162  530
 163  529
 165  529
 166  528
 183  528
 185  530
 186  530
 187  531
 187  532
 188  533
 188  534
 190  536
 190  537
 191  538
 191  541
 192  542
 192  543
 193  544
 193  547
 194  548
 194  555
 195  556
 195  558
 196  559
 196  560
 197  561
 197  563
 198  564
 198  566
 201  569
 201  570
 202  571
 202  570
 201  569
 201  568
 200  567
 200  563
 199  562
 199  561
 198  560
 198  559
 197  558
 197  553
 196  552
 196  532
 197  531
 197  529
 198  528
 198  527
 201  524
 203  524
 204  523
 223  523
 224  524
 225  524
 228  527
 228  528
 231  531
 231  532
 232  533
 232  534
 233  535
 233  536
 234  537
 234  540
 235  541
 235  544
 236  545
 236  547
 237  548
 237  551
 238  552
 238  583
 239  584
 239  589
 240  590
 240  593
 241  594
 241  596
 243  598
 243  599
 244  599
 246  601
 247  601
 248  602
 249  602
 250  603
 252  603
 253  604
 255  602
 256  602
 256  601
 257  600
 257  599
 258  598
 258  595
 259  594
 258  593
 258  591
 257  590
 257  588
 256  587
 256  586
 255  585
 255  584
 254  583
 254  580
 253  579
 253  577
 252  576
 252  575
 251  574
 251  572
 250  571
 250  567
 249  566
 249  565
 248  564
 248  562
 247  561
 247  557
 246  556
 246  555
 244  553
 244  551
 243  550
 243  549
 242  548
 242  547
 241  546
 241  545
 240  544
 240  542
 239  541
 239  540
 238  539
 238  538
 237  537
 237  533
 236  532
 236  531
 235  530
 235  529
 234  528
 234  492
 236  490
 236  489
 245  480
 246  480
 247  479
 265  479
 266  480
 264  478
 264  477
 261  474
 261  473
 257  469
 257  467
 256  466
 256  465
 255  464
 255  463
 254  462
 254  445
 259  440
 260  440
 261  439
 262  439
 263  438
 264  438
 265  437
 277  437
 278  436
 280  436
 280  435
 277  432
 277  431
 273  427
 273  426
 270  423
 270  422
 268  420
 268  419
 267  418
 267  415
 266  414
 266  398
 267  397
 267  395
 268  394
 268  393
 269  392
 270  392
 271  391
 272  391
 273  390
 274  390
 276  388
 275  387
 275  386
 274  385
 274  382
 273  381
 273  380
 271  378
 271  377
 270  376
 270  375
 267  372
 267  371
 264  368
 264  350
 265  349
 264  348
 264  346
 263  345
 263  344
 261  342
 261  341
 260  340
 260  339
 254  333
 254  318
 255  317
 290  317
 291  316
 297  316
 299  314
 300  314
 305  309
 306  309
 307  308
 308  308
 310  306
 310  305
 312  303
 313  303
 315  301
 315  298
 316  297
 316  295
 320  291
 321  291
 326  286
 326  283
 327  282
 327  275
 328  274
 328  272
 329  271
 332  271
 333  270
 334  270
 339  265
 339  264
 340  263
 340  261
 341  260
 341  250
 342  249
 342  248
 344  246
 344  245
 347  242
 347  240
 348  239
 348  237
 350  235
 350  233
 352  231
 352  230
 353  229
 353  228
 354  227
 354  225
 355  224
 355  223
 357  221
 357  219
 359  217
 359  216
 361  214
 361  213
 362  212
 362  211
 364  209
 364  208
 367  205
 367  203
 370  200
 370  199
 371  198
 371  197
 372  196
 372  195
 374  193
 374  192
 378  188
 378  187
 380  185
 380  184
 381  183
 381  182
 382  181
 382  180
 384  178
 384  177
 386  175
 386  174
 387  173
 387  172
 392  167
 392  166
 396  162
 396  161
 398  159
 398  158
 400  156
 400  155
 401  154
 401  153
 404  150
 404  149
 407  146
 407  145
 408  144
 408  142
 409  141
 409  140
 410  139
 410  136
 411  135
 411  127
 412  126
 412  119
 413  118
 413  117
 412  116
 412  113
 411  112
 411  109
 406  104
 405  104
 401  100
 400  100
 397   97
 396   97
 394   95
 393   95
 391   93
 390   93
 389   92
 388   92
 387   91
 386   91
 385   90
 383   90
 382   89
 381   89
 380   88
 377   88
 376   87
 374   87
 373   86
 370   86
 369   85
 364   85
 363   84
 357   84
 356   83
