 351   99
 350  100
 340  100
 339  101
 336  101
 335  102
 332  102
 331  103
 329  103
 328  104
 326  104
 325  105
 322  105
 321  106
 319  106
 318  107
 316  107
 315  108
 313  108
 312  109
 310  109
 309  110
 308  110
 307  111
 305  111
 304  112
 303  112
 302  113
 301  113
 300  114
 298  114
 297  115
 296  115
 295  116
 294  116
 293  117
 292  117
 291  118
 290  118
 289  119
 288  119
 287  120
 286  120
 285  121
 284  121
 283  122
 282  122
 281  123
 280  123
 278  125
 277  125
 276  126
 275  126
 274  127
 273  127
 271  129
 270  129
 269  130
 268  130
 267  131
 266  131
 264  133
 263  133
 261  135
 260  135
 259  136
 258  136
 256  138
 255  138
 253  140
 252  140
 249  143
 248  143
 246  145
 245  145
 242  148
 241  148
 238  151
 237  151
 234  154
 233  154
 230  157
 229  157
 224  162
 223  162
 218  167
 217  167
 208  176
 207  176
 173  210
 173  211
 164  220
 164  221
 157  228
 157  229
 153  233
 153  234
 150  237
 150  238
 146  242
 146  243
 144  245
 144  246
 142  248
 142  249
 139  252
 139  253
 137  255
 137  256
 136  257
 136  258
 133  261
 133  262
 131  264
 131  265
 129  267
 129  268
 127  270
 127  271
 126  272
 126  273
 123  276
 123  277
 121  279
 121  280
 119  282
 119  283
 118  284
 118  285
 116  287
 116  289
 115  290
 115  291
 113  293
 113  295
 112  296
 112  297
 111  298
 111  299
 110  300
 110  301
 109  302
 109  304
 107  306
 107  307
 106  308
 106  309
 103  312
 103  314
 102  315
 102  316
 100  318
 100  319
  99  320
  99  322
  97  324
  97  326
  96  327
  96  330
  93  333
  93  334
  92  335
  92  361
  94  363
 103  363
 104  364
 104  378
 100  382
 100  383
  99  384
  99  385
  97  387
  97  388
  96  389
  96  390
  95  391
  95  394
  94  395
  94  398
  93  399
  86  399
  85  400
  85  410
  86  411
  86  412
  87  413
  87  414
  88  415
  88  416
  89  417
  89  420
  90  421
  90  422
  91  423
  91  425
  92  426
  92  430
  93  431
  93  434
  94  435
  94  437
  95  438
  95  442
  96  443
  96  447
  97  448
  97  449
  98  450
  98  453
  99  454
  99  456
 100  457
 100  458
 101  459
 101  461
 102  462
 102  464
 103  465
 103  468
 104  469
 104  470
 105  471
 105  473
 106  474
 106  476
 107  477
 107  478
 108  479
 108  480
 109  481
 109  482
 110  483
 110  484
 112  486
 112  487
 113  488
 113  489
 114  490
 114  491
 116  493
 116  494
 117  495
 117  496
 120  499
 120  500
 121  501
 121  502
 123  504
 123  505
 124  506
 124  507
 125  508
 125  509
 126  510
 126  512
 127  513
 127  514
 128  515
 128  516
 129  517
 129  519
 130  520
 130  521
 132  523
 132  524
 135  527
 135  528
 140  533
 140  534
 143  537
 143  538
 150  545
 151  545
 154  548
 154  549
 158  553
 158  554
 159  555
 159  558
 160  559
 160  561
 162  563
 162  564
 164  566
 166  566
 168  568
 168  569
 169  570
 169  572
 170  573
 170  575
 171  576
 171  577
 173  579
 173  580
 179  586
 180  586
 181  587
 182  587
 183  588
 186  588
 187  587
 187  586
 188  585
 188  580
 189  579
 189  578
 190  577
 191  577
 192  576
 207  576
 209  578
 210  578
 211  579
 214  579
 215  578
 216  578
 219  575
 219  574
 221  572
 221  571
 223  569
 224  569
 225  568
 226  568
 227  567
 228  567
 229  566
 240  566
 241  565
 243  565
 244  564
 245  564
 246  563
 247  563
 249  561
 249  560
 250  559
 250  558
 251  557
 251  556
 252  555
 252  554
 253  553
 253  552
 258  547
 258  546
 260  544
 261  544
 263  542
 264  542
 265  541
 268  541
 269  540
 271  540
 272  539
 273  539
 276  536
 277  536
 277  535
 279  533
 279  529
 280  528
 280  521
 281  520
 281  519
 282  518
 282  517
 284  515
 285  515
 286  514
 287  514
 288  513
 289  513
 290  512
 291  512
 292  511
 294  511
 295  510
 296  510
 297  509
 298  509
 300  507
 301  507
 305  503
 305  501
 306  500
 306  486
 307  485
 307  483
 310  480
 311  480
 312  479
 313  479
 314  478
 315  478
 316  477
 317  477
 322  472
 322  470
 321  469
 321  468
 320  467
 320  466
 319  465
 319  464
 318  463
 318  462
 312  456
 312  442
 305  435
 305  434
 295  424
 294  424
 292  422
 291  422
 290  421
 289  421
 287  419
 286  419
 285  418
 284  418
 283  417
 282  417
 280  415
 279  415
 278  414
 277  414
 276  413
 275  413
 273  411
 272  411
 271  410
 270  410
 269  409
 268  409
 267  408
 266  408
 265  407
 264  407
 263  406
 262  406
 261  405
 259  405
 258  404
 257  404
 256  403
 255  403
 254  402
 253  402
 252  401
 251  401
 249  399
 248  399
 247  398
 247  384
 248  383
 264  383
 265  384
 270  384
 271  385
 277  385
 278  386
 283  386
 284  385
 286  385
 287  384
 290  384
 291  383
 297  383
 298  382
 310  382
 311  381
 315  381
 316  380
 317  380
 321  376
 321  375
 325  371
 326  371
 327  370
 328  370
 331  367
 331  366
 332  365
 332  364
 333  363
 336  363
 338  361
 338  360
 340  358
 340  357
 342  355
 342  354
 343  353
 343  352
 345  350
 345  349
 346  348
 346  346
 347  345
 347  344
 348  343
 348  341
 349  340
 349  338
 350  337
 350  336
 351  335
 351  334
 352  333
 352  331
 353  330
 353  329
 354  328
 354  327
 355  326
 355  325
 356  324
 356  322
 358  320
 358  318
 359  317
 359  313
 360  312
 360  308
 361  307
 361  304
 362  303
 362  297
 363  296
 363  292
 364  291
 364  289
 365  288
 365  284
 366  283
 366  271
 367  270
 367  258
 368  257
 368  254
 369  253
 369  251
 370  250
 370  248
 371  247
 371  246
 372  245
 372  243
 373  242
 373  239
 374  238
 374  237
 375  236
 375  233
 376  232
 376  228
 377  227
 377  225
 378  224
 378  222
 379  221
 379  217
 380  216
 380  213
 381  212
 381  211
 382  210
 382  209
 383  208
 383  207
 384  206
 384  205
 385  204
 385  203
 386  202
 386  199
 387  198
 387  197
 388  196
 388  194
 389  193
 389  189
 390  188
 390  184
 391  183
 391  181
 392  180
 392  174
 393  173
 393  168
 394  167
 394  164
 395  163
 395  160
 396  159
 396  145
 395  144
 395  139
 394  138
 394  135
 393  134
 393  130
 392  129
 392  125
 391  124
 391  122
 390  121
 390  119
 389  118
 389  116
 388  115
 388  114
 386  112
 386  111
 385  110
 385  109
 380  104
 379  104
 378  103
 377  103
 376  102
 373  102
 372  101
 370  101
 369  100
 360  100
 359   99
