 326   94
 325   95
 320   95
 319   96
 316   96
 315   97
 313   97
 312   98
 310   98
 309   99
 307   99
 306  100
 304  100
 303  101
 302  101
 301  102
 299  102
 298  103
 297  103
 296  104
 294  104
 293  105
 292  105
 291  106
 290  106
 289  107
 287  107
 285  109
 284  109
 283  110
 282  110
 280  112
 279  112
 278  113
 277  113
 274  116
 273  116
 271  118
 270  118
 268  120
 267  120
 265  122
 264  122
 262  124
 261  124
 258  127
 257  127
 255  129
 254  129
 251  132
 250  132
 247  135
 246  135
 244  137
 243  137
 239  141
 238  141
 234  145
 233  145
 227  151
 226  151
 221  156
 220  156
 217  159
 216  159
 209  166
 208  166
 199  175
 198  175
 168  205
 168  206
 167  207
 166  207
 166  208
 148  226
 148  227
 141  234
 141  235
 140  236
 139  236
 139  237
 137  239
 137  240
 132  245
 132  246
 131  247
 131  248
 129  250
 129  251
 128  252
 128  253
 127  254
 127  256
 125  258
 125  260
 123  262
 123  263
 122  264
 122  265
 120  267
 120  268
 118  270
 118  271
 117  272
 117  273
 116  274
 116  282
 118  284
 123  284
 124  285
 124  299
 123  300
 123  301
 121  303
 121  305
 120  306
 120  312
 119  313
 119  319
 118  320
 114  320
 112  322
 112  327
 113  328
 113  329
 114  330
 114  333
 115  334
 115  335
 116  336
 116  337
 118  339
 118  340
 122  344
 122  345
 124  347
 124  348
 125  349
 125  352
 126  353
 126  355
 127  356
 127  357
 128  358
 128  361
 129  362
 129  363
 130  364
 130  365
 131  366
 131  370
 132  371
 132  374
 133  375
 133  376
 134  377
 134  379
 135  380
 135  382
 136  383
 136  385
 137  386
 137  387
 138  388
 138  391
 139  392
 139  393
 140  394
 140  395
 141  396
 141  399
 142  400
 142  402
 143  403
 143  404
 144  405
 144  407
 145  408
 145  410
 146  411
 146  412
 147  413
 147  415
 148  416
 148  419
 149  420
 149  421
 150  422
 150  424
 151  425
 151  427
 152  428
 152  431
 153  432
 153  433
 154  434
 154  437
 155  438
 155  442
 156  443
 156  444
 157  445
 157  446
 158  447
 158  453
 159  454
 159  456
 160  457
 160  458
 161  459
 161  463
 162  464
 162  466
 163  467
 163  468
 164  469
 164  472
 165  473
 165  477
 166  478
 166  480
 167  481
 167  482
 168  483
 168  487
 169  488
 169  490
 170  491
 170  492
 171  493
 171  495
 172  496
 172  497
 176  501
 177  501
 178  502
 184  502
 185  503
 187  503
 188  504
 190  504
 191  505
 193  505
 194  506
 195  506
 199  510
 199  512
 200  513
 200  527
 199  528
 199  530
 198  531
 198  532
 197  533
 197  534
 198  535
 198  537
 199  538
 199  539
 202  542
 203  542
 205  544
 207  544
 208  545
 211  542
 211  539
 212  538
 212  537
 215  534
 216  534
 217  533
 232  533
 233  534
 234  534
 236  536
 236  537
 238  539
 238  542
 239  543
 239  544
 241  546
 241  529
 243  527
 244  527
 245  526
 260  526
 261  527
 261  531
 262  532
 262  535
 264  537
 273  537
 274  538
 275  538
 276  539
 277  539
 279  541
 280  541
 281  542
 282  542
 285  545
 286  545
 293  552
 293  553
 294  553
 295  554
 295  555
 297  557
 297  558
 299  560
 299  561
 301  563
 301  564
 302  565
 302  567
 304  569
 304  570
 305  571
 305  573
 306  574
 306  576
 307  577
 307  578
 308  579
 308  581
 309  582
 309  583
 312  586
 312  587
 316  591
 317  591
 317  590
 316  589
 316  588
 315  587
 315  583
 314  582
 314  580
 311  577
 311  575
 309  573
 309  572
 307  570
 307  569
 304  566
 304  565
 301  562
 301  561
 297  557
 297  556
 294  553
 294  552
 288  546
 288  545
 284  541
 284  539
 281  536
 281  534
 280  533
 280  532
 278  530
 278  528
 277  527
 277  526
 276  525
 276  524
 275  523
 275  521
 274  520
 274  518
 273  517
 273  515
 271  513
 271  512
 270  511
 270  510
 268  508
 268  507
 267  506
 267  505
 266  504
 266  503
 265  502
 265  486
 266  485
 266  484
 267  483
 267  482
 268  481
 268  480
 269  479
 270  479
 270  478
 273  475
 274  475
 275  474
 276  474
 277  473
 285  473
 286  472
 287  472
 288  471
 287  470
 287  469
 285  467
 285  466
 284  465
 284  464
 278  458
 278  457
 277  456
 277  433
 278  432
 278  427
 279  426
 279  425
 284  420
 285  420
 288  417
 288  416
 287  415
 287  414
 284  411
 284  410
 283  409
 283  393
 284  392
 284  389
 285  388
 285  387
 291  381
 291  377
 288  374
 288  373
 286  371
 285  371
 281  367
 281  353
 280  352
 280  350
 279  349
 279  348
 278  347
 278  345
 275  342
 275  341
 266  332
 265  332
 263  330
 263  316
 264  315
 275  315
 275  313
 276  312
 280  312
 281  311
 282  311
 283  310
 284  310
 286  308
 288  308
 289  307
 291  307
 292  306
 295  306
 299  302
 300  302
 301  301
 301  300
 302  299
 303  299
 304  298
 304  297
 306  295
 306  293
 311  288
 311  287
 316  282
 316  281
 317  280
 317  279
 318  278
 318  277
 319  276
 319  274
 320  273
 320  270
 321  269
 321  265
 322  264
 322  263
 323  262
 323  261
 324  260
 324  259
 325  258
 325  256
 326  255
 326  254
 327  253
 327  251
 328  250
 328  242
 329  241
 329  238
 330  237
 330  235
 331  234
 331  231
 332  230
 332  228
 333  227
 333  225
 334  224
 334  221
 335  220
 335  212
 336  211
 336  206
 337  205
 337  202
 338  201
 338  198
 339  197
 339  195
 340  194
 340  193
 341  192
 341  187
 342  186
 342  177
 343  176
 343  174
 344  173
 344  170
 345  169
 345  165
 346  164
 346  162
 347  161
 347  159
 348  158
 348  155
 349  154
 349  153
 350  152
 350  151
 351  150
 351  149
 353  147
 353  146
 354  145
 354  144
 355  143
 355  142
 357  140
 357  138
 358  137
 358  134
 359  133
 359  131
 360  130
 360  129
 361  128
 361  126
 362  125
 362  124
 363  123
 363  122
 364  121
 364  119
 365  118
 365  115
 366  114
 366  113
 367  112
 367  110
 368  109
 368  104
 365  101
 364  101
 363  100
 362  100
 361   99
 360   99
 359   98
 357   98
 356   97
 354   97
 353   96
 350   96
 349   95
 343   95
 342   94
