 301   53
 300   54
 290   54
 289   55
 285   55
 284   56
 279   56
 278   57
 275   57
 274   58
 268   58
 267   59
 265   59
 264   60
 260   60
 259   61
 257   61
 256   62
 253   62
 252   63
 250   63
 249   64
 247   64
 246   65
 244   65
 243   66
 241   66
 240   67
 237   67
 236   68
 235   68
 234   69
 231   69
 230   70
 229   70
 228   71
 226   71
 225   72
 223   72
 222   73
 221   73
 220   74
 218   74
 217   75
 215   75
 214   76
 212   76
 211   77
 210   77
 209   78
 207   78
 206   79
 205   79
 204   80
 202   80
 200   82
 198   82
 197   83
 196   83
 195   84
 194   84
 193   85
 191   85
 190   86
 189   86
 188   87
 187   87
 186   88
 185   88
 184   89
 183   89
 182   90
 181   90
 180   91
 179   91
 178   92
 177   92
 176   93
 175   93
 174   94
 173   94
 172   95
 171   95
 170   96
 169   96
 167   98
 165   98
 163  100
 162  100
 161  101
 160  101
 159  102
 158  102
 157  103
 156  103
 154  105
 153  105
 152  106
 151  106
 149  108
 148  108
 147  109
 146  109
 144  111
 143  111
 142  112
 141  112
 139  114
 138  114
 136  116
 135  116
 133  118
 132  118
 130  120
 129  120
 127  122
 126  122
 124  124
 123  124
 120  127
 119  127
 117  129
 116  129
 113  132
 112  132
 109  135
 108  135
 105  138
 104  138
 100  142
  99  142
  96  145
  95  145
  92  148
  91  148
  87  152
  86  152
  80  158
  79  158
  64  173
  63  173
  54  182
  54  183
  53  184
  53  190
  54  191
  54  192
  55  193
  55  194
  56  195
  56  210
  55  211
  55  212
  54  213
  54  214
  53  215
  53  216
  52  217
  52  219
  51  220
  51  224
  50  225
  50  227
  49  228
  49  230
  48  231
  48  233
  47  234
  47  246
  46  247
  46  261
  47  262
  47  267
  48  268
  48  272
  49  273
  49  279
  50  280
  50  289
  51  290
  51  299
  52  300
  52  318
  53  319
  53  322
  54  323
  54  326
  55  327
  55  332
  56  333
  56  340
  57  341
  57  345
  58  346
  58  355
  59  356
  59  360
  60  361
  60  364
  61  365
  61  367
  62  368
  62  376
  63  377
  63  391
  62  392
  62  395
  61  396
  61  407
  60  408
  60  412
  61  413
  61  426
  62  427
  62  431
  63  432
  63  436
  64  437
  64  455
  65  456
  65  464
  66  465
  66  469
  67  470
  67  479
  68  480
  68  486
  69  487
  69  489
  70  490
  70  492
  71  493
  71  495
  72  496
  73  495
  89  495
  91  497
  91  518
  90  519
  90  520
  89  521
  89  522
  88  523
  88  526
  87  527
  87  529
  86  530
  86  533
  87  534
  87  535
  88  536
  88  537
  89  538
  89  539
  90  539
  94  543
  95  543
  96  544
  97  544
  98  543
 100  543
 102  541
 103  541
 103  540
 106  537
 106  536
 107  535
 107  534
 110  531
 111  531
 112  530
 113  530
 114  529
 132  529
 133  530
 134  530
 137  533
 138  533
 139  534
 141  534
 142  533
 143  533
 143  532
 145  530
 145  529
 147  527
 148  527
 149  526
 171  526
 172  527
 174  527
 175  528
 176  528
 177  529
 178  529
 180  531
 181  531
 185  535
 185  536
 186  537
 186  538
 187  539
 187  540
 188  541
 188  543
 189  544
 189  546
 190  547
 190  549
 191  550
 191  554
 192  555
 192  564
 193  565
 193  569
 194  570
 194  598
 193  599
 193  610
 194  611
 194  615
 195  616
 195  621
 197  623
 197  624
 204  631
 205  631
 207  633
 208  633
 209  634
 212  634
 213  633
 215  633
 218  630
 219  630
 220  629
 220  628
 221  627
 221  626
 222  625
 222  624
 223  623
 223  622
 224  621
 224  614
 223  613
 223  612
 221  610
 221  608
 220  607
 220  606
 218  604
 218  603
 217  602
 217  601
 215  599
 215  598
 214  597
 214  596
 213  595
 213  594
 211  592
 211  590
 210  589
 210  588
 209  587
 209  586
 208  585
 208  583
 207  582
 207  579
 206  578
 206  577
 205  576
 205  575
 204  574
 204  568
 203  567
 203  565
 202  564
 202  563
 201  562
 201  558
 200  557
 200  553
 199  552
 199  549
 198  548
 198  540
 197  539
 197  526
 196  525
 196  505
 197  504
 197  500
 198  499
 198  498
 199  497
 200  497
 200  496
 211  485
 211  484
 215  480
 230  480
 231  479
 232  479
 235  476
 235  475
 237  473
 237  468
 238  467
 238  465
 237  464
 237  441
 238  440
 238  438
 241  435
 241  434
 242  433
 242  432
 244  430
 244  427
 246  425
 246  424
 250  420
 251  420
 252  419
 263  419
 264  418
 269  418
 271  416
 272  416
 274  414
 274  413
 275  412
 275  408
 274  407
 274  403
 273  402
 273  401
 271  399
 271  397
 268  394
 268  377
 271  374
 271  372
 272  371
 272  368
 273  367
 273  364
 274  363
 274  362
 278  358
 279  358
 284  353
 284  350
 283  349
 283  348
 282  347
 282  346
 281  345
 281  342
 280  341
 280  340
 278  338
 278  336
 277  335
 277  334
 274  331
 274  330
 271  327
 271  310
 273  308
 281  308
 282  307
 284  307
 285  306
 286  306
 286  299
 287  298
 289  298
 290  297
 292  297
 293  296
 294  296
 295  295
 297  295
 298  294
 299  294
 300  293
 301  293
 302  292
 303  292
 307  288
 307  287
 308  286
 308  285
 310  283
 310  282
 314  278
 315  278
 316  277
 317  277
 318  276
 319  276
 322  273
 322  272
 323  271
 323  268
 324  267
 324  262
 329  257
 330  257
 331  256
 332  256
 335  253
 335  251
 336  250
 336  248
 337  247
 337  245
 338  244
 338  241
 339  240
 339  239
 340  238
 340  237
 341  236
 341  235
 342  234
 343  234
 345  232
 346  232
 351  227
 351  225
 352  224
 352  215
 353  214
 353  212
 360  205
 361  205
 362  204
 362  203
 364  201
 364  200
 365  199
 365  198
 366  197
 366  193
 367  192
 367  189
 368  188
 369  188
 370  187
 375  187
 377  185
 377  183
 378  182
 378  180
 380  178
 380  177
 386  171
 387  171
 387  170
 390  167
 390  166
 391  165
 391  164
 392  163
 392  162
 393  161
 393  160
 394  159
 394  158
 395  157
 395  155
 397  153
 397  152
 408  141
 408  140
 411  137
 411  136
 412  135
 412  134
 414  132
 414  131
 415  130
 415  129
 424  120
 424  119
 425  118
 425  117
 426  116
 426  115
 427  114
 427  113
 430  110
 430  109
 431  108
 431  107
 432  106
 432  104
 433  103
 433  102
 434  101
 434   97
 433   96
 433   95
 432   94
 432   92
 431   91
 431   90
 428   87
 428   86
 424   82
 423   82
 419   78
 418   78
 416   76
 415   76
 414   75
 413   75
 411   73
 410   73
 409   72
 408   72
 407   71
 406   71
 405   70
 404   70
 403   69
 402   69
 401   68
 400   68
 399   67
 398   67
 397   66
 396   66
 395   65
 393   65
 392   64
 390   64
 389   63
 387   63
 386   62
 384   62
 383   61
 381   61
 380   60
 378   60
 377   59
 375   59
 374   58
 371   58
 370   57
 366   57
 365   56
 359   56
 358   55
 353   55
 352   54
 346   54
 345   53
