 342   46
 341   47
 336   47
 335   48
 330   48
 329   49
 326   49
 325   50
 321   50
 320   51
 317   51
 316   52
 314   52
 313   53
 310   53
 309   54
 307   54
 306   55
 302   55
 301   56
 300   56
 299   57
 296   57
 295   58
 293   58
 292   59
 290   59
 289   60
 286   60
 285   61
 284   61
 283   62
 280   62
 279   63
 278   63
 277   64
 275   64
 274   65
 272   65
 271   66
 269   66
 268   67
 267   67
 266   68
 264   68
 263   69
 262   69
 261   70
 260   70
 259   71
 257   71
 256   72
 255   72
 254   73
 252   73
 251   74
 250   74
 249   75
 247   75
 246   76
 245   76
 244   77
 243   77
 242   78
 241   78
 240   79
 238   79
 237   80
 236   80
 235   81
 234   81
 233   82
 232   82
 231   83
 230   83
 229   84
 228   84
 227   85
 225   85
 224   86
 223   86
 222   87
 221   87
 220   88
 219   88
 218   89
 217   89
 216   90
 215   90
 214   91
 213   91
 212   92
 211   92
 210   93
 209   93
 208   94
 207   94
 206   95
 205   95
 203   97
 202   97
 201   98
 200   98
 199   99
 198   99
 196  101
 195  101
 194  102
 193  102
 192  103
 191  103
 189  105
 188  105
 187  106
 186  106
 184  108
 183  108
 182  109
 181  109
 179  111
 178  111
 176  113
 175  113
 173  115
 172  115
 170  117
 169  117
 168  118
 167  118
 164  121
 163  121
 161  123
 160  123
 157  126
 156  126
 153  129
 152  129
 150  131
 149  131
 147  133
 146  133
 143  136
 142  136
 140  138
 139  138
 135  142
 134  142
 129  147
 128  147
 118  157
 117  157
 111  163
 110  163
 105  168
 104  168
  98  174
  97  174
  89  182
  88  182
  87  183
  87  184
  85  186
  84  186
  84  187
  82  189
  81  189
  81  190
  64  207
  64  208
  58  214
  58  215
  56  217
  56  218
  54  220
  54  221
  51  224
  51  225
  50  226
  50  227
  47  230
  47  231
  40  238
  40  266
  41  267
  73  267
  74  268
  76  268
  77  269
  81  269
  82  270
  86  270
  87  271
  87  285
  86  286
  50  286
  49  285
  46  285
  45  286
  44  286
  42  288
  42  289
  40  291
  40  292
  39  293
  39  295
  38  296
  38  306
  39  307
  39  314
  40  315
  40  318
  41  319
  41  323
  42  324
  42  327
  43  328
  43  330
  44  331
  44  349
  45  350
  45  355
  61  355
  62  356
  62  357
  63  358
  63  361
  64  362
  64  365
  65  366
  65  368
  66  369
  66  391
  64  393
  64  395
  63  396
  63  398
  62  399
  62  403
  63  404
  63  420
  64  421
  64  452
  63  453
  63  468
  64  469
  64  473
  65  474
  65  477
  66  478
  66  481
  67  482
  67  485
  69  487
  69  488
  70  489
  70  490
  71  491
  72  491
  73  492
  74  492
  75  493
  76  493
  77  494
  78  494
  81  497
  81  498
  82  498
  83  499
  83  500
  84  501
  84  502
  85  503
  85  504
  86  505
  86  506
  87  507
  87  508
  88  509
  88  510
  89  511
  89  513
  90  514
  90  517
  91  518
  91  521
  92  522
  92  525
  93  526
  93  547
  94  548
  94  549
  95  550
  95  551
  98  554
  98  555
 100  557
 100  558
 103  561
 104  561
 106  563
 109  560
 109  559
 111  557
 112  557
 113  556
 115  556
 116  555
 140  555
 141  556
 143  556
 146  559
 146  560
 147  561
 147  567
 148  568
 148  570
 150  572
 150  573
 153  576
 155  576
 156  575
 156  574
 158  572
 158  571
 159  570
 159  569
 160  568
 160  566
 161  565
 161  563
 163  561
 163  560
 164  559
 165  559
 166  558
 186  558
 187  559
 188  559
 191  562
 192  562
 204  574
 204  575
 208  579
 208  580
 211  583
 211  584
 212  585
 212  586
 214  588
 214  589
 215  590
 215  591
 217  593
 217  594
 218  595
 218  597
 220  599
 220  601
 221  602
 221  604
 222  605
 222  606
 223  607
 223  608
 224  609
 224  611
 225  612
 225  614
 227  616
 227  618
 228  619
 228  621
 229  622
 229  623
 230  624
 230  626
 231  627
 231  628
 232  629
 232  630
 233  631
 233  632
 234  633
 234  634
 237  637
 237  638
 238  638
 240  640
 241  640
 242  641
 245  641
 247  639
 247  638
 249  636
 249  634
 250  633
 250  632
 249  631
 249  627
 248  626
 248  623
 247  622
 247  617
 246  616
 246  614
 245  613
 245  612
 244  611
 244  609
 243  608
 243  607
 241  605
 241  604
 240  603
 240  602
 239  601
 239  600
 237  598
 237  597
 236  596
 236  595
 233  592
 233  591
 231  589
 231  588
 230  587
 230  586
 227  583
 227  582
 226  581
 226  580
 223  577
 223  576
 222  575
 222  574
 220  572
 220  571
 217  568
 217  567
 215  565
 215  564
 213  562
 213  560
 212  559
 212  558
 211  557
 211  556
 210  555
 210  552
 209  551
 209  549
 208  548
 208  546
 207  545
 207  538
 206  537
 206  522
 207  521
 207  517
 209  515
 209  514
 212  511
 213  511
 214  510
 216  510
 217  509
 220  509
 221  508
 224  508
 226  506
 227  506
 231  502
 231  501
 233  499
 233  495
 234  494
 234  492
 233  491
 233  482
 232  481
 232  479
 231  478
 231  462
 232  461
 232  460
 233  459
 233  458
 234  457
 234  456
 235  455
 236  455
 237  454
 238  454
 239  453
 244  453
 245  452
 246  452
 250  448
 250  446
 251  445
 251  444
 252  443
 252  440
 251  439
 251  438
 249  436
 249  435
 248  434
 248  418
 249  417
 249  415
 250  414
 250  412
 259  403
 259  402
 260  401
 260  400
 259  399
 259  395
 258  394
 258  393
 257  392
 257  388
 256  387
 256  386
 254  384
 254  383
 247  376
 247  374
 246  373
 246  370
 245  369
 245  367
 244  366
 244  363
 243  362
 243  358
 242  357
 242  353
 241  352
 241  347
 240  346
 240  344
 239  343
 239  342
 237  340
 237  339
 236  338
 236  337
 230  331
 230  330
 222  322
 221  322
 220  321
 219  321
 218  320
 217  320
 216  319
 216  304
 217  303
 234  303
 235  304
 241  304
 242  305
 252  305
 253  304
 258  304
 259  303
 264  303
 265  302
 271  302
 272  301
 273  301
 274  300
 275  300
 276  299
 277  299
 278  298
 280  298
 281  297
 283  297
 288  292
 289  292
 290  291
 291  291
 292  290
 293  290
 294  289
 295  289
 298  286
 298  285
 299  284
 299  281
 300  280
 300  273
 305  268
 306  268
 307  267
 308  267
 309  266
 310  266
 312  264
 313  264
 317  260
 317  259
 319  257
 319  256
 320  255
 320  253
 321  252
 321  234
 324  231
 325  231
 326  230
 327  230
 334  223
 334  222
 337  219
 337  217
 338  216
 338  215
 339  214
 339  212
 340  211
 340  206
 341  205
 341  204
 342  203
 342  202
 344  200
 345  200
 347  198
 348  198
 354  192
 354  191
 357  188
 357  187
 359  185
 359  184
 360  183
 360  182
 361  181
 361  180
 362  179
 362  178
 363  177
 363  175
 364  174
 364  172
 365  171
 365  170
 370  165
 371  165
 373  163
 374  163
 379  158
 379  157
 383  153
 383  152
 387  148
 387  147
 388  146
 388  145
 390  143
 390  142
 395  137
 396  137
 397  136
 398  136
 399  135
 400  135
 401  134
 402  134
 404  132
 405  132
 407  130
 408  130
 411  127
 412  127
 418  121
 419  121
 426  114
 427  114
 432  109
 433  109
 434  108
 434  107
 437  104
 437  103
 440  100
 440   98
 441   97
 441   95
 442   94
 442   93
 443   92
 443   89
 444   88
 444   84
 443   83
 443   82
 442   81
 442   80
 441   79
 441   78
 440   77
 440   76
 436   72
 435   72
 430   67
 429   67
 426   64
 425   64
 424   63
 423   63
 422   62
 421   62
 419   60
 418   60
 417   59
 416   59
 415   58
 414   58
 413   57
 412   57
 411   56
 410   56
 409   55
 407   55
 406   54
 405   54
 404   53
 402   53
 401   52
 399   52
 398   51
 396   51
 395   50
 392   50
 391   49
 389   49
 388   48
 383   48
 382   47
 378   47
 377   46
