 329  194
 328  195
 324  195
 323  196
 318  196
 317  197
 314  197
 313  198
 309  198
 308  199
 306  199
 305  200
 303  200
 302  201
 299  201
 298  202
 297  202
 296  203
 293  203
 292  204
 291  204
 290  205
 287  205
 286  206
 285  206
 284  207
 282  207
 281  208
 280  208
 279  209
 278  209
 277  210
 275  210
 274  211
 273  211
 272  212
 270  212
 269  213
 268  213
 267  214
 266  214
 265  215
 264  215
 263  216
 261  216
 260  217
 259  217
 258  218
 257  218
 256  219
 255  219
 254  220
 253  220
 252  221
 250  221
 249  222
 248  222
 247  223
 246  223
 245  224
 244  224
 243  225
 242  225
 241  226
 240  226
 239  227
 238  227
 237  228
 236  228
 235  229
 234  229
 233  230
 232  230
 231  231
 230  231
 229  232
 228  232
 227  233
 226  233
 225  234
 224  234
 222  236
 221  236
 220  237
 219  237
 218  238
 217  238
 216  239
 215  239
 213  241
 212  241
 211  242
 210  242
 209  243
 208  243
 207  244
 206  244
 204  246
 203  246
 202  247
 201  247
 199  249
 198  249
 197  250
 196  250
 194  252
 193  252
 190  255
 189  255
 187  257
 186  257
 184  259
 183  259
 181  261
 180  261
 178  263
 177  263
 174  266
 173  266
 168  271
 167  271
 164  274
 163  274
 160  277
 159  277
 157  279
 156  279
 153  282
 152  282
 149  285
 148  285
 141  292
 140  292
 133  299
 132  299
 122  309
 121  309
 120  310
 116  310
 114  312
 114  330
 116  332
 116  349
 115  350
 115  357
 114  358
 114  379
 113  380
 112  380
 110  382
 110  421
 111  422
 111  426
 112  427
 112  430
 113  431
 113  433
 114  434
 114  436
 115  437
 115  439
 116  440
 116  441
 117  442
 117  443
 118  444
 118  446
 119  447
 119  448
 121  450
 121  451
 124  454
 124  455
 126  457
 126  458
 142  474
 142  475
 144  477
 144  478
 145  479
 145  483
 146  484
 146  486
 147  487
 147  488
 148  489
 148  490
 149  491
 149  492
 150  493
 154  493
 155  492
 156  492
 157  491
 159  491
 160  490
 163  490
 164  489
 167  489
 169  487
 170  487
 171  486
 172  486
 174  484
 175  484
 176  483
 177  483
 178  482
 179  482
 180  481
 181  481
 182  480
 184  480
 185  479
 187  479
 188  478
 190  478
 192  476
 193  476
 197  472
 198  472
 201  469
 202  469
 204  467
 205  467
 206  466
 207  466
 208  465
 210  465
 211  464
 212  464
 213  463
 214  463
 215  462
 216  462
 218  460
 218  459
 219  458
 219  457
 220  456
 220  455
 221  454
 221  453
 224  450
 224  449
 226  447
 226  446
 230  442
 230  441
 232  439
 232  437
 233  436
 233  435
 234  434
 234  430
 235  429
 235  426
 236  425
 236  424
 237  423
 237  422
 238  421
 238  420
 239  419
 239  418
 240  417
 240  414
 241  413
 241  410
 240  409
 240  405
 239  404
 239  401
 238  400
 238  398
 237  397
 237  396
 231  390
 231  389
 227  385
 226  385
 222  381
 222  367
 223  366
 238  366
 239  367
 253  367
 254  366
 258  366
 259  365
 260  365
 261  364
 262  364
 263  363
 264  363
 272  355
 273  355
 275  353
 275  352
 277  350
 277  349
 278  348
 278  346
 279  345
 279  344
 281  342
 281  340
 282  339
 282  338
 284  336
 284  335
 286  333
 286  332
 288  330
 288  329
 290  327
 290  326
 292  324
 292  321
 294  319
 294  318
 295  317
 295  315
 297  313
 297  312
 298  311
 298  310
 301  307
 301  306
 304  303
 304  302
 316  290
 317  290
 322  285
 323  285
 326  282
 327  282
 336  273
 337  273
 343  267
 344  267
 346  265
 347  265
 355  257
 355  256
 358  253
 358  252
 359  251
 359  250
 361  248
 361  247
 362  246
 362  245
 363  244
 363  243
 364  242
 364  241
 365  240
 365  239
 366  238
 366  236
 368  234
 368  231
 369  230
 369  226
 370  225
 370  220
 371  219
 371  213
 370  212
 370  209
 369  208
 369  206
 368  205
 368  204
 365  201
 364  201
 362  199
 361  199
 360  198
 359  198
 358  197
 357  197
 356  196
 352  196
 351  195
 349  195
 348  194
