 305  155
 304  156
 300  156
 299  157
 297  157
 296  158
 292  158
 291  159
 290  159
 289  160
 286  160
 285  161
 284  161
 283  162
 281  162
 280  163
 279  163
 278  164
 276  164
 275  165
 273  165
 272  166
 271  166
 270  167
 269  167
 268  168
 267  168
 266  169
 264  169
 262  171
 261  171
 260  172
 259  172
 257  174
 256  174
 255  175
 254  175
 252  177
 251  177
 250  178
 249  178
 248  179
 247  179
 246  180
 245  180
 243  182
 242  182
 241  183
 240  183
 238  185
 237  185
 235  187
 234  187
 230  191
 229  191
 226  194
 225  194
 223  196
 222  196
 218  200
 217  200
 215  202
 214  202
 211  205
 211  206
 210  207
 209  207
 208  208
 207  208
 203  212
 202  212
 198  216
 197  216
 197  217
 190  224
 190  225
 170  245
 170  246
 165  251
 165  252
 159  258
 159  259
 157  261
 156  261
 155  262
 155  263
 153  265
 151  265
 150  266
 149  266
 149  267
 148  268
 148  308
 147  309
 147  310
 146  311
 146  312
 145  313
 145  323
 146  324
 146  325
 147  326
 147  327
 149  329
 149  330
 150  331
 150  332
 152  334
 152  336
 153  337
 153  338
 154  339
 154  340
 155  341
 155  342
 156  343
 156  344
 157  345
 157  346
 158  347
 158  349
 159  350
 159  351
 160  352
 160  353
 161  354
 161  356
 162  357
 162  358
 163  359
 163  361
 164  362
 164  363
 165  364
 165  366
 166  367
 166  369
 167  370
 167  372
 168  373
 168  375
 169  376
 169  378
 170  379
 170  381
 171  382
 171  384
 172  385
 172  387
 173  388
 173  390
 174  391
 174  392
 175  393
 175  395
 176  396
 176  399
 177  400
 177  401
 178  402
 178  403
 179  404
 179  406
 180  407
 180  408
 181  409
 181  411
 182  412
 182  416
 183  417
 183  419
 185  421
 185  424
 186  425
 186  427
 189  430
 192  430
 193  431
 197  431
 198  432
 200  432
 201  433
 204  433
 205  434
 205  448
 200  453
 200  456
 199  457
 199  463
 201  465
 202  465
 204  463
 219  463
 220  464
 221  464
 222  465
 223  464
 241  464
 242  465
 242  464
 241  463
 241  460
 239  458
 239  440
 240  439
 240  438
 241  437
 241  436
 242  435
 242  434
 243  433
 244  433
 245  432
 246  432
 247  431
 251  431
 252  430
 253  430
 253  429
 252  428
 252  425
 251  424
 251  423
 248  420
 248  404
 249  403
 249  401
 251  399
 251  397
 259  389
 259  388
 260  387
 260  382
 261  381
 261  378
 262  377
 262  376
 265  373
 265  372
 267  370
 267  369
 269  367
 269  355
 270  354
 270  352
 269  351
 269  349
 264  344
 264  343
 263  342
 262  342
 261  341
 260  341
 255  336
 255  335
 253  333
 253  317
 254  316
 275  316
 276  315
 284  315
 285  314
 286  314
 291  309
 292  309
 295  306
 295  305
 298  302
 298  301
 301  298
 301  297
 302  296
 302  295
 304  293
 304  292
 305  291
 305  286
 306  285
 306  282
 307  281
 307  280
 308  279
 308  276
 309  275
 309  270
 310  269
 310  265
 311  264
 311  260
 312  259
 312  253
 314  251
 314  250
 315  249
 315  242
 316  241
 316  233
 317  232
 317  231
 318  230
 318  228
 319  227
 319  224
 321  222
 321  220
 322  219
 322  213
 323  212
 323  210
 324  209
 324  208
 325  207
 325  204
 326  203
 326  202
 327  201
 327  200
 328  199
 328  197
 329  196
 329  193
 330  192
 330  191
 331  190
 331  188
 332  187
 332  183
 333  182
 333  180
 334  179
 334  176
 335  175
 335  170
 336  169
 336  164
 335  163
 335  161
 334  160
 333  160
 331  158
 330  158
 329  157
 327  157
 326  156
 323  156
 322  155
