 313  213
 312  214
 306  214
 305  215
 299  215
 298  216
 294  216
 293  217
 290  217
 289  218
 288  218
 287  219
 285  219
 284  220
 283  220
 282  221
 281  221
 280  222
 279  222
 278  223
 276  223
 275  224
 274  224
 273  225
 272  225
 271  226
 270  226
 269  227
 268  227
 267  228
 265  228
 264  229
 263  229
 262  230
 261  230
 260  231
 259  231
 258  232
 257  232
 256  233
 255  233
 254  234
 253  234
 252  235
 251  235
 250  236
 249  236
 248  237
 247  237
 246  238
 245  238
 244  239
 243  239
 242  240
 241  240
 239  242
 238  242
 237  243
 236  243
 235  244
 234  244
 233  245
 232  245
 231  246
 230  246
 229  247
 228  247
 227  248
 226  248
 225  249
 224  249
 223  250
 222  250
 221  251
 220  251
 218  253
 217  253
 216  254
 215  254
 213  256
 212  256
 211  257
 210  257
 207  260
 206  260
 204  262
 203  262
 201  264
 200  264
 198  266
 197  266
 195  268
 194  268
 190  272
 189  272
 186  275
 185  275
 183  277
 182  277
 178  281
 177  281
 173  285
 172  285
 169  288
 168  288
 166  290
 165  290
 163  292
 142  292
 141  293
 140  293
 139  294
 139  295
 138  296
 138  329
 139  330
 143  330
 144  331
 144  349
 143  350
 143  353
 142  354
 140  354
 139  355
 139  369
 141  371
 142  371
 146  375
 146  376
 147  377
 147  378
 148  379
 149  379
 150  380
 151  380
 152  381
 153  381
 156  384
 156  385
 160  389
 160  390
 161  391
 161  392
 164  395
 164  396
 165  397
 165  398
 167  400
 167  401
 169  403
 169  404
 173  408
 173  409
 174  410
 174  411
 177  414
 177  415
 180  418
 180  419
 182  421
 182  422
 184  424
 184  425
 185  426
 185  427
 186  428
 186  429
 187  430
 187  431
 188  432
 188  433
 189  434
 189  435
 190  436
 190  437
 191  438
 191  440
 192  441
 192  446
 193  447
 193  453
 194  454
 194  455
 195  456
 195  457
 196  458
 196  459
 198  461
 199  461
 200  462
 202  462
 203  463
 205  463
 206  464
 207  464
 210  467
 210  468
 214  472
 215  472
 217  474
 220  474
 222  472
 222  471
 223  470
 223  469
 224  468
 224  466
 225  465
 239  465
 241  467
 242  467
 245  470
 248  470
 248  469
 249  468
 249  467
 250  466
 250  462
 251  461
 251  451
 252  450
 268  450
 269  451
 271  451
 272  452
 274  452
 275  451
 276  451
 278  449
 278  444
 277  443
 277  441
 276  440
 276  425
 277  424
 283  424
 284  423
 285  423
 286  422
 286  418
 285  417
 285  416
 282  413
 282  412
 281  411
 281  396
 282  395
 283  395
 284  394
 285  394
 286  393
 286  392
 285  391
 285  390
 282  387
 282  386
 280  384
 279  384
 277  382
 276  382
 275  381
 274  381
 272  379
 272  365
 269  362
 268  362
 264  358
 264  344
 265  343
 282  343
 283  342
 286  342
 287  341
 288  341
 289  340
 290  340
 292  338
 294  338
 295  337
 297  337
 298  336
 299  336
 301  334
 302  334
 304  332
 305  332
 305  331
 306  330
 309  330
 311  328
 311  326
 312  325
 312  323
 316  319
 318  319
 319  318
 321  318
 323  316
 324  316
 325  315
 325  314
 326  313
 326  312
 327  311
 327  302
 328  301
 328  299
 333  294
 334  294
 336  292
 336  291
 337  290
 337  274
 339  272
 340  272
 341  271
 341  270
 342  269
 342  247
 341  246
 341  243
 340  242
 340  241
 339  240
 339  239
 338  238
 338  236
 337  235
 337  229
 336  228
 336  226
 335  225
 335  224
 334  223
 333  223
 332  222
 331  222
 329  220
 328  220
 325  217
 324  217
 323  216
 322  216
 321  215
 320  215
 319  214
 316  214
 315  213
