 310  129
 309  130
 304  130
 303  131
 297  131
 296  132
 294  132
 293  133
 290  133
 289  134
 287  134
 286  135
 284  135
 283  136
 281  136
 280  137
 279  137
 278  138
 276  138
 275  139
 274  139
 273  140
 271  140
 270  141
 269  141
 268  142
 267  142
 266  143
 265  143
 264  144
 263  144
 262  145
 261  145
 260  146
 259  146
 258  147
 257  147
 255  149
 254  149
 253  150
 252  150
 250  152
 249  152
 248  153
 247  153
 245  155
 244  155
 242  157
 241  157
 239  159
 238  159
 237  160
 236  160
 233  163
 232  163
 230  165
 229  165
 226  168
 225  168
 222  171
 221  171
 216  176
 215  176
 206  185
 205  185
 189  201
 189  202
 183  208
 183  209
 178  214
 178  215
 176  217
 176  218
 173  221
 173  222
 171  224
 171  225
 169  227
 169  228
 167  230
 167  231
 165  233
 165  234
 163  236
 163  237
 162  238
 162  239
 160  241
 160  242
 159  243
 159  244
 158  245
 158  246
 156  248
 156  249
 155  250
 155  251
 153  253
 153  254
 152  255
 152  256
 151  257
 151  258
 149  260
 149  262
 147  264
 147  265
 146  266
 146  267
 145  268
 145  269
 143  271
 143  272
 142  273
 142  274
 141  275
 141  276
 140  277
 140  278
 137  281
 134  281
 133  282
 133  296
 134  297
 144  297
 145  298
 148  298
 149  299
 149  313
 145  317
 145  318
 144  319
 144  321
 143  322
 143  324
 141  326
 139  326
 138  327
 137  327
 137  352
 138  353
 139  353
 140  354
 140  355
 141  356
 141  357
 142  358
 142  359
 143  360
 143  361
 147  365
 147  366
 148  367
 148  369
 149  370
 149  371
 150  372
 150  373
 152  375
 152  376
 153  377
 153  378
 155  380
 155  382
 156  383
 156  384
 157  385
 157  386
 158  387
 158  388
 159  389
 159  391
 160  392
 160  393
 161  394
 161  395
 162  396
 162  398
 163  399
 163  400
 164  401
 164  402
 165  403
 165  405
 166  406
 166  408
 167  409
 167  410
 168  411
 168  412
 169  413
 169  415
 170  416
 170  417
 171  418
 171  419
 172  420
 172  422
 173  423
 173  424
 174  425
 174  426
 175  427
 175  428
 176  429
 176  431
 177  432
 177  433
 178  434
 178  435
 179  436
 179  438
 180  439
 180  441
 181  442
 181  443
 182  444
 182  446
 183  447
 183  449
 184  450
 184  451
 185  452
 185  454
 186  455
 186  457
 187  458
 187  459
 188  460
 188  461
 189  462
 189  465
 191  467
 191  469
 192  470
 192  472
 193  473
 193  475
 194  476
 194  477
 195  478
 195  481
 196  482
 196  485
 197  486
 197  487
 198  488
 198  490
 199  491
 199  492
 200  493
 200  494
 201  495
 201  496
 202  497
 202  499
 203  500
 203  501
 204  502
 204  503
 209  508
 224  508
 226  510
 226  511
 227  512
 227  513
 228  514
 228  515
 229  516
 229  519
 230  520
 230  522
 231  523
 231  525
 232  526
 232  527
 234  529
 235  529
 237  531
 238  531
 239  532
 240  532
 241  533
 243  533
 244  532
 245  532
 246  531
 247  531
 247  530
 249  528
 249  527
 250  526
 250  525
 251  524
 251  523
 254  520
 255  520
 257  518
 271  518
 272  517
 274  517
 275  516
 276  516
 280  512
 282  512
 283  511
 289  511
 290  510
 308  510
 313  515
 313  516
 315  518
 315  520
 316  521
 316  526
 317  527
 317  532
 318  533
 318  536
 319  537
 319  541
 320  542
 320  543
 321  544
 321  545
 322  546
 322  547
 323  548
 323  549
 325  551
 325  552
 329  556
 330  556
 332  558
 334  558
 335  559
 336  558
 337  558
 341  554
 341  552
 342  551
 342  550
 341  549
 341  547
 340  546
 340  545
 339  544
 339  543
 338  542
 338  540
 337  539
 337  538
 335  536
 335  534
 333  532
 333  531
 331  529
 331  528
 328  525
 328  524
 327  523
 327  522
 324  519
 324  518
 321  515
 321  514
 320  513
 320  512
 319  511
 319  510
 318  509
 318  507
 317  506
 317  505
 316  504
 316  503
 315  502
 315  498
 314  497
 314  495
 313  494
 313  459
 316  456
 318  456
 320  454
 321  454
 321  453
 322  452
 322  448
 321  447
 321  444
 319  442
 319  441
 318  440
 318  439
 317  438
 317  437
 315  435
 315  415
 316  414
 316  412
 317  411
 317  410
 320  407
 321  407
 322  406
 323  406
 326  403
 325  402
 325  400
 324  399
 324  398
 322  396
 322  395
 318  391
 318  390
 316  388
 316  387
 315  386
 315  361
 311  357
 311  356
 308  353
 307  353
 304  350
 303  350
 301  348
 301  347
 287  333
 287  332
 286  331
 286  315
 287  314
 297  314
 298  313
 304  313
 306  311
 307  311
 307  310
 310  307
 311  307
 316  302
 316  301
 317  300
 318  300
 321  297
 322  297
 324  295
 325  295
 328  292
 328  291
 329  290
 329  289
 330  288
 330  287
 331  286
 331  277
 332  276
 332  272
 333  271
 333  270
 335  268
 335  266
 336  265
 336  246
 337  245
 337  244
 338  243
 338  242
 339  241
 339  240
 340  239
 339  238
 339  236
 338  235
 338  234
 337  233
 337  216
 338  215
 338  213
 339  212
 339  211
 338  210
 338  191
 339  190
 339  177
 341  175
 341  174
 342  173
 342  172
 344  170
 344  169
 345  168
 345  165
 346  164
 346  159
 347  158
 347  152
 345  150
 345  148
 342  145
 342  143
 341  142
 341  140
 340  139
 340  137
 339  136
 339  135
 336  132
 335  132
 334  131
 331  131
 330  130
 326  130
 325  129
