 326  104
 325  105
 322  105
 321  106
 317  106
 316  107
 314  107
 313  108
 310  108
 309  109
 306  109
 305  110
 303  110
 302  111
 299  111
 298  112
 297  112
 296  113
 294  113
 293  114
 292  114
 291  115
 289  115
 288  116
 286  116
 285  117
 284  117
 283  118
 282  118
 281  119
 279  119
 278  120
 277  120
 276  121
 275  121
 274  122
 272  122
 271  123
 270  123
 269  124
 268  124
 267  125
 266  125
 265  126
 264  126
 263  127
 262  127
 261  128
 260  128
 259  129
 258  129
 257  130
 256  130
 255  131
 254  131
 253  132
 252  132
 251  133
 250  133
 248  135
 247  135
 246  136
 245  136
 243  138
 242  138
 241  139
 240  139
 238  141
 237  141
 235  143
 234  143
 232  145
 231  145
 229  147
 228  147
 225  150
 224  150
 222  152
 221  152
 217  156
 216  156
 211  161
 210  161
 205  166
 204  166
 200  170
 199  170
 194  175
 193  175
 190  178
 189  178
 182  185
 182  186
 175  193
 175  194
 163  206
 163  207
 162  208
 162  209
 158  213
 158  214
 157  215
 157  216
 155  218
 155  219
 152  222
 152  223
 150  225
 150  226
 148  228
 148  229
 145  232
 145  233
 142  236
 142  237
 141  238
 141  239
 140  240
 140  241
 138  243
 138  245
 136  247
 136  248
 135  249
 135  251
 134  252
 134  253
 133  254
 133  255
 132  256
 132  257
 131  258
 131  259
 128  262
 128  263
 127  264
 123  264
 121  266
 121  293
 123  295
 127  295
 128  296
 128  311
 127  312
 127  314
 126  315
 126  316
 125  317
 125  319
 124  320
 121  320
 119  322
 119  351
 120  352
 120  354
 122  356
 122  357
 123  358
 123  359
 124  360
 124  361
 125  362
 125  364
 126  365
 126  367
 127  368
 127  370
 128  371
 128  373
 129  374
 129  376
 130  377
 130  378
 131  379
 131  381
 132  382
 132  383
 133  384
 133  385
 134  386
 134  388
 135  389
 135  391
 136  392
 136  393
 137  394
 137  395
 138  396
 138  398
 139  399
 139  400
 140  401
 140  402
 141  403
 141  404
 142  405
 142  406
 144  408
 144  409
 145  410
 145  411
 146  412
 146  413
 148  415
 148  417
 149  418
 149  419
 150  420
 150  421
 151  422
 151  425
 152  426
 152  428
 153  429
 153  430
 154  431
 154  432
 156  434
 156  435
 158  437
 158  438
 159  439
 159  440
 162  443
 162  444
 163  445
 163  446
 165  448
 165  449
 167  451
 167  452
 168  453
 168  454
 174  460
 174  465
 175  466
 175  470
 176  471
 176  472
 177  473
 177  475
 178  476
 178  496
 183  501
 184  500
 185  500
 190  495
 191  495
 193  493
 211  493
 212  494
 212  495
 213  496
 213  497
 214  497
 214  496
 215  495
 216  495
 219  492
 221  492
 222  491
 243  491
 252  500
 252  501
 255  504
 255  506
 256  507
 256  508
 258  510
 258  511
 259  512
 259  513
 262  516
 262  517
 263  518
 263  519
 265  521
 265  522
 266  523
 266  524
 268  526
 268  527
 270  529
 270  530
 272  532
 272  533
 277  538
 277  539
 284  546
 285  546
 290  551
 291  551
 296  556
 297  556
 300  559
 301  559
 303  561
 304  561
 306  563
 307  563
 310  566
 311  566
 313  568
 311  566
 310  566
 300  556
 299  556
 294  551
 294  550
 293  549
 292  549
 291  548
 291  547
 281  537
 281  536
 278  533
 278  532
 274  528
 274  527
 270  523
 270  522
 267  519
 267  518
 264  515
 264  514
 262  512
 262  511
 261  510
 261  509
 257  505
 257  504
 255  502
 255  501
 252  498
 252  497
 251  496
 251  495
 250  494
 250  493
 248  491
 248  490
 247  489
 247  487
 246  486
 246  469
 250  465
 251  465
 252  464
 254  464
 255  463
 263  463
 264  462
 264  457
 261  454
 261  453
 260  452
 260  451
 259  450
 259  434
 265  428
 266  428
 268  426
 279  426
 281  424
 281  423
 279  421
 279  420
 278  419
 278  405
 281  402
 282  402
 283  401
 285  401
 286  400
 288  400
 289  399
 290  399
 291  398
 291  395
 286  390
 286  370
 287  369
 287  368
 286  367
 286  366
 283  363
 282  363
 281  362
 281  361
 276  356
 275  356
 269  350
 268  350
 265  347
 264  347
 262  345
 261  345
 258  342
 257  342
 256  341
 255  341
 252  338
 251  338
 248  335
 247  335
 244  332
 243  332
 241  330
 240  330
 237  327
 236  327
 233  324
 232  324
 231  323
 231  308
 232  307
 247  307
 248  308
 250  308
 251  309
 253  309
 254  310
 256  310
 257  311
 269  311
 270  310
 272  310
 274  308
 275  308
 276  307
 279  307
 280  306
 286  306
 287  305
 289  305
 290  304
 291  304
 292  303
 293  303
 295  301
 296  301
 302  295
 303  295
 307  291
 307  290
 309  288
 310  288
 317  281
 317  280
 321  276
 321  274
 322  273
 322  270
 323  269
 323  266
 324  265
 324  259
 325  258
 325  255
 326  254
 326  252
 327  251
 327  247
 328  246
 328  231
 329  230
 329  228
 330  227
 330  225
 331  224
 331  219
 332  218
 332  204
 333  203
 333  201
 334  200
 334  198
 335  197
 335  195
 336  194
 336  193
 337  192
 337  191
 338  190
 338  188
 339  187
 339  186
 340  185
 340  183
 341  182
 341  178
 342  177
 342  175
 344  173
 344  172
 346  170
 346  169
 348  167
 348  166
 350  164
 350  163
 351  162
 351  160
 352  159
 352  158
 353  157
 353  156
 354  155
 354  154
 355  153
 355  150
 356  149
 356  148
 357  147
 357  146
 358  145
 358  142
 359  141
 359  138
 360  137
 360  135
 361  134
 361  126
 362  125
 362  115
 361  114
 361  112
 357  108
 356  108
 355  107
 354  107
 353  106
 351  106
 350  105
 347  105
 346  104
