 346  103
 345  104
 340  104
 339  105
 334  105
 333  106
 331  106
 330  107
 327  107
 326  108
 324  108
 323  109
 321  109
 320  110
 318  110
 317  111
 315  111
 314  112
 312  112
 311  113
 310  113
 309  114
 307  114
 306  115
 305  115
 304  116
 303  116
 302  117
 300  117
 299  118
 298  118
 297  119
 296  119
 295  120
 294  120
 293  121
 292  121
 291  122
 290  122
 289  123
 288  123
 286  125
 284  125
 282  127
 281  127
 280  128
 279  128
 278  129
 277  129
 276  130
 275  130
 274  131
 273  131
 272  132
 271  132
 269  134
 268  134
 266  136
 265  136
 263  138
 262  138
 261  139
 260  139
 258  141
 257  141
 255  143
 254  143
 252  145
 251  145
 249  147
 248  147
 246  149
 245  149
 242  152
 241  152
 239  154
 238  154
 235  157
 234  157
 231  160
 230  160
 227  163
 226  163
 223  166
 222  166
 218  170
 217  170
 212  175
 211  175
 206  180
 205  180
 200  185
 199  185
 191  193
 190  193
 175  208
 174  208
 160  222
 160  223
 149  234
 149  235
 144  240
 144  241
 141  244
 141  245
 137  249
 137  250
 134  253
 134  254
 131  257
 131  258
 128  261
 128  262
 126  264
 126  265
 123  268
 123  269
 121  271
 121  272
 115  278
 115  279
 113  281
 113  282
 109  286
 109  287
 107  289
 107  290
 106  291
 106  292
 103  295
 103  296
 100  299
 100  300
  99  301
  99  302
  98  303
  98  304
  97  305
  97  306
  95  308
  95  309
  92  312
  92  313
  91  314
  91  319
  90  320
  90  327
  88  329
  88  330
  87  331
  87  372
  89  374
  89  389
  88  390
  88  394
  87  395
  87  401
  86  402
  83  402
  82  403
  82  409
  83  410
  83  412
  84  413
  84  415
  85  416
  85  419
  86  420
  86  424
  87  425
  87  427
  88  428
  88  430
  89  431
  89  434
  90  435
  90  438
  91  439
  91  441
  92  442
  92  444
  93  445
  93  448
  94  449
  94  451
  95  452
  95  454
  96  455
  96  458
  97  459
  97  461
  98  462
  98  463
  99  464
  99  466
 100  467
 100  469
 102  471
 102  473
 103  474
 103  476
 104  477
 104  478
 106  480
 106  481
 107  482
 107  484
 108  485
 108  486
 110  488
 110  489
 111  490
 111  491
 113  493
 113  494
 115  496
 115  497
 118  500
 118  501
 124  507
 124  508
 126  510
 126  511
 128  513
 128  514
 130  516
 130  517
 132  519
 133  519
 134  520
 134  521
 138  525
 138  526
 140  528
 140  529
 143  532
 143  533
 154  544
 154  545
 156  547
 156  555
 159  558
 160  558
 163  561
 163  564
 164  565
 164  566
 165  567
 165  568
 166  569
 166  570
 167  571
 167  572
 170  575
 170  576
 171  577
 171  578
 176  583
 177  583
 178  584
 181  584
 184  581
 184  580
 185  579
 185  578
 188  575
 209  575
 210  574
 211  574
 218  567
 219  567
 220  566
 222  566
 223  565
 225  565
 226  564
 228  564
 229  563
 236  563
 237  562
 239  562
 240  561
 241  561
 242  560
 243  560
 246  557
 246  556
 248  554
 248  553
 249  552
 249  551
 257  543
 258  543
 262  539
 263  539
 264  538
 266  538
 267  537
 268  537
 270  535
 271  535
 273  533
 273  532
 275  530
 275  529
 276  528
 276  526
 277  525
 277  524
 278  523
 278  522
 279  521
 279  520
 282  517
 282  516
 286  512
 287  512
 289  510
 290  510
 292  508
 293  508
 295  506
 296  506
 299  503
 299  502
 301  500
 301  498
 302  497
 302  490
 303  489
 303  486
 304  485
 304  484
 305  483
 305  482
 307  480
 307  479
 309  477
 309  476
 313  472
 313  470
 314  469
 313  468
 313  466
 312  465
 312  463
 311  462
 311  461
 309  459
 309  458
 307  456
 306  456
 303  453
 303  441
 301  439
 301  438
 297  434
 297  433
 292  428
 292  427
 289  424
 288  424
 285  421
 284  421
 282  419
 281  419
 279  417
 278  417
 276  415
 275  415
 274  414
 273  414
 271  412
 270  412
 269  411
 268  411
 267  410
 266  410
 265  409
 264  409
 262  407
 262  393
 263  392
 280  392
 281  391
 282  391
 283  390
 284  390
 285  389
 287  389
 288  388
 290  388
 291  387
 295  387
 296  386
 304  386
 305  385
 314  385
 315  384
 316  384
 318  382
 319  382
 319  381
 326  374
 327  374
 328  373
 329  373
 329  372
 338  363
 338  362
 340  360
 340  359
 342  357
 342  356
 343  355
 343  354
 344  353
 344  352
 345  351
 345  350
 346  349
 346  345
 347  344
 347  342
 348  341
 348  340
 349  339
 349  337
 350  336
 350  335
 352  333
 352  332
 353  331
 353  329
 354  328
 354  327
 355  326
 355  325
 356  324
 356  320
 357  319
 357  317
 358  316
 358  314
 359  313
 359  308
 360  307
 360  300
 361  299
 361  296
 362  295
 362  293
 363  292
 363  288
 364  287
 364  283
 365  282
 365  276
 366  275
 366  266
 367  265
 367  262
 368  261
 368  259
 369  258
 369  257
 370  256
 370  254
 371  253
 371  252
 372  251
 372  249
 373  248
 373  244
 374  243
 374  241
 375  240
 375  238
 376  237
 376  232
 377  231
 377  227
 378  226
 378  224
 379  223
 379  220
 380  219
 380  216
 381  215
 381  213
 382  212
 382  211
 383  210
 383  208
 384  207
 384  206
 385  205
 385  203
 386  202
 386  199
 387  198
 387  195
 388  194
 388  193
 389  192
 389  189
 390  188
 390  185
 391  184
 391  182
 392  181
 392  179
 393  178
 393  174
 394  173
 394  171
 395  170
 395  169
 396  168
 396  163
 397  162
 397  155
 398  154
 398  149
 399  148
 399  146
 398  145
 398  141
 397  140
 397  134
 396  133
 396  129
 395  128
 395  126
 394  125
 394  124
 393  123
 393  121
 392  120
 392  119
 391  118
 391  117
 390  116
 390  115
 388  113
 388  112
 384  108
 383  108
 382  107
 381  107
 380  106
 379  106
 378  105
 375  105
 374  104
 371  104
 370  103
