 331  128
 330  129
 324  129
 323  130
 315  130
 314  131
 310  131
 309  132
 303  132
 302  133
 299  133
 298  134
 295  134
 294  135
 291  135
 290  136
 288  136
 287  137
 284  137
 283  138
 282  138
 281  139
 278  139
 277  140
 275  140
 274  141
 273  141
 272  142
 270  142
 269  143
 267  143
 266  144
 264  144
 263  145
 262  145
 261  146
 260  146
 258  148
 257  148
 256  149
 255  149
 254  150
 253  150
 252  151
 251  151
 249  153
 248  153
 246  155
 245  155
 243  157
 242  157
 240  159
 239  159
 237  161
 236  161
 234  163
 233  163
 230  166
 229  166
 227  168
 226  168
 224  170
 223  170
 221  172
 220  172
 216  176
 215  176
 210  181
 209  181
 204  186
 203  186
 197  192
 196  192
 179  209
 179  210
 169  220
 169  221
 165  225
 165  226
 161  230
 161  231
 159  233
 159  234
 157  236
 157  237
 154  240
 154  241
 151  244
 151  246
 148  249
 148  250
 147  251
 147  252
 145  254
 145  255
 144  256
 144  257
 142  259
 142  260
 141  261
 141  262
 140  263
 140  264
 138  266
 138  268
 137  269
 137  270
 135  272
 135  273
 134  274
 134  276
 132  278
 132  284
 131  285
 131  286
 130  287
 130  288
 129  289
 129  291
 128  292
 127  292
 126  293
 126  300
 128  302
 128  331
 127  332
 127  339
 128  340
 128  341
 133  346
 133  347
 134  348
 134  349
 135  350
 135  351
 136  352
 136  353
 137  354
 137  355
 138  356
 138  359
 139  360
 139  362
 140  363
 140  365
 141  366
 141  369
 142  370
 142  372
 143  373
 143  374
 144  375
 144  378
 145  379
 145  382
 146  383
 146  384
 147  385
 147  388
 148  389
 148  393
 149  394
 149  396
 150  397
 150  399
 151  400
 151  404
 152  405
 152  407
 153  408
 153  410
 154  411
 154  414
 155  415
 155  418
 156  419
 156  420
 157  421
 157  425
 158  426
 158  431
 159  432
 159  435
 160  436
 160  438
 161  439
 161  445
 162  446
 162  449
 163  450
 163  452
 164  453
 164  458
 165  459
 165  463
 166  464
 166  465
 167  466
 167  467
 168  468
 168  471
 169  472
 169  473
 171  475
 171  476
 174  479
 175  479
 176  480
 179  480
 180  481
 186  481
 188  483
 188  491
 189  492
 189  496
 190  497
 190  499
 191  500
 191  501
 192  502
 192  503
 196  507
 197  507
 198  508
 199  508
 200  507
 202  507
 203  506
 205  506
 207  504
 208  504
 212  500
 232  500
 235  497
 236  497
 237  496
 254  496
 255  497
 257  497
 259  499
 260  499
 262  501
 263  501
 271  509
 271  510
 272  511
 272  512
 275  515
 275  517
 276  518
 276  519
 277  520
 277  521
 278  522
 278  526
 279  527
 279  530
 280  531
 280  532
 281  533
 281  536
 282  537
 282  541
 283  542
 283  543
 284  544
 284  545
 285  546
 285  548
 289  552
 289  553
 292  556
 293  556
 295  558
 296  558
 297  559
 299  559
 301  557
 302  557
 305  554
 305  553
 307  551
 307  547
 308  546
 307  545
 307  541
 306  540
 306  539
 305  538
 305  537
 304  536
 304  535
 296  527
 295  527
 289  521
 288  521
 281  514
 281  513
 278  510
 278  509
 274  505
 274  504
 273  503
 273  502
 271  500
 271  499
 270  498
 270  497
 268  495
 268  494
 267  493
 267  491
 265  489
 265  488
 264  487
 264  481
 263  480
 263  465
 264  464
 264  462
 265  461
 265  460
 267  458
 268  458
 269  457
 272  457
 273  456
 276  456
 278  454
 279  454
 281  452
 281  448
 280  447
 280  446
 278  444
 278  441
 277  440
 277  424
 278  423
 278  421
 282  417
 283  417
 284  416
 286  416
 287  415
 288  415
 289  414
 290  414
 290  413
 291  412
 290  411
 290  410
 288  408
 288  407
 287  406
 287  405
 285  403
 285  387
 293  379
 293  378
 291  376
 291  374
 290  373
 290  372
 287  369
 287  368
 284  365
 283  365
 277  359
 277  343
 274  340
 274  339
 269  334
 268  334
 266  332
 266  318
 267  317
 270  317
 271  316
 276  316
 277  315
 281  315
 282  314
 287  314
 288  313
 297  313
 304  306
 304  305
 305  304
 305  303
 307  301
 307  300
 309  298
 309  297
 311  295
 311  294
 312  293
 312  292
 313  291
 313  290
 314  289
 314  286
 315  285
 315  283
 316  282
 316  279
 317  278
 317  276
 318  275
 318  273
 319  272
 319  271
 321  269
 321  267
 322  266
 322  264
 323  263
 323  257
 324  256
 324  248
 325  247
 325  245
 327  243
 327  241
 328  240
 328  238
 329  237
 329  218
 330  217
 330  215
 331  214
 331  213
 332  212
 332  211
 333  210
 333  207
 334  206
 334  197
 335  196
 335  189
 336  188
 337  188
 338  187
 339  187
 341  185
 341  184
 342  183
 342  180
 343  179
 343  176
 344  175
 344  172
 346  170
 346  169
 347  168
 347  167
 348  166
 348  165
 349  164
 349  163
 350  162
 350  160
 351  159
 351  157
 352  156
 352  155
 353  154
 353  152
 354  151
 354  146
 355  145
 355  138
 354  137
 354  135
 353  134
 352  134
 350  132
 349  132
 348  131
 347  131
 346  130
 344  130
 343  129
 341  129
 340  128
