 337  166
 336  167
 328  167
 327  168
 324  168
 323  169
 319  169
 318  170
 315  170
 314  171
 312  171
 311  172
 308  172
 307  173
 305  173
 304  174
 302  174
 301  175
 300  175
 299  176
 296  176
 295  177
 294  177
 293  178
 291  178
 290  179
 289  179
 288  180
 286  180
 285  181
 284  181
 283  182
 282  182
 281  183
 279  183
 278  184
 277  184
 276  185
 275  185
 274  186
 273  186
 272  187
 271  187
 270  188
 269  188
 268  189
 267  189
 266  190
 265  190
 264  191
 263  191
 262  192
 261  192
 260  193
 259  193
 257  195
 256  195
 255  196
 254  196
 252  198
 251  198
 249  200
 248  200
 247  201
 246  201
 245  202
 244  202
 243  203
 242  203
 240  205
 239  205
 238  206
 237  206
 235  208
 234  208
 232  210
 231  210
 229  212
 228  212
 226  214
 225  214
 222  217
 221  217
 220  218
 219  218
 217  220
 216  220
 213  223
 212  223
 208  227
 207  227
 203  231
 202  231
 195  238
 194  238
 190  242
 189  242
 181  250
 180  250
 176  254
 176  255
 174  257
 173  257
 173  258
 170  261
 169  261
 159  271
 159  272
 147  284
 147  285
 142  290
 142  291
 137  296
 137  297
 132  302
 132  303
 127  308
 126  308
 124  310
 118  310
 117  311
 117  324
 119  326
 126  326
 127  327
 127  341
 126  342
 126  343
 125  344
 125  346
 124  347
 124  350
 123  351
 123  361
 122  362
 122  378
 120  380
 120  383
 121  384
 121  388
 122  389
 122  393
 123  394
 123  400
 124  401
 124  404
 125  405
 125  411
 126  412
 126  417
 127  418
 127  420
 128  421
 128  423
 129  424
 129  427
 130  428
 130  429
 131  430
 131  432
 132  433
 132  435
 133  436
 133  437
 134  438
 134  439
 135  440
 135  441
 136  442
 136  443
 137  444
 137  445
 139  447
 139  448
 141  450
 141  451
 142  452
 142  453
 144  455
 144  456
 145  457
 145  458
 146  459
 146  460
 147  461
 147  463
 148  464
 148  465
 149  466
 149  468
 150  469
 150  470
 151  471
 151  472
 152  473
 152  474
 153  475
 153  476
 154  477
 154  478
 155  479
 155  480
 156  481
 156  482
 175  501
 175  510
 176  511
 176  514
 181  519
 184  519
 185  518
 202  518
 203  519
 204  519
 205  520
 206  520
 207  519
 207  518
 208  517
 208  515
 214  509
 230  509
 231  508
 231  507
 232  506
 232  493
 238  487
 240  487
 241  486
 249  486
 252  483
 252  469
 253  468
 253  466
 258  461
 260  461
 261  460
 262  460
 263  459
 264  459
 267  456
 267  453
 266  452
 266  433
 268  431
 268  430
 273  425
 273  424
 272  423
 272  421
 271  420
 271  419
 269  417
 269  414
 268  413
 268  404
 267  403
 267  401
 265  399
 265  398
 264  397
 264  396
 262  394
 262  393
 253  384
 252  384
 248  380
 248  366
 249  365
 271  365
 272  364
 274  364
 275  363
 276  363
 280  359
 281  359
 294  346
 294  345
 295  344
 295  343
 301  337
 301  336
 302  335
 302  326
 303  325
 303  321
 304  320
 304  318
 305  317
 305  315
 307  313
 307  312
 308  311
 308  309
 309  308
 309  284
 311  282
 311  281
 312  280
 312  276
 313  275
 313  273
 314  272
 314  269
 315  268
 315  266
 316  265
 316  264
 317  263
 317  262
 318  261
 318  260
 320  258
 320  257
 322  255
 322  254
 325  251
 325  250
 326  249
 326  248
 328  246
 328  245
 339  234
 339  233
 342  230
 342  229
 346  225
 346  224
 348  222
 348  221
 349  220
 349  219
 351  217
 351  216
 352  215
 352  214
 353  213
 353  212
 354  211
 354  210
 355  209
 355  207
 356  206
 356  204
 357  203
 357  202
 358  201
 358  199
 359  198
 359  196
 360  195
 360  194
 361  193
 361  191
 362  190
 362  185
 363  184
 363  181
 364  180
 363  179
 363  177
 362  176
 362  175
 361  174
 361  173
 360  173
 358  171
 357  171
 356  170
 355  170
 354  169
 353  169
 352  168
 350  168
 349  167
 343  167
 342  166
