 342   28
 341   29
 332   29
 331   30
 324   30
 323   31
 317   31
 316   32
 312   32
 311   33
 307   33
 306   34
 304   34
 303   35
 300   35
 299   36
 297   36
 296   37
 293   37
 292   38
 290   38
 289   39
 286   39
 285   40
 282   40
 281   41
 280   41
 279   42
 277   42
 276   43
 274   43
 273   44
 271   44
 270   45
 269   45
 268   46
 266   46
 265   47
 264   47
 263   48
 262   48
 261   49
 260   49
 259   50
 258   50
 257   51
 256   51
 255   52
 254   52
 253   53
 252   53
 251   54
 250   54
 249   55
 248   55
 247   56
 246   56
 245   57
 243   57
 241   59
 240   59
 239   60
 238   60
 237   61
 236   61
 235   62
 234   62
 233   63
 232   63
 231   64
 230   64
 229   65
 228   65
 227   66
 226   66
 225   67
 224   67
 223   68
 222   68
 220   70
 219   70
 217   72
 216   72
 215   73
 214   73
 212   75
 211   75
 210   76
 209   76
 207   78
 206   78
 205   79
 204   79
 202   81
 201   81
 199   83
 198   83
 196   85
 195   85
 193   87
 192   87
 189   90
 188   90
 186   92
 185   92
 182   95
 181   95
 179   97
 178   97
 174  101
 173  101
 169  105
 168  105
 164  109
 163  109
 160  112
 159  112
 156  115
 155  115
 150  120
 149  120
 143  126
 142  126
 128  140
 127  140
  97  170
  97  171
  85  183
  85  184
  81  188
  81  189
  77  193
  77  194
  76  195
  76  196
  73  199
  73  200
  70  203
  70  204
  64  210
  64  211
  62  213
  62  214
  61  215
  61  216
  60  217
  60  218
  58  220
  58  221
  57  222
  57  248
  58  249
  70  249
  71  250
  71  266
  70  267
  70  269
  69  270
  69  272
  68  273
  68  275
  67  276
  67  302
  66  303
  62  303
  61  304
  61  339
  64  342
  66  342
  67  343
  68  343
  70  345
  71  345
  73  347
  73  348
  74  349
  74  351
  75  352
  75  354
  76  355
  76  364
  77  365
  77  374
  78  375
  78  382
  79  383
  79  392
  80  393
  80  408
  81  409
  81  412
  82  413
  82  416
  83  417
  83  426
  84  427
  84  438
  85  439
  85  444
  86  445
  86  451
  87  452
  87  457
  88  458
  88  460
  89  461
  89  465
  90  466
  90  474
  91  475
  91  478
  92  479
  92  484
  93  485
  93  496
  94  497
  94  503
  95  504
  95  507
  96  508
  96  513
  97  514
  97  517
  98  518
  98  519
 101  522
 117  522
 120  525
 120  544
 119  545
 119  547
 118  548
 118  549
 117  550
 117  554
 116  555
 116  562
 117  563
 117  564
 118  565
 118  566
 120  568
 121  568
 123  570
 127  570
 128  569
 129  569
 130  568
 131  568
 135  564
 135  563
 136  562
 136  561
 137  560
 138  560
 141  557
 142  557
 143  556
 144  556
 145  555
 148  555
 149  554
 165  554
 166  555
 167  555
 168  556
 169  556
 173  560
 174  560
 181  553
 183  553
 184  552
 200  552
 201  553
 206  553
 207  554
 209  554
 210  555
 211  555
 212  556
 213  556
 220  563
 220  564
 221  565
 221  568
 222  569
 222  570
 223  571
 223  572
 224  573
 224  576
 225  577
 225  578
 226  579
 226  581
 227  582
 227  587
 228  588
 228  590
 229  591
 229  593
 230  594
 230  605
 231  606
 231  631
 232  632
 232  634
 233  635
 233  638
 234  639
 234  643
 236  645
 236  646
 238  648
 238  649
 246  657
 247  657
 248  658
 249  658
 250  659
 253  659
 254  658
 255  658
 257  656
 258  656
 258  655
 260  653
 260  652
 261  651
 261  650
 262  649
 262  648
 263  647
 263  640
 262  639
 262  638
 260  636
 260  633
 258  631
 258  630
 256  628
 256  627
 253  624
 253  623
 250  620
 250  619
 249  618
 249  617
 247  615
 247  613
 246  612
 246  611
 245  610
 245  609
 244  608
 244  607
 243  606
 243  604
 242  603
 242  602
 241  601
 241  600
 240  599
 240  597
 239  596
 239  594
 238  593
 238  592
 237  591
 237  589
 236  588
 236  585
 235  584
 235  583
 234  582
 234  580
 233  579
 233  574
 232  573
 232  571
 231  570
 231  568
 230  567
 230  561
 229  560
 229  556
 228  555
 228  553
 227  552
 227  544
 226  543
 226  528
 227  527
 227  523
 228  522
 228  521
 229  520
 229  519
 232  516
 233  516
 237  512
 237  511
 239  509
 239  506
 240  505
 240  504
 242  502
 243  502
 244  501
 255  501
 256  500
 257  500
 258  499
 259  499
 263  495
 263  493
 264  492
 264  481
 263  480
 263  460
 264  459
 264  458
 270  452
 270  451
 271  450
 271  449
 272  448
 272  446
 273  445
 273  442
 275  440
 276  440
 277  439
 279  439
 280  438
 284  438
 285  437
 290  437
 291  436
 292  436
 293  435
 294  435
 297  432
 297  426
 296  425
 296  424
 295  423
 295  422
 294  421
 294  420
 293  419
 293  418
 290  415
 290  414
 288  412
 288  397
 291  394
 291  393
 292  392
 292  388
 293  387
 293  381
 295  379
 296  379
 301  374
 301  371
 300  370
 300  368
 299  367
 299  366
 297  364
 297  363
 296  362
 296  361
 294  359
 294  358
 293  357
 293  356
 291  354
 291  353
 288  350
 288  349
 287  348
 287  347
 286  346
 286  345
 285  344
 285  342
 284  341
 284  339
 283  338
 283  336
 282  335
 282  334
 280  332
 280  330
 277  327
 277  325
 276  324
 276  323
 275  322
 275  320
 274  319
 274  317
 273  316
 273  300
 274  299
 305  299
 306  298
 306  288
 307  287
 312  287
 313  286
 315  286
 316  285
 317  285
 318  284
 319  284
 320  283
 321  283
 324  280
 325  280
 328  277
 328  276
 330  274
 330  272
 331  271
 331  268
 332  267
 332  265
 333  264
 333  263
 337  259
 338  259
 341  256
 341  255
 342  254
 342  253
 343  252
 343  250
 344  249
 344  248
 346  246
 346  245
 350  241
 350  239
 351  238
 351  236
 352  235
 352  234
 353  233
 353  227
 354  226
 354  219
 355  218
 355  216
 356  215
 356  214
 357  213
 357  211
 358  210
 358  209
 361  206
 362  206
 363  205
 363  204
 364  203
 364  202
 365  201
 365  199
 366  198
 366  192
 367  191
 367  181
 368  180
 368  179
 374  173
 374  172
 375  171
 375  170
 376  169
 376  167
 377  166
 377  163
 378  162
 378  158
 379  157
 379  154
 380  153
 380  149
 381  148
 381  147
 383  145
 383  144
 384  143
 384  142
 386  140
 386  138
 387  137
 387  135
 388  134
 388  132
 389  131
 389  129
 390  128
 390  125
 391  124
 391  122
 393  120
 393  119
 397  115
 397  114
 402  109
 402  108
 404  106
 404  105
 405  104
 405  103
 406  102
 406  101
 407  100
 407   98
 408   97
 408   96
 415   89
 415   88
 417   86
 417   85
 418   84
 418   82
 419   81
 419   80
 420   79
 420   77
 421   76
 421   74
 422   73
 422   71
 423   70
 423   66
 424   65
 424   64
 423   63
 423   61
 421   59
 421   57
 420   56
 420   54
 417   51
 417   50
 413   46
 412   46
 410   44
 409   44
 407   42
 406   42
 405   41
 404   41
 403   40
 402   40
 401   39
 399   39
 398   38
 397   38
 396   37
 394   37
 393   36
 392   36
 391   35
 388   35
 387   34
 385   34
 384   33
 381   33
 380   32
 376   32
 375   31
 372   31
 371   30
 362   30
 361   29
 355   29
 354   28
