 326  103
 325  104
 321  104
 320  105
 313  105
 312  106
 310  106
 309  107
 306  107
 305  108
 303  108
 302  109
 300  109
 299  110
 296  110
 295  111
 293  111
 292  112
 290  112
 289  113
 288  113
 287  114
 285  114
 284  115
 283  115
 282  116
 280  116
 279  117
 278  117
 277  118
 276  118
 275  119
 274  119
 273  120
 272  120
 271  121
 269  121
 267  123
 265  123
 264  124
 263  124
 262  125
 261  125
 260  126
 259  126
 258  127
 257  127
 256  128
 255  128
 254  129
 253  129
 251  131
 250  131
 249  132
 248  132
 246  134
 245  134
 244  135
 243  135
 241  137
 240  137
 238  139
 237  139
 235  141
 234  141
 232  143
 231  143
 229  145
 228  145
 226  147
 225  147
 222  150
 221  150
 217  154
 216  154
 212  158
 211  158
 207  162
 206  162
 203  165
 203  166
 201  168
 200  168
 200  169
 194  175
 193  175
 176  192
 176  193
 173  196
 173  197
 169  201
 169  202
 166  205
 166  206
 163  209
 163  210
 160  213
 160  214
 157  217
 157  218
 156  219
 156  220
 153  223
 153  224
 152  225
 152  226
 150  228
 150  229
 149  230
 149  231
 148  232
 148  233
 146  235
 146  236
 144  238
 144  239
 141  242
 141  243
 140  244
 140  245
 139  246
 139  247
 138  248
 138  249
 136  251
 136  253
 135  254
 135  255
 133  257
 133  259
 132  260
 132  263
 131  264
 131  266
 130  267
 130  281
 132  283
 133  283
 134  284
 134  300
 133  301
 133  319
 132  320
 125  320
 124  321
 124  339
 125  340
 125  341
 127  341
 128  342
 129  342
 134  347
 134  348
 136  350
 136  351
 138  353
 138  354
 139  355
 139  356
 140  357
 140  358
 141  359
 141  360
 142  361
 142  362
 144  364
 144  365
 145  366
 145  367
 146  368
 146  370
 147  371
 147  392
 146  393
 146  401
 147  402
 147  403
 148  404
 148  405
 149  406
 149  407
 151  409
 151  410
 154  413
 154  414
 155  415
 155  416
 156  417
 156  419
 157  420
 157  421
 158  422
 158  423
 159  424
 159  425
 160  426
 160  427
 161  428
 161  429
 162  430
 162  431
 164  433
 164  434
 166  436
 166  437
 167  438
 167  439
 168  440
 168  441
 170  443
 170  444
 171  445
 171  446
 172  447
 172  449
 173  450
 173  451
 174  452
 174  453
 175  454
 175  455
 176  456
 176  457
 179  460
 179  461
 180  462
 180  463
 182  465
 182  466
 183  467
 183  472
 184  473
 184  475
 185  476
 185  478
 186  479
 186  483
 187  484
 187  493
 188  494
 188  499
 189  500
 189  502
 190  503
 190  504
 192  506
 193  506
 194  507
 195  507
 199  503
 199  502
 200  501
 201  501
 204  498
 207  498
 208  497
 222  497
 223  498
 223  499
 224  500
 224  501
 225  502
 226  502
 226  501
 227  500
 227  499
 229  497
 231  497
 232  496
 252  496
 253  497
 254  497
 263  506
 263  507
 267  511
 267  512
 269  514
 269  515
 271  517
 271  518
 273  520
 273  521
 275  523
 275  524
 280  529
 280  530
 284  534
 284  535
 291  542
 291  543
 295  547
 296  547
 301  552
 302  552
 307  557
 308  557
 311  560
 312  560
 314  562
 315  562
 318  565
 319  565
 321  567
 322  567
 324  569
 325  569
 327  571
 328  571
 330  573
 331  573
 333  575
 334  575
 335  576
 336  576
 337  577
 338  577
 340  579
 341  579
 342  580
 339  577
 338  577
 336  575
 335  575
 332  572
 331  572
 329  570
 328  570
 324  566
 323  566
 319  562
 318  562
 313  557
 312  557
 281  526
 281  525
 277  521
 277  520
 271  514
 271  513
 268  510
 268  509
 264  505
 264  504
 262  502
 262  501
 261  500
 261  499
 259  497
 259  496
 258  495
 258  494
 257  493
 257  492
 256  491
 256  475
 258  473
 258  472
 260  470
 261  470
 263  468
 273  468
 275  466
 273  464
 273  463
 272  462
 272  460
 271  459
 271  458
 270  457
 270  439
 271  438
 271  437
 272  436
 272  434
 275  431
 278  431
 279  430
 287  430
 289  428
 289  427
 288  426
 288  410
 292  406
 293  406
 294  405
 295  405
 296  404
 298  404
 300  402
 301  402
 301  401
 298  398
 298  397
 295  394
 295  371
 281  357
 280  357
 277  354
 276  354
 273  351
 272  351
 270  349
 269  349
 268  348
 267  348
 266  347
 265  347
 263  345
 262  345
 261  344
 260  344
 258  342
 257  342
 256  341
 255  341
 254  340
 253  340
 251  338
 250  338
 249  337
 248  337
 247  336
 246  336
 244  334
 243  334
 242  333
 241  333
 240  332
 239  332
 238  331
 237  331
 236  330
 235  330
 230  325
 229  325
 228  324
 228  323
 226  321
 225  321
 224  320
 222  320
 220  318
 219  318
 218  317
 217  317
 216  316
 215  316
 213  314
 212  314
 211  313
 210  313
 209  312
 208  312
 207  311
 206  311
 205  310
 204  310
 203  309
 201  309
 200  308
 198  308
 197  307
 195  307
 194  306
 192  306
 191  305
 188  305
 187  304
 187  290
 188  289
 206  289
 207  290
 212  290
 213  291
 218  291
 219  292
 221  292
 222  293
 224  293
 225  294
 228  294
 229  295
 231  295
 235  299
 235  300
 236  301
 236  302
 237  303
 238  303
 241  306
 243  306
 244  307
 246  307
 248  309
 249  309
 250  310
 252  310
 253  311
 256  311
 257  312
 266  312
 267  313
 276  313
 277  312
 281  312
 282  311
 285  311
 286  310
 287  310
 288  309
 289  309
 291  307
 293  307
 294  306
 295  306
 297  304
 298  304
 299  303
 300  303
 307  296
 307  295
 308  294
 308  293
 318  283
 318  282
 323  277
 323  276
 325  274
 325  271
 326  270
 326  258
 327  257
 327  255
 328  254
 328  251
 329  250
 329  226
 330  225
 330  222
 331  221
 331  220
 332  219
 332  202
 333  201
 333  197
 335  195
 335  193
 336  192
 336  188
 337  187
 337  185
 338  184
 338  181
 339  180
 339  175
 341  173
 341  172
 342  171
 342  170
 344  168
 344  167
 345  166
 345  165
 347  163
 347  162
 348  161
 348  160
 349  159
 349  157
 350  156
 350  154
 351  153
 351  152
 352  151
 352  148
 353  147
 353  143
 354  142
 354  141
 355  140
 355  135
 356  134
 356  121
 357  120
 356  119
 356  113
 355  112
 355  111
 351  107
 350  107
 349  106
 348  106
 347  105
 345  105
 344  104
 342  104
 341  103
