 325   74
 324   75
 315   75
 314   76
 309   76
 308   77
 303   77
 302   78
 300   78
 299   79
 295   79
 294   80
 292   80
 291   81
 288   81
 287   82
 285   82
 284   83
 281   83
 280   84
 278   84
 277   85
 275   85
 274   86
 271   86
 270   87
 269   87
 268   88
 266   88
 265   89
 263   89
 262   90
 260   90
 259   91
 258   91
 257   92
 255   92
 254   93
 253   93
 252   94
 250   94
 249   95
 248   95
 247   96
 245   96
 244   97
 243   97
 242   98
 241   98
 240   99
 238   99
 237  100
 236  100
 235  101
 234  101
 233  102
 232  102
 231  103
 230  103
 229  104
 227  104
 226  105
 225  105
 224  106
 223  106
 222  107
 221  107
 220  108
 219  108
 218  109
 217  109
 216  110
 215  110
 214  111
 213  111
 212  112
 211  112
 210  113
 209  113
 208  114
 207  114
 205  116
 204  116
 203  117
 202  117
 201  118
 200  118
 199  119
 198  119
 196  121
 195  121
 194  122
 193  122
 191  124
 190  124
 188  126
 187  126
 186  127
 185  127
 183  129
 182  129
 181  130
 180  130
 178  132
 177  132
 175  134
 174  134
 173  135
 172  135
 170  137
 169  137
 167  139
 166  139
 164  141
 163  141
 159  145
 158  145
 153  150
 152  150
 147  155
 146  155
 133  168
 132  168
 126  174
 126  175
 113  188
 113  189
 109  193
 109  194
 106  197
 106  198
 104  200
 104  201
 101  204
 101  205
  98  208
  98  209
  95  212
  95  213
  92  216
  92  217
  91  218
  91  219
  89  221
  89  222
  87  224
  87  225
  85  227
  85  228
  83  230
  83  231
  81  233
  81  235
  80  236
  80  237
  79  238
  79  239
  78  240
  78  242
  77  243
  77  244
  76  245
  76  246
  74  248
  74  249
  71  252
  70  252
  69  253
  67  253
  66  254
  66  292
  67  293
  77  293
  78  294
  78  308
  77  309
  76  309
  74  311
  73  311
  69  315
  69  316
  68  317
  68  318
  66  320
  66  330
  67  331
  67  332
  68  333
  68  334
  70  336
  70  337
  72  339
  72  340
  74  342
  74  343
  75  344
  75  345
  77  347
  77  349
  78  350
  78  351
  79  352
  79  353
  80  354
  80  355
  81  356
  81  358
  82  359
  82  360
  83  361
  83  363
  84  364
  84  367
  85  368
  85  369
  86  370
  86  372
  87  373
  87  376
  88  377
  88  380
  89  381
  89  382
  90  383
  90  388
  91  389
  91  394
  92  395
  92  398
  93  399
  93  404
  94  405
  94  410
  95  411
  95  414
  96  415
  96  417
  97  418
  97  423
  98  424
  98  429
  99  430
  99  435
 100  436
 100  445
 101  446
 101  453
 102  454
 102  460
 103  461
 103  470
 104  471
 104  476
 105  477
 105  480
 106  481
 106  486
 107  487
 107  491
 108  492
 108  495
 109  496
 109  498
 110  499
 110  501
 111  502
 111  505
 112  506
 112  507
 114  509
 114  511
 117  514
 117  515
 120  518
 121  518
 123  520
 124  520
 125  521
 135  521
 136  522
 138  522
 139  523
 139  524
 140  525
 140  529
 141  530
 141  535
 142  536
 142  538
 143  539
 143  541
 144  542
 144  545
 145  546
 145  547
 146  548
 146  549
 148  551
 148  552
 157  561
 158  561
 159  562
 161  562
 162  563
 163  562
 164  562
 165  561
 166  561
 171  556
 172  556
 173  555
 190  555
 196  561
 199  561
 200  560
 201  560
 203  558
 203  557
 207  553
 208  553
 209  552
 211  552
 212  551
 230  551
 231  552
 232  552
 233  553
 234  553
 236  555
 237  555
 241  559
 241  560
 245  564
 245  565
 247  567
 247  568
 248  569
 248  570
 250  572
 250  573
 251  574
 251  575
 252  576
 252  577
 253  578
 253  579
 254  580
 254  581
 255  582
 255  584
 256  585
 256  586
 257  587
 257  588
 258  589
 258  591
 260  593
 260  594
 261  595
 261  596
 262  597
 262  598
 264  600
 264  601
 269  606
 269  607
 270  607
 274  611
 275  611
 276  612
 277  612
 278  613
 280  613
 281  612
 282  612
 287  607
 287  605
 288  604
 288  601
 287  600
 287  596
 286  595
 286  594
 284  592
 284  591
 283  590
 283  589
 277  583
 277  582
 250  555
 250  554
 247  551
 247  550
 246  549
 246  548
 244  546
 244  544
 243  543
 243  541
 242  540
 242  539
 241  538
 241  534
 240  533
 240  518
 241  517
 241  516
 242  515
 242  514
 243  513
 243  512
 247  508
 248  508
 249  507
 251  507
 252  506
 255  506
 256  505
 257  505
 261  501
 261  500
 262  499
 262  498
 263  497
 263  493
 262  492
 262  489
 261  488
 261  469
 262  468
 262  467
 263  466
 263  465
 264  464
 264  463
 269  458
 270  458
 271  457
 272  457
 273  456
 274  456
 276  454
 277  454
 278  453
 279  453
 283  449
 283  448
 284  447
 284  445
 285  444
 285  441
 284  440
 284  437
 282  435
 282  434
 281  433
 281  417
 282  416
 282  415
 289  408
 289  407
 290  406
 290  404
 291  403
 291  400
 290  399
 290  397
 289  396
 289  395
 288  394
 288  393
 287  392
 287  391
 286  390
 286  389
 284  387
 284  386
 283  385
 283  384
 278  379
 277  379
 271  373
 271  372
 270  371
 270  369
 268  367
 268  350
 267  349
 267  347
 257  337
 257  336
 256  335
 255  335
 248  328
 247  328
 244  325
 243  325
 240  322
 239  322
 238  321
 238  306
 239  305
 281  305
 282  304
 288  304
 289  303
 293  303
 294  302
 295  302
 296  301
 297  301
 298  300
 298  299
 299  298
 299  297
 300  296
 300  295
 302  293
 305  293
 310  288
 310  287
 311  286
 311  285
 313  283
 313  282
 314  281
 314  280
 315  279
 315  278
 316  277
 316  276
 317  275
 317  271
 322  266
 323  266
 329  260
 329  259
 330  258
 330  257
 331  256
 331  254
 332  253
 332  252
 333  251
 333  249
 334  248
 334  244
 335  243
 335  239
 336  238
 336  236
 338  234
 338  233
 342  229
 342  228
 343  227
 343  226
 344  225
 344  223
 345  222
 345  220
 346  219
 346  218
 347  217
 347  215
 348  214
 348  213
 349  212
 349  211
 350  210
 350  209
 351  208
 351  207
 356  202
 356  201
 358  199
 358  198
 360  196
 360  195
 361  194
 361  193
 363  191
 363  190
 364  189
 364  188
 366  186
 366  185
 367  184
 367  183
 380  170
 380  169
 383  166
 383  165
 385  163
 385  162
 389  158
 389  157
 390  156
 390  155
 393  152
 393  151
 400  144
 400  143
 402  141
 402  140
 404  138
 404  137
 407  134
 407  133
 409  131
 409  130
 410  129
 410  128
 411  127
 411  126
 412  125
 412  124
 413  123
 413  122
 414  121
 414  118
 415  117
 415  108
 414  107
 414  104
 413  103
 413  102
 411  100
 411   99
 410   98
 409   98
 407   96
 406   96
 404   94
 403   94
 402   93
 401   93
 400   92
 399   92
 397   90
 395   90
 394   89
 393   89
 392   88
 391   88
 390   87
 389   87
 388   86
 386   86
 385   85
 384   85
 383   84
 381   84
 380   83
 378   83
 377   82
 375   82
 374   81
 372   81
 371   80
 369   80
 368   79
 365   79
 364   78
 362   78
 361   77
 358   77
 357   76
 353   76
 352   75
 345   75
 344   74
