 320  118
 319  119
 311  119
 310  120
 304  120
 303  121
 299  121
 298  122
 296  122
 295  123
 292  123
 291  124
 289  124
 288  125
 286  125
 285  126
 283  126
 282  127
 280  127
 279  128
 278  128
 277  129
 276  129
 275  130
 273  130
 272  131
 271  131
 270  132
 269  132
 268  133
 267  133
 266  134
 265  134
 264  135
 263  135
 262  136
 261  136
 260  137
 259  137
 258  138
 257  138
 256  139
 255  139
 253  141
 252  141
 251  142
 250  142
 249  143
 248  143
 246  145
 245  145
 244  146
 243  146
 242  147
 241  147
 240  148
 239  148
 237  150
 236  150
 235  151
 234  151
 233  152
 232  152
 230  154
 229  154
 227  156
 226  156
 224  158
 223  158
 220  161
 219  161
 216  164
 215  164
 212  167
 211  167
 206  172
 205  172
 200  177
 199  177
 191  185
 190  185
 186  189
 185  189
 184  190
 178  190
 176  192
 176  193
 174  195
 174  196
 172  198
 172  199
 165  206
 165  207
 152  220
 152  231
 151  232
 151  233
 149  235
 149  236
 148  237
 148  238
 146  240
 146  241
 145  242
 145  243
 144  244
 144  245
 142  247
 142  248
 141  249
 141  250
 140  251
 140  252
 138  254
 138  255
 137  256
 137  257
 136  258
 136  259
 135  260
 135  261
 134  262
 134  263
 132  265
 132  266
 131  267
 131  268
 130  269
 130  270
 128  272
 128  273
 127  274
 127  275
 125  277
 125  278
 124  279
 124  297
 125  297
 126  298
 133  298
 134  299
 134  314
 133  315
 133  316
 131  318
 126  318
 125  319
 125  336
 127  338
 127  339
 128  340
 128  341
 129  342
 129  343
 130  344
 130  345
 131  346
 131  348
 132  349
 132  350
 133  351
 133  352
 134  353
 134  355
 135  356
 135  357
 136  358
 136  359
 137  360
 137  362
 138  363
 138  365
 139  366
 139  367
 140  368
 140  371
 141  372
 141  374
 142  375
 142  376
 143  377
 143  379
 144  380
 144  383
 145  384
 145  385
 146  386
 146  388
 147  389
 147  392
 148  393
 148  395
 149  396
 149  397
 150  398
 150  401
 151  402
 151  405
 152  406
 152  408
 153  409
 153  410
 154  411
 154  414
 155  415
 155  417
 156  418
 156  420
 157  421
 157  424
 158  425
 158  428
 159  429
 159  430
 160  431
 160  433
 161  434
 161  437
 162  438
 162  439
 163  440
 163  443
 164  444
 164  448
 165  449
 165  451
 166  452
 166  454
 167  455
 167  458
 168  459
 168  461
 169  462
 169  463
 170  464
 170  467
 171  468
 171  470
 172  471
 172  472
 173  473
 173  474
 174  475
 174  477
 175  478
 175  479
 177  481
 177  482
 180  485
 181  485
 183  487
 187  487
 188  488
 192  488
 195  491
 195  492
 196  493
 196  495
 197  496
 197  500
 198  501
 198  504
 199  505
 199  507
 200  508
 200  509
 206  515
 207  515
 208  516
 210  516
 211  515
 212  515
 213  514
 214  514
 217  511
 218  511
 220  509
 221  509
 222  508
 224  508
 225  507
 239  507
 240  508
 241  508
 242  509
 243  509
 247  513
 248  513
 249  514
 250  513
 251  513
 254  510
 273  510
 274  511
 275  511
 286  522
 286  523
 289  526
 289  527
 291  529
 291  530
 292  531
 292  532
 294  534
 294  535
 295  536
 295  537
 297  539
 297  540
 298  541
 298  543
 299  544
 299  545
 300  546
 300  547
 301  548
 301  550
 302  551
 302  552
 303  553
 303  554
 304  555
 304  556
 305  557
 305  559
 307  561
 307  562
 313  568
 314  568
 315  569
 317  569
 318  568
 319  568
 321  566
 322  566
 323  565
 323  564
 325  562
 325  561
 326  560
 326  555
 325  554
 325  551
 324  550
 324  548
 323  547
 323  546
 321  544
 321  543
 301  523
 301  522
 296  517
 296  516
 293  513
 293  512
 289  508
 289  507
 288  506
 288  505
 286  503
 286  502
 285  501
 285  500
 284  499
 284  498
 283  497
 283  496
 282  495
 282  494
 281  493
 281  492
 280  491
 280  488
 279  487
 279  486
 278  485
 278  464
 279  463
 279  462
 280  461
 280  460
 282  458
 282  457
 283  456
 284  456
 286  454
 287  454
 288  453
 289  453
 292  450
 292  449
 293  448
 293  446
 294  445
 294  444
 293  443
 293  441
 292  440
 292  439
 291  438
 291  436
 290  435
 290  417
 296  411
 298  411
 299  410
 300  410
 303  407
 303  405
 302  404
 302  403
 301  402
 301  401
 300  400
 300  399
 299  398
 299  381
 305  375
 305  374
 306  373
 305  372
 305  371
 304  370
 304  368
 302  366
 302  365
 299  362
 299  361
 296  358
 296  357
 294  355
 294  354
 293  353
 293  351
 292  350
 292  348
 291  347
 291  345
 290  344
 290  343
 289  342
 289  341
 282  334
 281  334
 278  331
 277  331
 275  329
 274  329
 273  328
 273  314
 274  313
 278  313
 278  307
 279  306
 289  306
 290  305
 300  305
 301  304
 302  304
 309  297
 309  296
 310  295
 310  294
 313  291
 313  290
 315  288
 315  287
 316  286
 316  285
 317  284
 317  282
 318  281
 318  277
 319  276
 319  274
 320  273
 320  271
 322  269
 322  268
 323  267
 323  265
 324  264
 324  247
 326  245
 326  244
 327  243
 327  242
 328  241
 328  240
 329  239
 329  234
 328  233
 328  217
 329  216
 329  215
 330  214
 330  213
 332  211
 332  210
 333  209
 333  208
 334  207
 334  201
 335  200
 335  193
 338  190
 338  189
 341  186
 341  185
 343  183
 343  181
 344  180
 344  175
 345  174
 345  171
 346  170
 346  169
 347  168
 347  167
 350  164
 350  163
 351  162
 351  160
 352  159
 352  158
 353  157
 353  153
 354  152
 354  147
 355  146
 355  145
 356  144
 356  143
 357  142
 357  140
 356  139
 356  135
 355  134
 355  131
 354  130
 354  128
 350  124
 349  124
 348  123
 347  123
 346  122
 345  122
 344  121
 342  121
 341  120
 338  120
 337  119
 333  119
 332  118
