 332  132
 331  133
 326  133
 325  134
 322  134
 321  135
 319  135
 318  136
 315  136
 314  137
 313  137
 312  138
 309  138
 308  139
 307  139
 306  140
 304  140
 303  141
 302  141
 301  142
 299  142
 298  143
 297  143
 296  144
 295  144
 294  145
 293  145
 292  146
 291  146
 290  147
 288  147
 287  148
 286  148
 285  149
 284  149
 283  150
 282  150
 281  151
 280  151
 278  153
 277  153
 276  154
 275  154
 274  155
 273  155
 271  157
 270  157
 269  158
 268  158
 266  160
 265  160
 264  161
 263  161
 261  163
 260  163
 258  165
 257  165
 255  167
 254  167
 251  170
 250  170
 246  174
 245  174
 242  177
 241  177
 238  180
 237  180
 230  187
 229  187
 221  195
 220  195
 213  202
 213  203
 211  205
 210  205
 199  216
 199  217
 183  233
 183  234
 179  238
 179  239
 175  243
 175  244
 173  246
 173  247
 168  252
 168  253
 164  257
 164  258
 161  261
 161  262
 158  265
 158  266
 155  269
 155  270
 154  271
 154  272
 152  274
 152  275
 151  276
 151  277
 149  279
 149  280
 148  281
 148  282
 145  285
 145  287
 143  289
 143  290
 142  291
 142  292
 141  293
 141  294
 140  295
 140  296
 139  297
 139  299
 138  300
 138  301
 137  302
 137  303
 136  304
 136  305
 135  306
 135  308
 134  309
 134  310
 132  312
 132  314
 131  315
 131  316
 130  317
 129  317
 128  318
 123  318
 122  319
 122  335
 123  336
 131  336
 132  337
 132  351
 131  352
 131  353
 130  354
 130  358
 129  359
 129  375
 128  376
 126  376
 124  378
 124  417
 125  418
 125  422
 126  423
 126  425
 127  426
 127  428
 128  429
 128  434
 129  435
 129  437
 130  438
 130  439
 131  440
 131  443
 132  444
 132  445
 133  446
 133  447
 134  448
 134  450
 135  451
 135  454
 136  455
 136  457
 137  458
 137  462
 138  463
 138  471
 139  472
 139  476
 140  477
 140  478
 141  479
 141  482
 142  483
 142  487
 143  488
 143  490
 146  493
 147  493
 151  497
 151  498
 153  500
 153  501
 154  502
 154  503
 155  504
 155  506
 156  507
 156  508
 157  509
 157  510
 158  511
 158  512
 159  513
 159  514
 160  515
 160  516
 161  517
 161  518
 162  519
 162  520
 163  521
 163  522
 164  523
 164  524
 166  526
 166  527
 167  528
 167  530
 168  531
 168  532
 170  534
 170  535
 171  536
 171  537
 172  538
 172  540
 174  542
 174  543
 176  545
 176  546
 183  553
 185  553
 186  554
 201  554
 202  555
 205  555
 206  556
 210  556
 211  555
 217  555
 218  554
 224  554
 225  553
 228  553
 229  552
 230  552
 231  551
 232  551
 234  549
 234  548
 235  547
 235  545
 236  544
 236  541
 237  540
 237  537
 238  536
 238  533
 239  532
 239  531
 240  530
 241  530
 242  529
 244  529
 245  528
 246  528
 247  527
 249  527
 250  526
 251  526
 252  525
 253  525
 257  521
 257  520
 258  519
 258  500
 264  494
 265  494
 268  491
 268  490
 271  487
 271  471
 272  470
 272  468
 274  466
 274  465
 277  462
 277  461
 278  460
 278  429
 260  411
 259  411
 255  407
 254  407
 251  404
 250  404
 247  401
 246  401
 243  398
 242  398
 239  395
 238  395
 235  392
 234  392
 231  389
 230  389
 228  387
 227  387
 226  386
 226  372
 227  371
 250  371
 250  370
 251  369
 253  369
 254  368
 259  368
 260  367
 262  367
 263  366
 264  366
 265  365
 266  365
 267  364
 269  364
 270  363
 272  363
 273  362
 277  362
 278  361
 279  361
 283  357
 283  356
 286  353
 287  353
 289  351
 289  350
 290  349
 290  348
 291  347
 291  345
 292  344
 292  341
 293  340
 293  338
 295  336
 296  336
 299  333
 299  332
 300  331
 300  330
 301  329
 301  322
 302  321
 302  314
 303  313
 303  311
 304  310
 304  309
 305  308
 305  307
 306  306
 306  305
 307  304
 307  303
 308  302
 308  297
 309  296
 309  282
 310  281
 310  279
 311  278
 311  276
 312  275
 312  274
 314  272
 314  271
 315  270
 315  269
 316  268
 316  267
 317  266
 317  264
 318  263
 318  250
 319  249
 319  245
 320  244
 320  243
 321  242
 321  241
 322  240
 322  239
 325  236
 325  234
 327  232
 327  230
 328  229
 328  225
 329  224
 329  222
 330  221
 330  219
 331  218
 331  216
 332  215
 332  214
 334  212
 334  211
 336  209
 336  208
 338  206
 338  205
 341  202
 341  201
 342  200
 342  199
 344  197
 344  196
 345  195
 345  194
 346  193
 346  192
 347  191
 347  190
 348  189
 348  187
 349  186
 349  185
 350  184
 350  183
 351  182
 351  180
 352  179
 352  177
 353  176
 353  175
 354  174
 354  172
 355  171
 355  169
 356  168
 356  166
 357  165
 357  163
 358  162
 358  156
 359  155
 359  147
 358  146
 358  142
 357  141
 357  140
 355  138
 355  137
 352  134
 351  134
 350  133
 346  133
 345  132
