 321  158
 320  159
 318  159
 317  160
 314  160
 313  161
 312  161
 311  162
 309  162
 308  163
 306  163
 305  164
 304  164
 303  165
 301  165
 300  166
 299  166
 298  167
 297  167
 296  168
 295  168
 294  169
 293  169
 292  170
 291  170
 290  171
 289  171
 288  172
 287  172
 286  173
 285  173
 284  174
 283  174
 282  175
 281  175
 280  176
 279  176
 277  178
 276  178
 275  179
 274  179
 272  181
 271  181
 270  182
 269  182
 267  184
 266  184
 264  186
 263  186
 260  189
 259  189
 257  191
 256  191
 252  195
 251  195
 249  197
 248  197
 244  201
 243  201
 239  205
 238  205
 234  209
 233  209
 230  212
 229  212
 223  218
 222  218
 217  223
 216  223
 210  229
 209  229
 200  238
 199  238
 169  268
 169  269
 161  277
 161  278
 155  284
 155  285
 151  289
 151  290
 148  293
 148  294
 145  297
 145  298
 142  301
 142  302
 141  303
 141  304
 138  307
 138  308
 135  311
 135  312
 132  315
 132  316
 128  320
 128  321
 126  323
 126  324
 125  325
 125  326
 123  328
 123  329
 121  331
 121  332
 119  334
 118  334
 116  336
 116  353
 117  354
 126  354
 127  355
 127  369
 126  370
 126  371
 125  372
 125  373
 124  374
 124  380
 123  381
 119  381
 118  382
 118  411
 119  412
 119  413
 120  414
 120  416
 121  417
 121  420
 122  421
 122  422
 123  423
 123  424
 124  425
 124  427
 125  428
 125  430
 126  431
 126  432
 127  433
 127  436
 128  437
 128  438
 129  439
 129  440
 130  441
 130  442
 131  443
 131  444
 132  445
 132  446
 134  448
 134  449
 135  450
 135  451
 137  453
 137  454
 138  455
 138  456
 139  457
 139  458
 142  461
 142  462
 145  465
 145  466
 148  469
 148  470
 153  475
 153  476
 157  480
 157  481
 162  486
 162  487
 174  499
 175  499
 176  500
 177  500
 180  503
 181  503
 182  504
 183  504
 185  506
 186  506
 189  509
 189  510
 191  512
 191  513
 192  514
 192  515
 193  516
 193  517
 194  518
 194  519
 195  520
 195  521
 196  522
 196  523
 199  526
 199  527
 200  527
 202  529
 204  527
 204  526
 210  520
 211  520
 212  519
 220  519
 221  518
 224  518
 228  514
 228  513
 230  511
 230  510
 236  504
 237  504
 238  503
 240  503
 241  502
 243  502
 244  501
 245  501
 246  500
 247  500
 248  499
 249  499
 249  498
 250  497
 250  496
 252  494
 252  493
 253  492
 253  490
 256  487
 256  486
 259  483
 259  482
 262  479
 263  479
 265  477
 266  477
 270  473
 270  453
 271  452
 271  450
 273  448
 273  447
 276  444
 276  443
 277  442
 277  426
 278  425
 278  419
 277  418
 277  416
 276  415
 276  411
 275  410
 275  407
 274  406
 274  404
 273  403
 273  402
 270  399
 270  398
 266  394
 265  394
 262  391
 261  391
 260  390
 259  390
 257  388
 256  388
 255  387
 254  387
 253  386
 252  386
 251  385
 250  385
 249  384
 248  384
 247  383
 247  369
 248  368
 276  368
 277  367
 287  367
 288  366
 290  366
 297  359
 298  359
 304  353
 304  352
 307  349
 307  348
 310  345
 310  344
 311  343
 311  341
 313  339
 313  338
 314  337
 314  335
 315  334
 315  333
 316  332
 316  331
 317  330
 317  329
 318  328
 318  327
 320  325
 320  324
 321  323
 321  322
 324  319
 324  317
 325  316
 325  315
 326  314
 326  313
 327  312
 327  309
 328  308
 328  304
 329  303
 329  302
 330  301
 330  299
 331  298
 331  297
 332  296
 332  295
 333  294
 333  293
 334  292
 334  291
 335  290
 335  289
 336  288
 336  287
 337  286
 337  285
 338  284
 338  282
 339  281
 339  280
 340  279
 340  278
 341  277
 341  275
 342  274
 342  273
 343  272
 343  271
 344  270
 344  269
 345  268
 345  267
 346  266
 346  265
 347  264
 347  263
 348  262
 348  261
 349  260
 349  259
 350  258
 350  257
 351  256
 351  254
 352  253
 352  252
 353  251
 353  250
 354  249
 354  247
 355  246
 355  244
 356  243
 356  242
 357  241
 357  238
 358  237
 358  234
 359  233
 359  232
 360  231
 360  230
 361  229
 361  226
 362  225
 362  221
 363  220
 363  218
 364  217
 364  193
 363  192
 363  190
 362  189
 362  186
 361  185
 361  181
 360  180
 360  178
 359  177
 359  176
 358  175
 358  173
 357  172
 357  170
 355  168
 355  167
 352  164
 351  164
 350  163
 349  163
 348  162
 346  162
 344  160
 342  160
 341  159
 338  159
 337  158
