 342  107
 341  108
 335  108
 334  109
 330  109
 329  110
 324  110
 323  111
 321  111
 320  112
 317  112
 316  113
 314  113
 313  114
 310  114
 309  115
 308  115
 307  116
 305  116
 304  117
 302  117
 301  118
 300  118
 299  119
 297  119
 296  120
 295  120
 294  121
 292  121
 291  122
 290  122
 289  123
 288  123
 287  124
 285  124
 284  125
 283  125
 282  126
 281  126
 280  127
 279  127
 278  128
 277  128
 275  130
 274  130
 273  131
 272  131
 270  133
 269  133
 267  135
 266  135
 265  136
 264  136
 262  138
 261  138
 259  140
 258  140
 255  143
 254  143
 252  145
 251  145
 249  147
 248  147
 245  150
 244  150
 241  153
 240  153
 236  157
 235  157
 233  159
 232  159
 226  165
 225  165
 220  170
 219  170
 215  174
 214  174
 210  178
 209  178
 207  180
 206  180
 204  182
 203  182
 198  187
 197  187
 191  193
 190  193
 188  195
 187  195
 182  200
 181  200
 177  204
 176  204
 172  208
 171  208
 162  217
 161  217
 126  252
 126  253
 125  254
 125  255
 123  257
 122  257
 120  259
 120  260
 118  262
 117  262
 117  263
 116  264
 116  276
 117  277
 118  277
 119  278
 119  293
 118  294
 118  296
 117  297
 117  298
 116  299
 116  321
 115  322
 112  322
 110  324
 110  327
 111  328
 111  329
 112  330
 112  331
 113  332
 113  333
 116  336
 116  337
 117  338
 117  339
 118  340
 118  341
 120  343
 120  346
 122  348
 122  349
 123  350
 123  352
 124  353
 124  354
 126  356
 126  358
 127  359
 127  360
 128  361
 128  362
 129  363
 129  365
 130  366
 130  368
 131  369
 131  370
 133  372
 133  374
 134  375
 134  376
 136  378
 136  380
 137  381
 137  382
 138  383
 138  384
 139  385
 139  387
 140  388
 140  390
 141  391
 141  392
 142  393
 142  394
 143  395
 143  398
 144  399
 144  400
 145  401
 145  402
 146  403
 146  404
 147  405
 147  406
 148  407
 148  408
 150  410
 150  412
 151  413
 151  415
 152  416
 152  417
 153  418
 153  425
 154  426
 154  429
 155  430
 155  431
 156  432
 156  434
 157  435
 157  437
 159  439
 159  440
 162  443
 164  443
 165  444
 167  444
 169  446
 170  446
 172  448
 172  463
 171  464
 170  464
 169  465
 168  465
 163  470
 163  471
 162  472
 162  473
 163  474
 163  479
 164  480
 164  481
 165  482
 165  483
 170  488
 171  488
 172  489
 173  489
 174  490
 176  490
 177  491
 178  491
 179  492
 180  492
 181  493
 183  493
 184  494
 185  494
 186  495
 187  495
 190  498
 190  522
 193  525
 193  526
 197  530
 198  530
 199  531
 201  531
 202  530
 202  529
 204  527
 204  526
 205  525
 206  525
 207  524
 223  524
 224  525
 226  525
 231  530
 231  531
 232  532
 232  533
 232  532
 233  531
 233  527
 237  523
 238  523
 239  522
 257  522
 258  523
 260  523
 262  525
 263  525
 264  526
 265  526
 267  528
 268  528
 277  537
 277  538
 280  541
 280  542
 281  543
 281  544
 283  546
 283  547
 284  548
 284  549
 286  551
 286  552
 286  551
 285  550
 285  549
 283  547
 283  545
 280  542
 280  541
 279  540
 279  539
 276  536
 276  535
 273  532
 273  530
 272  529
 272  528
 270  526
 270  525
 269  524
 269  523
 267  521
 267  520
 266  519
 266  518
 265  517
 265  516
 263  514
 263  512
 262  511
 262  510
 260  508
 260  506
 259  505
 259  483
 260  482
 260  481
 261  480
 261  479
 262  478
 262  477
 267  472
 268  472
 269  471
 270  471
 271  470
 272  470
 273  469
 274  469
 276  467
 276  466
 277  465
 276  464
 276  462
 275  461
 275  460
 273  458
 273  456
 272  455
 272  440
 273  439
 273  435
 274  434
 274  433
 275  432
 275  431
 276  430
 276  428
 279  425
 279  424
 286  417
 286  414
 283  411
 283  410
 280  407
 280  388
 281  387
 281  386
 282  385
 282  384
 283  383
 283  381
 285  379
 285  378
 286  377
 286  376
 289  373
 289  369
 287  367
 287  366
 286  365
 286  363
 283  360
 283  359
 281  357
 280  357
 278  355
 278  354
 270  346
 270  345
 269  344
 269  343
 266  340
 264  340
 263  339
 262  339
 260  337
 260  336
 259  335
 259  315
 260  314
 272  314
 273  313
 276  313
 278  311
 279  311
 280  310
 281  310
 282  309
 285  309
 286  308
 291  308
 292  307
 293  307
 294  306
 295  306
 297  304
 297  303
 298  302
 299  302
 301  300
 302  300
 303  299
 304  299
 306  297
 306  296
 309  293
 310  293
 311  292
 312  292
 315  289
 315  288
 316  287
 316  284
 317  283
 317  280
 319  278
 320  278
 322  276
 322  274
 323  273
 323  269
 324  268
 324  267
 325  266
 325  264
 326  263
 326  262
 327  261
 327  260
 329  258
 329  257
 330  256
 330  255
 331  254
 331  253
 332  252
 332  249
 333  248
 333  245
 334  244
 334  242
 335  241
 335  239
 336  238
 336  234
 337  233
 337  231
 338  230
 338  228
 339  227
 339  225
 340  224
 340  221
 341  220
 341  219
 342  218
 342  216
 343  215
 343  210
 344  209
 344  208
 345  207
 345  205
 346  204
 346  201
 347  200
 347  197
 348  196
 348  194
 349  193
 349  190
 350  189
 350  184
 351  183
 351  182
 352  181
 352  180
 353  179
 353  175
 354  174
 354  173
 355  172
 355  170
 356  169
 356  165
 357  164
 357  160
 358  159
 358  158
 359  157
 359  155
 360  154
 360  151
 362  149
 362  147
 363  146
 363  142
 364  141
 364  139
 365  138
 365  137
 366  136
 366  133
 367  132
 367  130
 368  129
 368  128
 369  127
 369  124
 370  123
 370  116
 369  115
 369  114
 367  112
 366  112
 365  111
 364  111
 363  110
 360  110
 359  109
 357  109
 356  108
 349  108
 348  107
