 323  120
 322  121
 312  121
 311  122
 308  122
 307  123
 304  123
 303  124
 301  124
 300  125
 297  125
 296  126
 294  126
 293  127
 291  127
 290  128
 287  128
 286  129
 285  129
 284  130
 283  130
 282  131
 281  131
 280  132
 278  132
 276  134
 274  134
 273  135
 272  135
 271  136
 270  136
 269  137
 268  137
 267  138
 266  138
 265  139
 264  139
 263  140
 262  140
 261  141
 260  141
 258  143
 256  143
 254  145
 253  145
 252  146
 251  146
 249  148
 248  148
 246  150
 245  150
 243  152
 242  152
 239  155
 238  155
 234  159
 233  159
 229  163
 228  163
 224  167
 223  167
 220  170
 220  171
 219  172
 218  172
 217  173
 217  174
 214  177
 213  177
 202  188
 201  188
 188  201
 188  202
 187  203
 187  204
 184  207
 184  208
 179  213
 179  214
 173  220
 173  221
 169  225
 169  226
 167  228
 167  229
 166  230
 166  231
 164  233
 164  234
 160  238
 160  239
 159  240
 159  241
 157  243
 157  244
 155  246
 155  247
 153  249
 153  250
 150  253
 150  255
 149  256
 149  257
 147  259
 147  260
 146  261
 146  262
 143  265
 143  266
 140  269
 140  270
 139  271
 139  273
 138  274
 138  275
 137  276
 137  277
 136  278
 136  300
 137  301
 142  301
 143  302
 143  316
 142  317
 142  318
 141  319
 141  324
 142  325
 142  326
 143  327
 143  330
 144  331
 144  333
 145  334
 145  336
 146  337
 146  341
 147  342
 147  344
 148  345
 148  346
 149  347
 149  352
 150  353
 150  355
 151  356
 151  358
 152  359
 152  361
 153  362
 153  364
 154  365
 154  366
 155  367
 155  369
 156  370
 156  373
 157  374
 157  376
 158  377
 158  378
 159  379
 159  380
 160  381
 160  383
 161  384
 161  385
 163  387
 163  388
 165  390
 165  391
 166  392
 166  393
 167  394
 167  395
 169  397
 169  398
 170  399
 170  401
 171  402
 171  404
 172  405
 172  406
 173  407
 173  410
 174  411
 174  412
 175  413
 175  414
 176  415
 176  417
 177  418
 177  420
 178  421
 178  422
 179  423
 179  424
 180  425
 180  426
 181  427
 181  428
 185  432
 185  433
 190  438
 190  439
 191  440
 191  441
 194  444
 194  445
 196  447
 197  447
 199  449
 200  449
 201  450
 202  450
 203  451
 204  451
 206  453
 206  454
 208  456
 208  457
 209  458
 209  459
 211  461
 211  462
 212  463
 212  465
 213  466
 213  469
 214  470
 214  472
 215  473
 215  475
 216  476
 216  480
 217  481
 217  483
 218  484
 233  484
 234  485
 235  485
 238  488
 239  487
 258  487
 264  493
 264  494
 266  496
 266  497
 267  498
 267  499
 270  502
 270  503
 273  506
 273  507
 274  508
 274  509
 277  512
 277  513
 280  516
 280  517
 287  524
 287  525
 288  526
 289  526
 290  527
 290  528
 294  532
 294  533
 295  534
 296  534
 305  543
 306  543
 309  546
 310  546
 313  549
 314  549
 316  551
 317  551
 319  553
 317  551
 316  551
 311  546
 310  546
 301  537
 300  537
 299  536
 299  535
 292  528
 292  527
 289  524
 289  523
 286  520
 286  519
 283  516
 283  515
 280  512
 280  511
 277  508
 277  507
 276  506
 276  505
 275  504
 275  503
 271  499
 271  498
 270  497
 270  496
 268  494
 268  493
 265  490
 265  489
 264  488
 264  487
 263  486
 263  485
 262  484
 262  483
 261  482
 261  481
 260  480
 260  479
 259  478
 259  477
 258  476
 258  475
 257  474
 257  473
 256  472
 256  457
 259  454
 259  453
 261  451
 261  450
 269  442
 270  442
 271  441
 272  441
 274  439
 272  437
 272  435
 271  434
 271  433
 269  431
 269  412
 270  411
 270  410
 271  409
 271  408
 272  407
 272  406
 273  405
 273  404
 275  402
 275  401
 278  398
 278  397
 283  392
 283  391
 284  390
 284  385
 285  384
 285  380
 286  379
 286  377
 287  376
 287  375
 289  373
 289  371
 292  368
 292  357
 290  355
 290  354
 287  351
 287  350
 286  349
 286  347
 285  346
 285  345
 271  331
 270  331
 269  330
 268  330
 267  329
 267  314
 268  313
 279  313
 280  312
 284  312
 285  311
 288  311
 289  310
 292  310
 293  309
 294  309
 297  306
 297  305
 298  304
 298  303
 302  299
 302  297
 303  296
 303  295
 306  292
 306  291
 308  289
 308  288
 309  287
 309  283
 310  282
 310  280
 311  279
 311  277
 312  276
 312  271
 313  270
 313  268
 315  266
 315  265
 316  264
 316  262
 317  261
 317  259
 318  258
 318  256
 319  255
 319  243
 320  242
 320  241
 321  240
 321  239
 322  238
 322  236
 323  235
 323  230
 324  229
 324  224
 325  223
 325  217
 326  216
 326  212
 327  211
 327  210
 328  209
 328  206
 329  205
 329  199
 330  198
 330  194
 331  193
 331  191
 332  190
 332  187
 333  186
 333  183
 334  182
 334  180
 335  179
 335  177
 336  176
 336  172
 337  171
 337  169
 338  168
 338  167
 339  166
 339  162
 340  161
 340  156
 341  155
 341  152
 342  151
 342  146
 343  145
 343  137
 344  136
 344  133
 345  132
 345  129
 344  128
 344  127
 343  126
 343  125
 340  122
 338  122
 337  121
 333  121
 332  120
