 344  102
 343  103
 336  103
 335  104
 330  104
 329  105
 325  105
 324  106
 322  106
 321  107
 318  107
 317  108
 316  108
 315  109
 312  109
 311  110
 310  110
 309  111
 307  111
 306  112
 305  112
 304  113
 302  113
 301  114
 300  114
 299  115
 298  115
 297  116
 295  116
 294  117
 293  117
 292  118
 291  118
 290  119
 289  119
 288  120
 287  120
 286  121
 285  121
 284  122
 283  122
 282  123
 281  123
 280  124
 279  124
 277  126
 276  126
 275  127
 274  127
 273  128
 272  128
 271  129
 270  129
 268  131
 267  131
 265  133
 264  133
 263  134
 262  134
 260  136
 259  136
 257  138
 256  138
 254  140
 253  140
 251  142
 250  142
 247  145
 246  145
 244  147
 243  147
 240  150
 239  150
 237  152
 236  152
 233  155
 232  155
 228  159
 227  159
 224  162
 223  162
 220  165
 219  165
 217  167
 216  167
 213  170
 212  170
 209  173
 208  173
 203  178
 202  178
 199  181
 198  181
 190  189
 189  189
 183  195
 182  195
 129  248
 129  249
 127  251
 127  252
 124  255
 124  256
 121  259
 121  260
 119  262
 119  263
 113  269
 111  269
 110  270
 110  271
 109  272
 109  300
 111  302
 114  302
 115  303
 115  318
 114  319
 114  320
 112  322
 111  322
 110  323
 110  328
 111  329
 111  330
 112  331
 112  333
 113  334
 113  335
 114  336
 114  338
 115  339
 115  341
 117  343
 117  345
 118  346
 118  348
 119  349
 119  350
 120  351
 120  353
 121  354
 121  356
 123  358
 123  359
 124  360
 124  362
 125  363
 125  365
 127  367
 127  369
 128  370
 128  372
 130  374
 130  375
 131  376
 131  379
 133  381
 133  382
 134  383
 134  385
 135  386
 135  387
 136  388
 136  389
 137  390
 137  392
 138  393
 138  395
 139  396
 139  397
 140  398
 140  399
 141  400
 141  402
 142  403
 142  405
 143  406
 143  407
 144  408
 144  411
 145  412
 145  413
 146  414
 146  415
 147  416
 147  418
 148  419
 148  420
 149  421
 149  422
 150  423
 150  425
 151  426
 151  429
 152  430
 152  431
 153  432
 153  434
 154  435
 154  439
 155  440
 155  441
 156  442
 156  443
 157  444
 157  448
 158  449
 158  452
 159  453
 159  454
 160  455
 160  457
 161  458
 161  462
 162  463
 162  465
 163  466
 163  467
 164  468
 164  471
 165  472
 165  473
 166  474
 166  475
 167  476
 167  479
 168  480
 168  484
 170  486
 170  487
 171  488
 171  492
 172  493
 172  494
 174  496
 174  498
 176  500
 176  501
 177  502
 177  503
 178  504
 178  505
 179  506
 179  507
 180  508
 180  509
 181  510
 181  511
 182  512
 183  512
 184  513
 185  513
 186  514
 187  514
 189  516
 189  531
 188  532
 188  536
 195  543
 196  543
 197  544
 198  544
 199  545
 200  545
 201  546
 202  546
 205  543
 205  542
 208  539
 225  539
 231  545
 232  545
 232  544
 233  543
 233  540
 234  539
 234  538
 238  534
 258  534
 259  535
 261  535
 262  536
 264  536
 266  538
 267  538
 269  540
 270  540
 278  548
 278  549
 282  553
 282  554
 285  557
 285  559
 287  561
 287  562
 288  563
 288  565
 290  567
 290  568
 291  569
 291  572
 292  573
 292  575
 294  577
 294  578
 295  579
 295  580
 296  581
 296  582
 297  583
 299  583
 299  581
 298  580
 298  579
 297  578
 297  576
 295  574
 295  573
 294  572
 294  571
 293  570
 293  569
 291  567
 291  566
 290  565
 290  564
 288  562
 288  561
 287  560
 287  559
 284  556
 284  554
 280  550
 280  549
 277  546
 277  545
 274  542
 274  541
 273  540
 273  539
 270  536
 270  535
 267  532
 267  530
 266  529
 266  528
 264  526
 264  525
 263  524
 263  523
 261  521
 261  520
 260  519
 260  517
 257  514
 257  511
 256  510
 256  509
 255  508
 255  507
 254  506
 254  487
 255  486
 255  485
 261  479
 262  479
 263  478
 265  478
 266  477
 269  477
 270  476
 271  476
 273  474
 273  472
 271  470
 271  469
 270  468
 270  467
 269  466
 269  465
 267  463
 267  445
 268  444
 268  443
 270  441
 270  440
 276  434
 277  434
 278  433
 280  433
 284  429
 284  427
 283  426
 283  425
 280  422
 280  421
 277  418
 277  416
 275  414
 275  399
 276  398
 276  397
 277  396
 277  393
 279  391
 279  390
 282  387
 283  387
 286  384
 286  382
 284  380
 284  379
 283  378
 283  377
 277  371
 277  352
 276  351
 276  350
 274  348
 274  347
 270  343
 270  342
 265  337
 264  337
 260  333
 259  333
 258  332
 257  332
 256  331
 256  317
 257  316
 263  316
 263  314
 264  313
 272  313
 273  312
 274  312
 275  311
 276  311
 277  310
 279  310
 280  309
 284  309
 285  308
 291  308
 292  307
 296  307
 297  306
 299  306
 314  291
 314  290
 315  289
 316  289
 317  288
 317  287
 321  283
 321  280
 322  279
 322  278
 323  277
 323  275
 324  274
 324  270
 325  269
 325  268
 327  266
 327  264
 328  263
 328  262
 330  260
 330  259
 331  258
 331  253
 332  252
 332  250
 333  249
 333  247
 334  246
 334  242
 335  241
 335  240
 336  239
 336  238
 337  237
 337  236
 338  235
 338  233
 340  231
 340  229
 341  228
 341  218
 342  217
 342  213
 343  212
 343  210
 344  209
 344  206
 346  204
 346  203
 347  202
 347  198
 348  197
 348  190
 349  189
 349  186
 350  185
 350  182
 351  181
 351  178
 352  177
 352  175
 353  174
 353  173
 354  172
 354  165
 355  164
 355  162
 356  161
 356  160
 357  159
 357  157
 358  156
 358  155
 360  153
 360  151
 361  150
 361  147
 362  146
 362  144
 363  143
 363  140
 364  139
 364  136
 365  135
 365  134
 366  133
 366  132
 367  131
 367  128
 368  127
 368  123
 369  122
 369  120
 370  119
 370  116
 371  115
 371  110
 368  107
 367  107
 366  106
 365  106
 364  105
 362  105
 361  104
 358  104
 357  103
 351  103
 350  102
