 322   89
 321   90
 314   90
 313   91
 308   91
 307   92
 305   92
 304   93
 300   93
 299   94
 298   94
 297   95
 294   95
 293   96
 292   96
 291   97
 289   97
 288   98
 286   98
 285   99
 284   99
 283  100
 281  100
 280  101
 279  101
 278  102
 277  102
 276  103
 275  103
 274  104
 272  104
 270  106
 269  106
 268  107
 267  107
 266  108
 265  108
 264  109
 263  109
 262  110
 261  110
 260  111
 259  111
 257  113
 256  113
 255  114
 254  114
 253  115
 252  115
 250  117
 249  117
 248  118
 247  118
 246  119
 245  119
 243  121
 242  121
 241  122
 240  122
 238  124
 237  124
 235  126
 234  126
 233  127
 232  127
 230  129
 229  129
 227  131
 226  131
 224  133
 223  133
 219  137
 218  137
 213  142
 212  142
 203  151
 202  151
 186  167
 186  168
 178  176
 178  177
 172  183
 172  184
 166  190
 166  191
 161  196
 161  197
 158  200
 158  201
 154  205
 154  206
 151  209
 151  210
 148  213
 148  214
 145  217
 145  218
 142  221
 142  222
 140  224
 140  225
 138  227
 138  228
 135  231
 135  232
 132  235
 132  236
 131  237
 131  238
 128  241
 128  243
 125  246
 125  248
 123  250
 123  251
 121  253
 121  255
 118  258
 118  261
 115  264
 115  266
 112  269
 112  282
 111  283
 109  283
 108  284
 108  297
 109  298
 115  298
 116  299
 116  315
 114  317
 114  318
 112  320
 111  320
 109  322
 109  331
 110  332
 110  333
 112  335
 112  336
 113  336
 118  341
 118  343
 120  345
 120  346
 121  347
 121  350
 122  351
 122  354
 123  355
 123  356
 124  357
 124  360
 125  361
 125  364
 126  365
 126  366
 127  367
 127  369
 128  370
 128  374
 129  375
 129  376
 130  377
 130  379
 131  380
 131  383
 132  384
 132  386
 133  387
 133  388
 134  389
 134  393
 135  394
 135  396
 136  397
 136  398
 137  399
 137  400
 138  401
 138  405
 139  406
 139  407
 140  408
 140  411
 141  412
 141  417
 142  418
 142  420
 143  421
 143  422
 144  423
 144  425
 145  426
 145  429
 146  430
 146  431
 147  432
 147  433
 148  434
 148  437
 149  438
 149  439
 150  440
 150  441
 152  443
 152  444
 155  447
 155  448
 156  449
 156  450
 158  452
 158  453
 159  454
 160  454
 161  455
 162  455
 165  458
 165  475
 164  476
 164  478
 163  479
 163  482
 164  483
 164  486
 165  487
 165  496
 166  497
 174  497
 175  498
 176  498
 178  500
 178  512
 179  513
 179  514
 182  517
 183  517
 184  518
 185  518
 186  519
 187  518
 189  518
 190  517
 192  517
 193  516
 194  516
 196  514
 197  514
 198  513
 199  513
 200  512
 201  512
 202  511
 219  511
 220  512
 221  512
 222  513
 223  513
 224  514
 226  514
 227  513
 245  513
 246  514
 247  514
 249  516
 250  516
 254  520
 255  520
 258  523
 258  524
 263  529
 263  530
 266  533
 266  534
 269  537
 269  539
 271  541
 271  542
 272  543
 272  545
 274  547
 274  548
 275  549
 275  551
 276  552
 276  554
 277  555
 277  556
 278  557
 278  559
 279  560
 279  563
 280  564
 280  565
 281  566
 281  569
 282  570
 282  573
 283  574
 283  575
 284  576
 284  578
 285  579
 285  582
 286  583
 286  585
 288  587
 288  588
 289  589
 289  590
 290  591
 290  592
 293  595
 294  595
 297  598
 298  598
 299  599
 300  599
 304  595
 304  594
 306  592
 306  591
 307  590
 307  582
 306  581
 306  580
 305  579
 305  578
 304  577
 304  575
 302  573
 302  572
 301  571
 301  570
 294  563
 294  562
 288  556
 288  555
 285  552
 285  551
 281  547
 281  546
 277  542
 277  541
 271  535
 271  534
 270  533
 270  532
 268  530
 268  529
 267  528
 267  527
 265  525
 265  524
 264  523
 264  522
 263  521
 263  520
 261  518
 261  516
 260  515
 260  514
 259  513
 259  512
 258  511
 258  509
 257  508
 257  505
 255  503
 255  501
 254  500
 254  495
 253  494
 253  473
 254  472
 254  470
 255  469
 255  468
 257  466
 257  465
 264  458
 265  458
 271  452
 271  428
 273  426
 273  425
 274  424
 274  423
 278  419
 278  418
 279  417
 280  417
 282  415
 283  415
 285  413
 287  413
 288  412
 289  412
 293  408
 293  407
 292  406
 292  405
 291  404
 291  402
 290  401
 290  399
 289  398
 289  383
 290  382
 290  380
 291  379
 291  378
 294  375
 294  374
 297  371
 297  369
 296  368
 296  367
 294  365
 294  364
 291  361
 291  360
 280  349
 280  348
 278  346
 278  344
 277  343
 277  337
 276  336
 276  333
 275  332
 275  331
 274  330
 274  329
 269  324
 268  324
 266  322
 265  322
 262  319
 261  319
 259  317
 259  316
 258  315
 258  301
 259  300
 283  300
 284  299
 289  299
 290  298
 309  298
 311  296
 311  294
 312  293
 312  291
 313  290
 313  287
 314  286
 314  284
 315  283
 315  282
 318  279
 318  278
 319  277
 319  276
 320  275
 320  274
 321  273
 321  268
 322  267
 322  264
 323  263
 323  260
 324  259
 324  256
 325  255
 325  254
 327  252
 327  251
 328  250
 328  249
 329  248
 329  247
 330  246
 330  245
 331  244
 331  238
 332  237
 332  224
 333  223
 333  221
 334  220
 334  218
 335  217
 335  215
 336  214
 336  213
 337  212
 337  192
 338  191
 338  188
 339  187
 339  186
 340  185
 340  183
 341  182
 341  174
 342  173
 342  171
 343  170
 343  169
 344  168
 344  166
 345  165
 345  164
 347  162
 347  160
 348  159
 348  157
 350  155
 350  153
 351  152
 351  150
 352  149
 352  148
 354  146
 354  145
 355  144
 355  143
 357  141
 357  140
 358  139
 358  138
 359  137
 359  136
 360  135
 360  134
 361  133
 361  131
 362  130
 362  129
 363  128
 363  127
 364  126
 364  125
 365  124
 365  123
 367  121
 367  120
 368  119
 368  117
 369  116
 369  115
 370  114
 370  113
 371  112
 371  108
 372  107
 372  101
 371  100
 371   99
 369   97
 368   97
 366   95
 364   95
 363   94
 362   94
 361   93
 359   93
 358   92
 355   92
 354   91
 350   91
 349   90
 343   90
 342   89
