 344   95
 343   96
 339   96
 338   97
 334   97
 333   98
 330   98
 329   99
 327   99
 326  100
 323  100
 322  101
 321  101
 320  102
 319  102
 318  103
 317  103
 316  104
 315  104
 314  105
 313  105
 312  106
 310  106
 309  107
 308  107
 307  108
 306  108
 305  109
 304  109
 303  110
 302  110
 301  111
 300  111
 299  112
 298  112
 297  113
 296  113
 295  114
 294  114
 293  115
 292  115
 291  116
 290  116
 289  117
 288  117
 287  118
 286  118
 285  119
 284  119
 283  120
 282  120
 281  121
 280  121
 279  122
 278  122
 276  124
 275  124
 274  125
 273  125
 272  126
 271  126
 269  128
 268  128
 267  129
 266  129
 264  131
 263  131
 261  133
 260  133
 258  135
 257  135
 254  138
 253  138
 250  141
 249  141
 246  144
 245  144
 242  147
 241  147
 239  149
 238  149
 232  155
 231  155
 228  158
 227  158
 219  166
 218  166
 211  173
 210  173
 205  178
 204  178
 191  191
 190  191
 179  202
 178  202
 165  215
 164  215
 148  231
 147  231
 144  234
 144  235
 134  245
 133  245
 123  255
 123  256
 116  263
 116  264
 113  267
 113  268
 110  271
 110  272
 109  273
 109  299
 111  301
 113  301
 114  302
 114  316
 113  317
 113  318
 110  321
 105  321
 104  322
 104  331
 106  333
 106  334
 107  335
 107  336
 110  339
 110  340
 117  347
 117  348
 121  352
 121  353
 123  355
 123  356
 124  357
 124  358
 125  359
 125  360
 126  361
 126  362
 128  364
 128  365
 130  367
 130  369
 132  371
 132  372
 133  373
 133  375
 134  376
 134  378
 135  379
 135  380
 136  381
 136  384
 137  385
 137  388
 138  389
 138  390
 139  391
 139  394
 140  395
 140  398
 141  399
 141  400
 142  401
 142  403
 143  404
 143  407
 144  408
 144  410
 145  411
 145  413
 146  414
 146  418
 147  419
 147  422
 148  423
 148  425
 149  426
 149  430
 150  431
 150  437
 151  438
 151  440
 152  441
 152  443
 153  444
 153  448
 154  449
 154  451
 155  452
 155  453
 156  454
 156  460
 157  461
 157  466
 158  467
 158  470
 159  471
 159  477
 160  478
 160  487
 161  488
 161  490
 162  491
 162  493
 163  494
 163  496
 164  497
 164  499
 166  501
 166  502
 169  505
 170  505
 171  506
 173  506
 174  507
 178  507
 179  508
 182  508
 183  509
 184  509
 185  510
 186  510
 187  511
 188  511
 189  512
 190  512
 197  519
 197  534
 196  535
 196  538
 197  539
 197  542
 200  545
 200  546
 202  548
 203  548
 204  549
 205  549
 207  551
 209  551
 210  552
 212  552
 213  553
 226  553
 227  554
 229  554
 230  555
 237  555
 239  553
 240  553
 241  552
 241  551
 244  548
 245  548
 247  546
 266  546
 267  547
 269  547
 270  548
 271  548
 272  549
 273  549
 274  550
 275  550
 276  551
 277  551
 281  555
 282  555
 284  557
 284  558
 290  564
 290  565
 292  567
 292  568
 294  570
 294  571
 295  572
 295  573
 297  575
 297  577
 298  578
 298  579
 299  580
 299  581
 300  582
 300  584
 301  585
 301  587
 305  591
 307  591
 309  589
 309  582
 307  580
 307  579
 306  578
 306  575
 305  574
 305  573
 303  571
 303  568
 302  567
 302  566
 300  564
 300  563
 299  562
 299  560
 296  557
 296  555
 293  552
 293  550
 290  547
 290  546
 289  545
 289  544
 286  541
 286  540
 285  539
 285  538
 283  536
 283  534
 282  533
 282  532
 280  530
 280  529
 279  528
 279  526
 278  525
 278  524
 277  523
 277  522
 276  521
 276  517
 275  516
 275  496
 276  495
 276  493
 277  492
 277  491
 280  488
 281  488
 286  483
 286  480
 285  479
 285  477
 284  476
 284  460
 285  459
 285  458
 286  457
 286  450
 287  449
 287  443
 288  442
 288  438
 289  437
 289  435
 290  434
 290  433
 292  431
 292  429
 293  428
 293  403
 294  402
 294  389
 295  388
 295  384
 294  383
 294  380
 293  379
 293  375
 292  374
 292  373
 291  372
 291  371
 290  370
 290  369
 289  368
 289  366
 288  365
 288  364
 287  363
 287  362
 286  361
 286  359
 284  357
 284  356
 283  355
 283  354
 282  353
 282  352
 280  350
 280  349
 279  348
 279  347
 276  344
 276  343
 275  342
 274  342
 265  333
 264  333
 263  332
 263  318
 264  317
 281  317
 282  316
 285  316
 285  309
 286  308
 290  308
 291  307
 303  307
 304  306
 306  306
 309  303
 309  302
 310  301
 312  301
 313  300
 313  299
 319  293
 319  292
 322  289
 322  288
 323  287
 323  286
 326  283
 326  281
 327  280
 327  279
 329  277
 329  275
 330  274
 330  273
 332  271
 332  270
 333  269
 333  267
 336  264
 336  262
 337  261
 337  258
 339  256
 339  254
 340  253
 340  251
 341  250
 341  249
 342  248
 342  246
 343  245
 343  242
 344  241
 344  240
 345  239
 345  237
 346  236
 346  233
 347  232
 347  229
 348  228
 348  226
 349  225
 349  221
 350  220
 350  210
 351  209
 351  205
 352  204
 352  198
 353  197
 353  195
 354  194
 354  193
 355  192
 355  191
 356  190
 356  187
 357  186
 357  184
 358  183
 358  182
 359  181
 359  178
 360  177
 360  173
 361  172
 361  171
 362  170
 362  169
 363  168
 363  166
 364  165
 364  164
 365  163
 365  162
 366  161
 366  160
 367  159
 367  157
 369  155
 369  152
 370  151
 370  149
 371  148
 371  146
 372  145
 372  143
 373  142
 373  137
 374  136
 374  132
 375  131
 375  128
 376  127
 376  121
 377  120
 377  110
 376  109
 376  107
 374  105
 374  104
 371  101
 370  101
 368   99
 367   99
 366   98
 364   98
 363   97
 360   97
 359   96
 354   96
 353   95
