 341  184
 340  185
 334  185
 333  186
 328  186
 327  187
 322  187
 321  188
 319  188
 318  189
 314  189
 313  190
 311  190
 310  191
 308  191
 307  192
 305  192
 304  193
 302  193
 301  194
 300  194
 299  195
 297  195
 296  196
 294  196
 293  197
 292  197
 291  198
 289  198
 288  199
 287  199
 286  200
 285  200
 284  201
 283  201
 282  202
 280  202
 279  203
 278  203
 277  204
 276  204
 275  205
 274  205
 273  206
 272  206
 271  207
 270  207
 269  208
 268  208
 267  209
 266  209
 264  211
 263  211
 262  212
 261  212
 260  213
 259  213
 258  214
 257  214
 256  215
 255  215
 253  217
 252  217
 251  218
 250  218
 248  220
 247  220
 246  221
 245  221
 243  223
 242  223
 241  224
 240  224
 239  225
 238  225
 237  226
 236  226
 235  227
 234  227
 232  229
 231  229
 229  231
 228  231
 227  232
 226  232
 224  234
 223  234
 221  236
 220  236
 218  238
 217  238
 215  240
 214  240
 213  241
 212  241
 210  243
 209  243
 207  245
 206  245
 203  248
 202  248
 199  251
 198  251
 193  256
 192  256
 190  258
 189  258
 184  263
 183  263
 176  270
 175  270
 163  282
 162  282
 149  295
 149  296
 139  306
 139  307
 135  311
 135  312
 125  322
 116  322
 115  323
 115  342
 116  342
 118  344
 118  365
 117  366
 117  379
 116  380
 114  380
 112  382
 112  406
 113  407
 113  408
 114  409
 114  410
 115  411
 115  414
 116  415
 116  416
 117  417
 117  419
 118  420
 118  423
 119  424
 119  427
 120  428
 120  430
 121  431
 121  433
 122  434
 122  437
 123  438
 123  439
 124  440
 124  441
 125  442
 125  443
 126  444
 126  445
 128  447
 128  449
 129  450
 129  451
 130  452
 130  453
 132  455
 132  457
 135  460
 135  462
 137  464
 137  465
 139  467
 139  468
 145  474
 145  475
 147  477
 148  477
 151  480
 152  480
 155  483
 156  483
 162  489
 162  490
 165  493
 165  494
 166  495
 166  496
 167  497
 167  498
 168  499
 168  500
 171  503
 172  502
 173  502
 174  501
 176  501
 177  500
 180  500
 181  499
 184  499
 185  498
 186  498
 187  497
 188  497
 189  496
 190  496
 193  493
 194  493
 197  490
 198  490
 200  488
 201  488
 202  487
 204  487
 205  486
 207  486
 209  484
 210  484
 214  480
 214  479
 220  473
 221  473
 223  471
 224  471
 225  470
 226  470
 228  468
 229  468
 231  466
 231  465
 234  462
 234  460
 235  459
 235  458
 236  457
 236  456
 237  455
 237  454
 238  453
 238  452
 244  446
 244  445
 245  444
 245  441
 246  440
 246  435
 247  434
 247  429
 248  428
 248  425
 249  424
 249  423
 251  421
 251  417
 252  416
 252  412
 251  411
 251  402
 250  401
 250  400
 248  398
 248  397
 241  390
 240  390
 238  388
 237  388
 235  386
 234  386
 233  385
 232  385
 230  383
 229  383
 228  382
 228  368
 229  367
 258  367
 259  366
 263  366
 264  365
 265  365
 266  364
 267  364
 272  359
 273  359
 277  355
 277  354
 278  353
 278  352
 279  351
 279  350
 285  344
 285  342
 286  341
 286  340
 288  338
 288  336
 289  335
 289  334
 291  332
 291  330
 294  327
 294  326
 295  325
 295  323
 297  321
 297  319
 298  318
 298  316
 300  314
 300  313
 301  312
 301  310
 302  309
 302  308
 303  307
 303  306
 304  305
 304  304
 306  302
 306  301
 307  300
 307  299
 308  298
 308  297
 311  294
 311  293
 317  287
 317  286
 321  282
 321  281
 323  279
 324  279
 325  278
 325  277
 326  276
 327  276
 327  275
 329  273
 330  273
 346  257
 347  257
 348  256
 348  255
 355  248
 355  247
 358  244
 358  242
 361  239
 361  238
 362  237
 362  235
 363  234
 363  233
 364  232
 364  231
 365  230
 365  227
 366  226
 366  224
 367  223
 367  221
 368  220
 368  206
 369  205
 368  204
 368  199
 367  198
 367  197
 366  196
 366  195
 365  194
 365  193
 362  190
 361  190
 360  189
 359  189
 358  188
 357  188
 356  187
 355  187
 354  186
 351  186
 350  185
 345  185
 344  184
