 329  114
 328  115
 324  115
 323  116
 319  116
 318  117
 315  117
 314  118
 313  118
 312  119
 309  119
 308  120
 307  120
 306  121
 303  121
 302  122
 301  122
 300  123
 298  123
 297  124
 295  124
 294  125
 293  125
 292  126
 290  126
 289  127
 288  127
 287  128
 286  128
 285  129
 284  129
 283  130
 282  130
 281  131
 280  131
 279  132
 278  132
 277  133
 275  133
 274  134
 273  134
 272  135
 271  135
 270  136
 269  136
 268  137
 267  137
 266  138
 265  138
 264  139
 263  139
 262  140
 261  140
 260  141
 259  141
 258  142
 257  142
 256  143
 255  143
 254  144
 253  144
 252  145
 251  145
 250  146
 249  146
 248  147
 247  147
 246  148
 245  148
 243  150
 242  150
 241  151
 240  151
 239  152
 238  152
 237  153
 236  153
 234  155
 233  155
 232  156
 231  156
 229  158
 228  158
 226  160
 225  160
 223  162
 222  162
 219  165
 218  165
 216  167
 215  167
 212  170
 211  170
 208  173
 207  173
 205  175
 204  175
 200  179
 199  179
 193  185
 192  185
 186  191
 185  191
 180  196
 179  196
 172  203
 171  203
 163  211
 162  211
 131  242
 131  243
 124  250
 124  251
 120  255
 120  256
 117  259
 117  260
 114  263
 114  264
 111  267
 111  268
 110  269
 110  270
 108  272
 108  273
 107  274
 107  275
 105  277
 105  278
 104  279
 104  280
 103  281
 103  282
  99  286
  98  286
  97  287
  96  287
  94  289
  94  300
  96  302
 102  302
 105  305
 105  319
 102  322
 102  323
 101  324
 101  325
 100  326
 100  328
  99  329
  99  330
  98  331
  98  332
  97  333
  95  333
  94  334
  94  346
  95  347
  95  348
  97  350
  97  352
  98  353
  98  354
 100  356
 100  357
 101  358
 101  359
 102  360
 102  361
 104  363
 104  364
 105  365
 105  366
 107  368
 107  369
 108  370
 108  371
 109  372
 109  373
 110  374
 110  375
 111  376
 111  378
 112  379
 112  380
 113  381
 113  382
 114  383
 114  384
 115  385
 115  386
 116  387
 116  388
 117  389
 117  392
 118  393
 118  394
 119  395
 119  396
 120  397
 120  399
 121  400
 121  402
 122  403
 122  404
 123  405
 123  406
 124  407
 124  410
 125  411
 125  412
 126  413
 126  414
 127  415
 127  419
 128  420
 128  423
 129  424
 129  425
 130  426
 130  431
 131  432
 131  436
 132  437
 132  439
 133  440
 133  444
 134  445
 134  452
 135  453
 135  456
 136  457
 136  460
 137  461
 137  470
 138  471
 138  473
 139  474
 139  476
 140  477
 140  480
 141  481
 141  483
 142  484
 142  485
 146  489
 148  489
 149  490
 152  490
 153  491
 156  491
 157  492
 161  492
 162  493
 163  493
 165  495
 165  497
 166  498
 166  501
 167  502
 167  521
 168  522
 168  523
 169  524
 169  525
 171  527
 171  528
 176  533
 177  533
 178  534
 181  534
 184  531
 184  530
 185  529
 186  529
 188  527
 205  527
 207  529
 207  530
 209  532
 209  533
 214  538
 216  536
 216  533
 217  532
 217  526
 218  525
 218  524
 219  523
 219  522
 223  518
 243  518
 244  519
 245  519
 246  520
 247  520
 252  525
 253  525
 254  526
 254  527
 255  528
 255  529
 257  531
 257  532
 258  533
 258  534
 259  535
 259  536
 261  538
 261  540
 262  541
 262  542
 263  543
 263  544
 264  545
 264  546
 265  547
 265  549
 266  550
 266  551
 267  552
 267  553
 268  554
 268  555
 269  556
 269  557
 271  559
 271  560
 272  561
 272  562
 274  564
 274  565
 280  571
 281  571
 282  572
 283  572
 284  573
 285  573
 286  574
 287  573
 288  573
 290  571
 290  570
 291  569
 291  567
 290  566
 290  563
 288  561
 288  560
 287  559
 287  558
 286  557
 286  556
 283  553
 283  552
 280  549
 280  548
 276  544
 276  543
 270  537
 270  536
 264  530
 264  529
 256  521
 256  520
 253  517
 253  516
 249  512
 249  511
 246  508
 246  507
 243  504
 243  502
 242  501
 242  500
 241  499
 241  498
 240  497
 240  475
 241  474
 241  473
 243  471
 244  471
 245  470
 255  470
 256  469
 257  469
 258  468
 258  466
 257  465
 257  461
 256  460
 256  458
 254  456
 254  438
 256  436
 256  435
 258  433
 259  433
 260  432
 268  432
 269  431
 271  431
 273  429
 273  428
 271  426
 271  425
 270  424
 270  422
 269  421
 269  420
 268  419
 268  418
 267  417
 267  401
 271  397
 272  397
 276  393
 276  392
 275  391
 275  390
 274  389
 274  388
 273  387
 273  385
 270  382
 270  380
 268  378
 267  378
 263  374
 262  374
 261  373
 261  372
 260  371
 260  370
 259  369
 259  368
 258  367
 258  358
 257  357
 257  355
 256  354
 256  353
 254  351
 254  350
 250  346
 250  345
 240  335
 240  321
 241  320
 265  320
 266  319
 276  319
 277  318
 278  318
 282  314
 283  314
 285  312
 286  312
 291  307
 291  306
 293  304
 293  303
 294  302
 296  302
 297  301
 297  300
 300  297
 300  295
 301  294
 301  293
 302  292
 302  291
 303  290
 303  288
 304  287
 304  286
 307  283
 307  282
 311  278
 311  277
 313  275
 313  272
 314  271
 314  259
 317  256
 317  255
 320  252
 320  251
 321  250
 321  249
 323  247
 323  245
 324  244
 324  236
 325  235
 325  232
 326  231
 326  230
 330  226
 330  225
 334  221
 334  220
 337  217
 337  214
 338  213
 338  211
 339  210
 339  208
 340  207
 340  205
 352  193
 352  192
 354  190
 354  188
 356  186
 356  185
 357  184
 357  182
 365  174
 365  173
 370  168
 370  167
 372  165
 372  164
 374  162
 374  161
 380  155
 380  154
 381  153
 381  152
 383  150
 383  148
 384  147
 384  142
 385  141
 385  137
 386  136
 386  134
 385  133
 385  132
 384  131
 384  130
 381  127
 380  127
 378  125
 377  125
 376  124
 375  124
 374  123
 373  123
 372  122
 371  122
 370  121
 369  121
 368  120
 367  120
 366  119
 364  119
 363  118
 362  118
 361  117
 358  117
 357  116
 355  116
 354  115
 351  115
 350  114
