 312  100
 311  101
 299  101
 298  102
 294  102
 293  103
 288  103
 287  104
 283  104
 282  105
 279  105
 278  106
 274  106
 273  107
 271  107
 270  108
 267  108
 266  109
 264  109
 263  110
 260  110
 259  111
 257  111
 256  112
 254  112
 253  113
 251  113
 250  114
 248  114
 247  115
 245  115
 244  116
 243  116
 242  117
 240  117
 239  118
 237  118
 236  119
 235  119
 234  120
 233  120
 232  121
 230  121
 229  122
 228  122
 227  123
 226  123
 225  124
 223  124
 222  125
 221  125
 220  126
 218  126
 217  127
 216  127
 215  128
 214  128
 213  129
 212  129
 211  130
 210  130
 209  131
 208  131
 207  132
 206  132
 205  133
 204  133
 203  134
 202  134
 201  135
 200  135
 198  137
 197  137
 196  138
 195  138
 194  139
 193  139
 192  140
 191  140
 189  142
 188  142
 187  143
 186  143
 184  145
 183  145
 182  146
 181  146
 179  148
 178  148
 176  150
 175  150
 173  152
 172  152
 169  155
 168  155
 166  157
 165  157
 161  161
 160  161
 156  165
 155  165
 151  169
 150  169
 131  188
 131  189
 127  193
 127  194
 123  198
 123  199
 120  202
 120  203
 119  204
 119  205
 116  208
 116  209
 113  212
 113  213
 111  215
 111  216
 110  217
 110  218
 107  221
 107  222
 106  223
 106  224
 105  225
 105  226
 103  228
 103  230
 101  232
 101  233
 100  234
 100  236
  99  237
  99  238
  98  239
  98  244
  97  245
  94  245
  92  247
  92  248
  91  249
  91  267
  92  268
  92  271
  93  272
  93  288
  92  289
  92  290
  91  291
  91  293
  90  294
  90  306
  91  307
  91  318
  92  319
  92  320
  93  321
  93  327
  94  328
  94  330
  95  331
  95  334
  96  335
  96  340
  97  341
  97  342
  98  343
  98  344
  99  345
  99  346
 100  347
 100  350
 101  351
 101  353
 102  354
 102  357
 103  358
 103  368
 104  369
 104  373
 105  374
 105  377
 106  378
 106  388
 107  389
 107  394
 108  395
 108  400
 109  401
 109  420
 110  421
 110  439
 111  440
 111  444
 112  445
 112  451
 113  452
 113  457
 114  458
 114  461
 115  462
 115  464
 116  465
 116  468
 117  469
 117  471
 118  472
 118  473
 120  475
 120  476
 121  476
 123  478
 124  478
 125  479
 128  479
 129  480
 132  480
 133  481
 135  481
 137  483
 137  485
 138  486
 138  487
 139  488
 139  492
 140  493
 140  498
 141  499
 141  500
 142  501
 142  502
 143  503
 143  505
 148  510
 151  510
 152  509
 154  509
 155  508
 156  508
 157  507
 177  507
 178  508
 179  508
 181  510
 182  510
 184  512
 186  512
 187  511
 188  511
 189  510
 210  510
 211  511
 212  511
 213  512
 214  512
 220  518
 220  519
 223  522
 223  523
 225  525
 225  526
 227  528
 227  530
 228  531
 228  532
 229  533
 229  535
 230  536
 230  539
 231  540
 231  543
 232  544
 232  546
 233  547
 233  554
 234  555
 234  562
 235  563
 235  565
 236  566
 236  570
 237  571
 237  574
 238  575
 238  576
 240  578
 240  579
 242  581
 242  582
 245  585
 246  585
 248  587
 249  587
 250  586
 251  586
 252  585
 253  585
 254  584
 255  584
 257  582
 257  581
 259  579
 259  576
 260  575
 260  567
 259  566
 259  564
 258  563
 258  562
 257  561
 257  560
 256  559
 256  558
 253  555
 253  554
 249  550
 249  549
 246  546
 246  545
 243  542
 243  541
 240  538
 240  537
 239  536
 239  535
 236  532
 236  531
 235  530
 235  529
 233  527
 233  525
 232  524
 232  523
 231  522
 231  521
 230  520
 230  519
 229  518
 229  517
 228  516
 228  514
 227  513
 227  512
 226  511
 226  509
 225  508
 225  506
 223  504
 223  500
 222  499
 222  496
 221  495
 221  494
 220  493
 220  475
 222  473
 222  472
 223  471
 223  470
 225  468
 225  467
 226  466
 227  466
 229  464
 230  464
 231  463
 232  463
 233  462
 234  462
 235  461
 236  461
 237  460
 238  460
 240  458
 240  457
 242  455
 242  450
 241  449
 241  429
 242  428
 242  427
 243  426
 243  425
 244  424
 246  424
 247  423
 249  423
 250  422
 251  422
 252  421
 254  421
 255  420
 256  420
 257  419
 259  419
 260  418
 261  418
 262  417
 262  416
 263  415
 263  411
 262  410
 262  408
 261  407
 261  391
 262  390
 262  389
 263  388
 263  387
 264  386
 265  386
 270  381
 270  380
 271  379
 271  376
 270  375
 270  373
 269  372
 269  369
 267  367
 267  366
 266  365
 266  364
 265  363
 265  362
 263  360
 263  359
 262  358
 262  357
 261  356
 261  355
 260  354
 260  348
 259  347
 259  342
 258  341
 258  340
 257  339
 257  338
 256  337
 256  335
 253  332
 253  331
 249  327
 249  326
 241  318
 241  304
 242  303
 258  303
 259  304
 260  304
 261  305
 275  305
 276  304
 278  304
 279  303
 280  303
 281  302
 282  302
 283  301
 286  301
 287  300
 289  300
 290  299
 291  299
 296  294
 297  294
 299  292
 300  292
 300  291
 304  287
 304  286
 305  285
 305  280
 306  279
 306  278
 307  277
 308  277
 311  274
 312  274
 313  273
 313  272
 314  271
 314  269
 315  268
 315  267
 316  266
 316  265
 318  263
 318  262
 319  261
 319  260
 320  259
 320  258
 322  256
 322  255
 323  254
 323  253
 324  252
 324  251
 325  250
 325  249
 326  248
 326  245
 327  244
 327  236
 328  235
 328  234
 329  233
 329  231
 330  230
 330  228
 332  226
 332  225
 333  224
 333  221
 334  220
 334  210
 335  209
 335  207
 336  206
 336  205
 337  204
 337  203
 339  201
 339  200
 340  199
 340  198
 341  197
 341  196
 342  195
 342  194
 343  193
 343  191
 344  190
 344  188
 345  187
 345  186
 346  185
 346  184
 347  183
 347  182
 348  181
 349  181
 356  174
 356  173
 365  164
 366  164
 368  162
 369  162
 370  161
 371  161
 374  158
 375  158
 386  147
 386  146
 387  145
 387  144
 388  143
 388  142
 389  141
 389  139
 390  138
 390  133
 391  132
 391  128
 390  127
 390  125
 389  124
 389  123
 386  120
 386  119
 385  119
 381  115
 380  115
 378  113
 377  113
 376  112
 375  112
 374  111
 373  111
 372  110
 370  110
 369  109
 368  109
 367  108
 365  108
 364  107
 362  107
 361  106
 358  106
 357  105
 355  105
 354  104
 350  104
 349  103
 345  103
 344  102
 340  102
 339  101
 325  101
 324  100
