 342  157
 341  158
 332  158
 331  159
 327  159
 326  160
 322  160
 321  161
 318  161
 317  162
 315  162
 314  163
 311  163
 310  164
 308  164
 307  165
 304  165
 303  166
 301  166
 300  167
 298  167
 297  168
 295  168
 294  169
 292  169
 291  170
 289  170
 288  171
 286  171
 285  172
 283  172
 282  173
 281  173
 280  174
 278  174
 277  175
 276  175
 275  176
 273  176
 272  177
 271  177
 270  178
 268  178
 267  179
 266  179
 265  180
 264  180
 263  181
 262  181
 261  182
 260  182
 259  183
 257  183
 256  184
 255  184
 254  185
 253  185
 252  186
 251  186
 250  187
 249  187
 248  188
 247  188
 246  189
 245  189
 244  190
 243  190
 242  191
 241  191
 240  192
 239  192
 238  193
 237  193
 235  195
 234  195
 233  196
 232  196
 231  197
 230  197
 228  199
 227  199
 226  200
 225  200
 223  202
 222  202
 220  204
 219  204
 218  205
 217  205
 215  207
 214  207
 212  209
 211  209
 209  211
 208  211
 206  213
 205  213
 203  215
 202  215
 200  217
 199  217
 196  220
 195  220
 192  223
 191  223
 188  226
 187  226
 184  229
 183  229
 178  234
 177  234
 172  239
 171  239
 167  243
 166  243
 155  254
 154  254
 125  283
 124  283
 124  284
 119  289
 119  290
 111  298
 109  298
 108  299
 107  299
 107  317
 108  317
 109  318
 115  318
 116  319
 116  333
 115  334
 115  335
 113  337
 113  338
 112  339
 112  340
 111  341
 111  342
 110  343
 110  348
 109  349
 109  373
 108  374
 108  376
 107  377
 106  377
 104  379
 104  384
 105  385
 105  390
 106  391
 106  397
 107  398
 107  400
 108  401
 108  404
 109  405
 109  408
 110  409
 110  411
 111  412
 111  414
 112  415
 112  417
 113  418
 113  420
 114  421
 114  422
 115  423
 115  424
 116  425
 116  426
 117  427
 117  428
 119  430
 119  431
 120  432
 120  433
 121  434
 121  435
 122  436
 122  437
 123  438
 123  439
 124  440
 124  441
 125  442
 125  443
 126  444
 126  445
 127  446
 127  447
 128  448
 128  449
 129  450
 129  451
 130  452
 130  453
 132  455
 132  456
 133  457
 133  458
 135  460
 135  461
 136  462
 136  464
 137  465
 137  466
 139  468
 139  469
 141  471
 141  472
 143  474
 143  475
 147  479
 147  480
 149  482
 149  484
 150  485
 150  487
 152  489
 152  490
 153  491
 153  492
 154  493
 154  494
 157  497
 158  497
 163  502
 163  504
 164  505
 164  506
 165  507
 165  510
 166  511
 166  518
 167  519
 167  520
 168  521
 168  522
 170  524
 170  525
 171  526
 172  526
 173  527
 176  524
 195  524
 196  525
 197  525
 202  530
 204  528
 204  527
 205  526
 205  524
 211  518
 212  518
 213  517
 229  517
 232  514
 232  500
 233  499
 233  498
 234  497
 235  497
 238  494
 239  494
 240  493
 241  493
 242  492
 244  492
 245  491
 249  491
 250  490
 251  490
 254  487
 254  473
 255  472
 255  471
 256  470
 256  469
 258  467
 259  467
 261  465
 263  465
 264  464
 265  464
 266  463
 267  463
 269  461
 269  444
 270  443
 270  442
 271  441
 271  440
 274  437
 275  437
 277  435
 278  435
 279  434
 280  434
 281  433
 280  432
 280  431
 279  430
 279  428
 278  427
 278  426
 276  424
 276  406
 275  405
 275  402
 273  400
 273  399
 272  398
 272  397
 271  396
 271  395
 269  393
 269  392
 266  389
 266  388
 261  383
 260  383
 256  379
 256  364
 257  363
 275  363
 277  361
 278  361
 283  356
 284  356
 285  355
 286  355
 288  353
 288  352
 293  347
 294  347
 296  345
 297  345
 298  344
 298  343
 299  342
 299  341
 300  340
 300  339
 302  337
 302  336
 308  330
 308  328
 309  327
 309  324
 310  323
 310  319
 311  318
 312  318
 313  317
 314  317
 314  316
 315  315
 315  314
 318  311
 318  310
 319  309
 319  308
 320  307
 320  305
 321  304
 321  287
 322  286
 322  283
 323  282
 323  280
 324  279
 324  278
 325  277
 325  273
 326  272
 326  263
 327  262
 327  260
 328  259
 328  258
 329  257
 329  256
 336  249
 336  248
 337  247
 337  246
 339  244
 339  242
 342  239
 342  238
 356  224
 356  223
 357  222
 357  221
 358  220
 358  219
 359  218
 359  217
 360  216
 360  215
 362  213
 362  212
 363  211
 363  210
 365  208
 365  207
 366  206
 366  204
 368  202
 368  201
 369  200
 369  197
 370  196
 370  194
 371  193
 371  192
 372  191
 372  190
 373  189
 373  187
 374  186
 374  185
 375  184
 375  181
 376  180
 376  168
 374  166
 374  165
 372  163
 372  162
 370  160
 368  160
 367  159
 366  159
 365  158
 362  158
 361  157
