 333  163
 332  164
 327  164
 326  165
 324  165
 323  166
 320  166
 319  167
 317  167
 316  168
 315  168
 314  169
 312  169
 311  170
 310  170
 309  171
 307  171
 306  172
 305  172
 304  173
 303  173
 302  174
 301  174
 300  175
 299  175
 298  176
 297  176
 296  177
 295  177
 294  178
 292  178
 290  180
 289  180
 288  181
 287  181
 286  182
 285  182
 284  183
 283  183
 282  184
 281  184
 279  186
 278  186
 277  187
 276  187
 275  188
 274  188
 273  189
 272  189
 270  191
 269  191
 268  192
 267  192
 265  194
 264  194
 262  196
 261  196
 259  198
 258  198
 256  200
 255  200
 252  203
 251  203
 247  207
 246  207
 243  210
 242  210
 237  215
 236  215
 229  222
 228  222
 219  231
 218  231
 185  264
 185  265
 178  272
 178  273
 174  277
 174  278
 172  280
 172  281
 169  284
 169  285
 167  287
 167  288
 164  291
 164  292
 163  293
 163  294
 161  296
 161  297
 160  298
 160  299
 158  301
 158  302
 157  303
 157  304
 156  305
 156  306
 154  308
 154  310
 153  311
 153  312
 152  313
 152  314
 151  315
 151  317
 148  320
 148  321
 146  323
 146  324
 145  325
 145  332
 147  334
 149  334
 150  335
 150  350
 149  351
 149  365
 148  366
 148  375
 147  376
 141  376
 139  378
 139  408
 140  409
 140  412
 141  413
 141  414
 142  415
 142  416
 144  418
 144  422
 145  423
 145  425
 146  426
 146  429
 147  430
 147  432
 148  433
 148  436
 149  437
 149  439
 150  440
 150  441
 151  442
 151  445
 152  446
 152  448
 153  449
 153  452
 154  453
 154  456
 155  457
 155  458
 156  459
 156  461
 157  462
 157  464
 158  465
 158  466
 159  467
 159  468
 161  470
 161  471
 165  475
 167  475
 171  479
 171  480
 173  482
 174  482
 176  484
 176  491
 177  492
 177  495
 178  496
 178  497
 179  498
 179  499
 180  500
 180  502
 181  503
 181  504
 182  505
 182  506
 184  508
 184  510
 186  512
 186  513
 189  516
 189  517
 190  518
 191  518
 193  520
 196  520
 197  521
 198  521
 199  522
 200  522
 202  524
 205  524
 207  522
 207  521
 208  520
 208  519
 209  518
 209  517
 211  515
 212  515
 213  514
 219  514
 220  513
 222  513
 225  510
 225  509
 226  508
 226  501
 227  500
 227  491
 231  487
 233  487
 234  486
 237  486
 238  485
 239  485
 243  481
 242  480
 242  478
 241  477
 241  461
 242  460
 242  459
 244  457
 245  457
 246  456
 247  456
 251  452
 251  451
 253  449
 253  441
 258  436
 259  436
 260  435
 261  435
 266  430
 266  415
 267  414
 267  410
 266  409
 266  408
 264  406
 264  405
 252  393
 251  393
 245  387
 244  387
 239  382
 239  368
 240  367
 254  367
 255  366
 258  366
 259  365
 260  365
 261  364
 263  364
 264  363
 267  363
 268  362
 272  362
 274  360
 275  360
 284  351
 284  350
 287  347
 287  346
 290  343
 290  342
 292  340
 292  339
 293  338
 293  335
 296  332
 296  328
 297  327
 297  315
 298  314
 298  312
 299  311
 299  308
 300  307
 300  292
 301  291
 301  286
 302  285
 302  282
 303  281
 303  275
 304  274
 304  267
 305  266
 305  263
 306  262
 306  258
 307  257
 307  252
 308  251
 308  249
 309  248
 309  247
 310  246
 310  244
 311  243
 311  241
 313  239
 313  237
 314  236
 314  234
 316  232
 316  231
 317  230
 317  228
 319  226
 319  225
 320  224
 320  223
 321  222
 321  221
 323  219
 323  218
 324  217
 324  216
 327  213
 327  211
 330  208
 330  207
 331  206
 331  205
 332  204
 332  203
 333  202
 333  200
 334  199
 334  198
 337  195
 337  192
 339  190
 339  188
 340  187
 340  182
 341  181
 341  168
 340  167
 340  166
 338  164
 336  164
 335  163
