 329  142
 328  143
 323  143
 322  144
 318  144
 317  145
 315  145
 314  146
 311  146
 310  147
 307  147
 306  148
 304  148
 303  149
 301  149
 300  150
 298  150
 297  151
 295  151
 294  152
 293  152
 292  153
 290  153
 289  154
 288  154
 287  155
 286  155
 285  156
 283  156
 282  157
 281  157
 280  158
 279  158
 278  159
 277  159
 276  160
 275  160
 274  161
 273  161
 272  162
 271  162
 270  163
 269  163
 268  164
 267  164
 266  165
 265  165
 263  167
 262  167
 261  168
 260  168
 259  169
 258  169
 257  170
 256  170
 254  172
 253  172
 252  173
 251  173
 249  175
 248  175
 246  177
 245  177
 243  179
 242  179
 240  181
 239  181
 237  183
 236  183
 234  185
 233  185
 230  188
 229  188
 226  191
 225  191
 219  197
 218  197
 210  205
 209  205
 192  222
 191  222
 185  228
 185  229
 170  244
 170  245
 156  259
 156  260
 150  266
 150  267
 143  274
 143  275
 138  280
 138  281
 135  284
 135  285
 132  288
 132  289
 130  291
 130  292
 128  294
 128  295
 126  297
 126  298
 124  300
 124  301
 123  302
 123  303
 122  304
 122  305
 120  307
 120  309
 118  311
 118  312
 116  314
 116  316
 114  318
 114  319
 113  320
 113  321
 111  323
 111  324
 106  329
 106  356
 107  357
 112  357
 113  358
 113  372
 112  373
 112  374
 111  375
 111  376
 110  377
 105  377
 104  378
 104  394
 107  397
 107  398
 108  399
 108  400
 109  401
 109  402
 110  403
 110  404
 111  405
 111  406
 112  407
 112  408
 113  409
 113  412
 114  413
 114  417
 115  418
 115  421
 116  422
 116  424
 117  425
 117  426
 118  427
 118  428
 120  430
 120  431
 121  432
 121  433
 123  435
 123  436
 124  437
 124  440
 125  441
 125  444
 126  445
 126  447
 127  448
 127  450
 128  451
 128  454
 129  455
 129  459
 130  460
 130  463
 131  464
 131  466
 132  467
 132  470
 133  471
 133  473
 134  474
 134  477
 135  478
 135  481
 136  482
 136  484
 137  485
 137  487
 138  488
 138  490
 139  491
 139  492
 140  493
 140  495
 141  496
 141  498
 142  499
 142  500
 143  501
 143  502
 144  503
 144  505
 145  506
 145  507
 146  508
 146  509
 147  510
 147  511
 148  512
 148  513
 149  514
 149  515
 153  519
 153  520
 154  521
 154  522
 156  524
 156  525
 158  527
 158  528
 160  530
 160  531
 161  532
 161  533
 163  535
 163  536
 165  538
 165  539
 169  543
 170  543
 171  544
 172  544
 173  545
 175  545
 176  546
 179  546
 180  545
 188  545
 189  544
 193  544
 194  543
 195  543
 196  542
 198  542
 199  541
 200  541
 201  540
 202  540
 204  538
 205  538
 206  537
 208  537
 209  536
 212  536
 213  535
 215  535
 216  534
 218  534
 219  533
 220  533
 221  532
 222  532
 223  531
 224  531
 236  519
 237  519
 238  518
 239  518
 241  516
 242  516
 244  514
 245  514
 250  509
 250  508
 252  506
 252  504
 253  503
 253  500
 254  499
 254  498
 255  497
 255  496
 256  495
 256  494
 258  492
 258  491
 267  482
 267  481
 268  480
 268  479
 269  478
 269  477
 270  476
 270  474
 271  473
 271  472
 272  471
 272  469
 274  467
 274  466
 276  464
 276  463
 279  460
 279  459
 281  457
 281  456
 282  455
 282  452
 283  451
 283  448
 284  447
 284  430
 283  429
 283  426
 282  425
 282  424
 281  423
 281  422
 280  421
 280  420
 279  419
 279  418
 274  413
 274  412
 272  410
 271  410
 266  405
 265  405
 262  402
 261  402
 258  399
 257  399
 255  397
 254  397
 252  395
 251  395
 249  393
 248  393
 246  391
 245  391
 243  389
 242  389
 240  387
 239  387
 238  386
 237  386
 235  384
 234  384
 233  383
 232  383
 230  381
 229  381
 227  379
 227  365
 228  364
 257  364
 258  363
 266  363
 267  362
 279  362
 280  361
 281  361
 282  360
 283  360
 284  359
 285  359
 286  358
 287  358
 289  356
 290  356
 293  353
 294  353
 299  348
 299  347
 300  346
 300  345
 302  343
 302  342
 303  341
 303  340
 304  339
 304  338
 305  337
 305  336
 306  335
 306  333
 307  332
 307  331
 308  330
 308  329
 309  328
 309  327
 310  326
 310  324
 311  323
 311  321
 312  320
 312  318
 313  317
 313  311
 314  310
 314  303
 315  302
 315  299
 316  298
 316  296
 317  295
 317  292
 318  291
 318  288
 319  287
 319  286
 320  285
 320  280
 321  279
 321  277
 322  276
 322  274
 323  273
 323  271
 324  270
 324  268
 325  267
 325  266
 326  265
 326  263
 327  262
 327  261
 328  260
 328  259
 329  258
 329  257
 330  256
 330  254
 331  253
 331  252
 332  251
 332  250
 334  248
 334  247
 336  245
 336  244
 340  240
 340  239
 342  237
 343  237
 343  236
 353  226
 353  225
 358  220
 358  219
 360  217
 360  216
 361  215
 361  214
 363  212
 363  211
 364  210
 364  209
 366  207
 366  206
 367  205
 367  203
 368  202
 368  201
 369  200
 369  199
 370  198
 370  196
 371  195
 371  194
 372  193
 372  192
 373  191
 373  189
 374  188
 374  185
 375  184
 375  182
 376  181
 376  171
 377  170
 377  166
 376  165
 376  163
 375  162
 375  160
 374  159
 374  157
 373  156
 373  155
 370  152
 370  151
 368  149
 367  149
 365  147
 364  147
 363  146
 361  146
 360  145
 358  145
 357  144
 354  144
 353  143
 349  143
 348  142
