 352   48
 351   49
 338   49
 337   50
 333   50
 332   51
 325   51
 324   52
 321   52
 320   53
 315   53
 314   54
 311   54
 310   55
 308   55
 307   56
 304   56
 303   57
 301   57
 300   58
 297   58
 296   59
 295   59
 294   60
 292   60
 291   61
 290   61
 289   62
 287   62
 286   63
 284   63
 283   64
 282   64
 281   65
 280   65
 279   66
 278   66
 277   67
 275   67
 274   68
 273   68
 272   69
 271   69
 270   70
 269   70
 268   71
 267   71
 266   72
 265   72
 264   73
 263   73
 262   74
 261   74
 260   75
 259   75
 258   76
 257   76
 256   77
 255   77
 254   78
 253   78
 251   80
 250   80
 249   81
 248   81
 247   82
 246   82
 245   83
 244   83
 242   85
 241   85
 240   86
 239   86
 237   88
 236   88
 235   89
 234   89
 232   91
 231   91
 230   92
 229   92
 227   94
 226   94
 224   96
 223   96
 221   98
 220   98
 218  100
 217  100
 216  101
 215  101
 213  103
 212  103
 210  105
 209  105
 207  107
 206  107
 204  109
 203  109
 201  111
 200  111
 198  113
 197  113
 194  116
 193  116
 191  118
 190  118
 188  120
 187  120
 184  123
 183  123
 181  125
 180  125
 177  128
 176  128
 172  132
 171  132
 167  136
 166  136
 160  142
 159  142
 152  149
 151  149
 124  176
 124  177
 119  182
 119  183
 116  186
 116  187
 112  191
 112  192
 109  195
 109  196
 106  199
 106  200
 103  203
 103  204
 100  207
 100  208
  98  210
  98  211
  96  213
  96  214
  95  215
  95  216
  92  219
  92  221
  89  224
  89  226
  88  227
  88  228
  86  230
  86  231
  85  232
  85  234
  83  236
  83  237
  82  238
  82  239
  81  240
  81  241
  80  242
  80  243
  79  244
  79  245
  78  246
  78  247
  76  249
  76  251
  75  252
  75  253
  73  255
  73  256
  71  258
  67  258
  66  259
  66  296
  67  297
  78  297
  81  300
  81  314
  79  316
  78  316
  75  319
  75  320
  74  321
  74  322
  73  323
  73  325
  72  326
  67  326
  66  327
  66  348
  69  351
  69  353
  70  354
  70  356
  71  357
  71  358
  72  359
  72  362
  74  364
  74  365
  76  367
  76  368
  77  369
  77  370
  78  371
  78  373
  79  374
  79  377
  80  378
  80  379
  81  380
  81  381
  82  382
  82  384
  83  385
  83  387
  84  388
  84  389
  85  390
  85  392
  86  393
  86  395
  87  396
  87  397
  88  398
  88  399
  89  400
  89  404
  90  405
  90  406
  91  407
  91  408
  92  409
  92  412
  93  413
  93  415
  94  416
  94  417
  95  418
  95  421
  96  422
  96  426
  97  427
  97  428
  98  429
  98  432
  99  433
  99  441
 100  442
 100  447
 101  448
 101  453
 102  454
 102  464
 103  465
 103  469
 104  470
 104  474
 105  475
 105  492
 106  493
 106  501
 107  502
 107  504
 108  505
 108  508
 109  509
 109  512
 110  513
 110  515
 112  517
 112  518
 113  519
 113  520
 117  524
 117  525
 119  527
 119  528
 121  530
 122  530
 124  532
 125  532
 126  533
 129  533
 130  534
 133  534
 139  540
 139  542
 140  543
 140  545
 141  546
 141  547
 142  548
 142  552
 143  553
 143  556
 144  557
 144  558
 145  559
 145  560
 146  561
 146  563
 147  564
 147  565
 149  567
 149  569
 151  571
 151  572
 153  574
 153  575
 161  583
 162  583
 164  585
 166  585
 167  586
 168  586
 170  588
 172  588
 173  589
 174  588
 192  588
 194  590
 195  590
 198  593
 199  593
 201  595
 202  595
 203  596
 204  596
 205  597
 208  597
 209  596
 210  596
 213  593
 214  593
 216  591
 217  591
 218  590
 219  590
 220  589
 238  589
 240  591
 241  591
 243  593
 243  594
 250  601
 250  602
 254  606
 254  607
 259  612
 259  613
 263  617
 263  618
 264  619
 264  620
 267  623
 267  624
 274  631
 275  631
 280  636
 281  636
 283  638
 285  638
 286  639
 287  638
 289  638
 290  637
 291  637
 292  636
 293  636
 299  630
 299  629
 300  628
 300  627
 301  626
 301  625
 302  624
 302  618
 301  617
 301  615
 299  613
 299  611
 298  610
 298  609
 296  607
 296  606
 295  605
 295  604
 289  598
 289  597
 284  592
 283  592
 282  591
 282  590
 281  589
 280  589
 279  588
 279  587
 274  582
 273  582
 272  581
 272  580
 266  574
 266  573
 262  569
 262  568
 260  566
 260  565
 259  564
 259  563
 258  562
 258  560
 256  558
 256  543
 257  542
 257  541
 258  540
 258  539
 259  538
 259  537
 263  533
 264  533
 267  530
 268  530
 271  527
 271  526
 273  524
 273  523
 275  521
 275  519
 276  518
 276  517
 275  516
 275  511
 274  510
 274  509
 273  508
 273  507
 272  506
 272  504
 269  501
 269  500
 268  499
 268  498
 266  496
 266  494
 265  493
 265  478
 266  477
 266  476
 270  472
 271  472
 272  471
 273  471
 274  470
 275  470
 279  466
 279  458
 278  457
 278  455
 277  454
 277  453
 276  452
 276  451
 275  450
 275  449
 272  446
 272  426
 273  425
 274  425
 278  421
 278  420
 279  419
 279  418
 278  417
 278  415
 277  414
 277  413
 275  411
 275  410
 272  407
 272  406
 261  395
 261  394
 259  392
 259  391
 258  390
 258  389
 257  388
 257  387
 256  386
 256  385
 255  384
 255  370
 254  369
 254  368
 252  366
 252  365
 244  357
 243  357
 233  347
 232  347
 224  339
 223  339
 219  335
 218  335
 215  332
 214  332
 212  330
 211  330
 209  328
 208  328
 207  327
 207  313
 208  312
 223  312
 224  313
 232  313
 233  314
 234  313
 239  313
 240  312
 246  312
 247  311
 252  311
 253  310
 259  310
 260  309
 265  309
 266  308
 268  308
 272  304
 272  303
 274  301
 274  300
 276  298
 276  297
 278  295
 278  294
 279  293
 279  292
 281  290
 281  289
 282  288
 282  287
 285  284
 285  283
 292  276
 292  275
 295  272
 295  271
 296  270
 296  268
 297  267
 297  266
 298  265
 298  262
 299  261
 299  258
 300  257
 300  256
 301  255
 301  254
 302  253
 302  252
 305  249
 305  248
 312  241
 312  240
 313  239
 313  238
 315  236
 315  235
 316  234
 316  233
 317  232
 317  231
 318  230
 318  228
 319  227
 319  224
 320  223
 320  221
 321  220
 321  219
 322  218
 322  217
 323  216
 323  215
 329  209
 329  208
 334  203
 334  202
 335  201
 335  200
 336  199
 336  198
 337  197
 337  196
 338  195
 338  194
 339  193
 339  187
 340  186
 340  184
 342  182
 342  181
 345  178
 345  177
 352  170
 352  169
 355  166
 355  165
 357  163
 357  162
 359  160
 359  158
 361  156
 361  155
 362  154
 362  153
 366  149
 367  149
 376  140
 376  139
 378  137
 378  136
 379  135
 379  134
 382  131
 382  130
 384  128
 384  127
 386  125
 386  124
 389  121
 389  120
 395  114
 395  113
 399  109
 399  108
 400  107
 400  106
 402  104
 402  103
 403  102
 403  101
 405   99
 405   98
 406   97
 406   96
 409   93
 409   91
 410   90
 410   89
 411   88
 411   85
 412   84
 412   81
 413   80
 413   76
 414   75
 414   72
 415   71
 415   69
 414   68
 414   67
 413   66
 413   65
 408   60
 407   60
 405   58
 404   58
 403   57
 402   57
 401   56
 399   56
 398   55
 397   55
 396   54
 394   54
 393   53
 390   53
 389   52
 387   52
 386   51
 382   51
 381   50
 377   50
 376   49
 364   49
 363   48
