 352   82
 351   83
 342   83
 341   84
 332   84
 331   85
 326   85
 325   86
 321   86
 320   87
 316   87
 315   88
 312   88
 311   89
 307   89
 306   90
 304   90
 303   91
 300   91
 299   92
 297   92
 296   93
 294   93
 293   94
 291   94
 290   95
 288   95
 287   96
 285   96
 284   97
 283   97
 282   98
 280   98
 279   99
 277   99
 276  100
 275  100
 274  101
 273  101
 272  102
 270  102
 269  103
 268  103
 267  104
 265  104
 264  105
 263  105
 262  106
 261  106
 260  107
 258  107
 257  108
 256  108
 255  109
 254  109
 253  110
 252  110
 251  111
 250  111
 249  112
 248  112
 247  113
 245  113
 243  115
 241  115
 239  117
 238  117
 237  118
 236  118
 235  119
 234  119
 233  120
 232  120
 231  121
 230  121
 229  122
 228  122
 226  124
 225  124
 224  125
 223  125
 221  127
 220  127
 218  129
 217  129
 216  130
 215  130
 213  132
 212  132
 211  133
 210  133
 208  135
 207  135
 205  137
 204  137
 203  138
 202  138
 200  140
 199  140
 198  141
 197  141
 195  143
 194  143
 192  145
 191  145
 188  148
 187  148
 185  150
 184  150
 182  152
 181  152
 178  155
 177  155
 174  158
 173  158
 170  161
 169  161
 165  165
 164  165
 155  174
 154  174
 141  187
 140  187
 137  190
 137  191
 135  193
 134  193
 134  194
 120  208
 120  209
 117  212
 117  213
 111  219
 111  220
 106  225
 106  226
 103  229
 103  230
  99  234
  99  235
  96  238
  96  239
  93  242
  93  243
  91  245
  91  246
  90  247
  90  248
  87  251
  87  252
  86  253
  86  254
  83  257
  83  258
  81  260
  81  261
  80  262
  80  263
  79  264
  79  265
  77  267
  77  269
  75  271
  75  272
  73  274
  73  275
  72  276
  72  277
  70  279
  70  280
  68  282
  68  283
  66  285
  66  295
  67  296
  73  296
  74  297
  74  311
  73  312
  73  313
  72  314
  72  315
  71  316
  71  317
  70  318
  70  319
  69  320
  69  322
  68  323
  68  326
  67  327
  67  332
  66  333
  66  341
  65  342
  65  360
  66  361
  66  364
  67  365
  67  367
  69  369
  69  370
  70  371
  70  374
  71  375
  71  378
  72  379
  72  384
  73  385
  73  390
  74  391
  74  392
  75  393
  75  394
  76  395
  76  399
  77  400
  77  403
  78  404
  78  405
  79  406
  79  409
  80  410
  80  413
  81  414
  81  416
  82  417
  82  419
  83  420
  83  425
  84  426
  84  428
  85  429
  85  431
  86  432
  86  441
  87  442
  87  446
  88  447
  88  449
  89  450
  89  458
  90  459
  90  467
  91  468
  91  472
  92  473
  92  478
  93  479
  93  489
  94  490
  94  493
  95  494
  95  498
  96  499
  96  512
  97  513
  97  518
  98  519
  98  523
  99  524
  99  531
 100  532
 100  537
 101  538
 101  540
 102  541
 102  542
 103  543
 103  545
 104  546
 104  547
 109  552
 110  552
 113  555
 114  555
 116  557
 117  557
 121  561
 121  562
 123  564
 123  566
 124  567
 124  568
 125  569
 125  570
 126  571
 126  572
 127  573
 127  575
 128  576
 128  577
 129  578
 129  580
 130  581
 130  584
 132  586
 132  587
 133  588
 133  589
 134  590
 134  591
 136  593
 136  594
 137  595
 137  597
 138  598
 138  599
 141  602
 142  602
 144  604
 145  604
 146  605
 152  605
 153  604
 154  604
 155  603
 156  603
 157  602
 158  602
 159  601
 161  601
 162  600
 181  600
 182  601
 183  601
 184  602
 185  602
 186  603
 187  603
 188  604
 191  604
 192  603
 193  603
 195  601
 196  601
 198  599
 198  598
 203  593
 204  593
 205  592
 222  592
 223  593
 225  593
 227  595
 229  595
 231  593
 231  592
 233  590
 233  587
 234  586
 234  556
 235  555
 235  554
 236  553
 236  551
 243  544
 244  544
 245  543
 247  543
 248  542
 251  542
 252  541
 253  541
 254  540
 255  540
 260  535
 260  534
 262  532
 262  530
 263  529
 263  523
 262  522
 262  499
 263  498
 263  496
 267  492
 268  492
 269  491
 271  491
 272  490
 274  490
 276  488
 277  488
 282  483
 282  482
 283  481
 283  479
 282  478
 282  476
 281  475
 281  474
 280  473
 280  470
 279  469
 279  454
 280  453
 280  452
 284  448
 285  448
 287  446
 288  446
 289  445
 289  444
 290  443
 290  442
 291  441
 291  438
 290  437
 290  432
 289  431
 289  429
 287  427
 287  426
 286  425
 286  424
 284  422
 284  421
 283  420
 283  419
 281  417
 281  416
 280  415
 280  414
 279  413
 279  412
 278  411
 278  410
 277  409
 277  408
 276  407
 276  400
 275  399
 275  395
 274  394
 274  392
 273  391
 273  389
 272  388
 272  387
 269  384
 269  383
 263  377
 263  376
 252  365
 251  365
 244  358
 243  358
 238  353
 237  353
 234  350
 233  350
 230  347
 229  347
 227  345
 226  345
 222  341
 222  327
 223  326
 242  326
 243  327
 255  327
 256  326
 269  326
 270  325
 275  325
 276  324
 279  324
 280  323
 282  323
 293  312
 294  312
 300  306
 300  305
 301  304
 301  303
 302  302
 302  301
 304  299
 305  299
 307  297
 308  297
 309  296
 313  296
 316  293
 316  291
 317  290
 317  289
 318  288
 318  287
 319  286
 319  285
 320  284
 320  282
 321  281
 321  280
 323  278
 323  276
 324  275
 324  274
 327  271
 327  270
 329  268
 329  267
 330  266
 330  264
 332  262
 332  260
 333  259
 333  255
 334  254
 334  251
 335  250
 335  249
 336  248
 336  246
 337  245
 337  244
 339  242
 339  241
 340  240
 340  239
 344  235
 344  234
 346  232
 346  229
 347  228
 347  226
 348  225
 348  223
 349  222
 349  218
 350  217
 350  213
 351  212
 351  211
 352  210
 352  209
 353  208
 353  207
 354  206
 354  205
 357  202
 357  201
 360  198
 360  197
 362  195
 362  194
 363  193
 363  192
 365  190
 365  189
 366  188
 366  187
 367  186
 367  184
 369  182
 369  181
 373  177
 373  176
 377  172
 377  171
 381  167
 381  166
 383  164
 383  163
 386  160
 386  159
 387  158
 387  157
 388  156
 388  155
 390  153
 390  152
 393  149
 393  148
 398  143
 398  142
 400  140
 400  139
 402  137
 402  136
 403  135
 403  134
 404  133
 404  132
 406  130
 406  129
 407  128
 407  127
 408  126
 408  125
 410  123
 410  122
 411  121
 411  120
 412  119
 412  118
 413  117
 413  115
 414  114
 414  111
 415  110
 415  106
 416  105
 416  102
 415  101
 415  100
 410   95
 409   95
 407   93
 406   93
 405   92
 404   92
 403   91
 402   91
 401   90
 400   90
 399   89
 397   89
 396   88
 394   88
 393   87
 390   87
 389   86
 386   86
 385   85
 382   85
 381   84
 376   84
 375   83
 369   83
 368   82
