 314  137
 313  138
 310  138
 309  139
 304  139
 303  140
 300  140
 299  141
 297  141
 296  142
 293  142
 292  143
 291  143
 290  144
 288  144
 287  145
 286  145
 285  146
 283  146
 282  147
 281  147
 280  148
 279  148
 278  149
 277  149
 276  150
 274  150
 273  151
 272  151
 271  152
 270  152
 269  153
 268  153
 267  154
 266  154
 265  155
 264  155
 263  156
 262  156
 260  158
 259  158
 258  159
 257  159
 255  161
 254  161
 252  163
 251  163
 249  165
 248  165
 246  167
 245  167
 242  170
 241  170
 237  174
 236  174
 233  177
 232  177
 229  180
 228  180
 225  183
 224  183
 216  191
 215  191
 207  199
 206  199
 197  208
 196  208
 179  225
 179  226
 174  231
 174  232
 169  237
 169  238
 166  241
 166  242
 164  244
 164  245
 161  248
 161  249
 158  252
 158  253
 155  256
 155  257
 154  258
 154  259
 151  262
 151  263
 150  264
 150  265
 148  267
 148  268
 147  269
 147  270
 145  272
 145  273
 144  274
 144  276
 141  279
 141  281
 138  284
 138  286
 136  288
 135  288
 133  290
 132  290
 131  291
 131  298
 132  299
 139  299
 140  300
 140  314
 139  315
 139  316
 137  318
 137  319
 136  320
 136  323
 135  324
 135  326
 133  328
 133  344
 134  345
 134  346
 135  347
 135  349
 137  351
 137  352
 138  353
 138  356
 139  357
 139  358
 140  359
 140  360
 141  361
 141  363
 142  364
 142  366
 143  367
 143  368
 144  369
 144  371
 145  372
 145  375
 146  376
 146  377
 147  378
 147  380
 148  381
 148  384
 149  385
 149  387
 150  388
 150  390
 151  391
 151  394
 152  395
 152  396
 153  397
 153  398
 154  399
 154  402
 155  403
 155  406
 156  407
 156  408
 157  409
 157  411
 158  412
 158  415
 159  416
 159  418
 160  419
 160  420
 161  421
 161  424
 162  425
 162  428
 163  429
 163  430
 164  431
 164  434
 165  435
 165  438
 166  439
 166  440
 167  441
 167  442
 168  443
 168  445
 169  446
 169  447
 170  448
 170  449
 171  450
 171  453
 172  454
 172  456
 173  457
 173  458
 174  459
 174  461
 175  462
 175  464
 176  465
 176  466
 177  467
 177  468
 178  469
 178  472
 180  474
 180  475
 181  476
 181  477
 184  480
 185  480
 186  481
 198  481
 202  485
 202  487
 203  488
 203  489
 204  490
 204  495
 205  496
 205  501
 206  502
 206  503
 210  507
 211  507
 212  508
 215  508
 222  501
 223  501
 224  500
 243  500
 246  503
 248  503
 248  502
 253  497
 269  497
 276  504
 276  505
 277  506
 277  507
 278  508
 278  509
 279  510
 279  511
 280  512
 280  513
 281  514
 281  515
 282  516
 282  518
 283  519
 283  520
 284  521
 284  522
 285  523
 285  527
 286  528
 286  530
 287  531
 287  533
 288  534
 288  536
 289  537
 289  539
 291  541
 291  542
 293  544
 293  545
 295  547
 296  547
 299  550
 304  550
 306  548
 307  548
 307  547
 309  545
 309  544
 310  543
 310  541
 311  540
 311  537
 310  536
 310  534
 309  533
 309  532
 308  531
 308  530
 307  529
 307  528
 302  523
 302  522
 290  510
 289  510
 287  508
 287  507
 286  506
 285  506
 284  505
 284  504
 277  497
 277  496
 274  493
 274  492
 273  491
 273  490
 272  489
 272  488
 271  487
 271  485
 270  484
 270  483
 269  482
 269  481
 268  480
 268  459
 269  458
 269  457
 270  456
 270  455
 271  454
 271  453
 273  451
 274  451
 275  450
 279  450
 280  449
 281  449
 284  446
 284  444
 283  443
 283  442
 282  441
 282  440
 281  439
 281  437
 279  435
 279  418
 280  417
 280  416
 281  415
 281  414
 286  409
 288  409
 289  408
 290  408
 292  406
 292  405
 291  404
 291  402
 290  401
 290  400
 287  397
 287  396
 286  395
 286  380
 287  379
 287  377
 289  375
 290  375
 294  371
 291  368
 291  367
 288  364
 288  363
 287  362
 286  362
 283  359
 283  358
 280  355
 280  353
 279  352
 279  351
 278  350
 278  343
 277  342
 277  340
 275  338
 275  337
 269  331
 268  331
 266  329
 265  329
 264  328
 263  328
 262  327
 261  327
 260  326
 259  326
 258  325
 258  311
 259  310
 270  310
 271  309
 278  309
 279  308
 287  308
 288  307
 290  307
 291  306
 292  306
 293  305
 294  305
 296  303
 297  303
 300  300
 300  299
 303  296
 303  294
 304  293
 304  291
 310  285
 310  284
 311  283
 311  282
 312  281
 312  275
 313  274
 313  271
 314  270
 314  269
 315  268
 315  267
 316  266
 317  266
 317  265
 321  261
 321  245
 324  242
 324  241
 326  239
 326  238
 327  237
 327  232
 328  231
 328  224
 330  222
 330  221
 333  218
 333  217
 334  216
 334  211
 335  210
 335  206
 337  204
 337  203
 341  199
 341  197
 343  195
 343  194
 344  193
 344  187
 345  186
 345  181
 346  180
 346  179
 348  177
 348  171
 349  170
 349  151
 348  150
 348  147
 343  142
 342  142
 341  141
 340  141
 339  140
 338  140
 337  139
 334  139
 333  138
 331  138
 330  137
