 337  119
 336  120
 333  120
 332  121
 329  121
 328  122
 326  122
 325  123
 323  123
 322  124
 320  124
 319  125
 317  125
 316  126
 315  126
 314  127
 312  127
 311  128
 310  128
 309  129
 308  129
 307  130
 306  130
 305  131
 304  131
 303  132
 302  132
 301  133
 300  133
 299  134
 298  134
 297  135
 296  135
 295  136
 294  136
 293  137
 292  137
 291  138
 290  138
 289  139
 288  139
 286  141
 285  141
 284  142
 283  142
 281  144
 280  144
 279  145
 278  145
 276  147
 275  147
 273  149
 272  149
 270  151
 269  151
 266  154
 265  154
 263  156
 262  156
 259  159
 258  159
 252  165
 251  165
 246  170
 245  170
 239  176
 238  176
 238  177
 236  179
 235  179
 212  202
 212  203
 202  213
 202  214
 195  221
 195  222
 188  229
 188  230
 184  234
 184  235
 180  239
 180  240
 177  243
 177  244
 173  248
 173  249
 170  252
 170  253
 167  256
 167  257
 164  260
 164  261
 161  264
 161  265
 159  267
 159  268
 157  270
 157  271
 154  274
 154  275
 153  276
 153  277
 151  279
 151  280
 150  281
 150  282
 147  285
 147  286
 146  287
 146  288
 144  290
 144  291
 142  293
 142  294
 140  296
 140  297
 139  298
 139  299
 138  300
 138  301
 137  302
 137  304
 135  306
 135  307
 134  308
 134  309
 133  310
 133  311
 132  312
 132  313
 131  314
 131  315
 130  316
 130  317
 129  318
 129  319
 128  320
 128  321
 125  324
 122  324
 120  326
 120  376
 121  377
 121  392
 120  393
 120  406
 124  410
 124  413
 125  414
 125  417
 126  418
 126  421
 127  422
 127  425
 128  426
 128  427
 129  428
 129  429
 130  430
 130  432
 131  433
 131  434
 132  435
 132  436
 133  437
 133  439
 134  440
 134  442
 135  443
 135  444
 136  445
 136  446
 137  447
 137  449
 138  450
 138  452
 139  453
 139  454
 140  455
 140  457
 141  458
 141  460
 142  461
 142  463
 143  464
 143  466
 144  467
 144  470
 145  471
 145  472
 146  473
 146  474
 147  475
 147  478
 148  479
 148  481
 149  482
 149  483
 150  484
 150  486
 151  487
 151  490
 152  491
 152  492
 153  493
 153  496
 154  497
 154  501
 155  502
 155  504
 156  505
 156  507
 157  508
 157  511
 158  512
 158  514
 159  515
 159  516
 160  517
 160  519
 161  520
 161  522
 167  528
 168  528
 169  529
 171  529
 174  532
 175  532
 188  545
 188  546
 192  550
 192  551
 198  557
 198  558
 203  563
 204  563
 207  566
 208  566
 209  567
 211  567
 212  568
 228  568
 229  569
 230  569
 231  568
 232  568
 233  567
 234  567
 235  566
 237  566
 238  565
 240  565
 241  564
 254  564
 255  563
 256  563
 259  560
 259  559
 260  558
 260  543
 261  542
 261  541
 265  537
 266  537
 268  535
 269  535
 272  532
 273  532
 275  530
 275  529
 277  527
 277  505
 278  504
 278  503
 279  502
 279  501
 286  494
 286  493
 287  492
 287  491
 289  489
 289  488
 290  487
 290  467
 291  466
 291  464
 293  462
 293  459
 294  458
 294  455
 293  454
 293  450
 292  449
 292  447
 291  446
 291  434
 290  433
 290  427
 289  426
 289  425
 287  423
 287  421
 281  415
 280  415
 276  411
 275  411
 273  409
 272  409
 270  407
 269  407
 268  406
 267  406
 265  404
 264  404
 262  402
 261  402
 259  400
 258  400
 257  399
 256  399
 255  398
 254  398
 253  397
 252  397
 250  395
 249  395
 248  394
 247  394
 246  393
 246  379
 247  378
 285  378
 291  372
 291  371
 294  368
 294  367
 296  365
 296  364
 297  363
 297  361
 298  360
 298  359
 299  358
 299  357
 300  356
 300  353
 301  352
 301  351
 302  350
 302  349
 303  348
 303  347
 304  346
 304  345
 307  342
 307  340
 308  339
 308  338
 309  337
 309  332
 310  331
 310  321
 311  320
 311  319
 312  318
 312  317
 313  316
 313  315
 314  314
 314  312
 316  310
 316  309
 317  308
 317  280
 318  279
 318  278
 320  276
 320  273
 321  272
 321  252
 322  251
 322  250
 323  249
 323  247
 324  246
 324  244
 326  242
 326  241
 327  240
 327  238
 328  237
 328  236
 329  235
 329  233
 330  232
 330  225
 331  224
 331  221
 332  220
 332  218
 333  217
 333  216
 334  215
 334  214
 336  212
 336  211
 337  210
 337  209
 340  206
 340  205
 341  204
 341  203
 343  201
 343  200
 344  199
 344  198
 345  197
 345  196
 346  195
 346  194
 347  193
 347  190
 348  189
 348  188
 349  187
 349  186
 350  185
 350  183
 351  182
 351  181
 352  180
 352  179
 353  178
 353  175
 354  174
 354  171
 355  170
 355  169
 356  168
 356  167
 357  166
 357  163
 358  162
 358  159
 359  158
 359  156
 360  155
 360  147
 361  146
 361  132
 360  131
 360  128
 359  127
 359  126
 355  122
 354  122
 353  121
 352  121
 351  120
 349  120
 348  119
