 344   82
 343   83
 334   83
 333   84
 326   84
 325   85
 321   85
 320   86
 315   86
 314   87
 312   87
 311   88
 307   88
 306   89
 304   89
 303   90
 301   90
 300   91
 297   91
 296   92
 295   92
 294   93
 291   93
 290   94
 289   94
 288   95
 286   95
 285   96
 283   96
 282   97
 280   97
 279   98
 278   98
 277   99
 275   99
 274  100
 272  100
 271  101
 270  101
 269  102
 267  102
 266  103
 265  103
 264  104
 263  104
 262  105
 261  105
 260  106
 259  106
 258  107
 257  107
 256  108
 254  108
 253  109
 252  109
 251  110
 250  110
 249  111
 248  111
 247  112
 246  112
 245  113
 244  113
 243  114
 242  114
 241  115
 240  115
 239  116
 238  116
 237  117
 236  117
 235  118
 234  118
 233  119
 232  119
 230  121
 228  121
 227  122
 226  122
 225  123
 224  123
 223  124
 222  124
 221  125
 220  125
 219  126
 218  126
 216  128
 215  128
 214  129
 213  129
 212  130
 211  130
 210  131
 209  131
 208  132
 207  132
 206  133
 205  133
 204  134
 203  134
 202  135
 201  135
 200  136
 199  136
 198  137
 197  137
 196  138
 195  138
 194  139
 193  139
 192  140
 191  140
 190  141
 189  141
 188  142
 187  142
 186  143
 185  143
 183  145
 182  145
 181  146
 180  146
 179  147
 178  147
 176  149
 175  149
 174  150
 173  150
 171  152
 170  152
 168  154
 167  154
 165  156
 164  156
 161  159
 160  159
 157  162
 156  162
 153  165
 152  165
 149  168
 148  168
 145  171
 144  171
 143  172
 141  172
 140  173
 132  173
 131  174
 128  174
 127  175
 125  175
 124  176
 123  176
 121  178
 120  178
 117  181
 117  191
 116  192
 105  192
 100  197
  99  197
  98  198
  98  210
  97  211
  97  212
  96  213
  96  214
  93  217
  93  218
  90  221
  90  222
  87  225
  87  226
  84  229
  84  230
  81  233
  81  234
  79  236
  79  237
  77  239
  77  240
  76  241
  76  242
  74  244
  74  249
  73  250
  73  253
  72  254
  70  254
  69  255
  67  255
  66  256
  63  256
  62  257
  62  258
  61  259
  61  265
  63  267
  75  267
  78  270
  78  284
  76  286
  75  286
  75  287
  73  289
  73  290
  72  291
  72  292
  71  293
  71  295
  70  296
  70  298
  69  299
  69  301
  68  302
  68  311
  69  312
  69  314
  70  315
  70  332
  71  333
  71  334
  73  336
  73  337
  75  339
  75  340
  76  341
  76  342
  77  343
  77  344
  79  346
  79  347
  80  348
  80  350
  81  351
  81  352
  83  354
  83  356
  84  357
  84  358
  85  359
  85  360
  86  361
  86  363
  87  364
  87  368
  88  369
  88  370
  89  371
  89  373
  90  374
  90  382
  91  383
  91  385
  92  386
  92  389
  93  390
  93  397
  94  398
  94  402
  95  403
  95  405
  96  406
  96  417
  97  418
  97  427
  98  428
  98  432
  99  433
  99  440
 100  441
 100  451
 101  452
 101  456
 102  457
 102  459
 103  460
 103  462
 104  463
 104  464
 105  465
 106  465
 112  471
 112  472
 113  473
 113  474
 114  475
 114  477
 115  478
 115  479
 116  480
 116  482
 117  483
 117  493
 118  494
 118  495
 119  496
 119  497
 120  498
 120  501
 121  502
 121  504
 122  505
 122  506
 123  507
 123  508
 124  509
 124  510
 127  513
 128  513
 129  514
 133  514
 134  515
 139  515
 140  516
 141  516
 144  519
 144  542
 143  543
 143  550
 144  551
 144  554
 146  556
 146  557
 147  558
 147  559
 152  564
 154  564
 154  563
 155  562
 155  561
 156  560
 156  554
 157  553
 157  552
 158  551
 158  550
 159  549
 159  548
 168  539
 169  539
 170  538
 185  538
 186  539
 190  539
 191  540
 193  540
 194  541
 195  541
 197  543
 197  544
 198  545
 198  546
 199  547
 199  548
 200  549
 200  552
 201  553
 201  556
 202  557
 202  559
 203  560
 203  564
 204  565
 204  570
 205  571
 205  572
 207  574
 207  576
 210  579
 211  579
 211  578
 210  577
 210  575
 209  574
 209  573
 208  572
 208  571
 207  570
 207  569
 206  568
 206  563
 205  562
 205  560
 204  559
 204  542
 205  541
 205  539
 206  538
 206  537
 211  532
 232  532
 233  533
 234  533
 235  534
 236  534
 238  536
 239  536
 247  544
 247  545
 251  549
 251  550
 254  553
 254  554
 255  555
 255  556
 257  558
 257  559
 258  560
 258  562
 260  564
 260  566
 261  567
 261  569
 262  570
 262  571
 263  572
 263  575
 264  576
 264  581
 265  582
 265  584
 266  585
 266  588
 267  589
 267  595
 268  596
 268  597
 275  604
 276  604
 277  605
 280  605
 281  604
 282  604
 284  602
 284  601
 286  599
 286  594
 284  592
 284  591
 283  590
 283  588
 280  585
 280  584
 276  580
 276  579
 274  577
 274  576
 273  575
 273  574
 271  572
 271  571
 270  570
 270  569
 267  566
 267  565
 263  561
 263  560
 260  557
 260  556
 256  552
 256  551
 253  548
 253  547
 249  543
 249  542
 246  539
 246  538
 244  536
 244  535
 243  534
 243  533
 242  532
 242  531
 240  529
 240  527
 239  526
 239  525
 238  524
 238  523
 237  522
 237  520
 236  519
 236  500
 237  499
 237  498
 241  494
 242  494
 243  493
 244  493
 245  492
 246  492
 247  491
 248  491
 249  490
 251  490
 252  489
 271  489
 269  487
 269  486
 266  483
 266  482
 263  479
 263  478
 262  477
 262  476
 260  474
 260  455
 269  446
 270  446
 271  445
 288  445
 287  444
 287  443
 286  442
 286  441
 279  434
 279  433
 276  430
 276  429
 274  427
 274  426
 273  425
 273  424
 272  423
 272  406
 273  405
 273  403
 276  400
 277  400
 278  399
 282  399
 283  398
 285  398
 287  396
 286  395
 286  392
 285  391
 285  390
 283  388
 283  387
 281  385
 281  384
 271  374
 271  373
 270  372
 270  354
 269  353
 269  352
 267  350
 267  349
 264  346
 264  345
 263  344
 263  343
 262  342
 262  328
 263  327
 280  327
 281  326
 283  326
 285  324
 285  323
 286  322
 294  322
 294  315
 296  313
 298  313
 299  312
 301  312
 302  311
 303  311
 307  307
 308  307
 310  305
 311  305
 313  303
 314  303
 316  301
 316  300
 317  299
 317  298
 318  297
 318  296
 319  295
 319  293
 324  288
 325  288
 328  285
 328  284
 329  283
 329  282
 330  281
 330  278
 331  277
 331  271
 332  270
 332  269
 334  267
 342  267
 343  266
 343  261
 344  260
 344  251
 346  249
 346  247
 347  246
 347  244
 350  241
 350  240
 355  235
 355  234
 356  233
 356  232
 357  231
 357  225
 358  224
 358  217
 359  216
 359  214
 360  213
 360  210
 363  207
 363  206
 367  202
 367  201
 369  199
 369  198
 370  197
 370  195
 371  194
 371  193
 373  191
 373  190
 389  174
 389  173
 390  172
 390  171
 393  168
 393  167
 394  166
 394  165
 397  162
 397  161
 400  158
 400  157
 403  154
 403  153
 404  152
 404  151
 405  150
 405  149
 406  148
 406  147
 407  146
 407  145
 408  144
 408  143
 410  141
 410  139
 411  138
 411  136
 413  134
 413  132
 414  131
 414  129
 415  128
 415  127
 416  126
 416  125
 417  124
 417  120
 418  119
 418  116
 419  115
 419  109
 418  108
 418  107
 417  106
 417  105
 416  104
 416  103
 408   95
 407   95
 405   93
 404   93
 403   92
 402   92
 401   91
 399   91
 398   90
 396   90
 395   89
 393   89
 392   88
 389   88
 388   87
 386   87
 385   86
 381   86
 380   85
 376   85
 375   84
 369   84
 368   83
 361   83
 360   82
