 300  235
 299  236
 297  236
 296  237
 292  237
 291  238
 285  238
 284  239
 279  239
 278  240
 277  240
 276  241
 275  241
 273  243
 272  243
 271  244
 270  244
 269  245
 268  245
 267  246
 266  246
 265  247
 264  247
 263  248
 262  248
 261  249
 260  249
 259  250
 258  250
 257  251
 256  251
 255  252
 254  252
 253  253
 252  253
 251  254
 250  254
 249  255
 248  255
 247  256
 246  256
 245  257
 243  257
 242  258
 241  258
 240  259
 239  259
 238  260
 237  260
 236  261
 235  261
 233  263
 232  263
 228  267
 227  267
 226  268
 224  268
 223  269
 222  269
 221  270
 220  270
 219  271
 218  271
 216  273
 215  273
 213  275
 212  275
 210  277
 209  277
 208  278
 207  278
 206  279
 205  279
 204  280
 202  280
 201  281
 197  281
 196  282
 188  282
 187  283
 186  283
 180  289
 179  289
 178  290
 177  290
 175  292
 174  292
 173  293
 171  293
 170  294
 167  294
 166  295
 165  295
 164  296
 163  296
 162  297
 161  297
 160  298
 158  298
 156  300
 156  325
 158  327
 171  327
 172  328
 172  342
 171  343
 171  344
 170  345
 170  347
 169  348
 169  349
 167  351
 163  351
 161  353
 161  381
 163  383
 168  383
 175  390
 176  390
 182  396
 182  397
 186  401
 186  402
 188  404
 188  405
 189  406
 189  407
 190  408
 190  409
 192  411
 192  432
 193  433
 193  434
 208  434
 209  435
 209  447
 212  450
 213  450
 213  448
 214  447
 214  446
 215  445
 215  442
 218  439
 232  439
 236  443
 236  444
 240  448
 240  449
 241  449
 241  434
 242  433
 242  431
 243  430
 259  430
 260  431
 258  429
 258  428
 257  427
 257  411
 258  410
 263  410
 264  409
 266  409
 264  407
 263  407
 259  403
 259  389
 260  388
 263  388
 264  387
 266  387
 265  387
 264  386
 263  386
 262  385
 261  385
 260  384
 258  384
 257  383
 256  383
 254  381
 254  367
 255  366
 252  363
 250  363
 249  362
 247  362
 246  361
 244  361
 242  359
 242  355
 241  354
 241  340
 243  338
 257  338
 258  339
 265  339
 267  337
 269  337
 270  336
 274  336
 275  335
 277  335
 278  334
 279  334
 282  331
 283  331
 284  330
 287  330
 289  328
 290  328
 291  327
 296  327
 297  326
 297  316
 298  315
 301  315
 302  314
 305  314
 306  313
 306  299
 308  297
 311  297
 312  296
 313  296
 313  282
 314  281
 317  281
 320  278
 320  268
 321  267
 322  267
 324  265
 324  257
 323  256
 323  255
 319  251
 319  243
 316  240
 313  240
 312  239
 311  239
 310  238
 309  238
 307  236
 306  236
 305  235
