 319  114
 318  115
 312  115
 311  116
 305  116
 304  117
 302  117
 301  118
 298  118
 297  119
 295  119
 294  120
 291  120
 290  121
 288  121
 287  122
 286  122
 285  123
 283  123
 282  124
 281  124
 280  125
 279  125
 278  126
 277  126
 276  127
 275  127
 273  129
 272  129
 271  130
 270  130
 269  131
 268  131
 267  132
 266  132
 265  133
 264  133
 263  134
 262  134
 260  136
 259  136
 258  137
 257  137
 255  139
 254  139
 253  140
 252  140
 249  143
 248  143
 246  145
 245  145
 243  147
 242  147
 239  150
 238  150
 235  153
 234  153
 231  156
 230  156
 228  158
 227  158
 224  161
 223  161
 220  164
 219  164
 216  167
 215  167
 212  170
 211  170
 202  179
 201  179
 188  192
 187  192
 175  204
 175  205
 167  213
 167  214
 164  217
 164  218
 161  221
 161  222
 157  226
 157  227
 154  230
 154  231
 150  235
 150  236
 149  237
 149  238
 148  239
 148  240
 147  241
 147  242
 145  244
 145  245
 141  249
 141  250
 138  253
 138  254
 135  257
 135  258
 130  263
 130  265
 128  267
 128  269
 122  275
 122  304
 124  306
 125  306
 126  307
 126  327
 127  328
 127  329
 128  330
 128  331
 130  333
 130  336
 131  337
 131  338
 133  340
 133  342
 134  343
 134  344
 136  346
 136  347
 137  348
 137  349
 138  350
 138  351
 140  353
 140  354
 141  355
 141  356
 143  358
 143  359
 144  360
 144  361
 146  363
 146  364
 147  365
 147  366
 148  367
 148  368
 149  369
 149  370
 150  371
 150  372
 151  373
 151  374
 153  376
 153  377
 155  379
 155  380
 156  381
 156  382
 157  383
 157  384
 158  385
 158  386
 160  388
 160  389
 161  390
 161  391
 162  392
 162  393
 164  395
 164  397
 167  400
 167  402
 168  403
 168  404
 170  406
 170  408
 171  409
 171  410
 173  412
 173  413
 175  415
 175  416
 176  417
 176  418
 177  419
 177  420
 181  424
 181  425
 184  428
 184  429
 187  432
 187  433
 188  434
 188  435
 189  436
 189  437
 190  438
 190  441
 191  442
 191  444
 193  446
 193  447
 194  448
 194  449
 195  450
 195  451
 197  453
 197  455
 198  456
 198  458
 199  459
 199  460
 200  461
 200  463
 202  465
 203  465
 206  468
 207  468
 208  469
 209  469
 210  470
 210  488
 209  489
 209  491
 204  496
 204  499
 203  500
 203  502
 204  503
 204  506
 206  508
 206  509
 208  511
 208  512
 209  512
 213  516
 214  516
 215  517
 216  517
 217  518
 221  518
 226  513
 226  512
 227  511
 242  511
 243  512
 243  513
 244  514
 244  515
 249  520
 250  520
 251  521
 254  521
 259  516
 259  515
 260  514
 275  514
 279  518
 279  519
 281  521
 281  522
 283  524
 283  525
 285  527
 285  528
 287  530
 287  531
 291  535
 291  536
 294  539
 294  540
 298  544
 299  544
 302  547
 303  547
 299  543
 299  542
 296  539
 296  538
 292  534
 292  533
 290  531
 290  530
 286  526
 286  525
 284  523
 284  522
 283  521
 283  520
 280  517
 280  516
 279  515
 279  514
 276  511
 276  510
 275  509
 275  508
 273  506
 273  505
 272  504
 272  503
 270  501
 270  500
 269  499
 269  498
 268  497
 268  496
 267  495
 267  477
 269  475
 269  474
 274  469
 275  469
 278  466
 278  465
 280  463
 280  459
 279  458
 279  457
 277  455
 277  454
 276  453
 276  438
 277  437
 277  435
 278  434
 278  433
 279  432
 279  431
 280  430
 280  429
 282  427
 282  426
 283  425
 283  423
 284  422
 284  421
 285  420
 285  419
 286  418
 286  416
 287  415
 287  413
 289  411
 289  409
 290  408
 290  406
 291  405
 291  403
 292  402
 292  401
 293  400
 293  397
 295  395
 295  394
 297  392
 297  391
 299  389
 299  388
 300  387
 300  386
 301  385
 301  384
 302  383
 302  382
 303  381
 303  380
 305  378
 305  377
 306  376
 306  374
 307  373
 307  372
 308  371
 308  370
 307  369
 307  351
 306  350
 306  347
 300  341
 299  341
 298  340
 298  339
 297  338
 296  338
 294  336
 294  335
 292  333
 291  333
 287  329
 287  315
 288  314
 289  314
 290  313
 293  313
 294  312
 295  312
 295  307
 296  306
 303  306
 304  305
 306  305
 309  302
 310  302
 312  300
 313  300
 316  297
 317  297
 323  291
 323  290
 326  287
 326  286
 329  283
 329  282
 330  281
 330  279
 332  277
 332  276
 333  275
 333  274
 334  273
 334  272
 335  271
 335  270
 336  269
 336  267
 337  266
 337  263
 338  262
 338  260
 339  259
 339  256
 340  255
 340  246
 341  245
 341  241
 342  240
 342  236
 343  235
 343  226
 344  225
 344  214
 345  213
 345  210
 346  209
 346  202
 347  201
 347  192
 348  191
 348  188
 349  187
 349  185
 350  184
 350  180
 351  179
 351  177
 352  176
 352  174
 353  173
 353  170
 354  169
 354  167
 355  166
 355  164
 356  163
 356  159
 357  158
 357  150
 358  149
 358  145
 359  144
 359  137
 358  136
 358  133
 357  132
 357  130
 356  129
 356  127
 351  122
 350  122
 348  120
 347  120
 346  119
 344  119
 343  118
 341  118
 340  117
 339  117
 338  116
 334  116
 333  115
 327  115
 326  114
