 321  130
 320  131
 314  131
 313  132
 309  132
 308  133
 306  133
 305  134
 303  134
 302  135
 300  135
 299  136
 297  136
 296  137
 295  137
 294  138
 293  138
 292  139
 291  139
 290  140
 289  140
 288  141
 287  141
 286  142
 285  142
 284  143
 283  143
 282  144
 281  144
 280  145
 279  145
 277  147
 276  147
 275  148
 274  148
 272  150
 271  150
 269  152
 268  152
 267  153
 266  153
 263  156
 262  156
 261  157
 260  157
 258  159
 257  159
 255  161
 254  161
 252  163
 251  163
 249  165
 248  165
 245  168
 244  168
 242  170
 241  170
 238  173
 237  173
 234  176
 233  176
 229  180
 228  180
 224  184
 223  184
 220  187
 219  187
 215  191
 214  191
 207  198
 206  198
 199  205
 198  205
 190  213
 189  213
 181  221
 180  221
 176  225
 175  225
 159  241
 158  241
 140  259
 140  261
 137  264
 137  265
 133  269
 133  270
 126  277
 125  277
 123  279
 123  302
 125  304
 128  304
 129  305
 129  319
 128  320
 128  322
 127  323
 125  323
 124  324
 124  329
 125  330
 125  331
 126  332
 126  334
 127  335
 127  336
 129  338
 129  339
 130  340
 130  341
 131  342
 131  343
 132  344
 132  345
 133  346
 133  348
 134  349
 134  350
 135  351
 135  352
 136  353
 136  354
 137  355
 137  357
 138  358
 138  359
 139  360
 139  361
 140  362
 140  364
 141  365
 141  366
 142  367
 142  368
 143  369
 143  370
 144  371
 144  373
 145  374
 145  375
 146  376
 146  377
 147  378
 147  380
 148  381
 148  382
 149  383
 149  384
 150  385
 150  387
 151  388
 151  389
 153  391
 153  392
 154  393
 154  395
 155  396
 155  397
 157  399
 157  402
 158  403
 158  404
 159  405
 159  406
 160  407
 160  408
 161  409
 161  411
 162  412
 162  413
 163  414
 163  415
 164  416
 164  418
 165  419
 165  420
 166  421
 166  422
 167  423
 167  425
 168  426
 168  427
 169  428
 169  429
 170  430
 170  433
 171  434
 171  436
 173  438
 173  439
 174  440
 174  442
 176  444
 176  445
 177  446
 177  448
 178  449
 178  450
 179  451
 179  452
 180  453
 180  456
 183  459
 183  460
 187  464
 187  465
 189  467
 189  468
 191  470
 191  471
 192  472
 192  473
 197  478
 197  486
 198  487
 198  490
 199  491
 199  493
 200  494
 200  498
 201  499
 201  501
 202  502
 202  503
 203  504
 203  505
 204  506
 204  507
 205  508
 205  509
 206  510
 207  510
 208  511
 209  510
 210  510
 210  509
 211  508
 228  508
 233  513
 234  513
 235  514
 236  514
 236  513
 237  512
 237  511
 238  510
 238  509
 240  507
 241  507
 242  506
 257  506
 258  507
 261  507
 262  508
 263  508
 264  509
 265  509
 267  511
 268  511
 281  524
 281  525
 284  528
 284  529
 285  530
 285  531
 287  533
 287  534
 288  535
 288  537
 289  538
 289  539
 290  540
 290  542
 291  543
 291  548
 292  549
 292  550
 293  551
 293  552
 295  554
 295  555
 296  556
 297  556
 297  550
 296  549
 296  547
 295  546
 295  545
 294  544
 294  543
 293  542
 293  539
 290  536
 290  534
 289  533
 289  532
 287  530
 287  529
 286  528
 286  527
 284  525
 284  524
 283  523
 283  522
 280  519
 280  518
 279  517
 279  516
 277  514
 277  513
 274  510
 274  509
 273  508
 273  507
 270  504
 270  502
 267  499
 267  498
 266  497
 266  496
 265  495
 265  494
 263  492
 263  490
 261  488
 261  487
 260  486
 260  464
 262  462
 262  461
 263  460
 263  459
 266  456
 266  455
 267  454
 268  454
 270  452
 271  452
 273  450
 274  450
 276  448
 276  446
 274  444
 274  443
 273  442
 273  440
 272  439
 272  438
 270  436
 270  415
 271  414
 271  413
 273  411
 273  409
 281  401
 280  400
 280  398
 279  397
 279  396
 278  395
 278  394
 277  393
 277  392
 276  391
 276  373
 277  372
 277  370
 279  368
 279  367
 280  366
 280  364
 281  363
 280  362
 280  359
 279  358
 279  357
 277  355
 277  354
 273  350
 273  349
 272  348
 272  347
 271  346
 271  337
 270  336
 270  334
 269  333
 269  332
 266  329
 266  328
 265  327
 265  313
 266  312
 270  312
 271  311
 274  311
 275  310
 278  310
 284  304
 286  304
 287  303
 287  302
 296  293
 296  292
 297  291
 297  289
 298  288
 298  287
 299  286
 299  283
 300  282
 300  278
 301  277
 301  276
 302  275
 302  273
 303  272
 303  269
 304  268
 304  267
 305  266
 305  265
 306  264
 306  262
 307  261
 307  258
 308  257
 308  256
 309  255
 309  254
 310  253
 310  250
 311  249
 311  248
 312  247
 312  246
 313  245
 313  243
 314  242
 314  241
 315  240
 315  239
 316  238
 316  236
 317  235
 317  232
 318  231
 318  229
 319  228
 319  227
 320  226
 320  224
 321  223
 321  222
 322  221
 322  220
 323  219
 323  217
 324  216
 324  214
 325  213
 325  212
 326  211
 326  209
 327  208
 327  205
 329  203
 329  202
 330  201
 330  199
 331  198
 331  197
 332  196
 332  195
 333  194
 333  192
 334  191
 334  190
 336  188
 336  187
 337  186
 337  184
 340  181
 340  179
 342  177
 342  176
 343  175
 343  174
 344  173
 344  172
 345  171
 345  170
 346  169
 346  168
 347  167
 347  165
 349  163
 349  162
 350  161
 350  160
 351  159
 351  158
 352  157
 352  156
 353  155
 353  152
 354  151
 354  148
 356  146
 356  144
 357  143
 357  141
 356  140
 356  139
 355  138
 354  138
 352  136
 351  136
 350  135
 349  135
 348  134
 346  134
 345  133
 344  133
 343  132
 340  132
 339  131
 333  131
 332  130
