 359   34
 358   35
 347   35
 346   36
 338   36
 337   37
 333   37
 332   38
 328   38
 327   39
 323   39
 322   40
 318   40
 317   41
 314   41
 313   42
 311   42
 310   43
 306   43
 305   44
 303   44
 302   45
 300   45
 299   46
 297   46
 296   47
 294   47
 293   48
 291   48
 290   49
 289   49
 288   50
 286   50
 285   51
 283   51
 282   52
 280   52
 279   53
 277   53
 276   54
 274   54
 273   55
 272   55
 271   56
 269   56
 268   57
 267   57
 266   58
 264   58
 263   59
 262   59
 261   60
 259   60
 258   61
 257   61
 256   62
 255   62
 254   63
 252   63
 251   64
 250   64
 249   65
 247   65
 246   66
 245   66
 244   67
 243   67
 242   68
 240   68
 239   69
 238   69
 237   70
 236   70
 235   71
 234   71
 233   72
 232   72
 231   73
 230   73
 229   74
 227   74
 226   75
 225   75
 224   76
 223   76
 222   77
 221   77
 220   78
 219   78
 218   79
 217   79
 216   80
 215   80
 214   81
 213   81
 212   82
 211   82
 210   83
 209   83
 207   85
 206   85
 205   86
 204   86
 202   88
 201   88
 200   89
 199   89
 198   90
 197   90
 195   92
 194   92
 193   93
 192   93
 190   95
 189   95
 186   98
 185   98
 183  100
 182  100
 180  102
 179  102
 178  103
 177  103
 175  105
 174  105
 171  108
 170  108
 168  110
 167  110
 165  112
 164  112
 162  114
 161  114
 158  117
 157  117
 152  122
 151  122
 145  128
 144  128
 139  133
 138  133
 135  136
 134  136
 131  139
 130  139
 114  155
 114  156
  95  175
  95  176
  93  178
  93  179
  90  182
  90  183
  87  186
  87  187
  85  189
  85  190
  77  198
  77  199
  73  203
  73  204
  70  207
  70  208
  67  211
  67  212
  66  213
  66  214
  64  216
  64  217
  61  220
  61  236
  62  237
  79  237
  80  238
  86  238
  87  239
 104  239
 105  240
 133  240
 134  241
 139  241
 140  242
 143  242
 144  243
 144  257
 143  258
 124  258
 123  257
  90  257
  89  256
  83  256
  82  255
  71  255
  66  260
  66  261
  64  263
  64  264
  63  265
  63  266
  62  267
  62  272
  61  273
  61  292
  59  294
  59  309
  60  310
  60  311
  61  312
  61  313
  62  314
  62  315
  63  316
  63  317
  64  318
  64  319
  66  321
  66  324
  67  325
  67  327
  68  328
  68  329
  69  330
  69  332
  70  333
  70  335
  72  337
  72  338
  73  339
  73  341
  74  342
  74  343
  75  344
  75  346
  76  347
  76  350
  77  351
  77  354
  78  355
  78  357
  79  358
  79  361
  80  362
  80  366
  81  367
  81  368
  82  369
  82  371
  83  372
  83  376
  84  377
  84  380
  85  381
  85  383
  86  384
  86  390
  87  391
  87  396
  88  397
  88  400
  89  401
  89  408
  90  409
  90  418
  91  419
  91  423
  92  424
  92  430
  93  431
  93  447
  94  448
  94  452
  95  453
  95  456
  96  457
  96  463
  97  464
  97  468
  98  469
  98  470
  99  471
  99  473
 100  474
 100  477
 101  478
 101  479
 102  480
 102  482
 103  483
 103  485
 104  486
 104  488
 105  489
 105  490
 106  491
 106  493
 107  494
 107  496
 109  498
 109  499
 110  500
 110  501
 115  506
 116  506
 117  507
 133  507
 136  510
 136  525
 135  526
 135  547
 136  548
 136  552
 137  553
 137  556
 138  557
 138  558
 140  560
 140  562
 144  566
 144  567
 147  570
 148  570
 150  572
 151  572
 152  573
 155  573
 156  572
 158  572
 160  570
 161  570
 163  568
 163  567
 165  565
 165  563
 166  562
 166  559
 171  554
 172  554
 173  553
 188  553
 190  555
 190  557
 191  558
 191  559
 192  560
 192  561
 193  562
 193  564
 194  565
 194  566
 198  570
 198  571
 199  571
 201  573
 202  573
 203  574
 205  574
 206  573
 207  573
 209  571
 209  570
 210  569
 210  568
 211  567
 211  565
 212  564
 227  564
 231  568
 231  569
 233  571
 233  572
 234  573
 234  575
 236  577
 236  578
 237  579
 237  580
 238  581
 238  582
 239  583
 239  584
 240  585
 240  586
 241  587
 241  589
 243  591
 243  592
 244  593
 244  595
 245  596
 245  597
 246  598
 246  599
 247  600
 247  603
 248  604
 248  605
 249  606
 249  607
 250  608
 250  611
 251  612
 251  614
 252  615
 252  616
 253  617
 253  620
 254  621
 254  624
 255  625
 255  626
 256  627
 256  628
 257  629
 257  632
 258  633
 258  635
 260  637
 260  639
 261  640
 261  642
 264  645
 264  646
 270  652
 271  652
 272  653
 274  653
 275  652
 277  652
 278  651
 279  651
 282  648
 283  648
 286  645
 286  644
 289  641
 289  640
 290  639
 290  638
 291  637
 291  636
 292  635
 292  633
 293  632
 293  617
 292  616
 292  614
 291  613
 291  612
 290  611
 290  609
 289  608
 289  607
 288  606
 288  605
 286  603
 286  601
 284  599
 284  598
 283  597
 283  596
 280  593
 280  592
 277  589
 277  588
 273  584
 273  583
 270  580
 270  579
 269  578
 269  577
 266  574
 266  573
 263  570
 263  568
 261  566
 261  565
 260  564
 260  563
 259  562
 259  561
 256  558
 256  556
 255  555
 255  554
 253  552
 253  550
 252  549
 252  548
 251  547
 251  546
 250  545
 250  544
 249  543
 249  541
 248  540
 248  539
 247  538
 247  537
 246  536
 246  535
 245  534
 245  533
 243  531
 243  529
 242  528
 242  525
 241  524
 241  509
 242  508
 242  507
 245  504
 251  504
 252  503
 254  503
 260  497
 260  496
 261  495
 261  494
 262  493
 262  490
 263  489
 263  488
 262  487
 262  483
 261  482
 261  480
 260  479
 260  477
 259  476
 259  475
 257  473
 257  457
 258  456
 258  455
 259  454
 259  453
 262  450
 263  450
 264  449
 272  449
 273  448
 274  448
 275  447
 276  447
 279  444
 279  438
 278  437
 278  436
 277  435
 277  433
 276  432
 276  431
 274  429
 274  428
 270  424
 270  407
 271  406
 271  405
 272  404
 272  403
 273  402
 273  401
 275  399
 276  399
 277  398
 278  398
 279  397
 282  397
 286  393
 286  387
 285  386
 285  385
 284  384
 284  383
 283  382
 283  380
 282  379
 282  378
 280  376
 280  375
 277  372
 277  371
 276  370
 276  369
 275  368
 274  368
 272  366
 271  366
 269  364
 268  364
 264  360
 264  359
 262  357
 262  354
 261  353
 261  351
 260  350
 260  349
 259  348
 259  345
 258  344
 258  342
 257  341
 257  337
 256  336
 256  332
 255  331
 255  330
 253  328
 253  327
 249  323
 249  322
 248  321
 247  321
 235  309
 234  309
 229  304
 228  304
 222  298
 221  298
 217  294
 216  294
 214  292
 214  278
 215  277
 231  277
 232  278
 239  278
 240  279
 248  279
 249  280
 251  280
 252  279
 261  279
 262  278
 269  278
 270  277
 279  277
 280  276
 285  276
 286  275
 287  275
 291  271
 291  270
 292  269
 292  268
 293  267
 293  266
 294  265
 294  264
 297  261
 298  261
 300  259
 301  259
 302  258
 302  257
 304  255
 304  254
 305  253
 305  250
 306  249
 306  246
 307  245
 307  244
 309  242
 310  242
 312  240
 313  240
 317  236
 317  234
 319  232
 319  231
 322  228
 323  228
 327  224
 327  223
 330  220
 330  218
 331  217
 331  216
 332  215
 332  211
 333  210
 333  199
 334  198
 334  197
 340  191
 340  190
 343  187
 343  186
 346  183
 346  182
 347  181
 347  179
 348  178
 348  177
 349  176
 349  171
 350  170
 350  166
 351  165
 351  164
 356  159
 357  159
 363  153
 363  152
 366  149
 366  148
 367  147
 367  146
 368  145
 368  144
 369  143
 369  142
 370  141
 370  139
 373  136
 373  135
 374  134
 375  134
 386  123
 386  122
 389  119
 389  118
 390  117
 390  116
 392  114
 392  113
 393  112
 393  111
 406   98
 406   97
 408   95
 408   94
 410   92
 410   90
 411   89
 411   88
 412   87
 412   85
 413   84
 413   83
 416   80
 416   79
 417   78
 417   77
 419   75
 419   74
 420   73
 420   71
 421   70
 421   61
 422   60
 422   58
 421   57
 421   55
 420   54
 420   52
 414   46
 413   46
 412   45
 411   45
 409   43
 407   43
 406   42
 404   42
 403   41
 401   41
 400   40
 398   40
 397   39
 394   39
 393   38
 390   38
 389   37
 386   37
 385   36
 378   36
 377   35
 369   35
 368   34
