 328  165
 327  166
 323  166
 322  167
 318  167
 317  168
 314  168
 313  169
 311  169
 310  170
 308  170
 307  171
 305  171
 304  172
 302  172
 301  173
 299  173
 298  174
 297  174
 296  175
 295  175
 294  176
 292  176
 291  177
 290  177
 289  178
 288  178
 287  179
 286  179
 285  180
 284  180
 283  181
 281  181
 279  183
 277  183
 276  184
 275  184
 274  185
 273  185
 272  186
 271  186
 270  187
 269  187
 268  188
 266  188
 264  190
 263  190
 262  191
 261  191
 259  193
 258  193
 256  195
 255  195
 254  196
 253  196
 252  197
 251  197
 248  200
 247  200
 246  201
 245  201
 244  202
 243  202
 241  204
 240  204
 237  207
 236  207
 234  209
 233  209
 230  212
 229  212
 227  214
 226  214
 224  216
 223  216
 220  219
 219  219
 216  222
 215  222
 212  225
 211  225
 207  229
 206  229
 201  234
 200  234
 195  239
 194  239
 191  242
 190  242
 188  244
 187  244
 184  247
 183  247
 181  249
 181  250
 174  257
 174  258
 164  268
 164  269
 161  272
 161  273
 158  276
 158  277
 155  280
 155  281
 152  284
 152  285
 149  288
 149  289
 147  291
 147  292
 146  293
 146  294
 145  295
 145  298
 144  299
 144  304
 142  306
 136  306
 135  307
 135  328
 137  330
 141  330
 142  331
 142  363
 141  364
 141  369
 140  370
 140  372
 139  373
 135  373
 133  375
 133  397
 134  398
 134  399
 135  400
 135  403
 136  404
 136  415
 137  416
 137  450
 136  451
 136  456
 137  457
 137  462
 138  463
 138  467
 139  468
 139  469
 141  471
 141  476
 142  477
 142  478
 143  479
 143  480
 144  481
 144  484
 145  485
 145  488
 146  489
 146  490
 147  491
 147  493
 148  494
 148  495
 149  496
 149  497
 150  498
 150  499
 151  500
 151  503
 152  504
 152  505
 154  507
 154  509
 155  510
 155  511
 156  512
 156  513
 158  515
 158  516
 160  518
 167  518
 171  522
 172  522
 173  523
 174  523
 175  522
 176  522
 177  521
 177  520
 179  518
 197  518
 200  515
 200  513
 201  512
 201  508
 202  507
 202  505
 203  504
 203  496
 204  495
 204  494
 205  493
 206  493
 207  492
 212  492
 213  491
 217  491
 218  490
 219  490
 221  488
 221  487
 222  486
 222  465
 224  463
 225  463
 226  462
 227  462
 228  461
 229  461
 231  459
 233  459
 236  456
 236  455
 237  454
 237  443
 240  440
 241  440
 242  439
 243  439
 244  438
 245  438
 246  437
 247  437
 250  434
 250  433
 251  432
 251  423
 253  421
 253  420
 254  419
 254  412
 252  410
 252  409
 251  408
 251  407
 248  404
 248  403
 244  399
 244  398
 237  391
 237  390
 236  389
 235  389
 234  388
 234  387
 230  383
 230  382
 229  381
 228  381
 227  380
 227  379
 225  377
 225  363
 226  362
 242  362
 243  363
 244  363
 245  364
 247  364
 248  363
 253  363
 254  362
 255  362
 256  361
 259  361
 260  360
 264  360
 268  356
 269  356
 278  347
 278  346
 287  337
 287  334
 288  333
 288  331
 289  330
 290  330
 291  329
 291  319
 292  318
 292  314
 293  313
 293  312
 294  311
 294  306
 295  305
 295  298
 296  297
 296  293
 297  292
 297  287
 298  286
 298  282
 299  281
 299  280
 300  279
 300  278
 301  277
 301  274
 302  273
 302  271
 303  270
 303  267
 304  266
 304  261
 305  260
 305  259
 306  258
 306  257
 307  256
 307  255
 308  254
 308  253
 309  252
 309  251
 310  250
 310  248
 311  247
 311  245
 312  244
 312  243
 314  241
 314  240
 315  239
 315  238
 317  236
 317  235
 319  233
 319  232
 321  230
 321  229
 322  228
 322  227
 324  225
 324  224
 327  221
 327  220
 331  216
 331  215
 333  213
 333  212
 334  211
 334  210
 337  207
 337  205
 338  204
 338  202
 339  201
 339  200
 340  199
 340  198
 341  197
 341  196
 342  195
 342  194
 344  192
 344  189
 345  188
 345  185
 346  184
 346  182
 347  181
 347  178
 348  177
 347  176
 347  172
 346  171
 346  170
 344  168
 344  167
 343  167
 342  166
 341  166
 340  165
