 330  170
 329  171
 321  171
 320  172
 314  172
 313  173
 306  173
 305  174
 302  174
 301  175
 296  175
 295  176
 293  176
 292  177
 289  177
 288  178
 285  178
 284  179
 282  179
 281  180
 279  180
 278  181
 276  181
 275  182
 273  182
 272  183
 270  183
 269  184
 267  184
 266  185
 264  185
 263  186
 261  186
 260  187
 258  187
 257  188
 255  188
 254  189
 252  189
 251  190
 249  190
 248  191
 247  191
 246  192
 245  192
 244  193
 241  193
 240  194
 239  194
 238  195
 236  195
 234  197
 233  197
 232  198
 231  198
 230  199
 229  199
 228  200
 227  200
 226  201
 225  201
 224  202
 223  202
 222  203
 221  203
 220  204
 219  204
 217  206
 216  206
 215  207
 214  207
 213  208
 212  208
 211  209
 210  209
 209  210
 208  210
 207  211
 206  211
 204  213
 203  213
 201  215
 200  215
 199  216
 198  216
 196  218
 195  218
 193  220
 192  220
 190  222
 189  222
 187  224
 186  224
 184  226
 183  226
 181  228
 180  228
 178  230
 177  230
 175  232
 174  232
 171  235
 170  235
 168  237
 167  237
 164  240
 163  240
 160  243
 159  243
 156  246
 155  246
 151  250
 150  250
 147  253
 146  253
 142  257
 141  257
 136  262
 135  262
 130  267
 129  267
 119  277
 118  277
 109  286
 109  287
 104  292
 104  293
  97  300
  96  300
  95  301
  93  301
  91  303
  91  323
  92  324
  92  325
  98  325
  99  326
  99  340
  97  342
  96  342
  94  344
  94  345
  93  346
  93  347
  92  348
  92  352
  91  353
  91  362
  90  363
  90  367
  91  368
  91  383
  92  384
  92  386
  93  387
  93  390
  94  391
  94  397
  95  398
  95  401
  96  402
  96  405
  97  406
  97  410
  98  411
  98  414
  99  415
  99  418
 100  419
 100  423
 101  424
 101  430
 102  431
 102  433
 103  434
 103  437
 104  438
 104  443
 105  444
 105  446
 106  447
 106  449
 107  450
 107  452
 108  453
 108  455
 109  456
 109  457
 110  458
 110  460
 111  461
 111  465
 112  466
 112  468
 113  469
 113  473
 114  474
 114  481
 115  482
 115  484
 116  485
 116  486
 117  487
 117  488
 118  489
 118  490
 119  491
 119  492
 120  493
 120  494
 121  495
 121  496
 122  497
 122  498
 123  499
 123  500
 124  501
 124  502
 125  503
 125  504
 126  505
 126  506
 128  508
 128  509
 133  514
 134  514
 135  515
 136  515
 137  516
 138  516
 139  517
 160  517
 161  516
 162  516
 163  515
 164  515
 166  513
 167  513
 169  511
 173  511
 174  510
 177  510
 178  509
 180  509
 181  508
 182  508
 184  506
 185  506
 186  505
 187  505
 192  500
 193  500
 194  499
 195  499
 197  497
 203  497
 204  496
 206  496
 207  495
 209  495
 211  493
 212  493
 213  492
 213  491
 216  488
 216  486
 217  485
 217  484
 218  483
 218  481
 220  479
 220  478
 221  477
 221  476
 222  475
 222  473
 223  472
 223  471
 225  469
 226  469
 227  468
 229  468
 230  467
 231  467
 234  464
 235  464
 237  462
 237  461
 239  459
 239  458
 240  457
 240  456
 241  455
 241  454
 242  453
 242  452
 243  451
 243  449
 244  448
 244  440
 249  435
 250  435
 250  434
 251  433
 251  429
 252  428
 252  426
 251  425
 251  401
 250  400
 250  398
 249  397
 249  396
 247  394
 247  392
 245  390
 245  389
 244  388
 244  387
 241  384
 241  383
 238  380
 238  366
 239  365
 265  365
 266  364
 269  364
 270  363
 272  363
 274  361
 275  361
 276  360
 277  360
 282  355
 282  354
 284  352
 285  352
 286  351
 287  351
 292  346
 292  343
 293  342
 293  339
 296  336
 297  336
 298  335
 299  335
 301  333
 301  332
 303  330
 303  325
 305  323
 305  322
 306  321
 306  318
 307  317
 307  316
 308  315
 308  314
 309  313
 309  312
 310  311
 310  310
 311  309
 311  307
 313  305
 313  304
 314  303
 314  302
 315  301
 315  300
 317  298
 317  297
 318  296
 318  295
 320  293
 320  292
 321  291
 321  290
 324  287
 324  286
 327  283
 327  282
 342  267
 343  267
 346  264
 347  264
 351  260
 352  260
 370  242
 370  241
 375  236
 375  235
 377  233
 377  232
 379  230
 379  229
 381  227
 381  225
 382  224
 382  223
 384  221
 384  219
 385  218
 385  216
 386  215
 386  214
 387  213
 387  210
 388  209
 388  205
 389  204
 389  200
 390  199
 390  197
 389  196
 389  195
 388  194
 388  192
 387  191
 387  190
 386  189
 385  189
 382  186
 381  186
 379  184
 378  184
 376  182
 375  182
 373  180
 372  180
 370  178
 369  178
 368  177
 367  177
 366  176
 365  176
 364  175
 361  175
 360  174
 358  174
 357  173
 352  173
 351  172
 347  172
 346  171
 338  171
 337  170
