 378   13
 377   14
 364   14
 363   15
 356   15
 355   16
 352   16
 351   17
 346   17
 345   18
 343   18
 342   19
 339   19
 338   20
 335   20
 334   21
 332   21
 331   22
 327   22
 326   23
 325   23
 324   24
 321   24
 320   25
 319   25
 318   26
 316   26
 315   27
 313   27
 312   28
 310   28
 309   29
 308   29
 307   30
 306   30
 305   31
 303   31
 302   32
 301   32
 300   33
 299   33
 298   34
 297   34
 296   35
 295   35
 294   36
 293   36
 292   37
 290   37
 289   38
 288   38
 287   39
 286   39
 285   40
 284   40
 283   41
 282   41
 281   42
 280   42
 279   43
 278   43
 277   44
 276   44
 275   45
 274   45
 273   46
 272   46
 271   47
 270   47
 269   48
 268   48
 267   49
 266   49
 264   51
 263   51
 262   52
 261   52
 260   53
 259   53
 257   55
 256   55
 254   57
 253   57
 251   59
 250   59
 249   60
 248   60
 246   62
 245   62
 243   64
 242   64
 240   66
 239   66
 237   68
 236   68
 234   70
 233   70
 230   73
 229   73
 227   75
 226   75
 223   78
 222   78
 220   80
 219   80
 217   82
 216   82
 214   84
 213   84
 211   86
 210   86
 208   88
 207   88
 205   90
 204   90
 201   93
 200   93
 198   95
 197   95
 194   98
 193   98
 191  100
 190  100
 188  102
 187  102
 184  105
 183  105
 181  107
 180  107
 177  110
 176  110
 173  113
 172  113
 170  115
 169  115
 165  119
 164  119
 161  122
 160  122
 153  129
 152  129
 144  137
 143  137
 105  175
 105  176
 102  179
 102  180
 100  182
 100  183
  98  185
  98  186
  95  189
  95  190
  92  193
  92  194
  90  196
  90  197
  88  199
  88  200
  87  201
  87  202
  86  203
  86  204
  85  205
  85  206
  84  207
  84  208
  82  210
  82  211
  81  212
  81  213
  78  216
  78  217
  76  219
  76  220
  75  221
  75  222
  74  223
  74  224
  72  226
  72  227
  71  228
  71  231
  70  232
  70  234
  69  235
  69  248
  68  249
  68  252
  67  253
  63  253
  62  254
  62  268
  63  269
  71  269
  72  270
  72  284
  71  285
  71  286
  70  287
  70  288
  69  289
  69  291
  68  292
  68  294
  67  295
  67  298
  66  299
  64  299
  62  301
  62  304
  63  305
  63  306
  64  307
  64  311
  65  312
  65  313
  67  315
  67  317
  68  318
  68  319
  70  321
  70  322
  71  323
  71  325
  72  326
  72  327
  73  328
  73  329
  74  330
  74  333
  75  334
  75  336
  77  338
  77  341
  78  342
  78  345
  79  346
  79  347
  80  348
  80  352
  81  353
  81  358
  82  359
  82  361
  83  362
  83  364
  84  365
  84  370
  85  371
  85  373
  86  374
  86  375
  87  376
  87  380
  88  381
  88  384
  89  385
  89  386
  90  387
  90  390
  91  391
  91  395
  92  396
  92  399
  93  400
  93  401
  94  402
  94  407
  95  408
  95  411
  96  412
  96  413
  97  414
  97  418
  98  419
  98  423
  99  424
  99  426
 100  427
 100  429
 101  430
 101  436
 102  437
 102  439
 103  440
 103  442
 104  443
 104  450
 105  451
 105  454
 106  455
 106  457
 107  458
 107  464
 108  465
 108  475
 109  476
 109  479
 110  480
 110  485
 111  486
 111  491
 112  492
 112  494
 113  495
 113  497
 114  498
 114  505
 115  506
 115  508
 116  509
 116  511
 117  512
 117  515
 118  516
 118  519
 120  521
 120  522
 121  523
 121  524
 125  528
 126  528
 127  529
 133  529
 134  530
 138  530
 139  531
 141  531
 142  532
 144  532
 145  533
 146  533
 147  534
 148  534
 149  535
 150  535
 151  536
 152  536
 153  537
 154  537
 156  539
 157  539
 158  540
 158  541
 160  543
 160  545
 161  546
 161  574
 160  575
 160  578
 159  579
 159  582
 158  583
 158  592
 159  593
 159  595
 160  596
 160  598
 161  599
 161  601
 163  603
 163  604
 170  611
 169  610
 169  594
 170  593
 170  590
 171  589
 171  588
 173  586
 173  585
 175  583
 176  583
 178  581
 180  581
 181  580
 183  580
 184  579
 203  579
 204  580
 207  580
 211  584
 211  585
 213  587
 213  588
 214  589
 214  591
 215  592
 215  597
 216  598
 216  599
 217  600
 217  603
 218  604
 218  614
 219  615
 219  618
 220  619
 220  622
 221  623
 221  629
 222  630
 222  632
 223  633
 223  634
 225  636
 225  637
 227  639
 227  634
 226  633
 226  630
 225  629
 225  627
 224  626
 224  621
 223  620
 223  616
 222  615
 222  614
 221  613
 221  609
 220  608
 220  600
 219  599
 219  581
 220  580
 220  577
 226  571
 227  571
 228  570
 230  570
 231  569
 253  569
 254  570
 257  570
 258  571
 260  571
 261  572
 262  572
 263  573
 264  573
 266  575
 267  575
 269  577
 270  577
 271  578
 272  578
 275  581
 276  581
 288  593
 288  594
 291  597
 291  598
 292  599
 292  600
 295  603
 295  605
 298  608
 298  609
 299  610
 299  612
 301  614
 301  615
 302  616
 302  617
 303  618
 303  619
 304  620
 304  621
 305  622
 305  624
 306  625
 306  626
 307  627
 307  628
 308  629
 308  635
 309  636
 309  640
 310  641
 310  643
 311  644
 311  649
 312  650
 312  657
 313  658
 313  659
 314  660
 314  661
 315  662
 315  665
 316  666
 316  669
 317  670
 317  671
 319  673
 320  673
 321  672
 321  668
 320  667
 320  660
 319  659
 319  656
 318  655
 318  651
 317  650
 317  646
 316  645
 316  643
 315  642
 315  640
 314  639
 314  635
 313  634
 313  632
 312  631
 312  630
 311  629
 311  627
 310  626
 310  625
 309  624
 309  623
 308  622
 308  621
 307  620
 307  618
 306  617
 306  616
 304  614
 304  612
 301  609
 301  607
 299  605
 299  604
 297  602
 297  600
 294  597
 294  596
 291  593
 291  592
 290  591
 290  590
 287  587
 287  586
 280  579
 280  578
 274  572
 274  571
 270  567
 270  566
 269  565
 268  565
 267  564
 267  563
 260  556
 260  555
 255  550
 255  549
 253  547
 253  546
 251  544
 251  543
 250  542
 250  541
 248  539
 248  538
 247  537
 247  535
 246  534
 246  532
 245  531
 245  513
 247  511
 247  510
 253  504
 254  504
 256  502
 257  502
 258  501
 259  501
 260  500
 281  500
 282  501
 283  501
 284  502
 283  501
 282  501
 272  491
 271  491
 268  488
 268  487
 265  484
 265  483
 264  482
 264  481
 262  479
 262  478
 261  477
 261  462
 262  461
 262  460
 263  459
 263  458
 264  457
 264  455
 265  454
 265  453
 268  450
 268  449
 274  443
 274  442
 275  441
 276  441
 278  439
 279  439
 280  438
 281  438
 282  437
 295  437
 290  432
 289  432
 281  424
 281  423
 280  422
 280  405
 281  404
 281  402
 282  401
 282  400
 283  399
 283  398
 284  397
 284  396
 285  395
 285  394
 287  392
 287  391
 293  385
 294  385
 295  384
 297  384
 298  383
 299  383
 300  382
 300  379
 299  378
 299  377
 297  375
 297  374
 296  373
 295  373
 288  366
 288  348
 287  347
 287  344
 285  342
 285  341
 284  340
 284  339
 282  337
 282  336
 281  335
 281  334
 277  330
 277  329
 270  322
 270  321
 269  320
 268  320
 263  315
 262  315
 259  312
 258  312
 256  310
 255  310
 253  308
 252  308
 251  307
 250  307
 248  305
 247  305
 246  304
 245  304
 243  302
 242  302
 241  301
 240  301
 239  300
 238  300
 237  299
 205  299
 204  298
 203  298
 202  297
 202  283
 203  282
 238  282
 239  283
 252  283
 253  284
 258  284
 259  285
 265  285
 266  286
 283  286
 284  285
 288  285
 289  284
 294  284
 295  283
 303  283
 304  282
 307  282
 308  281
 309  281
 313  277
 313  276
 315  274
 315  273
 318  270
 319  270
 321  268
 322  268
 322  267
 323  266
 323  265
 324  264
 324  263
 325  262
 325  261
 327  259
 327  258
 330  255
 330  254
 331  253
 331  252
 332  251
 332  250
 333  249
 333  245
 334  244
 334  235
 335  234
 335  232
 336  231
 336  229
 337  228
 337  227
 338  226
 338  224
 339  223
 339  222
 340  221
 340  220
 343  217
 343  216
 345  214
 345  213
 346  212
 346  210
 347  209
 347  202
 348  201
 348  192
 349  191
 349  189
 350  188
 350  185
 351  184
 351  180
 352  179
 352  177
 353  176
 353  175
 354  174
 354  171
 355  170
 355  167
 356  166
 356  165
 357  164
 357  161
 358  160
 358  158
 359  157
 359  156
 360  155
 360  154
 361  153
 361  150
 362  149
 362  148
 363  147
 363  146
 364  145
 364  143
 367  140
 367  138
 368  137
 368  136
 369  135
 369  134
 370  133
 370  131
 371  130
 371  125
 372  124
 372  122
 373  121
 373  120
 374  119
 374  115
 375  114
 375  110
 376  109
 376  108
 377  107
 377  104
 378  103
 378  101
 379  100
 379   99
 380   98
 380   97
 381   96
 381   94
 382   93
 382   92
 385   89
 385   88
 388   85
 388   84
 391   81
 391   80
 394   77
 394   75
 395   74
 395   73
 397   71
 397   70
 398   69
 398   68
 401   65
 401   64
 402   63
 402   62
 404   60
 404   59
 406   57
 406   56
 407   55
 407   54
 408   53
 408   52
 409   51
 409   50
 410   49
 410   48
 411   47
 411   44
 412   43
 412   41
 413   40
 413   39
 414   38
 414   36
 415   35
 415   33
 416   32
 416   31
 417   30
 417   28
 418   27
 418   23
 417   22
 417   21
 416   20
 415   20
 413   18
 412   18
 411   17
 408   17
 407   16
 405   16
 404   15
 400   15
 399   14
 387   14
 386   13
