 310  157
 309  158
 303  158
 302  159
 299  159
 298  160
 295  160
 294  161
 292  161
 291  162
 288  162
 287  163
 285  163
 284  164
 282  164
 281  165
 278  165
 277  166
 276  166
 275  167
 273  167
 272  168
 271  168
 270  169
 268  169
 267  170
 266  170
 265  171
 264  171
 263  172
 262  172
 261  173
 260  173
 259  174
 258  174
 256  176
 255  176
 253  178
 251  178
 250  179
 249  179
 248  180
 247  180
 246  181
 245  181
 243  183
 242  183
 240  185
 239  185
 236  188
 235  188
 233  190
 232  190
 229  193
 228  193
 224  197
 223  197
 215  205
 214  205
 208  211
 207  211
 197  221
 197  222
 193  226
 193  227
 184  236
 184  237
 167  254
 167  255
 160  262
 160  263
 153  270
 153  271
 150  274
 150  275
 144  281
 144  282
 137  289
 137  290
 134  293
 134  294
 133  295
 133  297
 130  300
 130  301
 124  307
 124  324
 127  327
 127  342
 126  343
 126  346
 125  347
 122  347
 121  348
 121  352
 123  354
 123  355
 124  356
 124  357
 125  357
 126  358
 126  359
 128  361
 128  362
 131  365
 131  366
 137  372
 137  373
 140  376
 140  377
 141  378
 141  379
 143  381
 143  382
 144  383
 144  384
 146  386
 146  387
 147  388
 147  389
 150  392
 150  393
 151  394
 151  395
 152  396
 152  397
 153  398
 153  399
 154  400
 154  401
 155  402
 155  403
 156  404
 156  405
 157  406
 157  408
 159  410
 159  412
 160  413
 160  416
 161  417
 161  418
 162  419
 162  421
 163  422
 163  426
 164  427
 164  429
 165  430
 165  433
 166  434
 166  440
 167  441
 167  444
 168  445
 168  447
 169  448
 169  451
 170  452
 170  454
 171  455
 171  456
 172  457
 172  458
 173  459
 173  461
 174  462
 174  463
 175  464
 175  465
 176  466
 176  467
 177  468
 177  469
 178  470
 178  471
 180  473
 180  474
 183  477
 184  477
 185  478
 188  478
 189  479
 193  479
 194  480
 195  480
 197  482
 197  483
 199  485
 199  487
 200  488
 200  496
 201  497
 201  499
 203  501
 203  502
 207  506
 209  506
 211  504
 212  504
 215  501
 217  501
 218  500
 237  500
 238  501
 239  501
 244  506
 244  507
 245  508
 245  509
 246  510
 246  511
 247  512
 248  512
 248  511
 249  510
 249  507
 250  506
 250  505
 253  502
 272  502
 273  503
 274  503
 275  504
 276  504
 278  506
 279  506
 281  508
 282  508
 285  511
 286  511
 295  520
 296  520
 301  525
 302  525
 305  528
 306  528
 308  530
 309  530
 310  531
 311  531
 312  530
 313  530
 312  529
 312  528
 309  525
 309  524
 307  522
 306  522
 303  519
 302  519
 300  517
 299  517
 297  515
 296  515
 294  513
 293  513
 292  512
 291  512
 289  510
 288  510
 284  506
 283  506
 267  490
 267  489
 266  488
 266  487
 265  486
 265  484
 264  483
 264  467
 265  466
 265  465
 266  464
 266  463
 269  460
 271  460
 272  459
 274  459
 275  458
 276  458
 277  457
 278  457
 276  455
 276  454
 275  453
 275  452
 273  450
 273  449
 270  446
 270  445
 269  444
 269  428
 271  426
 271  425
 276  420
 278  420
 279  419
 280  419
 282  417
 282  415
 281  414
 281  398
 282  397
 282  396
 289  389
 289  387
 285  383
 285  382
 284  382
 282  380
 282  379
 279  376
 279  375
 278  374
 278  372
 277  371
 277  369
 276  368
 276  363
 275  362
 275  361
 271  357
 270  357
 267  354
 266  354
 265  353
 264  353
 263  352
 262  352
 261  351
 261  336
 262  335
 268  335
 269  334
 273  334
 274  333
 277  333
 278  332
 279  332
 281  330
 282  330
 282  328
 284  326
 285  326
 286  325
 287  325
 288  324
 289  324
 291  322
 291  321
 293  319
 293  318
 295  316
 295  315
 296  314
 296  309
 297  308
 297  304
 299  302
 299  301
 300  300
 300  299
 302  297
 302  295
 303  294
 303  280
 305  278
 305  277
 306  276
 306  275
 308  273
 308  271
 309  270
 309  265
 310  264
 310  255
 316  249
 316  248
 318  246
 318  245
 319  244
 319  243
 320  242
 320  240
 321  239
 321  238
 322  237
 322  235
 323  234
 323  232
 331  224
 331  223
 333  221
 333  219
 335  217
 335  216
 336  215
 336  214
 337  213
 337  212
 346  203
 346  202
 347  201
 347  200
 349  198
 349  196
 350  195
 350  193
 352  191
 352  189
 353  188
 353  185
 354  184
 354  183
 355  182
 355  181
 356  180
 356  179
 357  178
 357  177
 358  176
 358  174
 359  173
 359  172
 358  171
 358  170
 356  168
 355  168
 353  166
 352  166
 351  165
 350  165
 349  164
 348  164
 347  163
 345  163
 344  162
 342  162
 341  161
 339  161
 338  160
 335  160
 334  159
 331  159
 330  158
 325  158
 324  157
