 306  139
 305  140
 302  140
 301  141
 298  141
 297  142
 295  142
 294  143
 292  143
 291  144
 290  144
 289  145
 287  145
 286  146
 285  146
 284  147
 282  147
 281  148
 280  148
 278  150
 277  150
 276  151
 275  151
 273  153
 272  153
 271  154
 270  154
 268  156
 267  156
 265  158
 264  158
 261  161
 260  161
 257  164
 256  164
 252  168
 251  168
 244  175
 243  175
 240  178
 240  179
 231  188
 231  189
 226  194
 226  195
 221  200
 221  201
 219  203
 219  204
 215  208
 215  209
 212  212
 212  213
 210  215
 210  216
 208  218
 208  219
 206  221
 206  222
 203  225
 203  226
 201  228
 201  229
 199  231
 199  232
 196  235
 196  236
 195  237
 195  238
 193  240
 193  241
 192  242
 192  243
 190  245
 190  246
 189  247
 189  248
 188  249
 188  250
 186  252
 186  253
 185  254
 185  255
 183  257
 183  259
 181  261
 181  262
 180  263
 180  264
 178  266
 178  267
 177  268
 177  269
 174  272
 174  273
 173  274
 173  275
 170  278
 170  279
 168  281
 168  282
 166  284
 166  285
 164  287
 163  287
 161  289
 160  289
 158  291
 158  310
 159  311
 160  311
 161  312
 161  326
 160  327
 160  328
 159  329
 159  332
 158  333
 158  336
 157  337
 153  337
 151  339
 151  362
 152  363
 152  364
 154  366
 154  367
 155  368
 155  369
 156  370
 156  373
 157  374
 157  376
 158  377
 158  378
 159  379
 159  383
 160  384
 160  386
 161  387
 161  388
 162  389
 162  391
 163  392
 163  395
 164  396
 164  398
 165  399
 165  400
 166  401
 166  402
 167  403
 167  404
 168  405
 168  406
 169  407
 169  408
 171  410
 171  411
 173  413
 173  414
 176  417
 176  418
 186  428
 186  429
 187  430
 187  431
 189  433
 189  434
 191  436
 191  437
 194  440
 194  441
 197  444
 198  444
 203  449
 204  449
 207  452
 208  452
 219  463
 219  464
 220  465
 220  467
 221  468
 221  469
 222  470
 222  472
 223  473
 223  475
 224  476
 224  477
 226  479
 226  482
 227  483
 227  484
 229  486
 229  488
 230  489
 230  490
 231  491
 231  492
 234  495
 235  495
 236  496
 238  496
 239  497
 241  497
 242  498
 243  498
 244  499
 245  499
 247  501
 247  502
 249  504
 249  505
 250  506
 250  508
 253  511
 253  512
 255  514
 257  512
 274  512
 275  513
 276  513
 278  515
 279  515
 287  523
 287  524
 289  526
 289  527
 290  528
 290  529
 291  530
 291  531
 293  533
 293  535
 294  536
 294  537
 301  544
 302  544
 303  545
 304  545
 305  546
 306  546
 307  547
 308  547
 309  548
 311  548
 312  549
 314  549
 316  547
 316  546
 314  544
 313  544
 310  541
 309  541
 307  539
 306  539
 296  529
 296  528
 293  525
 293  524
 292  523
 292  522
 290  520
 290  519
 289  518
 289  517
 288  516
 288  515
 287  514
 287  513
 286  512
 286  510
 285  509
 285  507
 283  505
 283  503
 282  502
 282  498
 281  497
 281  496
 280  495
 280  494
 279  493
 279  474
 281  472
 281  471
 282  470
 282  469
 287  464
 288  464
 291  461
 291  460
 290  459
 290  458
 289  457
 289  452
 288  451
 288  434
 289  433
 289  430
 291  428
 291  427
 294  424
 295  424
 296  423
 296  422
 298  420
 298  418
 299  417
 299  398
 304  393
 304  392
 305  391
 304  390
 304  389
 303  388
 303  387
 302  386
 302  385
 299  382
 299  381
 298  380
 298  379
 297  378
 297  376
 296  375
 296  364
 295  363
 295  360
 293  358
 293  357
 284  348
 283  348
 282  347
 282  333
 283  332
 284  332
 284  328
 286  326
 287  326
 288  325
 291  325
 292  324
 296  324
 300  320
 300  319
 301  318
 302  318
 304  316
 304  315
 305  314
 305  313
 307  311
 307  310
 308  309
 308  307
 309  306
 309  304
 310  303
 310  301
 311  300
 311  298
 312  297
 312  293
 313  292
 313  286
 314  285
 314  280
 315  279
 315  259
 314  258
 314  252
 313  251
 313  220
 314  219
 314  217
 315  216
 315  214
 316  213
 316  211
 318  209
 318  208
 319  207
 319  206
 320  205
 320  204
 322  202
 322  200
 323  199
 323  197
 324  196
 324  195
 325  194
 325  191
 326  190
 326  183
 327  182
 327  173
 328  172
 328  167
 329  166
 329  154
 330  153
 329  152
 329  146
 324  141
 323  141
 322  140
 320  140
 319  139
