 317  121
 316  122
 308  122
 307  123
 302  123
 301  124
 298  124
 297  125
 293  125
 292  126
 290  126
 289  127
 287  127
 286  128
 283  128
 282  129
 280  129
 279  130
 278  130
 277  131
 275  131
 274  132
 272  132
 271  133
 270  133
 269  134
 267  134
 266  135
 265  135
 264  136
 262  136
 261  137
 260  137
 259  138
 258  138
 257  139
 256  139
 255  140
 254  140
 253  141
 252  141
 251  142
 250  142
 249  143
 248  143
 247  144
 246  144
 245  145
 244  145
 242  147
 241  147
 240  148
 239  148
 237  150
 236  150
 235  151
 234  151
 232  153
 231  153
 229  155
 228  155
 227  156
 226  156
 224  158
 223  158
 220  161
 219  161
 217  163
 216  163
 213  166
 212  166
 209  169
 208  169
 204  173
 203  173
 195  181
 194  181
 169  206
 169  207
 163  213
 163  214
 159  218
 159  219
 156  222
 156  223
 152  227
 152  228
 149  231
 149  232
 146  235
 146  236
 143  239
 143  240
 141  242
 141  243
 139  245
 139  246
 136  249
 136  251
 133  254
 133  256
 130  259
 130  260
 127  263
 127  264
 125  266
 125  267
 124  268
 124  272
 126  274
 130  274
 131  275
 131  289
 130  290
 130  292
 129  293
 129  294
 128  295
 128  299
 127  300
 127  318
 126  319
 124  319
 123  320
 123  328
 125  330
 125  331
 126  332
 126  336
 127  337
 127  339
 128  340
 128  342
 129  343
 129  347
 130  348
 130  350
 131  351
 131  352
 132  353
 132  357
 133  358
 133  362
 134  363
 134  364
 135  365
 135  369
 136  370
 136  376
 137  377
 137  380
 138  381
 138  383
 139  384
 139  393
 140  394
 140  398
 141  399
 141  402
 142  403
 142  415
 143  416
 143  423
 144  424
 144  427
 145  428
 145  434
 146  435
 146  444
 147  445
 147  448
 148  449
 148  452
 149  453
 149  456
 150  457
 150  459
 151  460
 151  461
 152  462
 152  463
 153  464
 153  465
 157  469
 158  469
 159  470
 160  470
 161  471
 166  471
 167  472
 168  472
 170  474
 170  479
 171  480
 171  485
 172  486
 172  489
 173  490
 173  492
 176  495
 177  495
 179  497
 181  497
 182  496
 183  496
 185  494
 186  494
 189  491
 190  491
 191  490
 192  490
 193  489
 206  489
 207  488
 211  488
 212  487
 231  487
 232  488
 233  488
 234  489
 235  489
 240  494
 240  495
 243  498
 243  499
 245  501
 245  502
 246  503
 246  504
 247  505
 247  506
 248  507
 248  508
 249  509
 249  510
 250  511
 250  513
 251  514
 251  516
 252  517
 252  519
 253  520
 253  525
 254  526
 254  532
 255  533
 255  538
 256  539
 256  550
 257  551
 257  554
 258  555
 258  556
 259  557
 259  558
 260  559
 260  561
 264  565
 265  565
 266  566
 269  566
 275  560
 275  559
 276  558
 276  556
 277  555
 277  554
 278  553
 278  550
 279  549
 279  545
 278  544
 278  542
 277  541
 277  540
 276  539
 276  538
 275  537
 275  536
 272  533
 272  532
 269  529
 269  528
 266  525
 266  524
 263  521
 263  520
 262  519
 262  518
 260  516
 260  515
 259  514
 259  513
 258  512
 258  511
 256  509
 256  508
 255  507
 255  506
 252  503
 252  501
 251  500
 251  499
 249  497
 249  495
 248  494
 248  493
 246  491
 246  490
 245  489
 245  487
 244  486
 244  485
 243  484
 243  483
 242  482
 242  477
 241  476
 241  474
 240  473
 240  457
 241  456
 241  454
 242  453
 242  452
 243  451
 243  450
 253  440
 254  440
 258  436
 258  435
 259  434
 259  422
 260  421
 260  419
 261  418
 261  417
 266  412
 268  412
 269  411
 270  411
 271  410
 272  410
 273  409
 274  409
 277  406
 277  405
 276  404
 276  385
 277  384
 277  383
 278  382
 278  381
 282  377
 282  376
 283  375
 283  373
 282  372
 282  370
 279  367
 279  366
 272  359
 272  357
 271  356
 271  343
 270  342
 270  341
 269  340
 269  338
 265  334
 265  333
 264  332
 263  332
 260  329
 259  329
 258  328
 257  328
 255  326
 254  326
 251  323
 250  323
 249  322
 249  308
 250  307
 267  307
 268  308
 275  308
 276  307
 279  307
 280  306
 284  306
 285  305
 286  305
 287  304
 288  304
 294  298
 295  298
 296  297
 296  296
 298  294
 298  293
 299  292
 299  287
 306  280
 306  279
 307  278
 307  274
 309  272
 309  269
 310  268
 310  267
 311  266
 311  265
 312  264
 312  262
 313  261
 313  259
 314  258
 314  257
 315  256
 315  253
 316  252
 316  245
 317  244
 317  242
 318  241
 318  239
 319  238
 319  236
 320  235
 320  233
 321  232
 321  229
 322  228
 322  220
 323  219
 323  216
 324  215
 324  214
 325  213
 325  211
 326  210
 326  208
 327  207
 327  205
 328  204
 328  202
 329  201
 329  197
 330  196
 330  194
 331  193
 331  192
 332  191
 332  190
 333  189
 333  188
 335  186
 335  184
 336  183
 336  181
 337  180
 337  179
 338  178
 338  177
 339  176
 339  174
 342  171
 342  170
 345  167
 345  166
 346  165
 346  164
 348  162
 348  161
 349  160
 349  159
 350  158
 350  157
 351  156
 351  155
 352  154
 352  153
 353  152
 353  151
 354  150
 354  149
 355  148
 355  146
 356  145
 356  141
 357  140
 357  134
 356  133
 356  131
 353  128
 352  128
 351  127
 350  127
 349  126
 348  126
 347  125
 345  125
 344  124
 342  124
 341  123
 337  123
 336  122
 329  122
 328  121
