 324  156
 323  157
 320  157
 319  158
 314  158
 313  159
 312  159
 311  160
 308  160
 307  161
 305  161
 304  162
 303  162
 302  163
 299  163
 298  164
 297  164
 296  165
 294  165
 293  166
 292  166
 291  167
 289  167
 288  168
 287  168
 286  169
 285  169
 284  170
 283  170
 282  171
 280  171
 279  172
 278  172
 277  173
 276  173
 275  174
 274  174
 272  176
 271  176
 270  177
 269  177
 268  178
 267  178
 265  180
 264  180
 263  181
 262  181
 260  183
 259  183
 258  184
 257  184
 255  186
 254  186
 252  188
 251  188
 249  190
 248  190
 245  193
 244  193
 242  195
 241  195
 238  198
 237  198
 234  201
 233  201
 231  203
 230  203
 228  205
 227  205
 224  208
 223  208
 218  213
 217  213
 211  219
 210  219
 201  228
 200  228
 173  255
 173  256
 157  272
 157  273
 147  283
 147  284
 140  291
 140  292
 136  296
 136  297
 132  301
 132  302
 129  305
 129  306
 126  309
 126  310
 124  312
 123  312
 123  313
 120  316
 119  316
 118  317
 117  317
 116  318
 114  318
 112  320
 112  340
 113  341
 125  341
 126  342
 126  356
 124  358
 124  359
 122  361
 122  362
 121  363
 121  364
 120  365
 120  366
 119  367
 119  368
 118  369
 118  370
 117  371
 117  374
 116  375
 116  379
 115  380
 113  380
 112  381
 112  382
 111  383
 111  385
 112  386
 112  388
 113  389
 113  390
 115  392
 115  395
 116  396
 116  398
 117  399
 117  400
 118  401
 118  402
 119  403
 119  406
 120  407
 120  408
 121  409
 121  411
 122  412
 122  414
 123  415
 123  419
 124  420
 124  422
 125  423
 125  425
 126  426
 126  431
 127  432
 127  434
 128  435
 128  437
 129  438
 129  441
 130  442
 130  443
 131  444
 131  445
 132  446
 132  447
 133  448
 133  449
 134  450
 134  451
 135  452
 135  453
 136  454
 136  456
 137  457
 137  458
 138  459
 138  461
 139  462
 139  464
 140  465
 140  467
 141  468
 141  469
 142  470
 142  471
 143  472
 143  473
 144  474
 144  475
 145  476
 145  478
 146  479
 146  480
 147  481
 147  482
 148  483
 148  484
 151  487
 151  488
 152  489
 152  490
 153  491
 153  492
 154  493
 154  494
 156  496
 156  498
 168  510
 168  511
 169  512
 169  513
 171  515
 171  516
 173  518
 173  520
 176  523
 176  524
 182  530
 183  530
 184  531
 186  531
 187  532
 192  532
 193  531
 197  531
 198  530
 199  530
 201  528
 201  527
 202  526
 204  526
 205  525
 207  525
 208  524
 209  524
 211  522
 221  522
 222  521
 223  521
 225  519
 226  519
 228  517
 228  514
 229  513
 229  510
 230  509
 230  508
 231  507
 231  505
 234  502
 235  502
 237  500
 238  500
 239  499
 240  499
 241  498
 243  498
 244  497
 245  497
 246  496
 247  496
 251  492
 251  470
 252  469
 252  468
 253  467
 253  466
 264  455
 264  454
 265  453
 265  437
 269  433
 270  433
 271  432
 271  431
 272  430
 272  424
 271  423
 271  421
 270  420
 270  418
 269  417
 269  407
 268  406
 268  404
 266  402
 266  400
 265  399
 265  398
 264  397
 264  396
 263  395
 262  395
 258  391
 258  377
 259  376
 260  376
 261  375
 262  375
 262  369
 263  368
 264  368
 265  367
 269  367
 270  366
 272  366
 273  365
 274  365
 277  362
 277  361
 280  358
 281  358
 282  357
 283  357
 286  354
 286  351
 287  350
 287  346
 288  345
 288  344
 290  342
 291  342
 291  341
 292  340
 292  339
 293  338
 293  336
 294  335
 294  334
 295  333
 295  331
 296  330
 296  329
 297  328
 297  327
 298  326
 298  325
 299  324
 299  323
 300  322
 300  321
 301  320
 301  319
 302  318
 302  313
 303  312
 303  304
 304  303
 304  299
 305  298
 305  294
 306  293
 306  290
 307  289
 307  288
 308  287
 308  285
 309  284
 309  278
 310  277
 310  275
 311  274
 311  271
 312  270
 312  267
 313  266
 313  264
 314  263
 314  262
 315  261
 315  258
 316  257
 316  255
 317  254
 317  253
 318  252
 318  251
 319  250
 319  247
 321  245
 321  244
 322  243
 322  242
 327  237
 328  237
 334  231
 335  231
 338  228
 339  228
 342  225
 343  225
 350  218
 350  217
 354  213
 354  212
 356  210
 356  209
 358  207
 358  206
 359  205
 359  204
 361  202
 361  201
 362  200
 362  198
 363  197
 363  196
 365  194
 365  192
 366  191
 366  188
 367  187
 367  185
 368  184
 368  182
 369  181
 369  171
 368  170
 368  169
 366  167
 366  166
 363  163
 362  163
 360  161
 359  161
 358  160
 357  160
 356  159
 354  159
 353  158
 350  158
 349  157
 347  157
 346  156
