 325  172
 324  173
 319  173
 318  174
 313  174
 312  175
 309  175
 308  176
 305  176
 304  177
 301  177
 300  178
 297  178
 296  179
 294  179
 293  180
 291  180
 290  181
 289  181
 288  182
 286  182
 285  183
 283  183
 282  184
 281  184
 280  185
 278  185
 277  186
 276  186
 275  187
 273  187
 272  188
 271  188
 270  189
 269  189
 268  190
 267  190
 266  191
 265  191
 264  192
 262  192
 261  193
 260  193
 259  194
 258  194
 257  195
 256  195
 255  196
 254  196
 253  197
 252  197
 251  198
 250  198
 249  199
 248  199
 247  200
 246  200
 245  201
 244  201
 242  203
 241  203
 240  204
 239  204
 238  205
 237  205
 235  207
 234  207
 233  208
 232  208
 231  209
 230  209
 228  211
 227  211
 226  212
 225  212
 224  213
 223  213
 221  215
 220  215
 218  217
 217  217
 215  219
 214  219
 212  221
 211  221
 209  223
 208  223
 206  225
 205  225
 202  228
 201  228
 199  230
 198  230
 195  233
 194  233
 191  236
 190  236
 188  238
 187  238
 184  241
 183  241
 181  243
 180  243
 179  244
 178  244
 177  245
 171  245
 170  246
 169  246
 166  249
 166  250
 163  253
 163  254
 156  261
 156  262
 128  290
 127  290
 121  296
 120  296
 117  299
 116  299
 113  302
 112  302
 110  304
 109  304
 107  306
 105  306
 104  307
 104  308
 103  309
 103  353
 104  354
 108  354
 109  355
 109  369
 107  371
  99  371
  98  372
  98  380
  99  381
  99  382
 100  383
 100  385
 101  386
 101  388
 102  389
 102  394
 103  395
 103  397
 104  398
 104  400
 105  401
 105  403
 106  404
 106  406
 107  407
 107  408
 108  409
 108  411
 109  412
 109  415
 110  416
 110  417
 111  418
 111  419
 112  420
 112  422
 113  423
 113  424
 114  425
 114  426
 115  427
 115  428
 116  429
 116  431
 117  432
 117  433
 118  434
 118  435
 119  436
 119  437
 120  438
 120  439
 121  440
 121  441
 122  442
 122  443
 123  444
 123  445
 124  446
 124  447
 126  449
 126  450
 127  451
 127  452
 129  454
 129  455
 130  456
 130  457
 132  459
 132  460
 133  461
 133  462
 134  463
 134  464
 135  465
 135  466
 136  467
 136  468
 137  469
 137  470
 139  472
 139  473
 140  474
 140  475
 141  476
 141  477
 143  479
 143  480
 144  481
 144  482
 146  484
 146  485
 147  486
 147  487
 148  488
 148  489
 149  490
 149  492
 150  493
 150  494
 152  496
 152  497
 153  498
 153  499
 154  500
 154  501
 160  507
 160  508
 161  508
 162  509
 163  509
 164  510
 165  510
 166  511
 169  511
 170  512
 177  512
 178  513
 180  513
 181  514
 182  514
 183  515
 187  515
 188  514
 191  514
 192  513
 195  513
 196  512
 201  512
 202  511
 205  511
 206  510
 208  510
 209  509
 210  509
 211  508
 212  508
 214  506
 215  506
 216  505
 217  505
 219  503
 220  503
 221  502
 222  502
 223  501
 225  501
 226  500
 228  500
 229  499
 230  499
 231  498
 233  498
 234  497
 235  497
 236  496
 237  496
 239  494
 240  494
 243  491
 243  490
 245  488
 245  487
 249  483
 250  483
 251  482
 253  482
 255  480
 257  480
 258  479
 259  479
 260  478
 261  478
 263  476
 264  476
 266  474
 266  473
 268  471
 268  469
 269  468
 269  465
 271  463
 272  463
 273  462
 274  462
 275  461
 276  461
 282  455
 282  454
 285  451
 285  450
 286  449
 286  447
 287  446
 287  445
 288  444
 288  438
 289  437
 289  436
 291  434
 291  433
 293  431
 293  430
 294  429
 294  428
 295  427
 295  422
 293  420
 293  419
 292  418
 292  417
 287  412
 287  411
 284  408
 284  403
 283  402
 283  400
 282  399
 282  398
 280  396
 280  395
 277  392
 277  391
 267  381
 266  381
 264  379
 263  379
 262  378
 261  378
 259  376
 258  376
 257  375
 256  375
 255  374
 254  374
 253  373
 253  359
 254  358
 307  358
 308  357
 317  357
 318  356
 319  356
 321  354
 323  354
 327  350
 327  349
 331  345
 331  344
 338  337
 338  336
 340  334
 340  333
 342  331
 342  329
 343  328
 343  327
 344  326
 344  325
 345  324
 345  323
 346  322
 346  321
 347  320
 347  319
 350  316
 350  315
 354  311
 354  310
 355  309
 355  308
 356  307
 356  305
 357  304
 357  301
 358  300
 358  298
 359  297
 359  296
 360  295
 360  294
 361  293
 361  292
 362  291
 362  289
 363  288
 363  287
 364  286
 364  284
 365  283
 365  280
 366  279
 366  276
 367  275
 367  274
 368  273
 368  272
 369  271
 369  269
 370  268
 370  267
 371  266
 371  265
 372  264
 372  262
 373  261
 373  259
 374  258
 374  257
 375  256
 375  253
 376  252
 376  247
 377  246
 377  244
 378  243
 378  241
 379  240
 379  235
 380  234
 380  229
 381  228
 381  223
 382  222
 382  216
 383  215
 382  214
 382  210
 381  209
 381  206
 380  205
 380  200
 379  199
 379  196
 378  195
 378  194
 377  193
 377  192
 376  191
 376  189
 375  188
 375  187
 373  185
 373  184
 371  182
 371  181
 369  179
 368  179
 367  178
 366  178
 365  177
 364  177
 363  176
 361  176
 360  175
 357  175
 356  174
 351  174
 350  173
 342  173
 341  172
