 335   99
 334  100
 330  100
 329  101
 325  101
 324  102
 321  102
 320  103
 317  103
 316  104
 314  104
 313  105
 311  105
 310  106
 309  106
 308  107
 307  107
 306  108
 304  108
 303  109
 302  109
 301  110
 300  110
 298  112
 297  112
 296  113
 295  113
 294  114
 293  114
 292  115
 291  115
 290  116
 289  116
 287  118
 286  118
 285  119
 284  119
 282  121
 281  121
 279  123
 278  123
 277  124
 276  124
 274  126
 273  126
 271  128
 270  128
 268  130
 267  130
 265  132
 264  132
 262  134
 261  134
 259  136
 258  136
 256  138
 255  138
 251  142
 250  142
 247  145
 246  145
 243  148
 242  148
 238  152
 237  152
 234  155
 233  155
 226  162
 225  162
 220  167
 219  167
 213  173
 212  173
 204  181
 203  181
 200  184
 199  184
 191  192
 190  192
 184  198
 183  198
 163  218
 163  219
 160  222
 159  222
 159  223
 147  235
 146  235
 146  236
 138  244
 138  245
 135  248
 135  249
 132  252
 132  253
 129  256
 129  257
 128  258
 128  259
 125  262
 125  263
 123  265
 123  266
 122  267
 122  268
 119  271
 119  272
 118  273
 118  274
 117  275
 117  276
 116  277
 116  278
 112  282
 112  284
 111  285
 111  289
 110  290
 110  294
 108  296
 108  300
 109  301
 113  301
 114  302
 114  319
 113  320
 113  322
 112  323
 112  326
 111  327
 107  327
 106  328
 106  337
 111  342
 111  344
 112  345
 112  349
 114  351
 114  352
 116  354
 116  355
 118  357
 118  360
 119  361
 119  362
 120  363
 120  364
 122  366
 122  367
 133  378
 133  379
 135  381
 135  382
 138  385
 138  386
 139  387
 139  388
 142  391
 142  393
 145  396
 145  398
 148  401
 148  402
 149  403
 149  404
 151  406
 151  407
 153  409
 153  410
 156  413
 156  414
 158  416
 158  417
 159  418
 159  419
 160  420
 160  421
 162  423
 162  425
 163  426
 163  427
 164  428
 164  429
 165  430
 165  432
 166  433
 166  436
 167  437
 167  438
 168  439
 168  441
 169  442
 169  444
 170  445
 170  447
 171  448
 171  453
 172  454
 172  458
 173  459
 173  460
 174  461
 174  462
 175  463
 175  465
 176  466
 176  467
 177  468
 177  470
 178  471
 178  480
 179  481
 179  484
 180  485
 180  486
 181  487
 181  489
 182  490
 182  496
 183  497
 183  498
 185  500
 186  500
 187  501
 189  501
 190  502
 191  502
 192  503
 193  503
 201  511
 201  528
 199  530
 199  536
 201  538
 201  539
 202  540
 202  541
 206  545
 207  545
 213  539
 230  539
 232  541
 232  542
 233  543
 233  544
 235  546
 235  547
 236  546
 236  543
 237  542
 237  541
 238  540
 238  539
 239  538
 240  538
 241  537
 242  537
 243  536
 263  536
 264  537
 266  537
 267  538
 269  538
 270  539
 271  539
 273  541
 274  541
 275  542
 276  542
 279  545
 280  545
 284  549
 285  549
 294  558
 294  559
 296  561
 296  562
 299  565
 299  566
 300  567
 300  568
 302  570
 302  571
 303  572
 303  573
 304  574
 304  575
 305  576
 305  578
 306  579
 306  582
 308  584
 308  585
 309  586
 310  586
 311  587
 312  586
 312  584
 311  583
 311  580
 310  579
 310  578
 309  577
 309  576
 308  575
 308  574
 307  573
 307  572
 305  570
 305  569
 304  568
 304  567
 301  564
 301  563
 298  560
 298  559
 294  555
 294  554
 285  545
 285  544
 281  540
 281  539
 278  536
 278  535
 275  532
 275  531
 271  527
 271  525
 269  523
 269  522
 268  521
 268  496
 269  495
 269  494
 271  492
 271  490
 276  485
 277  485
 278  484
 279  484
 280  483
 282  483
 284  481
 284  480
 281  477
 281  475
 280  474
 280  457
 281  456
 281  452
 282  451
 282  449
 284  447
 284  446
 285  445
 285  443
 288  440
 288  439
 291  436
 292  436
 294  434
 294  433
 292  431
 292  430
 288  426
 288  402
 289  401
 289  399
 291  397
 291  396
 292  395
 292  394
 291  393
 291  392
 284  385
 284  384
 283  383
 283  382
 282  381
 282  369
 281  368
 281  364
 279  362
 279  361
 278  360
 278  359
 277  358
 277  357
 275  355
 275  354
 271  350
 271  349
 263  341
 262  341
 260  339
 259  339
 258  338
 257  338
 256  337
 255  337
 254  336
 253  336
 252  335
 251  335
 250  334
 249  334
 247  332
 246  332
 245  331
 245  317
 246  316
 274  316
 275  315
 278  315
 279  314
 285  314
 286  313
 295  313
 296  312
 301  312
 302  311
 303  311
 306  308
 306  307
 307  306
 307  305
 310  302
 311  302
 313  300
 313  299
 314  298
 314  297
 315  296
 315  294
 317  292
 317  291
 319  289
 319  288
 321  286
 321  280
 322  279
 322  274
 323  273
 323  271
 324  270
 324  267
 325  266
 325  265
 327  263
 327  262
 328  261
 328  258
 329  257
 329  254
 330  253
 330  250
 331  249
 331  244
 332  243
 332  240
 333  239
 333  238
 334  237
 334  236
 335  235
 335  233
 336  232
 336  231
 338  229
 338  224
 339  223
 339  219
 340  218
 340  216
 341  215
 341  211
 342  210
 342  207
 343  206
 343  205
 344  204
 344  203
 345  202
 345  201
 346  200
 346  199
 347  198
 347  197
 348  196
 348  193
 349  192
 349  189
 350  188
 350  187
 351  186
 351  183
 352  182
 352  180
 354  178
 354  176
 355  175
 355  173
 356  172
 356  171
 357  170
 357  169
 358  168
 358  161
 359  160
 359  156
 360  155
 360  154
 361  153
 361  150
 362  149
 362  147
 363  146
 363  143
 364  142
 364  138
 365  137
 365  133
 366  132
 366  131
 367  130
 367  129
 368  128
 368  126
 369  125
 369  124
 370  123
 370  121
 371  120
 371  116
 372  115
 372  112
 374  110
 374  109
 373  108
 373  107
 372  106
 371  106
 369  104
 368  104
 367  103
 366  103
 365  102
 364  102
 363  101
 360  101
 359  100
 356  100
 355   99
