 337  135
 336  136
 331  136
 330  137
 327  137
 326  138
 323  138
 322  139
 320  139
 319  140
 316  140
 315  141
 313  141
 312  142
 311  142
 310  143
 307  143
 306  144
 305  144
 304  145
 303  145
 302  146
 300  146
 299  147
 298  147
 297  148
 296  148
 295  149
 294  149
 293  150
 292  150
 291  151
 290  151
 289  152
 287  152
 285  154
 283  154
 282  155
 281  155
 280  156
 279  156
 277  158
 276  158
 275  159
 274  159
 273  160
 272  160
 270  162
 269  162
 268  163
 267  163
 266  164
 265  164
 263  166
 262  166
 260  168
 259  168
 257  170
 256  170
 254  172
 253  172
 251  174
 250  174
 247  177
 246  177
 244  179
 243  179
 239  183
 238  183
 236  185
 235  185
 232  188
 231  188
 225  194
 224  194
 216  202
 215  202
 198  219
 197  219
 197  220
 195  222
 194  222
 194  223
 192  225
 191  225
 187  229
 187  230
 180  237
 180  238
 173  245
 173  246
 168  251
 168  252
 163  257
 163  258
 159  262
 159  263
 156  266
 156  267
 153  270
 153  271
 150  274
 150  275
 149  276
 149  277
 146  280
 146  281
 145  282
 145  283
 143  285
 143  286
 142  287
 142  288
 140  290
 140  291
 137  294
 137  295
 136  296
 136  298
 135  299
 135  300
 134  301
 134  302
 133  303
 133  304
 131  306
 131  307
 130  308
 130  309
 129  310
 129  311
 127  313
 127  315
 126  316
 126  319
 125  320
 125  321
 124  322
 124  323
 123  324
 123  327
 121  329
 121  330
 120  331
 120  334
 118  336
 118  337
 117  338
 117  362
 119  364
 124  364
 125  365
 125  379
 124  380
 119  380
 117  382
 117  395
 122  400
 122  402
 123  403
 123  409
 124  410
 124  412
 125  413
 125  414
 126  415
 126  420
 127  421
 127  423
 128  424
 128  425
 129  426
 129  428
 130  429
 130  431
 131  432
 131  433
 132  434
 132  436
 133  437
 133  439
 134  440
 134  442
 136  444
 136  447
 137  448
 137  450
 138  451
 138  452
 139  453
 139  455
 140  456
 140  459
 141  460
 141  461
 142  462
 142  465
 143  466
 143  472
 144  473
 144  474
 145  475
 145  476
 146  477
 146  479
 147  480
 147  482
 148  483
 148  484
 149  485
 149  487
 150  488
 150  492
 151  493
 151  495
 152  496
 152  499
 153  500
 153  504
 154  505
 154  507
 155  508
 155  509
 158  512
 159  512
 161  514
 162  514
 165  517
 166  517
 169  520
 170  520
 171  521
 172  521
 179  528
 179  529
 180  530
 180  531
 183  534
 183  536
 186  539
 186  540
 187  541
 187  542
 190  545
 190  546
 195  551
 196  551
 197  552
 198  552
 199  553
 222  553
 223  552
 227  552
 228  551
 233  551
 234  550
 237  550
 238  549
 241  549
 243  547
 244  547
 247  544
 247  543
 249  541
 249  536
 250  535
 250  530
 251  529
 251  527
 252  526
 252  525
 255  522
 256  522
 258  520
 259  520
 266  513
 266  490
 273  483
 273  482
 276  479
 276  460
 277  459
 277  457
 279  455
 279  454
 280  453
 280  451
 281  450
 281  446
 280  445
 280  425
 279  424
 279  419
 277  417
 277  416
 274  413
 273  413
 270  410
 269  410
 264  405
 263  405
 261  403
 260  403
 257  400
 256  400
 254  398
 253  398
 250  395
 249  395
 247  393
 246  393
 245  392
 244  392
 242  390
 241  390
 239  388
 238  388
 237  387
 236  387
 234  385
 233  385
 232  384
 231  384
 230  383
 229  383
 227  381
 227  367
 228  366
 246  366
 247  367
 257  367
 258  366
 265  366
 266  365
 274  365
 275  364
 280  364
 283  361
 283  360
 285  358
 285  357
 286  356
 286  354
 287  353
 287  352
 289  350
 289  347
 290  346
 290  344
 292  342
 292  341
 293  340
 293  339
 296  336
 296  335
 298  333
 298  332
 299  331
 299  326
 300  325
 300  315
 301  314
 301  313
 302  312
 302  311
 303  310
 303  309
 305  307
 305  306
 306  305
 306  304
 307  303
 307  301
 308  300
 308  299
 309  298
 309  281
 310  280
 310  278
 311  277
 311  276
 313  274
 313  273
 314  272
 314  271
 316  269
 316  266
 317  265
 317  258
 318  257
 318  251
 319  250
 319  248
 320  247
 320  245
 321  244
 321  243
 322  242
 322  241
 323  240
 323  239
 325  237
 325  236
 326  235
 326  232
 327  231
 327  229
 328  228
 328  226
 329  225
 329  223
 330  222
 330  220
 332  218
 332  217
 336  213
 336  212
 339  209
 339  208
 340  207
 340  206
 341  205
 341  204
 342  203
 342  202
 343  201
 343  200
 345  198
 345  197
 346  196
 346  195
 348  193
 348  192
 349  191
 349  190
 350  189
 350  188
 352  186
 352  185
 353  184
 353  182
 354  181
 354  180
 355  179
 355  178
 356  177
 356  175
 357  174
 357  173
 358  172
 358  171
 359  170
 359  169
 360  168
 360  166
 361  165
 361  163
 362  162
 362  160
 363  159
 363  147
 362  146
 362  145
 361  144
 361  143
 360  142
 360  141
 358  139
 357  139
 356  138
 355  138
 354  137
 353  137
 352  136
 349  136
 348  135
