 309  157
 308  158
 305  158
 304  159
 300  159
 299  160
 297  160
 296  161
 293  161
 292  162
 291  162
 290  163
 287  163
 286  164
 284  164
 283  165
 281  165
 280  166
 278  166
 277  167
 276  167
 275  168
 273  168
 272  169
 271  169
 270  170
 269  170
 268  171
 267  171
 265  173
 264  173
 263  174
 262  174
 261  175
 260  175
 259  176
 258  176
 257  177
 256  177
 255  178
 254  178
 252  180
 251  180
 250  181
 249  181
 247  183
 246  183
 244  185
 243  185
 241  187
 240  187
 238  189
 237  189
 235  191
 234  191
 233  192
 233  193
 231  195
 230  195
 227  198
 226  198
 223  201
 222  201
 216  207
 215  207
 210  212
 210  213
 208  215
 207  215
 198  224
 198  225
 194  229
 194  230
 193  231
 192  231
 190  233
 189  233
 189  234
 182  241
 182  242
 181  243
 181  244
 175  250
 175  251
 174  252
 173  252
 169  256
 169  257
 163  263
 163  264
 161  266
 161  267
 157  271
 157  274
 152  279
 152  280
 151  281
 151  289
 153  291
 153  307
 152  308
 152  309
 151  310
 151  317
 150  318
 150  330
 148  332
 148  333
 147  334
 147  336
 148  337
 148  338
 149  339
 149  340
 151  342
 151  343
 153  345
 153  346
 154  347
 154  348
 155  349
 155  350
 156  351
 156  352
 157  353
 157  354
 158  355
 158  356
 159  357
 159  358
 160  359
 160  360
 161  361
 161  362
 162  363
 162  365
 163  366
 163  367
 164  368
 164  370
 165  371
 165  372
 166  373
 166  374
 167  375
 167  377
 168  378
 168  380
 169  381
 169  382
 170  383
 170  384
 171  385
 171  386
 173  388
 173  389
 176  392
 176  393
 177  394
 177  395
 178  396
 178  397
 179  398
 179  399
 180  400
 180  401
 181  402
 181  403
 182  404
 182  405
 183  406
 183  407
 185  409
 185  410
 188  413
 188  414
 189  415
 189  416
 191  418
 191  421
 192  422
 192  423
 194  425
 194  428
 195  429
 195  430
 196  431
 196  432
 200  436
 201  436
 202  437
 204  437
 205  438
 211  438
 212  439
 217  439
 218  440
 218  455
 217  456
 216  456
 216  457
 215  458
 215  460
 214  461
 214  468
 215  469
 215  470
 217  472
 218  471
 218  470
 220  468
 236  468
 238  470
 239  469
 239  468
 240  467
 256  467
 257  468
 258  468
 259  469
 257  467
 257  466
 256  465
 256  464
 255  463
 255  462
 254  461
 254  440
 256  438
 256  437
 260  433
 261  433
 262  432
 264  432
 265  431
 266  431
 264  429
 264  427
 263  426
 263  424
 261  422
 261  421
 260  420
 260  405
 261  404
 261  402
 263  400
 263  399
 264  398
 264  396
 267  393
 267  392
 268  391
 268  390
 270  388
 270  382
 271  381
 271  379
 273  377
 273  376
 274  375
 274  374
 276  372
 276  371
 277  370
 277  369
 278  368
 278  355
 277  354
 277  351
 273  347
 273  346
 270  343
 269  343
 268  342
 267  342
 265  340
 264  340
 261  337
 260  337
 258  335
 258  320
 259  319
 287  319
 288  318
 290  318
 291  317
 292  317
 298  311
 298  310
 301  307
 301  306
 304  303
 304  302
 305  301
 305  300
 306  299
 306  296
 307  295
 307  294
 308  293
 308  289
 309  288
 309  285
 310  284
 310  281
 311  280
 311  275
 312  274
 312  272
 313  271
 313  265
 314  264
 314  255
 315  254
 315  253
 316  252
 316  250
 317  249
 317  236
 318  235
 318  233
 319  232
 319  230
 320  229
 320  226
 321  225
 321  217
 322  216
 322  214
 323  213
 323  211
 324  210
 324  206
 325  205
 325  204
 326  203
 326  200
 327  199
 327  195
 328  194
 328  189
 329  188
 329  185
 330  184
 330  180
 331  179
 331  173
 332  172
 332  169
 333  168
 333  163
 332  162
 332  161
 331  160
 330  160
 329  159
 328  159
 327  158
 326  158
 325  157
