 314  116
 313  117
 310  117
 309  118
 304  118
 303  119
 301  119
 300  120
 297  120
 296  121
 295  121
 294  122
 292  122
 291  123
 290  123
 289  124
 287  124
 286  125
 284  125
 283  126
 282  126
 281  127
 279  127
 278  128
 277  128
 276  129
 274  129
 273  130
 272  130
 271  131
 270  131
 269  132
 267  132
 266  133
 265  133
 263  135
 262  135
 261  136
 260  136
 259  137
 258  137
 256  139
 255  139
 254  140
 253  140
 252  141
 251  141
 249  143
 248  143
 247  144
 246  144
 245  145
 244  145
 242  147
 241  147
 239  149
 238  149
 236  151
 235  151
 233  153
 232  153
 230  155
 229  155
 227  157
 226  157
 224  159
 223  159
 220  162
 219  162
 216  165
 215  165
 208  172
 207  172
 193  186
 192  186
 192  187
 189  190
 188  190
 188  191
 178  201
 178  202
 171  209
 171  210
 168  213
 168  214
 161  221
 161  222
 158  225
 158  226
 155  229
 155  230
 152  233
 152  234
 149  237
 149  238
 146  241
 146  242
 145  243
 145  244
 142  247
 142  248
 141  249
 141  250
 139  252
 139  253
 137  255
 137  256
 135  258
 135  259
 134  260
 134  261
 133  262
 133  263
 128  268
 128  269
 127  270
 127  274
 129  276
 134  276
 135  277
 135  293
 134  294
 134  296
 133  297
 133  309
 132  310
 132  312
 131  313
 126  313
 124  315
 124  323
 125  324
 125  325
 126  325
 129  328
 129  329
 130  330
 130  333
 131  334
 131  336
 132  337
 132  340
 133  341
 133  342
 134  343
 134  344
 137  347
 137  348
 138  349
 138  350
 139  351
 139  352
 140  353
 140  355
 141  356
 141  357
 142  358
 142  359
 144  361
 144  362
 145  363
 145  364
 146  365
 146  366
 147  367
 147  368
 148  369
 148  370
 150  372
 150  373
 151  374
 151  375
 152  376
 152  377
 154  379
 154  380
 155  381
 155  382
 158  385
 158  386
 159  387
 159  388
 161  390
 161  391
 162  392
 162  393
 165  396
 165  397
 166  398
 166  399
 168  401
 168  402
 169  403
 169  404
 172  407
 172  408
 175  411
 175  412
 178  415
 178  416
 181  419
 181  420
 188  427
 188  428
 190  430
 190  431
 191  432
 191  434
 192  435
 192  436
 194  438
 194  441
 195  442
 195  443
 196  444
 196  445
 198  447
 198  449
 206  457
 207  457
 210  460
 211  460
 214  463
 215  463
 217  465
 218  465
 220  467
 239  467
 241  469
 241  471
 242  472
 242  475
 243  476
 243  478
 244  479
 244  486
 245  487
 245  497
 246  498
 246  500
 247  501
 247  504
 248  505
 248  506
 250  508
 251  508
 252  509
 254  509
 255  508
 271  508
 278  515
 278  516
 281  519
 281  520
 282  521
 282  522
 284  524
 284  525
 285  526
 285  527
 288  530
 288  531
 291  534
 291  535
 295  539
 295  540
 296  541
 297  541
 298  542
 298  543
 299  544
 300  544
 301  545
 301  546
 302  547
 303  547
 309  553
 310  553
 312  555
 303  546
 303  545
 297  539
 297  538
 293  534
 293  533
 289  529
 289  528
 286  525
 286  524
 283  521
 283  520
 280  517
 280  516
 277  513
 277  512
 272  507
 272  506
 271  505
 271  504
 270  503
 270  502
 269  501
 269  500
 266  497
 266  496
 263  493
 263  475
 266  472
 266  471
 269  468
 270  468
 273  465
 273  464
 274  463
 274  457
 273  456
 273  454
 271  452
 271  435
 272  434
 272  433
 273  432
 273  431
 276  428
 276  427
 277  426
 277  425
 279  423
 279  422
 280  421
 280  420
 281  419
 281  418
 283  416
 283  415
 284  414
 284  413
 286  411
 286  410
 287  409
 287  408
 289  406
 289  404
 290  403
 290  400
 292  398
 292  397
 293  396
 293  395
 294  394
 294  393
 295  392
 295  391
 296  390
 296  389
 297  388
 297  386
 298  385
 298  384
 299  383
 299  382
 300  381
 300  380
 301  379
 301  377
 302  376
 302  375
 303  374
 303  373
 304  372
 304  370
 305  369
 305  364
 304  363
 304  353
 303  352
 303  349
 300  346
 300  345
 296  341
 296  340
 295  340
 294  339
 294  338
 290  334
 289  334
 285  330
 284  330
 282  328
 281  328
 279  326
 279  311
 280  310
 282  310
 283  309
 288  309
 289  308
 291  308
 291  304
 294  301
 296  301
 297  300
 301  300
 302  299
 304  299
 305  298
 306  298
 310  294
 311  294
 312  293
 313  293
 314  292
 315  292
 320  287
 321  287
 324  284
 324  283
 325  282
 325  281
 327  279
 328  279
 330  277
 330  276
 331  275
 331  274
 333  272
 333  271
 334  270
 334  269
 335  268
 335  267
 336  266
 336  265
 337  264
 337  262
 338  261
 338  260
 339  259
 339  258
 340  257
 340  252
 341  251
 341  245
 342  244
 342  242
 343  241
 343  237
 344  236
 344  226
 345  225
 345  220
 346  219
 346  214
 347  213
 347  205
 348  204
 348  199
 349  198
 349  195
 350  194
 350  187
 351  186
 351  182
 352  181
 352  178
 353  177
 353  174
 354  173
 354  167
 355  166
 355  163
 356  162
 356  151
 357  150
 357  145
 356  144
 356  138
 355  137
 355  134
 354  133
 354  130
 353  129
 353  128
 348  123
 347  123
 345  121
 344  121
 343  120
 341  120
 340  119
 338  119
 337  118
 332  118
 331  117
 327  117
 326  116
