 347  119
 346  120
 341  120
 340  121
 333  121
 332  122
 329  122
 328  123
 324  123
 323  124
 321  124
 320  125
 318  125
 317  126
 315  126
 314  127
 312  127
 311  128
 309  128
 308  129
 306  129
 305  130
 303  130
 302  131
 301  131
 300  132
 298  132
 297  133
 296  133
 295  134
 294  134
 293  135
 291  135
 290  136
 289  136
 288  137
 287  137
 286  138
 285  138
 284  139
 282  139
 281  140
 280  140
 279  141
 278  141
 277  142
 276  142
 275  143
 274  143
 273  144
 272  144
 271  145
 270  145
 269  146
 268  146
 267  147
 266  147
 264  149
 263  149
 262  150
 261  150
 260  151
 259  151
 258  152
 257  152
 256  153
 255  153
 253  155
 252  155
 250  157
 249  157
 248  158
 247  158
 245  160
 244  160
 242  162
 241  162
 239  164
 238  164
 237  165
 236  165
 234  167
 233  167
 231  169
 230  169
 228  171
 227  171
 225  173
 224  173
 222  175
 221  175
 219  177
 218  177
 215  180
 214  180
 212  182
 211  182
 207  186
 206  186
 203  189
 202  189
 196  195
 195  195
 191  199
 190  199
 183  206
 182  206
 161  227
 161  228
 156  233
 156  234
 153  237
 153  238
 148  243
 148  244
 142  250
 142  251
 139  254
 139  255
 138  256
 138  257
 134  261
 134  262
 131  265
 131  266
 129  268
 129  269
 127  271
 127  272
 125  274
 125  275
 116  284
 115  284
 115  285
 109  291
 109  292
 108  293
 108  294
 107  295
 107  301
 106  302
 106  303
 103  306
 103  307
  98  312
  98  314
  97  315
  97  343
  99  345
 104  345
 105  346
 105  361
 103  363
 103  365
 102  366
 102  370
 101  371
 101  376
 100  377
 100  382
  99  383
  97  383
  96  384
  95  384
  95  385
  94  386
  94  388
  95  389
  95  392
  96  393
  96  394
  97  395
  97  396
  98  397
  98  398
  99  399
  99  400
 100  401
 100  403
 101  404
 101  406
 102  407
 102  408
 103  409
 103  412
 104  413
 104  417
 105  418
 105  420
 106  421
 106  423
 107  424
 107  427
 108  428
 108  431
 109  432
 109  434
 110  435
 110  437
 111  438
 111  441
 112  442
 112  444
 113  445
 113  448
 114  449
 114  453
 115  454
 115  456
 116  457
 116  458
 117  459
 117  460
 118  461
 118  462
 119  463
 119  464
 120  465
 120  466
 121  467
 122  467
 123  468
 129  468
 130  469
 131  469
 132  470
 133  470
 137  474
 137  475
 139  477
 139  478
 140  478
 141  479
 144  479
 145  480
 148  480
 149  481
 150  481
 151  482
 151  497
 152  498
 152  499
 155  502
 155  521
 154  522
 154  533
 155  534
 155  535
 157  537
 158  537
 159  538
 160  538
 162  540
 162  541
 163  542
 163  545
 164  546
 164  547
 165  548
 165  549
 166  550
 166  552
 167  553
 167  559
 170  562
 172  562
 175  565
 175  566
 177  564
 194  564
 196  566
 198  566
 199  567
 200  567
 201  568
 201  566
 200  565
 200  563
 199  562
 199  559
 198  558
 198  544
 199  543
 213  543
 215  545
 215  546
 216  547
 216  548
 219  551
 220  551
 221  552
 222  552
 223  553
 226  553
 227  554
 229  554
 230  555
 231  555
 232  556
 235  556
 236  557
 240  557
 241  558
 245  554
 245  553
 246  552
 246  551
 247  550
 247  548
 248  547
 248  544
 249  543
 249  541
 250  540
 250  536
 252  534
 253  534
 255  532
 256  532
 257  531
 258  531
 259  530
 261  530
 262  529
 264  529
 265  528
 267  528
 268  527
 269  527
 270  526
 271  526
 274  523
 274  522
 275  521
 275  520
 276  519
 276  495
 277  494
 277  493
 279  491
 280  491
 281  490
 282  490
 285  487
 286  487
 288  485
 289  485
 291  483
 292  483
 294  481
 294  480
 296  478
 296  476
 295  475
 295  473
 294  472
 294  456
 296  454
 297  454
 298  453
 299  453
 300  452
 301  452
 303  450
 303  449
 304  448
 304  445
 303  444
 303  443
 300  440
 300  439
 293  432
 292  432
 289  429
 289  415
 288  414
 288  413
 281  406
 280  406
 277  403
 276  403
 274  401
 273  401
 271  399
 270  399
 268  397
 267  397
 265  395
 265  381
 266  380
 267  380
 268  379
 273  379
 274  378
 277  378
 277  370
 279  368
 290  368
 291  367
 299  367
 300  366
 301  366
 302  365
 303  365
 304  364
 305  364
 306  363
 307  363
 308  362
 309  362
 310  361
 311  361
 314  358
 315  358
 318  355
 319  355
 322  352
 322  351
 323  350
 323  349
 324  348
 324  347
 325  346
 325  345
 327  343
 327  342
 328  341
 328  340
 331  337
 332  337
 333  336
 333  335
 337  331
 337  330
 339  328
 339  327
 341  325
 341  322
 342  321
 342  318
 343  317
 343  312
 344  311
 344  303
 345  302
 345  300
 346  299
 346  298
 347  297
 347  296
 348  295
 348  293
 350  291
 350  290
 351  289
 351  287
 353  285
 353  283
 354  282
 354  262
 355  261
 355  260
 356  259
 356  258
 357  257
 357  256
 360  253
 360  252
 364  248
 364  247
 365  246
 365  245
 367  243
 367  240
 368  239
 368  232
 369  231
 369  226
 370  225
 370  223
 371  222
 371  221
 372  220
 372  219
 373  218
 373  217
 374  216
 374  214
 375  213
 375  211
 376  210
 376  209
 377  208
 377  206
 378  205
 378  196
 379  195
 379  192
 380  191
 380  187
 381  186
 381  180
 382  179
 382  178
 383  177
 383  176
 384  175
 384  173
 385  172
 385  167
 386  166
 386  151
 385  150
 385  143
 384  142
 384  139
 383  138
 383  136
 382  135
 382  134
 381  133
 381  130
 380  129
 380  127
 377  124
 375  124
 374  123
 373  123
 372  122
 371  122
 370  121
 368  121
 367  120
 365  120
 364  119
