 310  136
 309  137
 303  137
 302  138
 296  138
 295  139
 292  139
 291  140
 286  140
 285  141
 282  141
 281  142
 277  142
 276  143
 273  143
 272  144
 270  144
 269  145
 266  145
 265  146
 263  146
 262  147
 260  147
 259  148
 257  148
 256  149
 254  149
 253  150
 252  150
 251  151
 249  151
 248  152
 246  152
 245  153
 244  153
 243  154
 241  154
 240  155
 239  155
 238  156
 237  156
 236  157
 235  157
 234  158
 233  158
 232  159
 230  159
 229  160
 228  160
 227  161
 226  161
 225  162
 224  162
 223  163
 222  163
 220  165
 219  165
 218  166
 217  166
 216  167
 215  167
 213  169
 212  169
 210  171
 209  171
 207  173
 206  173
 204  175
 203  175
 201  177
 200  177
 198  179
 197  179
 196  180
 195  180
 193  182
 192  182
 189  185
 188  185
 186  187
 185  187
 182  190
 181  190
 178  193
 177  193
 174  196
 173  196
 171  198
 170  198
 166  202
 165  202
 156  211
 155  211
 144  222
 143  222
 133  232
 132  232
 125  239
 125  240
 124  241
 124  242
 120  246
 120  247
 118  249
 117  249
 113  253
 113  276
 114  277
 116  277
 117  278
 117  292
 116  293
 116  294
 115  295
 115  296
 114  297
 114  299
 113  300
 113  304
 112  305
 112  313
 113  314
 113  330
 114  331
 114  335
 115  336
 115  338
 116  339
 116  346
 117  347
 117  351
 118  352
 118  354
 119  355
 119  361
 120  362
 120  366
 121  367
 121  370
 122  371
 122  373
 123  374
 123  379
 124  380
 124  382
 125  383
 125  385
 126  386
 126  397
 127  398
 127  402
 128  403
 128  405
 129  406
 129  413
 130  414
 130  421
 131  422
 131  423
 132  424
 132  427
 133  428
 133  433
 134  434
 134  435
 136  437
 136  438
 138  440
 138  441
 139  442
 139  443
 140  444
 140  448
 143  451
 145  451
 147  453
 148  453
 150  455
 150  457
 151  458
 151  462
 152  463
 152  464
 153  465
 153  466
 155  468
 156  468
 158  470
 159  470
 160  471
 160  472
 161  473
 161  481
 162  481
 165  478
 166  478
 168  476
 185  476
 186  475
 207  475
 208  476
 209  476
 214  481
 214  482
 217  485
 217  487
 220  490
 220  492
 222  494
 222  495
 223  496
 223  497
 224  498
 224  500
 225  501
 225  502
 226  503
 226  505
 227  506
 227  510
 228  511
 228  512
 229  513
 229  516
 230  517
 230  524
 231  525
 231  527
 232  528
 232  530
 233  531
 233  535
 234  536
 234  538
 235  539
 235  540
 236  541
 236  542
 237  543
 237  544
 243  550
 244  550
 245  551
 249  551
 250  550
 251  550
 256  545
 256  544
 257  543
 257  539
 256  538
 256  535
 253  532
 253  530
 250  527
 250  526
 249  525
 249  524
 247  522
 247  521
 246  520
 246  519
 243  516
 243  515
 242  514
 242  513
 240  511
 240  510
 239  509
 239  508
 237  506
 237  505
 236  504
 236  503
 235  502
 235  501
 234  500
 234  499
 233  498
 233  496
 232  495
 232  493
 231  492
 231  491
 230  490
 230  489
 229  488
 229  484
 228  483
 228  481
 227  480
 227  479
 226  478
 226  473
 225  472
 225  470
 224  469
 224  453
 225  452
 225  449
 226  448
 226  446
 229  443
 229  442
 230  441
 231  441
 234  438
 235  438
 237  436
 238  436
 244  430
 244  429
 245  428
 245  427
 246  426
 246  413
 251  408
 252  408
 255  405
 256  405
 257  404
 258  404
 262  400
 262  399
 263  398
 263  393
 262  392
 262  377
 265  374
 266  374
 269  371
 269  367
 266  364
 266  363
 265  362
 265  361
 261  357
 261  356
 258  353
 258  352
 257  351
 257  339
 256  338
 256  336
 253  333
 253  332
 251  330
 250  330
 249  329
 248  329
 247  328
 246  328
 245  327
 245  313
 246  312
 274  312
 275  311
 280  311
 281  310
 282  310
 285  307
 285  306
 286  305
 286  304
 287  303
 287  302
 289  300
 290  300
 294  296
 294  295
 295  294
 295  291
 296  290
 296  287
 297  286
 298  286
 300  284
 300  283
 301  282
 301  281
 302  280
 302  279
 303  278
 303  277
 306  274
 306  273
 307  272
 307  271
 308  270
 308  269
 309  268
 309  262
 310  261
 310  256
 311  255
 311  254
 312  253
 312  252
 313  251
 313  250
 316  247
 316  245
 317  244
 317  243
 318  242
 318  241
 319  240
 319  237
 320  236
 320  232
 321  231
 321  230
 322  229
 322  228
 323  227
 323  226
 327  222
 327  221
 329  219
 329  218
 330  217
 330  215
 332  213
 332  212
 333  211
 333  210
 339  204
 339  203
 343  199
 343  198
 346  195
 346  194
 347  193
 348  193
 350  191
 350  190
 354  186
 354  185
 356  183
 356  182
 360  178
 360  177
 363  174
 363  173
 364  172
 364  171
 366  169
 366  166
 367  165
 367  162
 368  161
 368  159
 369  158
 369  156
 368  155
 368  153
 367  152
 367  151
 366  150
 366  148
 364  146
 363  146
 361  144
 360  144
 359  143
 358  143
 357  142
 356  142
 355  141
 353  141
 352  140
 349  140
 348  139
 346  139
 345  138
 340  138
 339  137
 333  137
 332  136
