 364   97
 363   98
 356   98
 355   99
 351   99
 350  100
 346  100
 345  101
 343  101
 342  102
 339  102
 338  103
 336  103
 335  104
 332  104
 331  105
 329  105
 328  106
 326  106
 325  107
 323  107
 322  108
 320  108
 319  109
 316  109
 315  110
 314  110
 313  111
 311  111
 310  112
 308  112
 307  113
 306  113
 305  114
 303  114
 302  115
 301  115
 300  116
 298  116
 297  117
 296  117
 295  118
 293  118
 292  119
 291  119
 290  120
 289  120
 288  121
 287  121
 286  122
 284  122
 283  123
 282  123
 281  124
 280  124
 279  125
 278  125
 276  127
 274  127
 272  129
 270  129
 268  131
 267  131
 266  132
 265  132
 264  133
 263  133
 261  135
 260  135
 259  136
 258  136
 256  138
 255  138
 253  140
 252  140
 250  142
 249  142
 247  144
 246  144
 244  146
 243  146
 241  148
 240  148
 238  150
 237  150
 235  152
 234  152
 231  155
 230  155
 227  158
 226  158
 223  161
 222  161
 219  164
 218  164
 215  167
 214  167
 211  170
 210  170
 207  173
 206  173
 202  177
 201  177
 197  181
 196  181
 192  185
 191  185
 185  191
 184  191
 179  196
 178  196
 175  199
 175  200
 172  203
 171  203
 162  212
 161  212
 158  215
 158  216
 156  218
 155  218
 141  232
 140  232
 140  233
 134  239
 134  240
 130  244
 130  245
 125  250
 125  251
 124  252
 124  253
 123  254
 123  255
 122  256
 122  258
 121  259
 121  261
 120  262
 120  264
 119  265
 119  266
 117  268
 117  270
 114  273
 114  274
 113  275
 113  276
 111  278
 111  279
 110  280
 110  284
 107  287
 107  288
 105  290
 104  290
 103  291
 102  291
 102  308
 104  310
 113  310
 115  312
 115  313
 116  314
 116  330
 113  333
 113  334
 111  336
 111  337
 110  338
 110  339
 109  340
 109  341
 108  342
 108  343
 107  344
 107  348
 106  349
 106  357
 105  358
 105  375
 104  376
 100  376
  99  377
  99  391
 101  393
 101  395
 102  396
 102  399
 103  400
 103  404
 104  405
 104  408
 105  409
 105  411
 106  412
 106  419
 107  420
 107  425
 108  426
 108  427
 109  428
 109  430
 110  431
 110  439
 111  440
 111  447
 112  448
 112  452
 113  453
 113  466
 114  467
 114  471
 115  472
 115  474
 116  475
 116  478
 117  479
 117  483
 118  484
 118  487
 119  488
 119  492
 120  493
 120  497
 121  498
 121  501
 122  502
 122  503
 123  504
 123  506
 124  507
 124  509
 125  510
 125  511
 126  512
 126  514
 127  515
 127  516
 128  517
 128  518
 130  520
 131  520
 133  522
 134  522
 140  528
 140  533
 141  534
 141  538
 142  539
 142  541
 143  542
 143  544
 144  545
 144  547
 145  548
 145  550
 146  551
 146  553
 147  554
 147  558
 148  559
 148  561
 149  562
 149  563
 150  564
 150  567
 151  568
 151  569
 156  574
 157  574
 158  575
 160  575
 161  576
 165  576
 167  578
 167  580
 168  581
 168  583
 170  585
 170  586
 173  589
 174  589
 176  587
 177  587
 178  586
 180  586
 181  585
 193  585
 194  584
 195  584
 199  580
 199  578
 200  577
 200  572
 201  571
 201  569
 202  568
 202  560
 203  559
 203  555
 204  554
 204  553
 210  547
 211  547
 213  545
 214  545
 215  544
 217  544
 218  543
 219  543
 220  542
 221  542
 224  539
 224  538
 225  537
 225  536
 226  535
 226  531
 225  530
 225  515
 226  514
 226  512
 227  511
 227  510
 231  506
 232  506
 234  504
 235  504
 236  503
 237  503
 238  502
 240  502
 244  498
 244  476
 245  475
 245  474
 246  473
 247  473
 249  471
 251  471
 252  470
 253  470
 254  469
 256  469
 260  465
 260  464
 259  463
 259  461
 257  459
 257  439
 260  436
 260  435
 263  432
 263  429
 260  426
 260  424
 256  420
 256  419
 250  413
 250  412
 247  409
 247  408
 243  404
 243  403
 242  402
 241  402
 240  401
 240  400
 223  383
 222  383
 218  379
 218  378
 216  376
 216  362
 217  361
 234  361
 235  362
 246  362
 247  361
 252  361
 253  360
 262  360
 263  359
 266  359
 270  355
 270  354
 271  353
 271  352
 274  349
 274  348
 276  346
 276  345
 277  344
 277  343
 279  341
 279  340
 280  339
 280  338
 282  336
 282  334
 285  331
 286  331
 290  327
 290  326
 291  325
 291  321
 292  320
 292  315
 293  314
 293  313
 295  311
 296  311
 299  308
 299  307
 300  306
 300  304
 301  303
 301  302
 302  301
 302  300
 303  299
 303  298
 306  295
 306  294
 307  293
 307  292
 308  291
 308  290
 309  289
 309  286
 310  285
 310  271
 311  270
 311  268
 312  267
 312  266
 313  265
 313  263
 314  262
 314  260
 315  259
 315  258
 316  257
 316  253
 317  252
 317  246
 318  245
 318  243
 319  242
 319  240
 320  239
 320  236
 321  235
 321  233
 323  231
 323  229
 324  228
 324  226
 326  224
 326  223
 327  222
 327  221
 328  220
 328  219
 329  218
 329  217
 330  216
 330  213
 331  212
 331  211
 332  210
 332  209
 333  208
 333  206
 334  205
 334  204
 335  203
 335  202
 337  200
 337  198
 340  195
 340  194
 342  192
 342  191
 344  189
 344  188
 347  185
 347  184
 350  181
 350  180
 352  178
 352  177
 354  175
 354  174
 357  171
 357  170
 359  168
 359  167
 360  166
 360  165
 362  163
 362  162
 363  161
 363  160
 364  159
 364  158
 365  157
 365  156
 366  155
 366  154
 367  153
 367  152
 369  150
 369  149
 370  148
 370  146
 371  145
 371  144
 372  143
 372  142
 373  141
 373  139
 374  138
 374  137
 375  136
 375  134
 376  133
 376  131
 377  130
 377  127
 378  126
 378  125
 379  124
 379  123
 380  122
 380  118
 381  117
 381  108
 380  107
 380  105
 379  104
 379  103
 378  102
 377  102
 375  100
 374  100
 373   99
 372   99
 371   98
 365   98
