 383   53
 382   54
 365   54
 364   55
 357   55
 356   56
 349   56
 348   57
 343   57
 342   58
 339   58
 338   59
 334   59
 333   60
 331   60
 330   61
 327   61
 326   62
 324   62
 323   63
 319   63
 318   64
 317   64
 316   65
 313   65
 312   66
 310   66
 309   67
 307   67
 306   68
 304   68
 303   69
 302   69
 301   70
 298   70
 297   71
 296   71
 295   72
 293   72
 292   73
 291   73
 290   74
 288   74
 287   75
 286   75
 285   76
 283   76
 282   77
 281   77
 280   78
 279   78
 278   79
 276   79
 275   80
 274   80
 273   81
 272   81
 271   82
 270   82
 269   83
 268   83
 267   84
 266   84
 265   85
 263   85
 262   86
 261   86
 260   87
 259   87
 258   88
 257   88
 256   89
 255   89
 254   90
 253   90
 252   91
 251   91
 250   92
 249   92
 248   93
 247   93
 246   94
 245   94
 244   95
 243   95
 242   96
 241   96
 240   97
 239   97
 238   98
 237   98
 236   99
 235   99
 234  100
 233  100
 232  101
 231  101
 229  103
 228  103
 226  105
 225  105
 224  106
 223  106
 221  108
 220  108
 218  110
 217  110
 215  112
 214  112
 212  114
 211  114
 209  116
 208  116
 206  118
 205  118
 203  120
 202  120
 199  123
 198  123
 196  125
 195  125
 191  129
 190  129
 187  132
 186  132
 183  135
 182  135
 178  139
 177  139
 174  142
 173  142
 167  148
 166  148
 161  153
 160  153
 157  156
 156  156
 151  161
 150  161
 146  165
 145  165
 140  170
 139  170
 127  182
 127  183
 116  194
 116  195
 110  201
 110  202
 103  209
 103  210
  99  214
  99  215
  93  221
  93  222
  89  226
  89  227
  86  230
  86  231
  85  232
  85  233
  83  235
  83  236
  80  239
  80  240
  79  241
  79  242
  76  245
  76  246
  73  249
  73  250
  72  251
  72  254
  70  256
  70  257
  69  258
  69  262
  68  263
  68  264
  66  266
  66  269
  65  270
  65  272
  64  273
  64  274
  62  276
  62  277
  60  279
  60  280
  59  281
  59  282
  58  283
  58  291
  59  292
  76  292
  77  293
  77  307
  70  314
  70  315
  68  317
  68  320
  67  321
  67  322
  66  323
  66  325
  65  326
  63  326
  62  327
  62  351
  64  353
  64  354
  66  356
  66  357
  67  357
  69  359
  69  360
  72  363
  72  364
  76  368
  76  369
  78  371
  78  372
  79  373
  79  374
  82  377
  82  378
  85  381
  85  382
  87  384
  87  385
  89  387
  89  388
  92  391
  92  392
  96  396
  96  397
  99  400
  99  401
 110  412
 111  412
 113  414
 113  415
 114  416
 114  417
 115  418
 115  435
 116  436
 116  440
 117  441
 117  442
 118  443
 118  445
 119  446
 119  449
 120  450
 120  451
 121  452
 121  453
 122  454
 122  459
 123  460
 123  463
 124  464
 124  465
 125  466
 125  470
 126  471
 126  475
 127  476
 127  478
 128  479
 128  481
 129  482
 129  486
 130  487
 130  489
 131  490
 131  491
 132  492
 132  496
 133  497
 133  499
 135  501
 135  502
 136  503
 136  505
 139  508
 139  511
 140  512
 140  513
 142  515
 142  518
 143  519
 143  520
 144  521
 144  522
 146  524
 146  527
 161  527
 162  528
 165  528
 166  529
 166  530
 168  532
 168  533
 169  534
 169  535
 170  536
 170  539
 171  540
 171  542
 172  543
 172  545
 176  549
 176  550
 179  553
 179  554
 182  557
 182  558
 186  562
 186  563
 206  583
 206  584
 212  590
 213  590
 215  592
 220  592
 221  591
 223  591
 224  590
 240  590
 241  591
 242  591
 246  595
 247  595
 249  597
 250  597
 252  599
 256  599
 261  594
 261  593
 262  592
 262  591
 263  590
 263  589
 265  587
 265  585
 267  583
 283  583
 284  584
 284  585
 286  587
 286  589
 287  590
 287  591
 288  592
 288  593
 289  594
 289  595
 290  596
 290  597
 292  599
 292  600
 293  601
 293  603
 296  606
 296  608
 297  609
 297  610
 299  612
 299  613
 300  614
 300  615
 303  618
 303  619
 305  621
 305  622
 312  629
 313  629
 316  632
 317  632
 318  633
 319  633
 320  634
 327  634
 328  633
 329  633
 331  631
 332  631
 334  629
 334  628
 337  625
 337  624
 338  623
 338  622
 339  621
 339  618
 340  617
 340  611
 339  610
 339  604
 338  603
 338  601
 337  600
 337  599
 336  598
 336  596
 335  595
 335  593
 334  592
 334  591
 332  589
 332  588
 331  587
 331  586
 325  580
 325  579
 324  578
 323  578
 317  572
 316  572
 293  549
 293  548
 290  545
 290  544
 289  543
 289  542
 288  541
 288  523
 289  522
 289  521
 292  518
 292  517
 293  516
 294  516
 296  514
 297  514
 298  513
 299  513
 301  511
 302  511
 302  510
 305  507
 305  505
 306  504
 306  499
 305  498
 305  494
 302  491
 302  489
 299  486
 299  485
 292  478
 292  477
 289  474
 289  472
 288  471
 288  469
 287  468
 287  451
 288  450
 288  446
 289  445
 289  444
 290  443
 291  443
 293  441
 295  441
 296  440
 297  440
 299  438
 299  436
 298  435
 298  434
 296  432
 296  431
 286  421
 285  421
 281  417
 281  416
 279  414
 278  414
 277  413
 277  412
 275  410
 275  394
 276  393
 286  393
 285  392
 285  391
 282  388
 282  387
 274  379
 273  379
 271  377
 269  377
 268  376
 266  376
 265  375
 264  375
 263  374
 261  374
 260  373
 259  373
 258  372
 257  372
 253  368
 253  367
 252  366
 252  351
 246  345
 245  345
 241  341
 240  341
 237  338
 236  338
 233  335
 232  335
 231  334
 230  334
 228  332
 227  332
 226  331
 225  331
 224  330
 223  330
 221  328
 221  327
 220  326
 220  312
 221  311
 262  311
 263  310
 270  310
 271  309
 272  309
 273  308
 274  308
 280  302
 281  302
 282  301
 283  301
 288  296
 288  295
 291  292
 293  292
 294  291
 294  290
 295  289
 295  288
 296  287
 296  286
 298  284
 298  283
 311  270
 311  269
 312  268
 312  267
 313  266
 313  265
 314  264
 314  263
 315  262
 315  259
 316  258
 316  254
 317  253
 317  251
 318  250
 318  249
 319  248
 319  247
 326  240
 326  239
 329  236
 329  235
 332  232
 332  230
 333  229
 333  227
 334  226
 334  225
 335  224
 335  218
 336  217
 336  213
 337  212
 337  211
 342  206
 342  205
 345  202
 345  201
 346  200
 346  199
 348  197
 348  196
 349  195
 349  194
 350  193
 350  189
 351  188
 351  178
 352  177
 352  176
 365  163
 365  162
 369  158
 369  157
 370  156
 370  155
 371  154
 371  153
 372  152
 372  151
 373  150
 373  149
 374  148
 374  147
 375  146
 375  145
 381  139
 382  139
 391  130
 391  129
 394  126
 394  125
 396  123
 396  122
 398  120
 398  119
 405  112
 406  112
 410  108
 411  108
 412  107
 412  106
 415  103
 415  102
 416  101
 416   99
 418   97
 418   95
 419   94
 419   93
 420   92
 420   91
 421   90
 421   89
 422   88
 422   84
 423   83
 423   75
 422   74
 422   71
 420   69
 420   68
 419   67
 419   66
 410   57
 409   57
 408   56
 406   56
 405   55
 401   55
 400   54
 386   54
 385   53
