 318  122
 317  123
 313  123
 312  124
 307  124
 306  125
 304  125
 303  126
 300  126
 299  127
 297  127
 296  128
 295  128
 294  129
 292  129
 291  130
 289  130
 288  131
 287  131
 286  132
 285  132
 284  133
 282  133
 281  134
 280  134
 279  135
 278  135
 277  136
 276  136
 275  137
 274  137
 273  138
 272  138
 271  139
 270  139
 269  140
 268  140
 267  141
 266  141
 265  142
 264  142
 263  143
 262  143
 261  144
 260  144
 259  145
 258  145
 257  146
 256  146
 254  148
 253  148
 252  149
 251  149
 249  151
 248  151
 247  152
 246  152
 245  153
 244  153
 243  154
 242  154
 240  156
 239  156
 238  157
 237  157
 236  158
 235  158
 233  160
 232  160
 230  162
 229  162
 226  165
 225  165
 221  169
 220  169
 217  172
 216  172
 213  175
 212  175
 209  178
 208  178
 205  181
 204  181
 200  185
 199  185
 195  189
 194  189
 185  198
 184  198
 176  206
 175  206
 159  222
 158  222
 142  238
 141  238
 135  244
 135  245
 131  249
 131  250
 128  253
 128  254
 122  260
 122  261
 118  265
 118  266
 115  269
 115  270
 112  273
 112  274
 109  277
 108  277
 107  278
 106  278
 105  279
 104  279
 104  299
 105  300
 113  300
 114  301
 114  315
 113  316
 112  316
 111  317
 110  317
 108  319
 108  320
 107  321
 107  324
 106  325
 106  330
 105  331
 102  331
 100  333
 100  335
 101  336
 101  338
 104  341
 104  345
 105  346
 105  350
 106  351
 106  352
 107  353
 107  355
 108  356
 108  357
 109  358
 109  359
 110  360
 110  361
 111  362
 111  363
 112  364
 112  365
 114  367
 114  370
 115  371
 115  372
 116  373
 116  374
 117  375
 117  378
 118  379
 118  382
 119  383
 119  384
 120  385
 120  387
 121  388
 121  391
 122  392
 122  393
 123  394
 123  396
 124  397
 124  400
 125  401
 125  404
 126  405
 126  406
 127  407
 127  415
 128  416
 128  422
 129  423
 129  426
 130  427
 130  434
 131  435
 131  442
 132  443
 132  447
 133  448
 133  456
 134  457
 134  463
 135  464
 135  466
 136  467
 136  468
 137  469
 137  470
 138  471
 138  472
 140  474
 141  474
 142  475
 143  475
 144  476
 145  476
 146  477
 148  477
 149  478
 151  478
 152  479
 153  479
 155  481
 155  483
 156  484
 156  487
 157  488
 157  495
 158  496
 158  501
 159  502
 159  503
 160  504
 160  506
 161  507
 161  509
 162  510
 162  511
 167  516
 168  516
 170  514
 171  514
 174  511
 175  511
 176  510
 193  510
 194  511
 195  511
 198  514
 198  515
 199  515
 201  517
 202  517
 206  513
 206  512
 207  511
 207  510
 209  508
 228  508
 231  511
 232  511
 239  518
 239  519
 241  521
 241  522
 242  523
 242  524
 244  526
 244  527
 245  528
 245  530
 246  531
 246  533
 247  534
 247  535
 248  536
 248  539
 249  540
 249  542
 250  543
 250  544
 251  545
 251  547
 252  548
 252  550
 253  551
 253  552
 255  554
 255  555
 257  557
 257  558
 263  564
 264  564
 265  565
 266  565
 267  566
 268  565
 269  565
 271  563
 271  559
 270  558
 270  555
 268  553
 268  552
 267  551
 267  550
 266  549
 266  548
 264  546
 264  545
 263  544
 263  543
 261  541
 261  540
 260  539
 260  538
 257  535
 257  534
 256  533
 256  532
 253  529
 253  528
 251  526
 251  525
 249  523
 249  522
 247  520
 247  519
 246  518
 246  517
 244  515
 244  514
 241  511
 241  510
 240  509
 240  508
 238  506
 238  505
 237  504
 237  503
 236  502
 236  501
 235  500
 235  499
 234  498
 234  497
 233  496
 233  494
 232  493
 232  491
 231  490
 231  469
 236  464
 239  464
 240  463
 243  463
 244  462
 247  462
 248  461
 249  461
 250  460
 250  459
 251  458
 251  455
 250  454
 250  451
 248  449
 248  432
 249  431
 249  430
 253  426
 254  426
 255  425
 258  425
 259  424
 265  424
 268  421
 268  418
 267  417
 267  395
 274  388
 274  384
 273  383
 273  382
 271  380
 271  379
 270  378
 270  377
 265  372
 264  372
 259  367
 259  366
 257  364
 257  362
 256  361
 256  359
 255  358
 255  355
 254  354
 254  353
 253  352
 253  351
 247  345
 247  344
 246  343
 245  343
 242  340
 241  340
 238  337
 237  337
 234  334
 233  334
 231  332
 231  318
 232  317
 276  317
 277  316
 278  316
 283  311
 284  311
 285  310
 286  310
 288  308
 289  308
 291  306
 291  302
 293  300
 295  300
 297  298
 297  297
 298  296
 298  295
 299  294
 299  293
 300  292
 300  287
 301  286
 301  285
 302  284
 302  283
 308  277
 308  275
 309  274
 309  273
 310  272
 310  261
 316  255
 316  254
 318  252
 318  251
 319  250
 319  249
 320  248
 320  246
 321  245
 321  240
 322  239
 322  238
 325  235
 326  235
 331  230
 331  229
 334  226
 334  224
 335  223
 335  222
 336  221
 336  219
 337  218
 337  216
 338  215
 338  214
 347  205
 347  204
 349  202
 349  201
 350  200
 350  198
 351  197
 351  196
 352  195
 352  194
 353  193
 353  192
 354  191
 354  190
 365  179
 365  178
 367  176
 367  175
 369  173
 369  172
 370  171
 370  170
 371  169
 371  168
 373  166
 373  165
 374  164
 374  162
 375  161
 375  159
 376  158
 376  157
 377  156
 377  153
 378  152
 378  149
 379  148
 379  146
 380  145
 380  143
 379  142
 379  141
 378  140
 378  139
 377  138
 377  137
 374  134
 373  134
 371  132
 370  132
 369  131
 368  131
 366  129
 365  129
 364  128
 362  128
 361  127
 360  127
 359  126
 357  126
 356  125
 354  125
 353  124
 348  124
 347  123
 344  123
 343  122
