 313  107
 312  108
 303  108
 302  109
 299  109
 298  110
 294  110
 293  111
 292  111
 291  112
 288  112
 287  113
 285  113
 284  114
 282  114
 281  115
 279  115
 278  116
 277  116
 276  117
 273  117
 272  118
 271  118
 270  119
 268  119
 267  120
 266  120
 265  121
 263  121
 262  122
 261  122
 260  123
 259  123
 258  124
 257  124
 256  125
 255  125
 254  126
 252  126
 250  128
 249  128
 248  129
 247  129
 246  130
 245  130
 244  131
 243  131
 242  132
 241  132
 240  133
 239  133
 238  134
 237  134
 235  136
 234  136
 233  137
 232  137
 230  139
 229  139
 228  140
 227  140
 225  142
 224  142
 222  144
 221  144
 219  146
 218  146
 216  148
 215  148
 212  151
 211  151
 208  154
 207  154
 203  158
 202  158
 197  163
 196  163
 190  169
 189  169
 176  182
 175  182
 175  183
 173  185
 172  185
 169  188
 169  189
 162  196
 162  197
 158  201
 158  202
 154  206
 154  207
 151  210
 151  211
 148  214
 148  215
 145  218
 145  219
 144  220
 144  221
 141  224
 141  225
 139  227
 139  228
 137  230
 137  231
 135  233
 135  234
 134  235
 134  236
 133  237
 133  238
 131  240
 131  242
 128  245
 128  247
 127  248
 127  249
 125  251
 125  252
 124  253
 124  255
 122  257
 122  258
 121  259
 121  261
 120  262
 120  264
 119  265
 119  266
 118  267
 118  269
 115  272
 114  272
 113  273
 111  273
 110  274
 110  319
 111  320
 117  320
 118  321
 118  335
 117  336
 117  348
 119  350
 120  350
 124  354
 124  355
 127  358
 127  359
 128  360
 128  361
 131  364
 131  366
 132  367
 132  368
 133  369
 133  370
 134  371
 134  374
 135  375
 135  376
 136  377
 136  378
 137  379
 137  380
 138  381
 138  384
 140  386
 140  387
 141  388
 141  391
 142  392
 142  393
 143  394
 143  395
 144  396
 144  398
 145  399
 145  401
 146  402
 146  404
 147  405
 147  407
 148  408
 148  411
 149  412
 149  413
 150  414
 150  415
 151  416
 151  421
 152  422
 152  423
 153  424
 153  425
 154  426
 154  431
 155  432
 155  434
 156  435
 156  436
 157  437
 157  441
 158  442
 158  446
 159  447
 159  448
 160  449
 160  450
 161  451
 161  456
 162  457
 162  459
 163  460
 163  461
 164  462
 164  466
 165  467
 165  470
 167  472
 167  474
 168  475
 168  478
 170  480
 170  481
 171  482
 171  485
 172  486
 172  488
 174  490
 174  492
 175  493
 175  494
 176  495
 176  496
 177  497
 177  498
 178  499
 178  501
 181  504
 181  505
 183  507
 184  507
 185  508
 187  508
 188  509
 194  509
 197  512
 197  516
 198  517
 198  519
 201  522
 201  523
 205  527
 206  527
 207  528
 208  528
 209  529
 211  529
 212  528
 215  528
 216  527
 217  527
 219  525
 220  525
 222  523
 239  523
 240  522
 242  522
 243  521
 244  521
 246  519
 247  519
 248  518
 267  518
 268  519
 271  519
 272  520
 273  520
 275  522
 276  522
 287  533
 287  534
 288  535
 288  536
 290  538
 290  539
 292  541
 292  542
 293  543
 293  544
 295  546
 295  548
 296  549
 296  550
 298  552
 298  555
 299  556
 299  557
 300  558
 300  559
 301  560
 301  561
 302  562
 302  564
 304  566
 304  567
 305  568
 305  569
 306  570
 306  571
 308  573
 308  574
 311  577
 312  577
 314  579
 315  579
 316  580
 317  580
 318  581
 319  580
 320  580
 324  576
 324  569
 323  568
 323  566
 321  564
 321  562
 320  561
 320  560
 317  557
 317  556
 315  554
 315  553
 311  549
 311  548
 307  544
 307  543
 291  527
 291  526
 287  522
 287  521
 284  518
 284  517
 280  513
 280  512
 277  509
 277  508
 274  505
 274  504
 273  503
 273  502
 271  500
 271  499
 270  498
 270  495
 269  494
 269  493
 268  492
 268  475
 269  474
 269  473
 270  472
 270  471
 275  466
 276  466
 277  465
 278  465
 284  459
 284  454
 283  453
 283  433
 284  432
 284  430
 289  425
 290  425
 293  422
 294  422
 298  418
 298  417
 299  416
 299  414
 298  413
 298  412
 297  411
 297  409
 296  408
 296  407
 295  406
 295  405
 294  404
 294  387
 295  386
 295  385
 296  384
 296  383
 297  382
 297  381
 298  380
 298  379
 299  378
 299  376
 298  375
 298  374
 297  373
 297  372
 294  369
 294  368
 284  358
 284  357
 281  354
 281  350
 280  349
 280  345
 274  339
 273  339
 269  335
 269  321
 270  320
 290  320
 291  319
 295  319
 296  318
 298  318
 299  317
 300  317
 301  316
 302  316
 308  310
 308  309
 311  306
 311  305
 312  304
 312  303
 314  301
 314  299
 315  298
 315  297
 316  296
 316  295
 317  294
 317  293
 318  292
 318  291
 320  289
 320  288
 321  287
 321  284
 322  283
 322  281
 323  280
 323  277
 324  276
 324  272
 325  271
 325  269
 326  268
 326  267
 327  266
 327  264
 328  263
 328  262
 329  261
 329  259
 330  258
 330  245
 331  244
 331  237
 332  236
 332  235
 333  234
 333  233
 334  232
 334  230
 335  229
 335  228
 336  227
 336  225
 335  224
 335  208
 336  207
 336  206
 337  205
 337  203
 338  202
 338  200
 340  198
 340  193
 341  192
 341  187
 342  186
 342  184
 344  182
 344  181
 348  177
 348  176
 350  174
 350  173
 351  172
 351  171
 352  170
 352  169
 353  168
 353  167
 354  166
 354  165
 355  164
 355  163
 360  158
 360  157
 361  156
 361  155
 362  154
 362  153
 363  152
 363  151
 364  150
 364  148
 365  147
 365  146
 366  145
 366  144
 367  143
 367  142
 368  141
 368  139
 369  138
 369  137
 370  136
 370  132
 371  131
 371  124
 370  123
 370  121
 368  119
 368  118
 363  113
 362  113
 361  112
 359  112
 358  111
 357  111
 356  110
 352  110
 351  109
 348  109
 347  108
 339  108
 338  107
