 322   12
 321   13
 316   13
 315   14
 309   14
 308   15
 305   15
 304   16
 300   16
 299   17
 297   17
 296   18
 293   18
 292   19
 290   19
 289   20
 287   20
 286   21
 284   21
 283   22
 281   22
 280   23
 278   23
 277   24
 276   24
 275   25
 274   25
 273   26
 271   26
 270   27
 269   27
 268   28
 267   28
 266   29
 264   29
 263   30
 262   30
 261   31
 260   31
 259   32
 258   32
 257   33
 256   33
 255   34
 254   34
 253   35
 252   35
 251   36
 250   36
 249   37
 248   37
 247   38
 246   38
 245   39
 244   39
 242   41
 241   41
 240   42
 239   42
 238   43
 237   43
 236   44
 235   44
 234   45
 233   45
 230   48
 229   48
 228   49
 227   49
 225   51
 224   51
 223   52
 222   52
 220   54
 219   54
 217   56
 216   56
 214   58
 213   58
 212   59
 211   59
 209   61
 208   61
 206   63
 205   63
 204   64
 204   66
 203   67
 203   68
 200   71
 199   71
 198   72
 197   72
 196   73
 195   73
 194   74
 193   74
 185   82
 184   82
 183   83
 181   83
 178   86
 177   86
 177   87
 172   92
 171   92
 170   93
 168   93
 167   94
 165   94
 164   95
 163   95
 161   97
 160   97
 154  103
 153  103
 153  104
 152  105
 151  105
 147  109
 146  109
 146  110
 144  112
 143  112
 131  124
 130  124
 127  127
 127  128
 116  139
 116  140
 112  144
 112  145
 111  146
 110  146
 109  147
 109  151
 108  152
 108  153
 107  154
 107  155
  98  164
  98  165
  97  166
  97  167
  96  168
  96  170
  95  171
  95  172
  94  173
  94  174
  85  183
  85  184
  84  185
  84  186
  83  187
  83  188
  82  189
  82  190
  79  193
  78  193
  76  195
  75  195
  72  198
  72  200
  71  201
  71  204
  70  205
  70  210
  69  211
  69  230
  68  231
  63  231
  63  232
  62  233
  61  233
  58  236
  57  236
  57  248
  58  249
  58  250
  69  250
  70  251
  70  268
  69  269
  69  272
  68  273
  68  277
  67  278
  67  292
  66  293
  64  293
  63  294
  62  294
  62  299
  64  301
  64  318
  65  319
  65  337
  66  338
  66  343
  67  344
  67  346
  68  347
  68  352
  69  353
  69  357
  70  358
  70  362
  71  363
  71  370
  72  371
  72  382
  73  383
  73  387
  74  388
  74  393
  75  394
  75  402
  76  403
  76  410
  77  411
  77  415
  78  416
  78  424
  79  425
  79  430
  80  431
  80  433
  81  434
  81  439
  82  440
  82  455
  83  456
  83  461
  84  462
  84  466
  85  467
  85  474
  86  475
  86  479
  87  480
  87  482
  88  483
  88  502
  89  503
  89  530
  88  531
  88  535
  89  536
  89  541
  90  542
  90  543
 111  543
 112  544
 113  544
 117  548
 117  549
 118  550
 118  566
 117  567
 117  573
 118  574
 118  581
 119  582
 119  585
 124  590
 125  590
 126  591
 127  591
 135  583
 135  582
 139  578
 140  578
 142  576
 144  576
 145  575
 163  575
 167  579
 168  579
 169  580
 170  579
 171  579
 174  576
 175  576
 176  575
 177  575
 178  574
 195  574
 196  575
 198  575
 199  576
 200  576
 201  577
 202  577
 204  579
 205  579
 209  583
 210  583
 211  584
 212  584
 213  585
 214  585
 215  586
 216  586
 217  587
 218  587
 223  592
 223  593
 225  595
 225  596
 226  597
 226  599
 227  600
 227  601
 229  603
 229  606
 230  607
 230  609
 231  610
 231  612
 232  613
 232  619
 233  620
 233  624
 234  625
 234  628
 235  629
 235  633
 236  634
 236  652
 237  653
 237  656
 238  657
 238  660
 239  661
 239  665
 240  666
 240  668
 242  670
 242  671
 245  674
 246  674
 247  675
 251  671
 251  668
 252  667
 252  665
 251  664
 251  661
 250  660
 250  659
 249  658
 249  656
 248  655
 248  652
 246  650
 246  649
 245  648
 245  646
 244  645
 244  644
 242  642
 242  640
 241  639
 241  636
 240  635
 240  634
 239  633
 239  631
 238  630
 238  626
 237  625
 237  623
 236  622
 236  621
 235  620
 235  615
 234  614
 234  611
 233  610
 233  609
 232  608
 232  604
 231  603
 231  600
 230  599
 230  597
 229  596
 229  594
 228  593
 228  588
 227  587
 227  585
 226  584
 226  582
 225  581
 225  577
 224  576
 224  574
 223  573
 223  571
 222  570
 222  545
 223  544
 223  542
 224  541
 224  540
 225  539
 225  537
 228  534
 228  533
 232  529
 232  528
 235  525
 235  524
 239  520
 240  520
 241  519
 249  519
 250  518
 254  518
 255  517
 256  517
 260  513
 260  512
 261  511
 261  508
 262  507
 262  494
 261  493
 261  489
 260  488
 260  472
 261  471
 261  469
 262  468
 262  466
 263  465
 263  464
 264  463
 264  461
 265  460
 265  452
 266  451
 266  450
 268  448
 268  446
 271  443
 271  442
 273  440
 274  440
 275  439
 276  439
 277  438
 286  438
 287  437
 288  437
 290  435
 290  434
 289  433
 289  432
 288  431
 288  429
 287  428
 287  427
 285  425
 285  407
 286  406
 286  405
 287  404
 287  403
 288  402
 288  395
 289  394
 289  393
 292  390
 292  387
 291  386
 291  385
 287  381
 286  381
 282  377
 282  365
 281  364
 281  362
 280  361
 280  360
 278  358
 278  356
 277  355
 277  351
 276  350
 276  347
 275  346
 275  343
 274  342
 274  340
 273  339
 273  338
 272  337
 272  334
 271  333
 271  331
 270  330
 270  329
 269  328
 269  325
 268  324
 268  318
 267  317
 267  316
 266  315
 266  314
 265  313
 265  312
 264  311
 264  310
 263  309
 263  308
 262  307
 262  306
 259  303
 259  302
 255  298
 255  297
 250  292
 250  278
 251  277
 282  277
 283  278
 296  278
 297  277
 312  277
 313  276
 321  276
 322  275
 323  275
 324  274
 325  274
 328  271
 328  269
 329  268
 329  263
 330  262
 330  261
 331  260
 331  259
 332  258
 333  258
 335  256
 336  256
 338  254
 339  254
 341  252
 341  251
 343  249
 343  247
 344  246
 344  245
 345  244
 345  242
 346  241
 346  240
 347  239
 347  238
 348  237
 348  235
 349  234
 349  233
 352  230
 352  229
 353  228
 353  227
 354  226
 354  225
 355  224
 355  221
 356  220
 356  215
 357  214
 357  210
 358  209
 358  206
 359  205
 359  203
 360  202
 360  201
 361  200
 361  198
 362  197
 362  196
 363  195
 363  194
 365  192
 365  191
 366  190
 366  188
 367  187
 367  186
 368  185
 368  181
 369  180
 369  171
 370  170
 370  169
 371  168
 371  167
 372  166
 372  164
 373  163
 373  162
 375  160
 375  158
 376  157
 376  155
 377  154
 377  153
 378  152
 378  149
 379  148
 379  146
 380  145
 380  143
 381  142
 381  140
 382  139
 382  137
 383  136
 383  135
 385  133
 385  132
 386  131
 386  130
 387  129
 387  128
 388  127
 388  124
 389  123
 389  115
 390  114
 390  111
 391  110
 391  108
 392  107
 392  106
 393  105
 393  104
 396  101
 396  100
 399   97
 399   96
 401   94
 401   93
 402   92
 402   90
 403   89
 403   88
 404   87
 404   86
 405   85
 405   84
 406   83
 406   82
 409   79
 409   78
 410   77
 411   77
 412   76
 412   75
 413   74
 414   74
 415   73
 415   72
 416   71
 416   70
 418   68
 418   64
 419   63
 419   56
 422   53
 422   52
 423   51
 423   49
 424   48
 424   45
 423   44
 423   41
 422   40
 422   38
 420   36
 420   35
 414   29
 413   29
 412   28
 411   28
 410   27
 409   27
 408   26
 407   26
 406   25
 405   25
 404   24
 403   24
 402   23
 399   23
 398   22
 397   22
 396   21
 393   21
 392   20
 389   20
 388   19
 386   19
 385   18
 382   18
 381   17
 378   17
 377   16
 373   16
 372   15
 370   15
 369   14
 360   14
 359   13
 354   13
 353   12
