 320  123
 319  124
 308  124
 307  125
 304  125
 303  126
 299  126
 298  127
 295  127
 294  128
 291  128
 290  129
 287  129
 286  130
 284  130
 283  131
 280  131
 279  132
 278  132
 277  133
 274  133
 273  134
 272  134
 271  135
 268  135
 267  136
 266  136
 265  137
 264  137
 263  138
 262  138
 261  139
 259  139
 258  140
 257  140
 256  141
 255  141
 254  142
 252  142
 251  143
 250  143
 249  144
 248  144
 247  145
 246  145
 245  146
 244  146
 242  148
 241  148
 240  149
 239  149
 238  150
 237  150
 236  151
 235  151
 233  153
 232  153
 231  154
 230  154
 228  156
 227  156
 226  157
 225  157
 224  158
 223  158
 221  160
 220  160
 218  162
 217  162
 216  163
 215  163
 213  165
 212  165
 210  167
 209  167
 207  169
 206  169
 204  171
 203  171
 202  172
 201  172
 199  174
 198  174
 196  176
 195  176
 191  180
 190  180
 182  188
 181  188
 176  193
 175  193
 170  198
 169  198
 152  215
 152  216
 143  225
 143  226
 139  230
 139  231
 136  234
 136  235
 130  241
 129  241
 128  242
 128  243
 127  244
 127  256
 128  257
 133  257
 134  258
 134  273
 131  276
 131  277
 130  278
 130  279
 129  280
 129  282
 128  283
 128  289
 127  290
 127  318
 125  320
 125  324
 126  325
 126  326
 127  326
 128  327
 129  327
 131  329
 131  342
 132  343
 132  347
 133  348
 133  352
 134  353
 134  355
 135  356
 135  357
 136  358
 136  360
 137  361
 137  363
 138  364
 138  366
 139  367
 139  369
 140  370
 140  372
 141  373
 141  378
 142  379
 142  391
 143  392
 143  395
 144  396
 144  400
 145  401
 145  408
 146  409
 146  411
 147  412
 147  413
 148  414
 148  417
 150  419
 150  420
 153  423
 153  424
 155  426
 155  427
 156  428
 156  429
 159  432
 160  432
 161  433
 166  433
 167  434
 169  434
 170  435
 170  439
 171  440
 171  443
 172  444
 172  465
 171  466
 171  468
 172  469
 172  470
 173  471
 174  471
 175  472
 191  472
 195  476
 196  476
 197  477
 213  477
 218  482
 218  483
 219  484
 219  486
 220  487
 220  488
 221  489
 221  490
 222  491
 222  494
 223  495
 223  496
 225  498
 225  500
 226  501
 226  502
 227  503
 227  504
 228  505
 228  506
 229  507
 229  509
 231  511
 231  512
 232  513
 232  514
 234  516
 234  517
 237  520
 237  521
 240  524
 240  525
 242  527
 242  528
 244  530
 242  528
 242  527
 241  526
 241  525
 240  524
 240  523
 238  521
 238  520
 237  519
 237  517
 235  515
 235  514
 234  513
 234  511
 232  509
 232  508
 231  507
 231  506
 230  505
 230  503
 229  502
 229  501
 228  500
 228  498
 227  497
 227  495
 226  494
 226  493
 225  492
 225  491
 224  490
 224  489
 223  488
 223  487
 222  486
 222  485
 221  484
 221  481
 220  480
 220  478
 219  477
 219  475
 218  474
 218  469
 217  468
 217  453
 228  442
 229  442
 231  440
 232  440
 233  439
 234  439
 235  438
 236  438
 237  437
 238  437
 238  433
 237  432
 237  429
 236  428
 236  413
 237  412
 237  410
 238  409
 238  407
 239  406
 239  405
 241  403
 241  402
 244  399
 244  398
 248  394
 249  394
 254  389
 254  385
 255  384
 255  382
 256  381
 256  380
 261  375
 261  374
 267  368
 267  345
 266  344
 266  343
 265  342
 265  340
 261  336
 261  335
 256  330
 255  330
 248  323
 248  321
 247  320
 247  306
 248  305
 271  305
 272  304
 276  304
 285  295
 285  294
 291  288
 291  287
 293  285
 293  284
 294  283
 294  282
 295  281
 295  279
 297  277
 297  275
 298  274
 298  272
 301  269
 301  266
 305  262
 305  261
 307  259
 307  258
 308  257
 308  252
 309  251
 309  250
 310  249
 310  248
 311  247
 311  245
 312  244
 312  243
 314  241
 314  239
 316  237
 316  236
 317  235
 317  234
 318  233
 318  232
 319  231
 319  229
 320  228
 320  227
 321  226
 321  223
 322  222
 322  220
 324  218
 324  216
 325  215
 325  214
 327  212
 327  211
 328  210
 328  208
 329  207
 329  206
 330  205
 330  204
 331  203
 331  200
 332  199
 332  198
 333  197
 333  196
 334  195
 334  193
 335  192
 335  191
 336  190
 336  189
 337  188
 337  187
 338  186
 338  185
 339  184
 339  183
 341  181
 341  179
 342  178
 342  177
 343  176
 343  175
 344  174
 344  172
 345  171
 345  169
 346  168
 346  166
 347  165
 347  163
 348  162
 348  158
 349  157
 349  155
 350  154
 350  153
 351  152
 351  150
 352  149
 352  146
 353  145
 353  144
 354  143
 354  141
 355  140
 354  139
 354  138
 353  137
 353  136
 351  134
 351  132
 349  130
 349  129
 346  126
 345  126
 344  125
 343  125
 342  124
 331  124
 330  123
