 311  139
 310  140
 299  140
 298  141
 295  141
 294  142
 289  142
 288  143
 286  143
 285  144
 282  144
 281  145
 279  145
 278  146
 276  146
 275  147
 272  147
 271  148
 270  148
 269  149
 266  149
 265  150
 264  150
 263  151
 261  151
 260  152
 259  152
 258  153
 257  153
 256  154
 254  154
 253  155
 252  155
 251  156
 250  156
 249  157
 247  157
 246  158
 245  158
 243  160
 242  160
 241  161
 240  161
 239  162
 238  162
 237  163
 236  163
 235  164
 234  164
 232  166
 231  166
 230  167
 229  167
 227  169
 226  169
 225  170
 224  170
 223  171
 222  171
 220  173
 219  173
 217  175
 216  175
 215  176
 214  176
 212  178
 211  178
 210  179
 209  179
 207  181
 206  181
 204  183
 203  183
 201  185
 200  185
 199  186
 198  186
 197  187
 190  187
 188  189
 188  194
 183  199
 182  199
 179  202
 178  202
 170  210
 169  210
 164  215
 163  215
 161  217
 160  217
 158  219
 144  219
 143  220
 142  220
 138  224
 137  224
 132  229
 131  229
 122  238
 121  238
 121  239
 120  240
 120  296
 121  297
 131  297
 132  298
 132  312
 131  313
 131  315
 130  316
 130  317
 129  318
 129  326
 128  327
 126  327
 125  328
 124  328
 124  334
 125  335
 125  336
 126  337
 126  339
 127  340
 127  341
 128  342
 128  343
 129  344
 129  346
 130  347
 130  350
 132  352
 132  354
 133  355
 133  357
 134  358
 134  359
 135  360
 135  362
 136  363
 136  369
 137  370
 137  374
 138  375
 138  377
 139  378
 139  382
 140  383
 140  386
 141  387
 141  388
 142  389
 142  392
 143  393
 143  396
 144  397
 144  399
 145  400
 145  402
 146  403
 146  406
 147  407
 147  408
 148  409
 148  411
 149  412
 149  414
 150  415
 150  418
 151  419
 151  420
 152  421
 152  423
 153  424
 153  427
 154  428
 154  430
 155  431
 155  433
 156  434
 156  438
 157  439
 157  441
 158  442
 158  443
 159  444
 159  447
 160  448
 160  452
 161  453
 161  454
 162  455
 162  458
 163  459
 163  464
 164  465
 164  467
 165  468
 165  471
 166  472
 166  476
 167  477
 167  479
 169  481
 169  482
 170  482
 172  484
 181  484
 182  485
 183  485
 186  488
 186  489
 187  490
 187  491
 188  492
 188  494
 189  495
 189  499
 190  500
 190  501
 193  504
 194  504
 200  510
 201  510
 204  513
 205  513
 206  512
 206  511
 208  509
 208  508
 211  505
 212  505
 213  504
 214  504
 215  503
 237  503
 240  500
 241  500
 242  499
 244  499
 245  498
 267  498
 268  499
 269  499
 272  502
 272  503
 273  504
 273  505
 274  506
 274  508
 275  509
 275  510
 276  511
 276  519
 277  520
 277  527
 278  528
 278  530
 280  532
 280  534
 281  535
 281  536
 284  539
 284  540
 287  543
 288  543
 291  546
 292  546
 293  547
 295  547
 298  544
 298  543
 299  542
 299  541
 300  540
 300  538
 301  537
 301  533
 300  532
 300  531
 299  530
 299  528
 298  527
 298  526
 289  517
 289  516
 285  512
 285  511
 284  510
 284  509
 283  508
 283  507
 282  506
 282  504
 281  503
 281  502
 280  501
 280  499
 279  498
 279  495
 278  494
 278  492
 277  491
 277  490
 276  489
 276  467
 277  466
 277  462
 278  461
 278  454
 279  453
 279  451
 281  449
 282  449
 283  448
 285  448
 286  447
 287  447
 291  443
 291  441
 290  440
 290  438
 289  437
 289  435
 288  434
 288  433
 285  430
 285  413
 287  411
 287  410
 288  409
 288  407
 289  406
 289  404
 291  402
 295  402
 296  401
 298  401
 299  400
 300  400
 301  399
 301  397
 300  396
 300  394
 299  393
 299  392
 296  389
 296  388
 292  384
 292  360
 295  357
 295  355
 293  353
 293  352
 290  349
 289  349
 282  342
 282  341
 281  340
 281  339
 279  337
 279  336
 278  335
 277  335
 275  333
 275  318
 276  317
 290  317
 290  313
 292  311
 295  311
 296  310
 300  310
 301  309
 303  309
 305  307
 305  306
 307  304
 308  304
 311  301
 312  301
 316  297
 317  297
 318  296
 318  293
 319  292
 319  285
 320  284
 320  283
 325  278
 325  277
 326  276
 326  272
 327  271
 327  263
 328  262
 328  260
 329  259
 329  257
 335  251
 335  250
 336  249
 336  247
 335  246
 335  230
 339  226
 339  224
 340  223
 340  210
 342  208
 342  207
 344  205
 344  204
 345  203
 345  202
 346  201
 346  192
 348  190
 349  190
 355  184
 355  183
 356  182
 356  181
 357  180
 357  179
 358  178
 358  176
 359  175
 359  172
 360  171
 360  166
 359  165
 359  162
 358  161
 358  155
 357  154
 357  152
 355  150
 354  150
 353  149
 351  149
 350  148
 349  148
 348  147
 347  147
 346  146
 345  146
 344  145
 343  145
 342  144
 340  144
 339  143
 338  143
 337  142
 335  142
 334  141
 332  141
 331  140
 321  140
 320  139
