 325   91
 324   92
 320   92
 319   93
 312   93
 311   94
 308   94
 307   95
 304   95
 303   96
 299   96
 298   97
 296   97
 295   98
 292   98
 291   99
 290   99
 289  100
 287  100
 286  101
 285  101
 284  102
 282  102
 281  103
 280  103
 279  104
 278  104
 277  105
 275  105
 274  106
 273  106
 272  107
 271  107
 270  108
 269  108
 268  109
 267  109
 266  110
 265  110
 264  111
 263  111
 262  112
 261  112
 260  113
 259  113
 258  114
 257  114
 255  116
 254  116
 253  117
 252  117
 251  118
 250  118
 248  120
 247  120
 245  122
 244  122
 241  125
 240  125
 237  128
 236  128
 234  130
 233  130
 230  133
 229  133
 225  137
 224  137
 216  145
 215  145
 191  169
 191  170
 184  177
 184  178
 179  183
 179  184
 175  188
 175  189
 172  192
 172  193
 170  195
 170  196
 168  198
 168  199
 165  202
 165  203
 163  205
 163  206
 161  208
 161  209
 158  212
 158  213
 157  214
 157  215
 154  218
 154  219
 152  221
 152  222
 151  223
 151  224
 148  227
 148  228
 145  231
 145  232
 144  233
 144  234
 142  236
 142  237
 141  238
 141  239
 139  241
 139  242
 138  243
 138  244
 137  245
 137  246
 134  249
 134  251
 132  253
 132  254
 131  255
 131  256
 130  257
 130  258
 128  260
 128  261
 127  262
 127  265
 125  267
 125  269
 124  270
 124  271
 118  277
 118  278
 117  279
 117  289
 119  291
 125  291
 126  292
 126  306
 125  307
 125  309
 124  310
 124  311
 123  312
 123  318
 122  319
 119  319
 118  320
 118  343
 119  344
 120  344
 124  348
 124  352
 125  353
 125  355
 126  356
 126  357
 127  358
 127  360
 128  361
 128  364
 129  365
 129  366
 130  367
 130  369
 131  370
 131  373
 132  374
 132  375
 134  377
 134  380
 135  381
 135  382
 136  383
 136  384
 137  385
 137  387
 138  388
 138  390
 140  392
 140  394
 141  395
 141  397
 142  398
 142  399
 143  400
 143  401
 144  402
 144  405
 145  406
 145  407
 146  408
 146  409
 147  410
 147  412
 148  413
 148  415
 149  416
 149  417
 150  418
 150  421
 151  422
 151  424
 152  425
 152  426
 153  427
 153  429
 154  430
 154  432
 155  433
 155  435
 156  436
 156  437
 157  438
 157  441
 158  442
 158  445
 159  446
 159  448
 160  449
 160  452
 161  453
 161  456
 162  457
 162  458
 163  459
 163  460
 164  461
 164  465
 165  466
 165  468
 166  469
 166  471
 167  472
 167  476
 168  477
 168  479
 169  480
 169  481
 170  482
 170  483
 171  484
 171  487
 172  488
 172  489
 174  491
 174  494
 177  497
 177  498
 178  499
 178  500
 179  501
 180  501
 182  503
 185  503
 186  502
 200  502
 201  503
 201  515
 202  516
 202  519
 203  520
 203  521
 206  524
 207  524
 208  523
 209  523
 210  522
 211  522
 212  521
 213  521
 214  520
 215  520
 217  518
 218  518
 221  515
 222  515
 223  514
 224  514
 225  513
 244  513
 245  514
 247  514
 249  512
 268  512
 269  513
 271  513
 272  514
 273  514
 276  517
 277  517
 285  525
 285  526
 291  532
 291  533
 294  536
 294  537
 295  538
 295  539
 298  542
 298  544
 301  547
 301  549
 302  550
 302  551
 303  552
 303  553
 304  554
 304  557
 305  558
 305  560
 306  561
 306  562
 308  564
 308  568
 309  569
 309  570
 310  571
 310  572
 311  573
 311  577
 312  578
 312  582
 313  583
 313  584
 314  585
 314  586
 315  587
 315  588
 317  590
 317  591
 320  594
 321  594
 322  595
 323  595
 324  596
 325  595
 326  595
 332  589
 332  588
 333  587
 333  586
 334  585
 334  577
 333  576
 333  575
 331  573
 331  572
 327  568
 327  567
 320  560
 320  559
 314  553
 314  552
 307  545
 307  544
 300  537
 300  536
 297  533
 297  532
 293  528
 293  527
 290  524
 290  523
 288  521
 288  520
 287  519
 287  518
 284  515
 284  514
 283  513
 283  512
 281  510
 281  509
 280  508
 280  507
 278  505
 278  504
 277  503
 277  500
 276  499
 276  498
 275  497
 275  496
 274  495
 274  492
 273  491
 273  472
 274  471
 274  469
 275  468
 275  467
 276  466
 276  465
 277  464
 277  463
 279  461
 279  460
 282  457
 283  457
 285  455
 286  455
 290  451
 290  448
 289  447
 289  446
 288  445
 288  443
 287  442
 287  426
 288  425
 288  423
 289  422
 289  421
 290  420
 290  419
 291  418
 291  417
 297  411
 298  411
 300  409
 302  409
 304  407
 305  407
 308  404
 307  403
 307  401
 303  397
 303  396
 302  395
 302  394
 301  393
 301  374
 302  373
 302  372
 303  371
 303  370
 307  366
 307  365
 308  364
 307  363
 307  362
 303  358
 303  357
 302  356
 301  356
 296  351
 295  351
 293  349
 292  349
 290  347
 289  347
 286  344
 286  343
 284  341
 284  339
 283  338
 283  332
 282  331
 282  330
 281  329
 281  328
 278  325
 277  325
 275  323
 274  323
 273  322
 272  322
 271  321
 271  306
 272  305
 295  305
 296  304
 304  304
 305  303
 307  303
 309  301
 310  301
 315  296
 315  295
 316  294
 316  293
 317  292
 317  288
 318  287
 318  286
 320  284
 320  282
 321  281
 321  280
 322  279
 322  277
 323  276
 323  273
 324  272
 324  263
 325  262
 325  258
 326  257
 326  256
 327  255
 327  252
 330  249
 330  247
 331  246
 331  238
 332  237
 332  224
 333  223
 333  220
 334  219
 334  215
 335  214
 335  191
 336  190
 336  189
 337  188
 337  182
 338  181
 338  173
 339  172
 339  169
 340  168
 340  166
 341  165
 341  163
 342  162
 342  161
 343  160
 343  159
 344  158
 344  156
 345  155
 345  152
 346  151
 346  150
 347  149
 347  147
 348  146
 348  145
 350  143
 350  141
 351  140
 351  139
 352  138
 352  137
 353  136
 353  134
 354  133
 354  131
 355  130
 355  129
 356  128
 356  126
 357  125
 357  122
 358  121
 358  119
 359  118
 359  117
 360  116
 360  114
 361  113
 361  109
 362  108
 362  106
 363  105
 363  103
 362  102
 362  101
 360   99
 360   98
 359   98
 357   96
 356   96
 355   95
 354   95
 353   94
 352   94
 351   93
 348   93
 347   92
 343   92
 342   91
