 317  189
 316  190
 312  190
 311  191
 311  192
 310  193
 298  193
 297  194
 295  194
 294  195
 291  195
 290  196
 289  196
 288  197
 286  197
 285  198
 284  198
 283  199
 281  199
 280  200
 279  200
 278  201
 276  201
 275  202
 274  202
 273  203
 272  203
 271  204
 270  204
 269  205
 268  205
 267  206
 266  206
 265  207
 264  207
 262  209
 261  209
 260  210
 259  210
 257  212
 256  212
 255  213
 254  213
 253  214
 252  214
 249  217
 248  217
 246  219
 245  219
 243  221
 242  221
 241  222
 240  222
 237  225
 236  225
 233  228
 232  228
 229  231
 228  231
 224  235
 223  235
 219  239
 218  239
 214  243
 213  243
 206  250
 205  250
 196  259
 195  259
 185  269
 184  269
 175  278
 175  279
 169  285
 169  286
 166  289
 166  290
 164  292
 164  293
 163  294
 163  295
 162  296
 162  297
 161  298
 161  299
 160  300
 160  301
 158  303
 158  305
 157  306
 157  307
 155  309
 155  311
 154  312
 154  313
 153  314
 153  315
 151  317
 151  319
 148  322
 148  343
 150  345
 150  352
 151  353
 151  367
 150  368
 149  368
 147  370
 147  384
 148  385
 148  386
 151  389
 151  390
 154  393
 154  394
 156  396
 156  397
 158  399
 158  400
 161  403
 161  404
 162  405
 162  406
 163  407
 163  409
 164  410
 164  413
 165  414
 165  415
 166  416
 166  417
 167  418
 167  419
 168  420
 168  421
 169  422
 169  423
 170  424
 170  426
 171  427
 171  429
 172  430
 172  431
 173  432
 173  433
 174  434
 174  435
 175  436
 175  437
 176  438
 176  439
 178  441
 178  442
 179  443
 179  444
 180  445
 180  446
 181  447
 181  448
 182  449
 182  450
 183  451
 183  452
 185  454
 185  455
 186  456
 186  457
 189  460
 189  461
 192  464
 192  465
 193  465
 195  467
 195  468
 198  471
 198  472
 199  473
 199  474
 200  475
 200  476
 201  477
 201  478
 202  479
 202  480
 204  482
 204  483
 206  485
 206  486
 209  489
 209  490
 212  493
 213  493
 214  494
 215  494
 216  495
 226  495
 229  498
 230  497
 230  496
 231  495
 231  491
 234  488
 242  488
 243  487
 245  487
 247  485
 247  484
 246  483
 246  480
 245  479
 245  463
 247  461
 249  461
 250  460
 252  460
 253  459
 254  459
 257  456
 257  453
 256  452
 256  451
 254  449
 254  448
 252  446
 252  431
 259  424
 259  422
 260  421
 260  412
 262  410
 262  409
 264  407
 264  405
 263  404
 263  393
 262  392
 262  391
 261  390
 261  389
 256  384
 255  384
 253  382
 252  382
 250  380
 249  380
 247  378
 246  378
 244  376
 243  376
 242  375
 241  375
 240  374
 240  360
 242  358
 246  358
 247  357
 251  357
 252  356
 255  356
 258  353
 259  353
 264  348
 265  348
 267  346
 267  345
 268  344
 269  344
 274  339
 274  337
 275  336
 275  335
 276  334
 276  332
 277  331
 277  329
 279  327
 279  326
 280  325
 280  324
 281  323
 281  322
 282  321
 282  320
 283  319
 283  317
 284  316
 284  310
 285  309
 285  307
 286  306
 286  305
 287  304
 287  301
 288  300
 288  298
 289  297
 289  296
 290  295
 290  292
 291  291
 291  287
 292  286
 292  283
 293  282
 293  280
 294  279
 294  277
 296  275
 296  274
 297  273
 297  271
 299  269
 299  268
 300  267
 300  266
 301  265
 301  264
 302  263
 302  262
 303  261
 303  260
 304  259
 304  257
 307  254
 307  253
 309  251
 309  250
 311  248
 311  247
 314  244
 314  243
 318  239
 318  238
 323  233
 323  232
 324  231
 324  230
 326  228
 326  227
 327  226
 327  225
 328  224
 328  222
 330  220
 330  218
 331  217
 331  215
 332  214
 332  212
 333  211
 333  206
 334  205
 334  200
 333  199
 333  197
 332  196
 332  195
 331  194
 331  193
 329  191
 328  191
 327  190
 325  190
 324  189
