 317  107
 316  108
 313  108
 312  109
 307  109
 306  110
 303  110
 302  111
 300  111
 299  112
 296  112
 295  113
 293  113
 292  114
 289  114
 288  115
 286  115
 285  116
 283  116
 282  117
 280  117
 279  118
 276  118
 275  119
 274  119
 273  120
 271  120
 270  121
 268  121
 267  122
 266  122
 265  123
 263  123
 262  124
 261  124
 260  125
 258  125
 257  126
 256  126
 255  127
 254  127
 253  128
 252  128
 251  129
 250  129
 249  130
 248  130
 247  131
 246  131
 245  132
 244  132
 242  134
 241  134
 240  135
 239  135
 238  136
 237  136
 236  137
 235  137
 234  138
 233  138
 232  139
 231  139
 230  140
 229  140
 227  142
 226  142
 225  143
 224  143
 223  144
 222  144
 220  146
 219  146
 217  148
 216  148
 214  150
 213  150
 210  153
 209  153
 206  156
 205  156
 201  160
 200  160
 195  165
 194  165
 191  168
 190  168
 184  174
 183  174
 183  175
 173  185
 173  186
 163  196
 163  197
 159  201
 159  202
 158  203
 158  204
 155  207
 155  208
 151  212
 151  213
 146  218
 146  219
 143  222
 143  223
 142  224
 142  225
 139  228
 139  229
 138  230
 138  232
 137  233
 137  234
 136  235
 136  237
 135  238
 132  238
 131  239
 130  239
 130  263
 132  265
 141  265
 142  266
 142  280
 141  281
 138  281
 137  282
 136  282
 135  283
 134  283
 133  284
 132  284
 131  285
 131  286
 130  287
 130  288
 129  289
 129  290
 128  291
 128  293
 127  294
 127  297
 126  298
 126  299
 125  300
 125  302
 124  303
 124  304
 123  305
 123  306
 122  307
 122  308
 123  309
 123  310
 124  311
 124  312
 125  313
 125  315
 126  316
 126  327
 127  328
 127  341
 128  342
 128  367
 129  368
 129  374
 130  375
 130  378
 131  379
 131  382
 132  383
 132  388
 133  389
 133  391
 134  392
 134  393
 135  394
 135  397
 136  398
 136  401
 137  402
 137  403
 138  404
 138  406
 139  407
 139  413
 140  414
 140  418
 141  419
 141  422
 142  423
 142  424
 143  425
 143  426
 145  428
 146  428
 148  430
 149  430
 152  433
 152  434
 153  435
 153  436
 155  438
 155  440
 156  441
 156  464
 157  465
 157  466
 158  467
 158  468
 162  472
 163  472
 167  468
 168  468
 170  466
 187  466
 189  468
 189  469
 190  469
 192  467
 209  467
 210  468
 211  468
 213  470
 214  470
 216  472
 216  473
 218  475
 218  476
 219  477
 219  478
 220  479
 220  480
 221  481
 221  482
 222  483
 222  484
 223  485
 223  487
 224  488
 224  489
 225  490
 225  492
 226  493
 226  495
 227  496
 227  497
 228  498
 228  499
 229  500
 229  502
 230  503
 230  504
 231  505
 231  506
 232  507
 232  509
 233  510
 233  512
 234  513
 234  514
 235  515
 235  516
 236  517
 236  519
 237  520
 237  521
 239  523
 239  526
 241  528
 241  529
 242  530
 242  531
 243  532
 243  534
 245  536
 245  537
 246  538
 246  540
 250  544
 250  546
 252  548
 252  549
 254  551
 254  552
 255  553
 255  554
 256  555
 256  556
 257  557
 257  558
 260  561
 260  562
 261  563
 261  564
 261  563
 260  562
 260  561
 259  560
 259  559
 258  558
 258  556
 257  555
 257  554
 256  553
 256  552
 255  551
 255  550
 254  549
 254  548
 253  547
 253  546
 252  545
 252  544
 251  543
 251  541
 250  540
 250  539
 249  538
 249  537
 248  536
 248  534
 247  533
 247  532
 246  531
 246  530
 245  529
 245  527
 244  526
 244  525
 243  524
 243  523
 242  522
 242  521
 241  520
 241  519
 240  518
 240  516
 239  515
 239  514
 238  513
 238  511
 237  510
 237  509
 236  508
 236  507
 235  506
 235  504
 233  502
 233  501
 232  500
 232  498
 231  497
 231  495
 230  494
 230  493
 229  492
 229  491
 228  490
 228  488
 227  487
 227  486
 226  485
 226  484
 225  483
 225  482
 224  481
 224  479
 222  477
 222  476
 221  475
 221  473
 220  472
 220  471
 219  470
 219  469
 218  468
 218  451
 224  445
 225  445
 226  444
 227  444
 228  443
 229  443
 230  442
 231  442
 232  441
 232  422
 237  417
 238  417
 239  416
 240  416
 241  415
 244  415
 245  414
 247  414
 249  412
 250  412
 251  411
 251  395
 253  393
 254  393
 256  391
 257  391
 259  389
 260  389
 261  388
 262  388
 264  386
 264  385
 263  384
 263  383
 259  379
 259  362
 260  361
 260  360
 261  359
 261  358
 262  357
 259  354
 258  354
 255  351
 255  350
 253  348
 253  347
 250  344
 250  343
 248  341
 248  340
 243  335
 243  334
 224  315
 224  314
 223  313
 222  313
 217  308
 216  308
 214  306
 214  292
 215  291
 240  291
 241  292
 245  292
 246  293
 248  293
 249  294
 252  294
 253  295
 256  295
 257  294
 260  294
 261  293
 265  293
 266  292
 269  292
 270  291
 278  291
 279  290
 282  290
 283  289
 284  289
 285  288
 286  288
 290  284
 291  284
 293  282
 293  281
 298  276
 299  276
 300  275
 300  274
 302  272
 302  269
 303  268
 303  267
 305  265
 307  265
 308  264
 308  263
 309  262
 309  259
 310  258
 310  256
 311  255
 311  253
 312  252
 312  250
 314  248
 314  246
 315  245
 315  238
 316  237
 316  229
 317  228
 317  226
 318  225
 318  222
 319  221
 319  219
 320  218
 320  217
 321  216
 321  213
 322  212
 322  202
 323  201
 323  200
 324  199
 324  198
 325  197
 325  195
 326  194
 326  192
 328  190
 328  188
 329  187
 329  185
 330  184
 330  183
 331  182
 331  181
 332  180
 332  179
 333  178
 333  177
 335  175
 335  173
 338  170
 338  169
 339  168
 339  167
 341  165
 341  164
 342  163
 342  162
 344  160
 344  159
 345  158
 345  157
 346  156
 346  155
 347  154
 347  153
 348  152
 348  151
 349  150
 349  148
 351  146
 351  144
 352  143
 352  141
 353  140
 353  139
 354  138
 354  137
 355  136
 355  134
 356  133
 356  130
 357  129
 357  127
 358  126
 358  118
 355  115
 355  114
 354  113
 353  113
 351  111
 349  111
 348  110
 347  110
 346  109
 342  109
 341  108
 337  108
 336  107
