 340  115
 339  116
 332  116
 331  117
 329  117
 328  118
 323  118
 322  119
 320  119
 319  120
 317  120
 316  121
 314  121
 313  122
 310  122
 309  123
 308  123
 307  124
 305  124
 304  125
 302  125
 301  126
 300  126
 299  127
 297  127
 296  128
 295  128
 294  129
 292  129
 291  130
 290  130
 289  131
 288  131
 287  132
 286  132
 285  133
 284  133
 283  134
 282  134
 281  135
 279  135
 278  136
 277  136
 276  137
 275  137
 274  138
 273  138
 272  139
 271  139
 270  140
 269  140
 268  141
 267  141
 266  142
 265  142
 264  143
 263  143
 261  145
 260  145
 259  146
 258  146
 256  148
 255  148
 254  149
 253  149
 251  151
 250  151
 248  153
 247  153
 245  155
 244  155
 242  157
 241  157
 239  159
 238  159
 236  161
 235  161
 232  164
 231  164
 229  166
 228  166
 224  170
 223  170
 219  174
 218  174
 215  177
 214  177
 211  180
 210  180
 200  190
 199  190
 178  211
 178  212
 172  218
 172  219
 168  223
 168  224
 163  229
 163  230
 160  233
 160  234
 157  237
 157  238
 155  240
 155  241
 150  246
 150  247
 148  249
 148  250
 146  252
 146  253
 145  254
 145  255
 142  258
 142  259
 141  260
 141  261
 139  263
 139  264
 137  266
 137  267
 135  269
 135  270
 134  271
 134  272
 132  274
 132  275
 130  277
 130  278
 128  280
 128  282
 126  284
 126  285
 125  286
 125  288
 124  289
 124  290
 122  292
 122  294
 121  295
 121  296
 119  298
 119  299
 118  300
 118  302
 116  304
 116  305
 115  306
 115  307
 114  308
 114  309
 112  311
 112  314
 111  315
 111  317
 109  319
 109  321
 108  322
 108  326
 107  327
 107  328
 106  329
 106  330
 105  331
 105  355
 107  357
 117  357
 118  358
 118  373
 117  374
 117  375
 116  376
 116  379
 115  380
 115  381
 114  382
 108  382
 107  383
 107  404
 109  406
 110  406
 111  407
 112  407
 114  409
 114  410
 115  411
 115  413
 116  414
 116  417
 117  418
 117  420
 118  421
 118  423
 119  424
 119  425
 120  426
 120  428
 121  429
 121  431
 122  432
 122  433
 123  434
 123  435
 124  436
 124  437
 125  438
 125  440
 126  441
 126  442
 127  443
 127  444
 128  445
 128  447
 129  448
 129  449
 130  450
 130  451
 131  452
 131  454
 132  455
 132  456
 133  457
 133  458
 134  459
 134  460
 135  461
 135  462
 136  463
 136  464
 137  465
 137  467
 138  468
 138  470
 139  471
 139  473
 140  474
 140  475
 141  476
 141  478
 142  479
 142  481
 143  482
 143  483
 144  484
 144  486
 145  487
 145  489
 146  490
 146  491
 147  492
 147  493
 148  494
 148  496
 149  497
 149  499
 150  500
 150  501
 151  502
 151  503
 152  504
 152  506
 153  507
 153  508
 155  510
 155  511
 156  512
 156  513
 157  514
 157  515
 159  517
 159  518
 161  520
 161  521
 163  523
 163  524
 165  526
 165  527
 168  530
 168  531
 169  532
 169  533
 170  534
 170  535
 171  536
 171  537
 174  540
 175  540
 176  541
 178  541
 179  542
 180  542
 181  543
 183  543
 184  544
 185  544
 188  547
 188  548
 189  549
 189  551
 190  552
 190  554
 191  555
 191  556
 193  558
 193  559
 194  560
 194  561
 195  562
 195  563
 196  564
 196  565
 199  568
 200  568
 203  571
 204  571
 205  570
 205  568
 206  567
 206  565
 208  563
 222  563
 223  564
 223  565
 226  568
 227  568
 228  569
 232  569
 236  565
 236  564
 237  563
 237  562
 243  556
 265  556
 266  555
 267  555
 267  552
 269  550
 270  550
 273  547
 273  545
 274  544
 274  539
 275  538
 275  537
 276  536
 276  535
 277  534
 277  533
 280  530
 281  530
 282  529
 283  529
 284  528
 286  528
 287  527
 289  527
 290  526
 292  526
 293  525
 294  525
 298  521
 298  520
 299  519
 298  518
 298  496
 299  495
 299  494
 300  493
 300  492
 301  491
 301  490
 303  488
 303  487
 307  483
 308  483
 310  481
 311  481
 312  480
 313  480
 314  479
 314  478
 316  476
 316  475
 317  474
 315  472
 315  471
 314  471
 311  468
 311  452
 312  451
 312  450
 314  448
 315  448
 321  442
 318  439
 318  438
 317  438
 316  437
 315  437
 314  436
 313  436
 312  435
 311  435
 309  433
 308  433
 305  430
 305  414
 304  413
 304  412
 303  411
 303  410
 302  410
 298  406
 297  406
 295  404
 294  404
 292  402
 291  402
 290  401
 289  401
 288  400
 287  400
 286  399
 285  399
 284  398
 283  398
 282  397
 281  397
 280  396
 278  396
 277  395
 276  395
 275  394
 274  394
 273  393
 271  393
 270  392
 270  368
 271  367
 281  367
 282  366
 298  366
 299  365
 302  365
 303  364
 305  364
 308  361
 308  360
 310  358
 311  358
 312  357
 314  357
 315  356
 316  356
 317  355
 318  355
 320  353
 321  353
 323  351
 324  351
 325  350
 325  349
 327  347
 327  346
 328  345
 328  342
 329  341
 329  339
 330  338
 330  337
 331  336
 331  335
 332  334
 332  333
 334  331
 334  330
 337  327
 337  326
 340  323
 340  322
 342  320
 342  319
 344  317
 344  314
 345  313
 345  294
 346  293
 346  290
 347  289
 347  288
 348  287
 348  286
 350  284
 350  283
 351  282
 351  281
 352  280
 352  277
 353  276
 353  255
 354  254
 354  251
 355  250
 355  249
 356  248
 356  247
 358  245
 358  244
 361  241
 361  240
 362  239
 362  238
 363  237
 363  236
 364  235
 364  233
 365  232
 365  218
 366  217
 366  215
 367  214
 367  213
 368  212
 368  211
 369  210
 369  209
 370  208
 370  207
 371  206
 371  205
 372  204
 372  201
 373  200
 373  197
 374  196
 374  175
 375  174
 375  150
 374  149
 374  144
 373  143
 373  142
 372  141
 372  138
 371  137
 371  136
 370  135
 370  134
 368  132
 368  131
 367  130
 367  129
 365  127
 365  126
 364  125
 364  124
 360  120
 359  120
 358  119
 357  119
 356  118
 354  118
 353  117
 352  117
 351  116
 347  116
 346  115
