 328  117
 327  118
 323  118
 322  119
 317  119
 316  120
 314  120
 313  121
 311  121
 310  122
 308  122
 307  123
 305  123
 304  124
 302  124
 301  125
 300  125
 299  126
 297  126
 296  127
 295  127
 294  128
 292  128
 291  129
 290  129
 289  130
 288  130
 287  131
 286  131
 285  132
 284  132
 282  134
 281  134
 280  135
 279  135
 277  137
 276  137
 274  139
 273  139
 271  141
 270  141
 267  144
 266  144
 264  146
 263  146
 260  149
 259  149
 253  155
 252  155
 232  175
 232  176
 231  177
 230  177
 230  178
 223  185
 223  186
 220  189
 220  190
 217  193
 217  194
 213  198
 213  199
 212  200
 212  201
 209  204
 209  205
 208  206
 208  207
 205  210
 205  211
 204  212
 204  213
 202  215
 202  216
 201  217
 201  218
 199  220
 199  221
 196  224
 196  225
 195  226
 195  227
 192  230
 192  232
 189  235
 189  236
 188  237
 188  238
 186  240
 186  241
 185  242
 185  243
 183  245
 183  246
 182  247
 182  248
 181  249
 181  250
 179  252
 179  254
 177  256
 177  257
 176  258
 176  259
 175  260
 175  261
 173  263
 173  264
 172  265
 172  266
 171  267
 171  268
 169  270
 169  271
 168  272
 168  273
 166  275
 166  276
 165  277
 165  279
 164  280
 164  281
 162  283
 162  285
 161  286
 161  287
 159  289
 159  290
 154  295
 152  295
 151  296
 150  296
 150  305
 151  306
 152  306
 153  307
 153  321
 151  323
 151  324
 150  325
 150  327
 149  328
 149  333
 148  334
 144  334
 142  336
 142  368
 144  370
 145  370
 146  371
 146  372
 149  375
 150  375
 155  380
 155  382
 156  383
 156  384
 158  386
 158  387
 159  388
 159  389
 160  390
 160  391
 162  393
 162  394
 163  395
 163  396
 166  399
 166  400
 168  402
 168  403
 169  404
 169  405
 171  407
 171  408
 172  409
 172  410
 176  414
 176  415
 186  425
 187  425
 192  430
 193  430
 197  434
 198  434
 205  441
 205  454
 206  455
 206  458
 208  460
 208  461
 209  462
 209  466
 210  467
 210  469
 211  470
 211  474
 212  475
 212  488
 213  489
 213  491
 214  492
 214  493
 215  494
 215  495
 220  500
 221  500
 222  501
 235  501
 236  502
 241  502
 245  506
 245  508
 246  509
 246  512
 247  513
 247  515
 248  516
 248  518
 249  519
 249  521
 251  523
 251  524
 253  524
 253  523
 254  522
 254  521
 256  519
 274  519
 276  521
 277  521
 279  523
 279  525
 280  526
 280  527
 281  528
 281  529
 282  530
 282  533
 283  534
 283  536
 284  537
 284  539
 285  540
 285  544
 286  545
 286  548
 287  549
 287  551
 288  552
 288  553
 289  554
 289  556
 292  559
 292  560
 294  562
 294  563
 295  564
 296  564
 300  568
 301  568
 303  570
 304  570
 305  569
 305  568
 304  567
 304  566
 302  564
 302  563
 298  559
 298  558
 294  554
 294  553
 291  550
 291  549
 289  547
 289  546
 288  545
 288  543
 287  542
 287  541
 286  540
 286  539
 285  538
 285  536
 284  535
 284  533
 282  531
 282  529
 281  528
 281  526
 279  524
 279  523
 278  522
 278  516
 277  515
 277  513
 276  512
 276  511
 275  510
 275  476
 277  474
 277  473
 278  472
 278  471
 280  469
 281  469
 283  467
 286  467
 287  466
 290  466
 291  465
 290  464
 290  463
 289  462
 289  461
 288  460
 288  455
 287  454
 287  452
 286  451
 286  434
 287  433
 287  431
 288  430
 288  429
 293  424
 294  424
 295  423
 297  423
 298  422
 298  417
 297  416
 297  400
 298  399
 298  396
 302  392
 303  392
 306  389
 307  389
 305  387
 305  386
 300  381
 300  361
 301  360
 301  358
 300  357
 300  356
 295  351
 294  351
 291  348
 290  348
 289  347
 288  347
 287  346
 286  346
 285  345
 285  330
 287  328
 288  328
 288  324
 290  322
 291  322
 292  321
 293  321
 294  320
 298  320
 299  319
 301  319
 305  315
 305  314
 308  311
 309  311
 311  309
 311  308
 314  305
 314  304
 315  303
 315  302
 317  300
 317  299
 318  298
 318  296
 319  295
 319  293
 320  292
 320  290
 321  289
 321  283
 322  282
 322  263
 321  262
 321  251
 320  250
 320  244
 319  243
 319  239
 318  238
 318  231
 317  230
 317  227
 316  226
 316  203
 317  202
 317  198
 318  197
 318  195
 319  194
 319  192
 321  190
 321  188
 323  186
 323  185
 324  184
 324  183
 325  182
 325  181
 327  179
 327  178
 328  177
 328  176
 329  175
 329  174
 330  173
 330  172
 331  171
 331  169
 332  168
 332  165
 333  164
 333  163
 334  162
 334  159
 335  158
 335  148
 336  147
 336  145
 337  144
 337  142
 338  141
 338  123
 337  122
 337  121
 335  119
 334  119
 333  118
 331  118
 330  117
