 374   53
 373   54
 362   54
 361   55
 356   55
 355   56
 349   56
 348   57
 345   57
 344   58
 339   58
 338   59
 336   59
 335   60
 332   60
 331   61
 329   61
 328   62
 326   62
 325   63
 322   63
 321   64
 319   64
 318   65
 316   65
 315   66
 314   66
 313   67
 311   67
 310   68
 308   68
 307   69
 306   69
 305   70
 303   70
 302   71
 301   71
 300   72
 298   72
 297   73
 296   73
 295   74
 294   74
 293   75
 292   75
 291   76
 289   76
 288   77
 287   77
 286   78
 285   78
 284   79
 283   79
 282   80
 281   80
 280   81
 279   81
 278   82
 277   82
 276   83
 274   83
 272   85
 270   85
 268   87
 267   87
 266   88
 265   88
 264   89
 263   89
 262   90
 261   90
 260   91
 259   91
 258   92
 257   92
 255   94
 254   94
 253   95
 252   95
 251   96
 250   96
 249   97
 248   97
 247   98
 246   98
 245   99
 244   99
 243  100
 242  100
 240  102
 239  102
 238  103
 237  103
 235  105
 234  105
 233  106
 232  106
 231  107
 230  107
 228  109
 227  109
 225  111
 224  111
 222  113
 221  113
 219  115
 218  115
 215  118
 214  118
 212  120
 211  120
 208  123
 207  123
 204  126
 203  126
 198  131
 197  131
 191  137
 190  137
 185  142
 184  142
 180  146
 179  146
 171  154
 170  154
 160  164
 159  164
 151  172
 150  172
 126  196
 126  197
 122  201
 122  202
 117  207
 117  208
 110  215
 110  216
 109  217
 109  218
 106  221
 106  222
 105  223
 105  224
 103  226
 103  227
 102  228
 102  229
  99  232
  99  234
  98  235
  98  236
  96  238
  96  239
  95  240
  95  241
  92  244
  92  245
  91  246
  91  247
  89  249
  89  250
  87  252
  87  253
  86  254
  86  255
  83  258
  83  260
  82  261
  82  262
  81  263
  81  264
  80  265
  80  266
  79  267
  79  270
  78  271
  78  272
  76  274
  76  277
  75  278
  75  281
  73  283
  73  285
  72  286
  72  289
  69  292
  69  293
  68  294
  67  294
  65  296
  65  328
  66  329
  73  329
  74  330
  74  345
  73  346
  73  364
  75  366
  75  367
  80  372
  80  373
  86  379
  86  380
  88  382
  88  383
  89  384
  89  385
  92  388
  92  389
  93  390
  93  391
  96  394
  96  395
  99  398
  99  399
 106  406
 106  407
 109  410
 109  411
 116  418
 116  419
 126  429
 126  430
 129  433
 129  434
 130  435
 130  436
 131  437
 131  438
 132  439
 132  448
 133  449
 133  452
 134  453
 134  454
 135  455
 135  459
 136  460
 136  463
 138  465
 138  467
 139  468
 139  473
 140  474
 140  476
 141  477
 141  478
 142  479
 142  485
 143  486
 143  489
 144  490
 144  491
 145  492
 145  497
 146  498
 146  502
 147  503
 147  505
 148  506
 148  507
 149  508
 149  510
 150  511
 150  512
 151  513
 151  514
 152  515
 152  516
 153  517
 153  519
 155  521
 155  523
 156  524
 156  526
 157  527
 157  528
 159  530
 159  533
 161  535
 161  536
 163  538
 163  539
 165  541
 165  542
 166  543
 183  543
 184  544
 191  544
 193  546
 193  556
 195  558
 195  559
 196  560
 196  561
 199  564
 199  565
 201  567
 201  568
 203  570
 203  571
 206  574
 206  575
 207  576
 207  577
 221  591
 222  591
 224  593
 225  593
 227  595
 228  595
 229  596
 231  596
 232  597
 234  597
 235  598
 236  597
 238  597
 239  596
 241  596
 242  595
 243  595
 244  594
 263  594
 264  595
 265  595
 268  598
 269  598
 271  600
 272  600
 273  601
 275  601
 276  600
 277  600
 279  598
 279  597
 282  594
 282  592
 283  591
 283  590
 285  588
 285  586
 286  585
 287  585
 288  584
 304  584
 306  586
 306  587
 307  588
 307  589
 309  591
 309  592
 310  593
 310  594
 312  596
 312  597
 313  598
 313  600
 315  602
 315  603
 316  604
 316  605
 317  606
 317  607
 319  609
 319  610
 320  611
 320  612
 321  613
 321  614
 323  616
 323  617
 326  620
 326  621
 335  630
 336  630
 338  632
 339  632
 340  633
 341  633
 342  634
 347  634
 348  633
 349  633
 350  632
 351  632
 355  628
 355  626
 356  625
 356  624
 357  623
 357  622
 358  621
 358  618
 359  617
 358  616
 358  609
 357  608
 357  604
 356  603
 356  599
 355  598
 355  596
 354  595
 354  594
 353  593
 353  592
 352  591
 352  590
 351  589
 351  588
 348  585
 348  584
 347  583
 346  583
 337  574
 336  574
 327  565
 326  565
 309  548
 309  547
 306  544
 306  543
 305  542
 305  525
 306  524
 306  523
 313  516
 314  516
 315  515
 316  515
 318  513
 318  512
 319  511
 319  509
 321  507
 321  506
 322  505
 322  504
 321  503
 321  502
 319  500
 319  498
 316  495
 316  494
 306  484
 305  484
 302  481
 302  480
 299  477
 299  475
 298  474
 298  454
 299  453
 299  450
 302  447
 303  447
 305  445
 305  444
 306  443
 306  441
 305  440
 305  438
 298  431
 297  431
 295  429
 294  429
 289  424
 289  423
 288  422
 288  406
 291  403
 292  403
 294  401
 292  399
 292  398
 284  390
 283  390
 278  385
 277  385
 275  383
 274  383
 268  377
 268  376
 265  373
 265  366
 264  365
 264  363
 259  358
 258  358
 257  357
 256  357
 251  352
 250  352
 247  349
 246  349
 244  347
 243  347
 242  346
 241  346
 239  344
 232  344
 231  343
 231  329
 232  328
 241  328
 242  327
 256  327
 257  326
 260  326
 261  325
 266  325
 267  324
 270  324
 271  323
 273  323
 274  322
 277  322
 278  321
 279  321
 280  320
 281  320
 282  319
 283  319
 285  317
 286  317
 292  311
 292  310
 299  303
 299  302
 301  300
 301  299
 302  298
 302  296
 303  295
 303  294
 304  293
 304  292
 305  291
 305  290
 306  289
 306  288
 309  285
 309  284
 315  278
 315  277
 316  276
 316  275
 318  273
 318  270
 319  269
 319  262
 320  261
 320  259
 321  258
 321  257
 322  256
 322  254
 329  247
 329  246
 332  243
 332  242
 333  241
 333  240
 335  238
 335  235
 336  234
 336  227
 337  226
 337  222
 338  221
 338  219
 339  218
 339  217
 344  212
 344  211
 347  208
 347  207
 348  206
 348  205
 349  204
 349  202
 350  201
 350  199
 351  198
 351  186
 352  185
 352  184
 354  182
 355  182
 357  180
 358  180
 366  172
 366  171
 368  169
 368  168
 369  167
 369  165
 370  164
 370  163
 371  162
 371  161
 372  160
 372  158
 373  157
 373  156
 374  155
 374  154
 376  152
 376  151
 377  150
 378  150
 383  145
 384  145
 387  142
 387  141
 389  139
 389  138
 391  136
 391  135
 392  134
 392  132
 393  131
 393  130
 394  129
 394  128
 395  127
 395  126
 400  121
 401  121
 406  116
 406  115
 409  112
 409  110
 410  109
 410  108
 411  107
 411  105
 412  104
 412  101
 413  100
 413   98
 414   97
 414   96
 415   95
 415   94
 416   93
 416   78
 415   77
 415   75
 413   73
 413   72
 412   71
 412   70
 409   67
 408   67
 404   63
 403   63
 401   61
 400   61
 398   59
 397   59
 396   58
 395   58
 393   56
 391   56
 390   55
 389   55
 388   54
 385   54
 384   53
