 353   65
 352   66
 344   66
 343   67
 340   67
 339   68
 332   68
 331   69
 328   69
 327   70
 323   70
 322   71
 318   71
 317   72
 314   72
 313   73
 310   73
 309   74
 306   74
 305   75
 302   75
 301   76
 299   76
 298   77
 295   77
 294   78
 293   78
 292   79
 289   79
 288   80
 287   80
 286   81
 284   81
 283   82
 282   82
 281   83
 280   83
 279   84
 277   84
 276   85
 275   85
 274   86
 273   86
 272   87
 271   87
 270   88
 269   88
 268   89
 267   89
 266   90
 265   90
 264   91
 263   91
 262   92
 261   92
 260   93
 259   93
 258   94
 257   94
 256   95
 255   95
 254   96
 253   96
 252   97
 251   97
 250   98
 249   98
 248   99
 247   99
 246  100
 245  100
 244  101
 243  101
 241  103
 240  103
 239  104
 238  104
 237  105
 236  105
 235  106
 234  106
 233  107
 232  107
 231  108
 230  108
 228  110
 227  110
 226  111
 225  111
 224  112
 223  112
 221  114
 220  114
 219  115
 218  115
 217  116
 216  116
 214  118
 213  118
 212  119
 211  119
 210  120
 209  120
 207  122
 206  122
 204  124
 203  124
 202  125
 201  125
 199  127
 198  127
 196  129
 195  129
 193  131
 192  131
 190  133
 189  133
 187  135
 186  135
 183  138
 182  138
 179  141
 178  141
 175  144
 174  144
 170  148
 169  148
 166  151
 165  151
 162  154
 161  154
 153  162
 152  162
 145  169
 145  170
 116  199
 116  200
 112  204
 112  205
 108  209
 108  210
  98  220
  98  221
  92  227
  92  228
  87  233
  87  234
  84  237
  84  238
  82  240
  82  241
  81  242
  81  243
  79  245
  79  246
  78  247
  78  248
  75  251
  75  252
  74  253
  74  254
  72  256
  72  257
  69  260
  69  261
  68  262
  68  266
  69  267
  75  267
  76  268
  76  283
  71  288
  71  289
  69  291
  69  292
  68  293
  68  294
  67  295
  67  298
  66  299
  66  303
  65  304
  65  305
  66  306
  66  323
  64  325
  64  327
  65  328
  65  330
  66  331
  66  332
  68  334
  68  335
  71  338
  71  339
  72  340
  72  341
  74  343
  74  345
  75  346
  75  348
  77  350
  77  351
  78  352
  78  353
  81  356
  81  358
  82  359
  82  360
  84  362
  84  364
  85  365
  85  367
  87  369
  87  370
  88  371
  88  374
  89  375
  89  376
  91  378
  91  381
  92  382
  92  384
  93  385
  93  386
  94  387
  94  389
  95  390
  95  392
  96  393
  96  394
  97  395
  97  397
  98  398
  98  402
  99  403
  99  405
 100  406
 100  407
 101  408
 101  412
 102  413
 102  415
 103  416
 103  418
 104  419
 104  424
 105  425
 105  429
 106  430
 106  432
 107  433
 107  436
 108  437
 108  440
 109  441
 109  444
 110  445
 110  447
 111  448
 111  455
 112  456
 112  459
 113  460
 113  461
 114  462
 114  467
 115  468
 115  470
 116  471
 116  473
 117  474
 117  478
 118  479
 118  484
 119  485
 119  486
 120  487
 120  489
 121  490
 121  495
 122  496
 122  497
 124  499
 124  500
 125  501
 125  502
 128  505
 128  506
 129  507
 129  508
 131  510
 132  510
 133  511
 134  511
 135  512
 138  512
 139  513
 140  513
 141  514
 142  514
 143  515
 145  515
 146  516
 147  516
 148  517
 149  517
 151  519
 151  538
 150  539
 150  540
 149  541
 150  542
 150  544
 151  545
 151  550
 152  551
 152  553
 158  559
 159  559
 160  560
 162  560
 163  561
 168  561
 169  560
 170  560
 173  557
 173  556
 177  552
 177  551
 182  546
 183  546
 184  545
 201  545
 203  547
 204  547
 210  553
 210  554
 211  555
 211  556
 212  557
 212  559
 213  560
 213  561
 215  563
 215  564
 219  568
 221  568
 224  565
 224  563
 225  562
 225  561
 226  560
 226  559
 228  557
 248  557
 250  559
 251  559
 261  569
 261  570
 262  571
 262  572
 265  575
 265  577
 266  578
 266  579
 268  581
 268  582
 269  583
 269  584
 271  586
 271  587
 272  588
 272  589
 274  591
 274  592
 275  593
 275  594
 276  595
 276  596
 278  598
 278  599
 279  600
 279  602
 280  603
 280  604
 281  605
 281  606
 282  607
 282  608
 284  610
 284  611
 285  612
 285  613
 289  617
 289  618
 290  618
 293  621
 295  621
 296  622
 298  620
 299  620
 301  618
 302  618
 303  617
 303  612
 304  611
 305  611
 307  609
 307  608
 308  607
 308  604
 307  603
 307  600
 305  598
 305  596
 304  595
 304  594
 302  592
 302  591
 301  590
 301  589
 295  583
 295  582
 291  578
 291  577
 287  573
 287  572
 281  566
 281  565
 271  555
 271  554
 267  550
 267  549
 266  548
 265  548
 264  547
 264  546
 258  540
 258  539
 255  536
 255  535
 254  534
 254  533
 252  531
 252  530
 251  529
 251  528
 250  527
 250  526
 249  525
 249  524
 248  523
 248  518
 247  517
 247  501
 248  500
 248  499
 251  496
 252  496
 253  495
 259  495
 260  494
 261  494
 264  491
 264  490
 265  489
 265  486
 264  485
 264  483
 263  482
 263  481
 261  479
 261  478
 260  477
 260  476
 259  475
 259  474
 258  473
 258  452
 260  450
 269  450
 270  449
 273  449
 274  448
 277  448
 280  445
 280  443
 278  441
 278  440
 277  439
 277  438
 275  436
 275  435
 274  434
 274  433
 272  431
 272  430
 271  429
 271  412
 274  409
 275  409
 276  408
 286  408
 287  407
 288  407
 290  405
 290  400
 288  398
 288  396
 287  395
 287  394
 271  378
 271  362
 273  360
 273  358
 271  356
 271  355
 270  354
 270  353
 268  351
 268  350
 260  342
 260  341
 253  334
 253  320
 254  319
 261  319
 262  318
 267  318
 267  309
 268  308
 278  308
 279  307
 284  307
 286  305
 287  305
 293  299
 294  299
 295  298
 296  298
 297  297
 298  297
 299  296
 300  296
 301  295
 301  294
 302  293
 302  291
 303  290
 303  289
 304  288
 304  286
 308  282
 309  282
 311  280
 312  280
 312  279
 314  277
 314  276
 315  275
 315  274
 316  273
 316  272
 317  271
 317  270
 318  269
 318  268
 319  267
 324  267
 328  263
 328  262
 330  260
 330  259
 331  258
 331  250
 332  249
 332  241
 333  240
 333  239
 334  238
 334  237
 343  228
 343  227
 345  225
 345  224
 347  222
 347  219
 346  219
 345  218
 344  218
 343  217
 342  217
 341  216
 341  200
 342  199
 357  199
 358  198
 359  198
 361  196
 361  195
 364  192
 364  190
 365  189
 365  188
 366  187
 366  186
 367  185
 367  184
 368  183
 368  182
 369  181
 369  179
 370  178
 370  177
 371  176
 371  173
 373  171
 373  170
 377  166
 377  165
 381  161
 381  160
 384  157
 384  156
 385  155
 385  154
 387  152
 387  151
 388  150
 388  149
 389  148
 389  147
 390  146
 390  144
 391  143
 391  139
 394  136
 395  136
 401  130
 401  129
 404  126
 404  125
 405  124
 405  123
 407  121
 407  120
 410  117
 410  116
 411  115
 411  113
 412  112
 412  111
 414  109
 414  108
 415  107
 415  105
 416  104
 416   96
 415   95
 415   93
 411   89
 410   89
 408   87
 407   87
 404   84
 403   84
 402   83
 401   83
 400   82
 399   82
 397   80
 396   80
 395   79
 394   79
 392   77
 391   77
 390   76
 389   76
 388   75
 387   75
 386   74
 385   74
 384   73
 383   73
 382   72
 380   72
 379   71
 378   71
 377   70
 376   70
 374   68
 373   68
 372   67
 371   67
 370   66
 364   66
 363   65
