 346   66
 345   67
 333   67
 332   68
 328   68
 327   69
 323   69
 322   70
 319   70
 318   71
 315   71
 314   72
 312   72
 311   73
 309   73
 308   74
 306   74
 305   75
 303   75
 302   76
 300   76
 299   77
 297   77
 296   78
 294   78
 293   79
 292   79
 291   80
 289   80
 288   81
 286   81
 285   82
 284   82
 283   83
 281   83
 280   84
 279   84
 278   85
 276   85
 275   86
 274   86
 273   87
 272   87
 271   88
 270   88
 269   89
 267   89
 266   90
 265   90
 264   91
 263   91
 262   92
 261   92
 260   93
 259   93
 258   94
 257   94
 256   95
 255   95
 254   96
 253   96
 251   98
 250   98
 249   99
 248   99
 247  100
 246  100
 245  101
 244  101
 242  103
 241  103
 240  104
 239  104
 238  105
 237  105
 235  107
 234  107
 233  108
 232  108
 230  110
 229  110
 227  112
 226  112
 224  114
 223  114
 221  116
 220  116
 218  118
 217  118
 215  120
 214  120
 211  123
 210  123
 208  125
 207  125
 205  127
 204  127
 201  130
 200  130
 196  134
 195  134
 192  137
 191  137
 187  141
 186  141
 180  147
 179  147
 176  150
 175  150
 170  155
 169  155
 143  181
 143  182
 141  184
 140  184
 139  185
 132  185
 129  188
 129  189
 127  191
 127  204
 126  205
 126  206
 125  207
 125  208
 124  209
 124  210
 122  212
 122  213
 121  214
 121  215
 119  217
 119  218
 118  219
 118  220
 117  221
 117  222
 115  224
 115  226
 112  229
 112  230
 111  231
 111  232
 108  235
 108  236
 105  239
 105  240
 103  242
 103  243
 102  244
 102  245
  99  248
  99  249
  98  250
  98  252
  96  254
  95  254
  94  255
  93  255
  91  257
  91  274
  93  276
  98  276
  99  277
  99  291
  98  292
  98  293
  95  296
  95  297
  94  298
  94  299
  92  301
  92  305
  91  306
  91  309
  90  310
  90  315
  89  316
  88  316
  86  318
  86  336
  87  337
  87  339
  88  340
  88  342
  89  343
  89  344
  90  345
  90  346
  91  347
  91  348
  92  349
  92  351
  93  352
  93  353
  94  354
  94  355
  95  356
  95  359
  97  361
  97  362
  98  363
  98  366
  99  367
  99  369
 100  370
 100  371
 101  372
 101  374
 102  375
 102  377
 103  378
 103  379
 104  380
 104  382
 105  383
 105  386
 106  387
 106  389
 107  390
 107  391
 108  392
 108  397
 109  398
 109  400
 110  401
 110  402
 111  403
 111  407
 112  408
 112  411
 113  412
 113  414
 114  415
 114  416
 115  417
 115  421
 116  422
 116  424
 117  425
 117  427
 118  428
 118  432
 119  433
 119  435
 120  436
 120  438
 121  439
 121  443
 122  444
 122  447
 123  448
 123  449
 124  450
 124  452
 125  453
 125  456
 126  457
 126  459
 127  460
 127  462
 128  463
 128  469
 129  470
 129  473
 130  474
 130  475
 131  476
 131  479
 132  480
 132  482
 133  483
 133  485
 134  486
 134  487
 135  488
 135  492
 136  493
 136  495
 137  496
 137  497
 138  498
 138  500
 139  501
 139  503
 141  505
 141  507
 142  508
 142  509
 143  510
 143  511
 145  513
 145  514
 148  517
 149  517
 150  518
 152  518
 153  519
 167  519
 170  522
 170  523
 171  524
 171  535
 172  536
 172  543
 173  544
 173  546
 174  547
 174  549
 175  550
 175  551
 176  552
 176  553
 178  555
 178  556
 182  560
 183  560
 185  562
 186  562
 187  563
 188  563
 189  564
 196  564
 197  563
 198  563
 199  562
 200  562
 203  559
 203  558
 204  557
 204  556
 205  555
 205  554
 206  553
 206  552
 207  551
 207  550
 210  547
 211  547
 212  546
 230  546
 233  549
 234  549
 235  550
 235  551
 242  558
 242  559
 243  560
 244  560
 248  564
 249  564
 251  562
 252  562
 253  561
 253  560
 254  559
 254  557
 255  556
 255  555
 256  554
 272  554
 274  556
 275  556
 286  567
 286  568
 289  571
 289  572
 292  575
 292  576
 293  577
 293  578
 295  580
 295  581
 296  582
 296  583
 298  585
 298  586
 299  587
 299  588
 300  589
 300  590
 302  592
 302  594
 303  595
 303  596
 305  598
 305  599
 306  600
 306  601
 307  602
 307  603
 309  605
 309  606
 310  607
 310  608
 312  610
 312  611
 314  613
 314  614
 317  617
 318  617
 321  620
 323  620
 324  621
 328  621
 329  620
 331  620
 333  618
 334  618
 334  617
 335  616
 335  615
 336  614
 336  612
 337  611
 337  610
 338  609
 338  607
 339  606
 339  604
 340  603
 340  600
 341  599
 341  595
 342  594
 342  591
 341  590
 341  588
 340  587
 340  586
 339  585
 339  584
 338  583
 338  582
 335  579
 335  578
 333  576
 332  576
 328  572
 327  572
 324  569
 323  569
 321  567
 320  567
 316  563
 315  563
 312  560
 311  560
 307  556
 306  556
 297  547
 296  547
 282  533
 282  532
 276  526
 276  525
 274  523
 274  522
 272  520
 272  519
 271  518
 271  517
 270  516
 270  515
 268  513
 268  511
 267  510
 267  490
 268  489
 268  486
 269  485
 270  485
 272  483
 273  483
 274  482
 276  482
 278  480
 279  480
 280  479
 280  478
 281  477
 281  475
 280  474
 280  473
 279  472
 279  471
 278  470
 278  468
 277  467
 277  466
 275  464
 275  463
 274  462
 274  461
 271  458
 271  455
 270  454
 270  439
 271  438
 271  437
 274  434
 276  434
 277  433
 280  433
 281  432
 282  432
 283  431
 284  431
 285  430
 286  430
 287  429
 287  428
 288  427
 287  426
 287  425
 285  423
 285  422
 284  421
 284  420
 281  417
 281  416
 280  415
 280  414
 279  413
 279  398
 283  394
 286  394
 287  393
 290  393
 291  392
 292  392
 294  390
 294  388
 293  387
 293  386
 291  384
 291  383
 284  376
 283  376
 281  374
 280  374
 278  372
 277  372
 273  368
 272  368
 269  365
 269  364
 268  363
 268  346
 271  343
 271  342
 269  340
 269  339
 259  329
 258  329
 257  328
 257  314
 258  313
 262  313
 263  312
 267  312
 268  311
 272  311
 272  303
 274  301
 279  301
 280  300
 281  300
 286  295
 286  294
 287  293
 287  292
 288  291
 288  290
 295  283
 295  282
 296  281
 296  279
 297  278
 297  277
 298  276
 300  276
 301  275
 301  274
 302  273
 302  272
 304  270
 304  268
 305  267
 305  264
 306  263
 306  261
 307  260
 307  257
 308  256
 308  254
 309  253
 309  252
 312  249
 312  248
 316  244
 316  243
 318  241
 318  240
 319  239
 319  238
 320  237
 320  234
 321  233
 321  225
 322  224
 322  222
 323  221
 323  220
 325  218
 325  217
 328  214
 328  213
 331  210
 331  209
 332  208
 332  207
 334  205
 334  204
 335  203
 335  201
 336  200
 336  198
 337  197
 337  195
 338  194
 338  191
 341  188
 341  187
 345  183
 345  182
 349  178
 349  177
 351  175
 351  174
 352  173
 352  172
 353  171
 353  170
 354  169
 354  168
 355  167
 355  162
 356  161
 356  160
 357  159
 357  158
 359  156
 359  155
 364  150
 364  149
 366  147
 366  146
 368  144
 368  143
 369  142
 369  141
 370  140
 370  139
 371  138
 371  136
 372  135
 372  134
 374  132
 374  131
 375  130
 375  129
 379  125
 379  124
 381  122
 381  121
 382  120
 382  119
 384  117
 384  116
 385  115
 385  113
 386  112
 386  111
 387  110
 387  109
 388  108
 388  106
 389  105
 389  104
 390  103
 390  101
 391  100
 391   98
 392   97
 392   94
 393   93
 393   90
 394   89
 394   85
 393   84
 393   83
 392   82
 392   81
 391   80
 391   79
 389   77
 388   77
 386   75
 385   75
 384   74
 383   74
 381   72
 379   72
 378   71
 376   71
 375   70
 374   70
 373   69
 369   69
 368   68
 365   68
 364   67
 354   67
 353   66
