 344   85
 343   86
 334   86
 333   87
 324   87
 323   88
 320   88
 319   89
 315   89
 314   90
 311   90
 310   91
 307   91
 306   92
 304   92
 303   93
 301   93
 300   94
 297   94
 296   95
 295   95
 294   96
 292   96
 291   97
 289   97
 288   98
 287   98
 286   99
 285   99
 284  100
 282  100
 281  101
 280  101
 279  102
 278  102
 277  103
 276  103
 275  104
 274  104
 273  105
 271  105
 270  106
 269  106
 268  107
 267  107
 266  108
 265  108
 264  109
 263  109
 262  110
 261  110
 260  111
 259  111
 258  112
 256  112
 255  113
 254  113
 253  114
 252  114
 251  115
 250  115
 249  116
 248  116
 247  117
 246  117
 245  118
 244  118
 243  119
 242  119
 241  120
 240  120
 239  121
 238  121
 237  122
 236  122
 234  124
 233  124
 232  125
 231  125
 230  126
 229  126
 228  127
 227  127
 225  129
 224  129
 223  130
 222  130
 220  132
 219  132
 218  133
 217  133
 215  135
 214  135
 213  136
 212  136
 210  138
 209  138
 207  140
 206  140
 204  142
 203  142
 201  144
 200  144
 198  146
 197  146
 195  148
 194  148
 192  150
 191  150
 189  152
 188  152
 186  154
 185  154
 182  157
 181  157
 177  161
 176  161
 171  166
 170  166
 164  172
 163  172
 162  173
 162  174
 160  176
 159  176
 159  177
 157  179
 156  179
 156  180
 154  182
 153  182
 149  186
 149  187
 133  203
 133  204
 126  211
 126  212
 119  219
 119  220
 116  223
 116  224
 112  228
 112  229
 109  232
 109  233
 108  234
 108  235
 105  238
 105  239
 102  242
 102  243
 100  245
 100  246
  98  248
  98  249
  96  251
  96  252
  95  253
  95  254
  93  256
  93  257
  92  258
  92  259
  91  260
  91  261
  88  264
  88  265
  86  267
  86  268
  85  269
  85  271
  82  274
  82  276
  81  277
  81  278
  80  279
  80  280
  79  281
  79  282
  78  283
  78  284
  76  286
  76  287
  75  288
  75  289
  71  293
  69  293
  68  294
  68  322
  69  322
  70  323
  80  323
  81  324
  81  338
  79  340
  79  341
  77  343
  77  344
  76  345
  76  346
  75  347
  70  347
  69  348
  69  368
  71  370
  71  371
  72  372
  72  373
  74  375
  74  377
  75  378
  75  381
  76  382
  76  383
  77  384
  77  385
  78  386
  78  388
  79  389
  79  390
  80  391
  80  392
  81  393
  81  397
  82  398
  82  401
  83  402
  83  404
  84  405
  84  408
  85  409
  85  414
  86  415
  86  416
  87  417
  87  418
  88  419
  88  424
  89  425
  89  427
  90  428
  90  429
  91  430
  91  435
  92  436
  92  439
  93  440
  93  441
  94  442
  94  446
  95  447
  95  453
  96  454
  96  456
  97  457
  97  459
  98  460
  98  468
  99  469
  99  473
 100  474
 100  475
 101  476
 101  482
 102  483
 102  487
 103  488
 103  490
 104  491
 104  493
 105  494
 105  500
 106  501
 106  503
 107  504
 107  505
 108  506
 108  514
 109  515
 109  517
 110  518
 110  521
 111  522
 111  531
 112  532
 112  536
 113  537
 113  538
 114  539
 114  541
 115  542
 115  545
 119  549
 119  550
 120  551
 121  551
 123  553
 124  553
 125  554
 127  554
 128  555
 129  555
 130  556
 132  556
 134  558
 135  558
 137  560
 137  561
 138  562
 138  563
 139  564
 139  565
 140  566
 140  567
 141  568
 141  570
 142  571
 142  573
 143  574
 143  575
 144  576
 144  578
 145  579
 145  581
 146  582
 146  583
 148  585
 148  586
 152  590
 152  591
 153  592
 154  592
 156  594
 156  595
 157  595
 162  600
 163  600
 164  601
 165  601
 166  602
 170  602
 171  601
 172  601
 173  600
 174  600
 176  598
 177  598
 179  596
 181  596
 182  595
 198  595
 199  596
 202  596
 203  597
 205  597
 206  598
 207  597
 208  597
 209  596
 210  596
 213  593
 213  592
 216  589
 216  588
 218  586
 218  585
 219  584
 236  584
 237  585
 239  585
 240  586
 241  586
 242  587
 243  587
 244  588
 247  585
 247  584
 248  583
 248  580
 249  579
 249  569
 248  568
 248  552
 249  551
 249  548
 250  547
 250  544
 251  543
 251  542
 258  535
 259  535
 260  534
 261  534
 262  533
 264  533
 265  532
 266  532
 268  530
 269  530
 272  527
 272  526
 274  524
 274  522
 275  521
 275  512
 274  511
 274  491
 275  490
 275  488
 277  486
 277  485
 280  482
 281  482
 282  481
 283  481
 284  480
 286  480
 291  475
 291  474
 292  473
 292  470
 291  469
 291  465
 290  464
 290  463
 289  462
 289  460
 288  459
 288  456
 287  455
 287  439
 288  438
 288  437
 289  436
 290  436
 292  434
 293  434
 298  429
 298  426
 297  425
 297  424
 296  423
 296  422
 295  421
 295  418
 294  417
 294  416
 291  413
 291  412
 285  406
 285  405
 284  404
 284  403
 282  401
 282  400
 281  399
 281  397
 279  395
 279  394
 278  393
 278  388
 277  387
 277  384
 276  383
 276  382
 275  381
 275  379
 271  375
 271  374
 268  371
 268  370
 258  360
 257  360
 254  357
 253  357
 251  355
 250  355
 242  347
 242  333
 243  332
 265  332
 266  331
 274  331
 275  330
 278  330
 279  329
 281  329
 282  328
 283  328
 286  325
 286  324
 287  323
 291  323
 296  318
 296  317
 298  315
 298  314
 306  306
 307  306
 308  305
 308  304
 312  300
 312  299
 314  297
 314  296
 315  295
 315  294
 316  293
 316  292
 317  291
 317  290
 318  289
 318  286
 319  285
 319  284
 320  283
 320  282
 321  281
 321  280
 322  279
 322  278
 324  276
 324  275
 325  274
 325  273
 329  269
 329  267
 331  265
 331  263
 332  262
 332  258
 333  257
 333  255
 334  254
 334  252
 335  251
 335  248
 336  247
 336  246
 337  245
 337  244
 338  243
 338  242
 339  241
 339  240
 342  237
 342  236
 345  233
 345  230
 346  229
 346  227
 347  226
 347  225
 348  224
 348  220
 349  219
 349  214
 350  213
 350  212
 351  211
 351  209
 352  208
 352  207
 353  206
 353  205
 358  200
 358  199
 359  198
 359  197
 361  195
 361  194
 362  193
 362  191
 364  189
 364  188
 365  187
 365  184
 366  183
 366  182
 368  180
 368  179
 372  175
 372  174
 378  168
 378  166
 379  165
 379  164
 381  162
 381  161
 382  160
 382  159
 383  158
 383  157
 385  155
 385  153
 386  152
 386  151
 389  148
 389  147
 392  144
 392  143
 395  140
 395  138
 398  135
 398  134
 399  133
 399  131
 401  129
 401  128
 403  126
 403  125
 406  122
 406  121
 408  119
 408  117
 409  116
 409  114
 410  113
 410  112
 411  111
 411  109
 412  108
 412  105
 411  104
 411  103
 407   99
 406   99
 404   97
 403   97
 402   96
 401   96
 400   95
 399   95
 398   94
 397   94
 396   93
 395   93
 394   92
 391   92
 390   91
 389   91
 388   90
 386   90
 385   89
 382   89
 381   88
 378   88
 377   87
 372   87
 371   86
 365   86
 364   85
