 346   42
 345   43
 338   43
 337   44
 329   44
 328   45
 325   45
 324   46
 320   46
 319   47
 316   47
 315   48
 312   48
 311   49
 308   49
 307   50
 305   50
 304   51
 301   51
 300   52
 298   52
 297   53
 294   53
 293   54
 291   54
 290   55
 288   55
 287   56
 285   56
 284   57
 283   57
 282   58
 280   58
 279   59
 277   59
 276   60
 275   60
 274   61
 272   61
 271   62
 270   62
 269   63
 268   63
 267   64
 265   64
 264   65
 263   65
 262   66
 261   66
 260   67
 259   67
 258   68
 256   68
 255   69
 254   69
 253   70
 252   70
 251   71
 250   71
 249   72
 248   72
 247   73
 246   73
 244   75
 242   75
 240   77
 238   77
 236   79
 235   79
 234   80
 233   80
 232   81
 231   81
 230   82
 229   82
 228   83
 227   83
 226   84
 225   84
 224   85
 223   85
 222   86
 221   86
 220   87
 219   87
 218   88
 217   88
 215   90
 214   90
 213   91
 212   91
 210   93
 209   93
 208   94
 207   94
 205   96
 204   96
 203   97
 202   97
 200   99
 199   99
 197  101
 196  101
 193  104
 192  104
 190  106
 189  106
 187  108
 186  108
 185  109
 184  109
 182  111
 181  111
 179  113
 178  113
 175  116
 174  116
 170  120
 169  120
 162  127
 161  127
 153  135
 152  135
 149  138
 148  138
 145  141
 144  141
 136  149
 135  149
 118  166
 117  166
 115  168
 114  168
 113  169
 112  169
 110  171
 109  171
 102  178
 101  178
  89  190
  89  199
  85  203
  85  204
  81  208
  81  209
  78  212
  78  213
  75  216
  75  217
  71  221
  71  222
  68  225
  68  226
  67  227
  67  228
  64  231
  64  233
  61  236
  61  237
  56  242
  56  244
  55  245
  55  250
  56  251
  66  251
  67  252
  70  252
  71  253
  86  253
  87  254
 102  254
 103  255
 106  255
 107  256
 107  270
 106  271
  89  271
  88  270
  62  270
  61  271
  60  271
  58  273
  58  274
  57  275
  57  277
  56  278
  56  285
  55  286
  55  318
  54  319
  48  319
  47  320
  47  329
  49  331
  51  331
  56  336
  56  337
  57  338
  57  339
  58  340
  58  341
  59  342
  59  343
  60  344
  60  345
  62  347
  62  348
  64  350
  64  352
  65  353
  65  354
  66  355
  66  356
  67  357
  67  358
  68  359
  68  360
  69  361
  69  362
  71  364
  71  367
  72  368
  72  369
  73  370
  73  371
  75  373
  75  375
  76  376
  76  379
  77  380
  77  384
  78  385
  78  391
  79  392
  79  395
  80  396
  80  400
  81  401
  81  404
  82  405
  82  406
  83  407
  83  408
  84  409
  84  413
  85  414
  85  416
  87  418
  87  460
  86  461
  86  465
  85  466
  85  479
  86  480
  86  485
  87  486
  87  493
  88  494
  88  496
  89  497
  89  498
  90  499
  90  501
  91  502
  91  503
  92  504
  93  504
  95  506
  97  506
  98  507
  99  507
 100  508
 101  508
 104  511
 105  511
 109  515
 109  516
 110  517
 110  518
 111  519
 111  522
 112  523
 112  526
 113  527
 113  528
 114  529
 114  531
 115  532
 115  535
 116  536
 116  538
 117  539
 117  552
 118  553
 118  555
 119  556
 119  557
 130  568
 131  568
 132  567
 132  566
 133  565
 133  564
 136  561
 137  561
 138  560
 165  560
 166  561
 167  561
 171  565
 171  566
 172  567
 172  569
 173  570
 173  575
 174  576
 174  578
 175  579
 175  580
 177  582
 179  582
 180  581
 180  580
 181  579
 181  578
 182  577
 182  576
 183  575
 183  569
 184  568
 184  567
 188  563
 190  563
 191  562
 207  562
 208  563
 210  563
 211  564
 212  564
 213  565
 214  565
 222  573
 222  574
 224  576
 224  577
 228  581
 228  582
 230  584
 230  585
 231  586
 231  587
 232  588
 232  589
 234  591
 234  592
 235  593
 235  595
 236  596
 236  597
 237  598
 237  599
 238  600
 238  603
 239  604
 239  605
 240  606
 240  607
 241  608
 241  612
 242  613
 242  615
 243  616
 243  617
 244  618
 244  621
 245  622
 245  625
 246  626
 246  628
 247  629
 247  630
 248  631
 248  634
 249  635
 249  636
 250  637
 250  638
 251  639
 251  640
 256  645
 257  645
 260  642
 260  641
 261  640
 261  636
 262  635
 261  634
 261  629
 260  628
 260  622
 259  621
 259  619
 258  618
 258  616
 257  615
 257  612
 256  611
 256  610
 255  609
 255  608
 254  607
 254  605
 253  604
 253  603
 252  602
 252  601
 251  600
 251  599
 250  598
 250  596
 248  594
 248  593
 247  592
 247  591
 246  590
 246  589
 244  587
 244  586
 243  585
 243  584
 241  582
 241  581
 240  580
 240  579
 238  577
 238  576
 237  575
 237  573
 236  572
 236  571
 234  569
 234  567
 233  566
 233  564
 231  562
 231  560
 230  559
 230  556
 229  555
 229  553
 228  552
 228  550
 227  549
 227  529
 228  528
 228  527
 229  526
 229  525
 230  524
 230  523
 234  519
 248  519
 249  518
 250  518
 252  516
 253  516
 253  515
 257  511
 257  498
 256  497
 256  496
 255  495
 255  494
 254  493
 254  492
 253  491
 253  490
 252  489
 252  470
 253  469
 253  468
 257  464
 270  464
 271  463
 272  463
 273  462
 274  462
 276  460
 276  459
 277  458
 277  452
 272  447
 272  446
 271  445
 271  428
 272  427
 272  425
 273  424
 273  422
 274  421
 274  419
 276  417
 277  417
 279  415
 281  415
 283  413
 283  407
 282  406
 282  403
 281  402
 281  397
 280  396
 280  393
 275  388
 275  387
 273  385
 273  384
 271  382
 271  381
 270  380
 270  379
 269  378
 269  377
 268  376
 268  375
 267  374
 267  372
 266  371
 266  370
 265  369
 265  368
 264  367
 264  363
 263  362
 263  355
 261  353
 261  352
 260  351
 260  350
 257  347
 257  346
 254  343
 254  342
 246  334
 245  334
 239  328
 238  328
 232  322
 231  322
 228  319
 223  319
 222  318
 222  304
 223  303
 243  303
 244  304
 253  304
 254  305
 262  305
 263  304
 270  304
 271  303
 282  303
 283  302
 287  302
 287  301
 288  300
 288  296
 291  293
 297  293
 298  292
 300  292
 302  290
 303  290
 307  286
 307  285
 308  284
 308  282
 309  281
 309  278
 310  277
 310  275
 311  274
 311  273
 313  271
 313  270
 314  269
 314  264
 315  263
 315  261
 316  260
 317  260
 319  258
 320  258
 321  257
 322  257
 323  256
 323  252
 324  251
 327  251
 328  250
 328  249
 329  248
 329  247
 330  246
 330  245
 329  244
 329  227
 330  226
 330  225
 332  223
 333  223
 334  222
 335  222
 336  221
 337  221
 341  217
 341  216
 343  214
 343  213
 344  212
 344  210
 345  209
 345  198
 346  197
 346  195
 347  194
 347  193
 349  191
 350  191
 351  190
 352  190
 353  189
 354  189
 355  188
 356  188
 361  183
 361  182
 363  180
 363  179
 364  178
 364  177
 366  175
 366  174
 367  173
 367  171
 368  170
 368  168
 369  167
 369  164
 370  163
 370  159
 374  155
 375  155
 376  154
 377  154
 379  152
 380  152
 381  151
 381  150
 384  147
 384  146
 385  145
 385  144
 387  142
 387  141
 388  140
 388  139
 390  137
 390  135
 391  134
 391  132
 396  127
 397  127
 398  126
 399  126
 401  124
 402  124
 405  121
 406  121
 411  116
 411  115
 415  111
 415  110
 417  108
 417  107
 422  102
 423  102
 424  101
 424  100
 427   97
 427   96
 429   94
 429   93
 430   92
 430   91
 431   90
 431   87
 432   86
 432   79
 433   78
 433   72
 432   71
 432   70
 431   69
 431   68
 422   59
 421   59
 419   57
 418   57
 417   56
 416   56
 415   55
 414   55
 412   53
 411   53
 410   52
 409   52
 408   51
 407   51
 406   50
 405   50
 404   49
 402   49
 401   48
 400   48
 399   47
 397   47
 396   46
 392   46
 391   45
 389   45
 388   44
 382   44
 381   43
 376   43
 375   42
