 338   74
 337   75
 332   75
 331   76
 328   76
 327   77
 326   77
 325   78
 324   78
 323   79
 321   79
 320   80
 318   80
 317   81
 308   81
 307   82
 295   82
 294   83
 293   83
 292   84
 291   84
 286   89
 284   89
 283   90
 278   90
 277   91
 276   91
 275   92
 274   92
 268   98
 266   98
 265   99
 259   99
 257  101
 256  101
 250  107
 249  107
 248  108
 247  108
 240  115
 239  115
 238  116
 237  116
 236  117
 234  117
 232  119
 231  119
 227  123
 226  123
 225  124
 223  124
 222  125
 221  125
 219  127
 218  127
 218  128
 213  133
 212  133
 211  134
 210  134
 208  136
 208  137
 203  142
 202  142
 201  143
 200  143
 199  144
 199  145
 193  151
 192  151
 189  154
 189  155
 185  159
 184  159
 183  160
 182  160
 181  161
 181  162
 179  164
 179  165
 175  169
 174  169
 172  171
 172  172
 171  173
 171  175
 170  176
 170  179
 169  180
 169  181
 167  183
 166  183
 164  185
 163  185
 163  186
 161  188
 161  189
 157  193
 156  193
 153  196
 153  197
 152  198
 152  199
 151  200
 151  203
 150  204
 150  205
 144  211
 144  212
 143  213
 143  215
 142  216
 142  221
 141  222
 141  223
 138  226
 137  226
 136  227
 136  228
 134  230
 134  232
 133  233
 133  239
 125  247
 125  249
 124  250
 124  257
 123  258
 123  259
 122  260
 122  261
 118  265
 118  270
 119  271
 119  272
 120  273
 120  274
 125  279
 126  279
 127  280
 128  280
 129  281
 129  295
 128  296
 127  296
 126  297
 126  298
 125  299
 125  300
 124  301
 124  302
 123  303
 123  305
 122  306
 122  336
 123  337
 123  347
 124  348
 124  350
 125  351
 125  352
 127  354
 127  355
 129  357
 129  360
 130  361
 130  371
 131  372
 131  377
 132  378
 132  382
 133  383
 133  384
 134  385
 134  386
 135  387
 135  388
 136  389
 136  391
 137  392
 137  398
 138  399
 138  415
 139  416
 139  421
 140  422
 140  424
 141  425
 141  426
 142  427
 142  428
 143  429
 143  431
 144  432
 144  435
 145  436
 145  441
 146  442
 146  456
 147  457
 147  461
 148  462
 148  465
 149  466
 149  467
 150  468
 150  469
 151  470
 151  471
 152  472
 152  474
 153  475
 153  483
 154  484
 154  490
 155  491
 155  492
 156  493
 156  494
 160  498
 160  499
 161  500
 161  502
 162  503
 162  504
 166  508
 167  508
 170  511
 170  512
 172  514
 172  515
 173  515
 175  517
 176  517
 177  518
 179  518
 180  519
 181  519
 186  524
 186  525
 188  527
 188  528
 189  529
 191  529
 192  530
 194  530
 195  531
 200  531
 201  532
 240  532
 241  531
 259  531
 262  534
 262  535
 264  537
 264  538
 276  550
 276  551
 277  552
 277  553
 278  554
 278  555
 280  557
 280  558
 281  559
 281  560
 282  561
 282  562
 284  564
 284  565
 285  566
 285  569
 286  570
 286  572
 287  573
 287  574
 288  575
 288  576
 292  580
 292  581
 293  582
 293  586
 294  587
 294  591
 295  592
 295  595
 296  596
 296  597
 297  598
 297  599
 300  602
 300  603
 301  604
 301  606
 302  607
 302  608
 304  610
 304  611
 305  611
 306  612
 308  612
 309  613
 314  613
 315  612
 316  612
 318  610
 318  609
 319  608
 319  594
 318  593
 318  589
 317  588
 317  587
 312  582
 312  581
 310  579
 310  578
 309  577
 309  576
 306  573
 305  573
 301  569
 301  568
 299  566
 299  565
 298  564
 297  564
 291  558
 291  557
 289  555
 289  554
 288  553
 288  552
 286  550
 286  549
 283  546
 283  545
 282  544
 282  543
 281  542
 281  541
 280  540
 280  538
 279  537
 279  535
 278  534
 278  532
 277  531
 277  530
 274  527
 274  526
 273  525
 273  524
 272  523
 272  521
 271  520
 271  495
 272  494
 272  490
 273  489
 273  488
 277  484
 277  483
 278  482
 278  481
 279  480
 279  479
 280  478
 280  477
 281  476
 281  475
 282  474
 282  473
 284  471
 284  470
 285  469
 285  468
 286  467
 286  465
 287  464
 287  459
 288  458
 288  452
 289  451
 289  450
 290  449
 290  448
 291  447
 291  446
 292  445
 292  444
 293  443
 293  441
 294  440
 294  435
 295  434
 295  429
 296  428
 296  427
 299  424
 299  423
 300  422
 300  421
 301  420
 301  419
 302  418
 302  416
 303  415
 303  413
 304  412
 304  411
 305  410
 305  409
 306  408
 306  407
 307  406
 307  405
 308  404
 308  402
 309  401
 309  399
 310  398
 310  395
 311  394
 311  387
 310  386
 310  380
 309  379
 309  377
 307  375
 307  374
 306  374
 300  368
 300  367
 299  366
 299  365
 295  361
 294  361
 289  356
 289  355
 288  354
 288  353
 287  352
 287  351
 286  350
 286  349
 284  347
 284  346
 281  343
 281  342
 280  341
 280  340
 273  333
 273  332
 272  331
 272  330
 268  326
 267  326
 266  325
 258  325
 257  324
 256  324
 251  319
 251  318
 249  316
 248  316
 246  314
 246  313
 233  313
 232  312
 232  298
 233  297
 251  297
 252  298
 252  299
 262  299
 263  300
 264  300
 265  301
 266  301
 267  302
 268  302
 269  303
 272  303
 273  304
 288  304
 289  303
 290  303
 291  302
 292  302
 293  301
 294  301
 295  300
 296  300
 297  299
 300  299
 301  298
 304  298
 305  297
 307  297
 309  295
 310  295
 311  294
 311  293
 315  289
 316  289
 320  285
 320  283
 321  282
 321  274
 323  272
 323  271
 325  269
 326  269
 326  268
 327  267
 327  266
 328  265
 328  263
 329  262
 329  258
 330  257
 330  241
 331  240
 331  237
 332  236
 332  234
 333  233
 333  232
 335  230
 335  229
 336  228
 336  227
 337  226
 337  223
 338  222
 338  214
 339  213
 339  184
 340  183
 340  178
 341  177
 341  175
 342  174
 342  173
 344  171
 344  170
 345  169
 345  168
 346  167
 346  166
 347  165
 347  161
 348  160
 348  147
 349  146
 349  143
 350  142
 350  140
 352  138
 352  137
 355  134
 355  133
 356  132
 356  131
 357  130
 357  112
 358  111
 358  103
 359  102
 359  100
 360   99
 360   98
 362   96
 362   94
 363   93
 363   89
 362   88
 362   87
 361   86
 361   85
 360   85
 353   78
 352   78
 351   77
 350   77
 349   76
 347   76
 346   75
 342   75
 341   74
