 317  120
 316  121
 312  121
 311  122
 309  122
 308  123
 304  123
 303  124
 302  124
 301  125
 298  125
 297  126
 296  126
 295  127
 293  127
 292  128
 291  128
 290  129
 289  129
 288  130
 287  130
 286  131
 285  131
 284  132
 283  132
 281  134
 280  134
 279  135
 278  135
 275  138
 274  138
 271  141
 270  141
 266  145
 265  145
 261  149
 260  149
 234  175
 234  176
 228  182
 228  183
 223  188
 223  189
 220  192
 220  193
 218  195
 218  196
 216  198
 216  199
 213  202
 213  204
 212  205
 212  206
 210  208
 210  209
 208  211
 208  212
 206  214
 206  216
 204  218
 204  219
 203  220
 203  221
 201  223
 201  224
 199  226
 199  227
 197  229
 197  230
 196  231
 196  233
 195  234
 195  235
 193  237
 193  240
 192  241
 192  242
 190  244
 190  246
 187  249
 187  250
 186  251
 186  252
 185  253
 185  254
 183  256
 183  258
 182  259
 182  260
 180  262
 180  263
 179  264
 179  266
 177  268
 177  269
 176  270
 176  272
 175  273
 175  274
 173  276
 173  278
 172  279
 172  280
 170  282
 170  284
 169  285
 169  288
 168  289
 168  290
 167  291
 167  292
 166  293
 166  296
 164  298
 164  299
 163  300
 163  302
 161  304
 161  305
 160  306
 160  307
 159  308
 159  309
 157  311
 157  312
 155  314
 151  314
 150  315
 150  329
 151  330
 162  330
 163  331
 163  345
 162  346
 152  346
 151  347
 151  367
 153  369
 154  369
 156  371
 156  372
 157  373
 157  375
 158  376
 158  377
 159  378
 159  380
 160  381
 160  382
 161  383
 161  384
 163  386
 163  387
 165  389
 165  390
 166  391
 166  392
 167  393
 167  394
 169  396
 169  397
 170  398
 170  399
 173  402
 173  404
 176  407
 176  408
 178  410
 178  411
 180  413
 180  414
 183  417
 183  418
 184  419
 184  420
 191  427
 192  427
 201  436
 202  436
 211  445
 212  445
 222  455
 222  456
 223  457
 223  460
 224  461
 224  462
 225  463
 225  465
 226  466
 226  472
 227  473
 227  494
 226  495
 226  500
 227  501
 227  502
 231  506
 232  506
 233  507
 235  507
 236  506
 252  506
 253  507
 259  507
 260  508
 261  508
 263  510
 263  514
 264  515
 264  518
 265  519
 265  521
 266  522
 266  524
 267  525
 267  526
 269  528
 274  523
 275  523
 276  522
 294  522
 295  523
 296  523
 297  524
 298  524
 299  525
 298  524
 298  523
 297  522
 297  521
 296  520
 296  518
 295  517
 295  515
 294  514
 294  513
 293  512
 293  509
 292  508
 292  480
 294  478
 294  477
 296  475
 296  474
 301  469
 302  469
 303  468
 305  468
 307  466
 306  465
 306  463
 305  462
 305  461
 303  459
 303  457
 302  456
 302  454
 301  453
 301  452
 300  451
 300  433
 301  432
 301  431
 302  430
 302  428
 304  426
 305  426
 308  423
 308  421
 307  420
 307  419
 306  418
 306  402
 307  401
 307  400
 308  399
 308  398
 309  397
 309  396
 312  393
 312  392
 313  391
 313  389
 312  388
 312  386
 308  382
 308  381
 306  379
 306  362
 305  361
 305  360
 302  357
 302  356
 298  352
 297  352
 295  350
 294  350
 293  349
 292  349
 291  348
 289  348
 288  347
 285  347
 284  346
 284  332
 285  331
 291  331
 293  329
 294  329
 295  328
 296  328
 300  324
 301  324
 304  321
 305  321
 305  320
 309  316
 309  315
 312  312
 312  311
 315  308
 315  307
 316  306
 316  305
 317  304
 317  303
 318  302
 318  300
 319  299
 319  297
 320  296
 320  294
 321  293
 321  290
 322  289
 322  273
 321  272
 321  269
 320  268
 320  264
 319  263
 319  254
 318  253
 318  250
 317  249
 317  247
 316  246
 316  242
 315  241
 315  239
 314  238
 314  236
 313  235
 313  231
 312  230
 312  223
 311  222
 311  203
 312  202
 312  196
 313  195
 313  192
 315  190
 315  188
 316  187
 316  186
 318  184
 318  183
 319  182
 319  179
 320  178
 320  177
 321  176
 321  175
 322  174
 322  171
 323  170
 323  167
 324  166
 324  165
 325  164
 325  162
 326  161
 326  154
 327  153
 327  150
 328  149
 328  148
 329  147
 329  127
 328  126
 328  125
 326  123
 326  122
 325  121
 324  121
 323  120
