 330  143
 329  144
 321  144
 320  145
 317  145
 316  146
 313  146
 312  147
 310  147
 309  148
 307  148
 306  149
 304  149
 303  150
 301  150
 300  151
 299  151
 298  152
 296  152
 295  153
 294  153
 293  154
 292  154
 291  155
 289  155
 288  156
 287  156
 286  157
 285  157
 284  158
 283  158
 282  159
 281  159
 280  160
 279  160
 278  161
 277  161
 276  162
 275  162
 274  163
 273  163
 272  164
 271  164
 269  166
 268  166
 267  167
 266  167
 265  168
 264  168
 262  170
 261  170
 259  172
 258  172
 256  174
 255  174
 253  176
 252  176
 250  178
 249  178
 247  180
 246  180
 244  182
 243  182
 241  184
 240  184
 237  187
 236  187
 232  191
 231  191
 228  194
 227  194
 223  198
 222  198
 218  202
 217  202
 212  207
 211  207
 202  216
 201  216
 181  236
 181  237
 174  244
 174  245
 167  252
 167  253
 166  254
 166  255
 162  259
 162  260
 157  265
 157  266
 154  269
 154  270
 150  274
 150  275
 148  277
 148  278
 146  280
 146  281
 143  284
 143  285
 141  287
 141  288
 138  291
 138  292
 136  294
 136  295
 134  297
 134  298
 131  301
 131  302
 130  303
 130  304
 125  309
 122  309
 120  311
 120  333
 121  334
 128  334
 129  335
 129  349
 128  350
 128  351
 127  352
 127  354
 126  355
 126  360
 125  361
 125  368
 124  369
 124  374
 123  375
 119  375
 117  377
 117  383
 118  384
 118  390
 119  391
 119  396
 120  397
 120  401
 121  402
 121  404
 122  405
 122  407
 123  408
 123  411
 124  412
 124  414
 125  415
 125  420
 126  421
 126  449
 127  450
 127  455
 128  456
 128  459
 129  460
 129  462
 130  463
 130  465
 131  466
 131  467
 132  468
 132  469
 133  470
 133  471
 134  472
 134  473
 137  476
 137  478
 138  479
 138  481
 139  482
 139  488
 140  489
 140  493
 141  494
 141  497
 142  498
 142  500
 143  501
 143  506
 144  507
 144  510
 145  511
 145  514
 146  515
 146  518
 147  519
 147  521
 148  522
 148  523
 149  524
 149  526
 151  528
 151  529
 154  532
 155  532
 159  536
 160  536
 162  538
 163  538
 164  539
 166  539
 167  540
 168  540
 169  541
 171  541
 172  542
 174  542
 175  543
 177  543
 178  544
 191  544
 192  543
 195  543
 196  542
 200  542
 201  541
 207  541
 208  540
 211  540
 212  539
 215  539
 216  538
 217  538
 218  537
 219  537
 223  533
 223  532
 224  531
 224  530
 229  525
 230  525
 231  524
 232  524
 233  523
 234  523
 236  521
 237  521
 238  520
 238  519
 239  518
 239  517
 241  515
 241  514
 242  513
 242  508
 243  507
 243  493
 244  492
 244  490
 245  489
 245  488
 246  487
 246  486
 254  478
 255  478
 255  477
 257  475
 257  474
 258  473
 258  472
 259  471
 259  468
 260  467
 260  463
 261  462
 261  460
 262  459
 262  455
 263  454
 263  453
 264  452
 264  451
 265  450
 265  449
 266  448
 266  447
 267  446
 267  445
 268  444
 268  437
 267  436
 267  425
 266  424
 266  420
 265  419
 265  418
 264  417
 264  416
 263  415
 263  414
 261  412
 261  411
 260  411
 245  396
 244  396
 239  391
 238  391
 233  386
 232  386
 229  383
 228  383
 225  380
 225  366
 226  365
 242  365
 243  364
 246  364
 247  363
 250  363
 251  362
 255  362
 256  361
 261  361
 262  360
 267  360
 268  359
 269  359
 271  357
 272  357
 274  355
 275  355
 278  352
 279  352
 280  351
 281  351
 284  348
 284  347
 288  343
 289  343
 290  342
 291  342
 292  341
 292  340
 297  335
 298  335
 301  332
 301  331
 302  330
 302  329
 303  328
 303  327
 304  326
 304  325
 305  324
 305  323
 306  322
 306  321
 307  320
 307  319
 309  317
 309  315
 311  313
 311  312
 312  311
 312  309
 313  308
 313  306
 314  305
 314  304
 315  303
 315  301
 316  300
 316  297
 317  296
 317  294
 318  293
 318  291
 319  290
 319  287
 320  286
 320  284
 321  283
 321  281
 322  280
 322  278
 323  277
 323  273
 324  272
 324  269
 325  268
 325  266
 326  265
 326  262
 327  261
 327  260
 328  259
 328  258
 329  257
 329  255
 330  254
 330  251
 331  250
 331  249
 332  248
 332  244
 333  243
 333  237
 334  236
 334  234
 335  233
 335  232
 336  231
 336  229
 339  226
 339  225
 343  221
 343  220
 348  215
 348  214
 349  213
 349  212
 351  210
 351  209
 352  208
 352  207
 353  206
 353  204
 356  201
 356  199
 357  198
 357  197
 358  196
 358  194
 359  193
 359  192
 360  191
 360  188
 361  187
 361  183
 362  182
 362  178
 363  177
 363  165
 362  164
 362  162
 360  160
 360  158
 359  157
 359  156
 356  153
 356  152
 353  149
 352  149
 350  147
 349  147
 348  146
 346  146
 345  145
 342  145
 341  144
 336  144
 335  143
