 350   50
 349   51
 342   51
 341   52
 335   52
 334   53
 331   53
 330   54
 326   54
 325   55
 323   55
 322   56
 319   56
 318   57
 316   57
 315   58
 313   58
 312   59
 311   59
 310   60
 308   60
 307   61
 305   61
 304   62
 303   62
 302   63
 300   63
 299   64
 298   64
 297   65
 295   65
 294   66
 293   66
 292   67
 290   67
 289   68
 288   68
 287   69
 286   69
 285   70
 284   70
 283   71
 282   71
 281   72
 279   72
 278   73
 277   73
 276   74
 275   74
 274   75
 273   75
 272   76
 271   76
 270   77
 269   77
 268   78
 267   78
 266   79
 265   79
 264   80
 263   80
 262   81
 261   81
 259   83
 257   83
 255   85
 254   85
 253   86
 252   86
 251   87
 250   87
 248   89
 247   89
 246   90
 245   90
 244   91
 243   91
 242   92
 241   92
 240   93
 239   93
 237   95
 236   95
 235   96
 234   96
 232   98
 231   98
 230   99
 229   99
 227  101
 226  101
 224  103
 223  103
 222  104
 221  104
 220  105
 219  105
 217  107
 216  107
 214  109
 213  109
 211  111
 210  111
 208  113
 207  113
 205  115
 204  115
 201  118
 200  118
 198  120
 197  120
 194  123
 193  123
 191  125
 190  125
 187  128
 186  128
 183  131
 182  131
 179  134
 178  134
 175  137
 174  137
 171  140
 170  140
 167  143
 166  143
 160  149
 159  149
 159  150
 157  152
 156  152
 133  175
 133  176
 125  184
 125  185
 120  190
 120  191
 117  194
 117  195
 114  198
 114  199
 111  202
 111  203
 108  206
 108  207
 105  210
 105  211
 104  212
 104  213
 102  215
 102  216
 101  217
 101  218
 100  219
 100  220
  99  221
  99  222
  98  223
  98  224
  96  226
  96  227
  95  228
  95  229
  93  231
  93  232
  92  233
  92  234
  91  235
  91  236
  89  238
  89  239
  88  240
  88  242
  86  244
  86  245
  85  246
  85  248
  84  249
  84  250
  83  251
  83  252
  82  253
  82  255
  79  258
  77  258
  75  260
  75  291
  77  293
  87  293
  89  295
  89  296
  92  299
  92  313
  86  319
  86  320
  85  321
  85  322
  84  323
  80  323
  79  324
  79  355
  80  356
  80  357
  81  358
  81  360
  82  361
  82  362
  83  363
  83  364
  84  365
  84  366
  85  367
  85  369
  86  370
  86  372
  87  373
  87  374
  88  375
  88  378
  89  379
  89  380
  90  381
  90  382
  91  383
  91  385
  92  386
  92  387
  93  388
  93  389
  94  390
  94  391
  95  392
  95  395
  96  396
  96  397
  97  398
  97  399
  98  400
  98  403
  99  404
  99  406
 100  407
 100  408
 101  409
 101  410
 102  411
 102  413
 103  414
 103  415
 104  416
 104  418
 105  419
 105  423
 106  424
 106  426
 107  427
 107  429
 108  430
 108  435
 109  436
 109  438
 110  439
 110  441
 111  442
 111  446
 112  447
 112  451
 113  452
 113  454
 114  455
 114  458
 115  459
 115  466
 116  467
 116  470
 117  471
 117  474
 118  475
 118  483
 119  484
 119  488
 120  489
 120  491
 121  492
 121  497
 122  498
 122  502
 123  503
 123  505
 124  506
 124  508
 125  509
 125  512
 126  513
 126  515
 127  516
 127  517
 128  518
 128  519
 129  520
 129  522
 132  525
 132  526
 133  527
 134  527
 136  529
 138  529
 139  530
 142  530
 143  531
 145  531
 146  532
 148  532
 149  533
 150  533
 151  534
 152  534
 156  538
 156  539
 158  541
 158  543
 159  544
 159  546
 160  547
 160  549
 161  550
 161  552
 162  553
 162  556
 163  557
 163  558
 164  559
 164  560
 165  561
 165  563
 166  564
 166  566
 168  568
 168  569
 169  570
 169  571
 170  572
 170  573
 171  574
 171  575
 173  577
 173  578
 180  585
 181  585
 182  586
 183  586
 184  587
 188  587
 189  588
 215  588
 216  589
 217  589
 220  592
 221  592
 224  595
 225  595
 227  597
 228  597
 229  598
 230  598
 231  599
 232  599
 233  598
 234  598
 235  597
 236  597
 238  595
 239  595
 240  594
 259  594
 260  595
 261  595
 269  603
 269  604
 274  609
 274  610
 276  612
 276  613
 279  616
 279  617
 281  619
 281  620
 282  621
 282  622
 284  624
 284  625
 294  635
 295  635
 296  636
 297  636
 298  637
 300  637
 301  638
 302  637
 304  637
 305  636
 306  636
 311  631
 311  629
 312  628
 312  624
 311  623
 311  620
 310  619
 310  618
 308  616
 308  614
 304  610
 304  609
 298  603
 298  602
 284  588
 284  587
 281  584
 281  583
 278  580
 278  579
 276  577
 276  576
 275  575
 275  574
 274  573
 274  572
 273  571
 273  570
 272  569
 272  551
 273  550
 273  549
 274  548
 274  547
 276  545
 277  545
 279  543
 280  543
 282  541
 283  541
 286  538
 286  537
 288  535
 288  530
 287  529
 287  527
 286  526
 286  525
 285  524
 285  521
 284  520
 284  518
 282  516
 282  514
 281  513
 281  510
 280  509
 280  508
 279  507
 279  504
 278  503
 278  484
 279  483
 279  482
 288  473
 288  472
 289  471
 289  470
 288  469
 288  466
 287  465
 287  464
 286  463
 286  462
 285  461
 285  460
 284  459
 284  458
 282  456
 282  454
 281  453
 281  436
 284  433
 285  433
 286  432
 287  432
 288  431
 288  430
 290  428
 289  427
 289  425
 288  424
 288  422
 285  419
 285  418
 278  411
 278  410
 275  407
 275  406
 273  404
 273  403
 272  402
 272  401
 271  400
 271  399
 269  397
 269  382
 268  381
 268  376
 266  374
 266  373
 265  372
 265  371
 258  364
 258  363
 240  345
 239  345
 230  336
 229  336
 227  334
 226  334
 223  331
 222  331
 219  328
 218  328
 216  326
 215  326
 214  325
 213  325
 211  323
 210  323
 208  321
 208  306
 209  305
 242  305
 243  304
 262  304
 263  303
 269  303
 270  302
 271  302
 277  296
 282  296
 283  295
 283  294
 285  292
 285  291
 286  290
 286  289
 288  287
 288  285
 289  284
 289  283
 290  282
 290  281
 291  280
 291  279
 292  278
 292  277
 294  275
 294  273
 295  272
 295  271
 296  270
 296  269
 298  267
 298  266
 300  264
 300  263
 302  261
 302  260
 305  257
 305  256
 306  255
 306  254
 308  252
 308  249
 309  248
 309  246
 310  245
 310  243
 311  242
 311  239
 312  238
 312  236
 313  235
 313  234
 315  232
 315  231
 318  228
 318  227
 319  226
 319  225
 321  223
 321  222
 322  221
 322  220
 324  218
 324  217
 325  216
 325  214
 326  213
 326  212
 327  211
 327  210
 328  209
 328  207
 329  206
 329  205
 331  203
 331  202
 332  201
 332  200
 335  197
 335  196
 338  193
 338  192
 340  190
 340  189
 342  187
 342  185
 343  184
 343  183
 344  182
 344  180
 345  179
 345  175
 346  174
 346  173
 347  172
 347  170
 348  169
 348  168
 352  164
 352  163
 355  160
 355  159
 358  156
 358  155
 359  154
 359  153
 361  151
 361  150
 362  149
 362  147
 364  145
 364  144
 369  139
 369  138
 375  132
 375  131
 378  128
 378  127
 381  124
 381  123
 382  122
 382  121
 384  119
 384  118
 386  116
 386  115
 389  112
 389  111
 392  108
 392  107
 393  106
 393  105
 395  103
 395  102
 396  101
 396  100
 398   98
 398   97
 399   96
 399   95
 400   94
 400   93
 401   92
 401   91
 402   90
 402   88
 403   87
 403   85
 404   84
 404   82
 405   81
 405   73
 404   72
 404   70
 403   69
 403   68
 402   67
 402   65
 399   62
 398   62
 396   60
 395   60
 393   58
 391   58
 390   57
 389   57
 388   56
 386   56
 385   55
 384   55
 383   54
 379   54
 378   53
 376   53
 375   52
 369   52
 368   51
 360   51
 359   50
