 313  149
 312  150
 306  150
 305  151
 301  151
 300  152
 297  152
 296  153
 294  153
 293  154
 290  154
 289  155
 287  155
 286  156
 284  156
 283  157
 282  157
 281  158
 279  158
 278  159
 277  159
 276  160
 275  160
 274  161
 272  161
 271  162
 270  162
 269  163
 267  163
 266  164
 265  164
 264  165
 262  165
 261  166
 260  166
 259  167
 258  167
 257  168
 256  168
 255  169
 254  169
 253  170
 252  170
 251  171
 250  171
 249  172
 248  172
 246  174
 245  174
 244  175
 243  175
 241  177
 240  177
 238  179
 237  179
 235  181
 234  181
 231  184
 230  184
 228  186
 227  186
 223  190
 222  190
 218  194
 217  194
 208  203
 207  203
 197  213
 197  214
 193  218
 193  219
 189  223
 189  224
 188  225
 187  225
 187  226
 183  230
 183  231
 177  237
 177  238
 170  245
 170  246
 166  250
 166  251
 160  257
 160  258
 156  262
 156  263
 153  266
 153  267
 149  271
 149  272
 145  276
 145  277
 142  280
 142  281
 139  284
 139  285
 137  287
 137  288
 133  292
 133  293
 132  294
 130  294
 128  296
 128  314
 130  316
 133  316
 134  317
 134  332
 133  333
 133  337
 132  338
 129  338
 127  340
 127  351
 128  352
 128  353
 129  354
 129  355
 130  356
 130  357
 131  358
 131  359
 132  360
 132  361
 133  362
 133  363
 135  365
 135  366
 136  367
 136  368
 137  369
 137  370
 139  372
 139  373
 140  374
 140  375
 142  377
 142  378
 143  379
 143  380
 144  381
 144  382
 147  385
 147  386
 148  387
 148  388
 150  390
 150  391
 151  392
 151  393
 152  394
 152  395
 153  396
 153  397
 154  398
 154  399
 156  401
 156  402
 157  403
 157  404
 158  405
 158  406
 159  407
 159  410
 160  411
 160  413
 161  414
 161  415
 162  416
 162  419
 163  420
 163  423
 164  424
 164  426
 165  427
 165  430
 166  431
 166  437
 167  438
 167  440
 168  441
 168  443
 169  444
 169  447
 170  448
 170  450
 171  451
 171  453
 172  454
 172  458
 173  459
 173  462
 174  463
 174  465
 175  466
 175  468
 176  469
 176  471
 181  476
 182  476
 183  477
 195  477
 197  479
 197  482
 198  483
 198  485
 199  486
 199  489
 200  490
 200  501
 202  503
 202  504
 207  509
 208  509
 208  508
 209  507
 209  506
 213  502
 233  502
 234  503
 235  503
 239  507
 239  508
 240  509
 240  511
 241  512
 241  513
 242  514
 242  516
 243  516
 243  515
 244  514
 244  512
 247  509
 247  508
 248  507
 248  506
 249  505
 265  505
 266  506
 268  506
 269  507
 270  507
 271  508
 272  508
 274  510
 275  510
 278  513
 279  513
 290  524
 291  524
 296  529
 297  529
 303  535
 304  535
 306  537
 307  537
 308  538
 309  537
 309  536
 305  532
 305  531
 304  530
 303  530
 302  529
 302  528
 301  527
 300  527
 293  520
 292  520
 289  517
 288  517
 284  513
 283  513
 278  508
 277  508
 269  500
 269  499
 266  496
 266  495
 265  494
 265  492
 264  491
 264  490
 263  489
 263  473
 264  472
 264  469
 265  468
 265  467
 267  465
 274  465
 275  464
 276  464
 277  463
 276  462
 276  461
 275  460
 275  459
 271  455
 271  454
 268  451
 268  432
 269  431
 269  429
 272  426
 273  426
 274  425
 276  425
 277  424
 279  424
 280  423
 281  423
 282  422
 281  421
 281  420
 280  419
 280  404
 281  403
 281  402
 282  401
 282  400
 286  396
 287  396
 289  394
 289  392
 288  391
 288  390
 284  386
 284  385
 283  384
 283  383
 281  381
 281  380
 280  379
 280  378
 279  377
 279  374
 278  373
 278  371
 277  370
 277  368
 276  367
 276  366
 275  365
 275  363
 268  356
 267  356
 264  353
 263  353
 260  350
 257  350
 256  349
 253  349
 252  348
 251  348
 250  347
 248  347
 248  348
 246  350
 232  350
 231  349
 231  347
 230  346
 230  343
 229  342
 229  327
 230  326
 244  326
 245  327
 248  327
 249  328
 253  328
 254  329
 265  329
 266  328
 268  328
 269  327
 271  327
 272  326
 275  326
 276  325
 277  325
 278  324
 280  324
 286  318
 287  318
 291  314
 291  313
 292  312
 292  311
 293  310
 293  309
 295  307
 295  304
 296  303
 296  296
 300  292
 300  291
 302  289
 302  270
 304  268
 304  267
 305  266
 305  265
 306  264
 306  261
 307  260
 307  245
 311  241
 312  241
 315  238
 315  237
 316  236
 316  235
 318  233
 318  231
 319  230
 319  223
 328  214
 328  213
 329  212
 329  210
 330  209
 330  208
 332  206
 332  204
 333  203
 333  202
 339  196
 339  195
 342  192
 342  190
 343  189
 343  188
 344  187
 344  186
 345  185
 345  183
 346  182
 346  180
 349  177
 349  175
 350  174
 350  172
 351  171
 351  169
 352  168
 352  164
 353  163
 353  162
 352  161
 352  160
 348  156
 347  156
 346  155
 345  155
 344  154
 343  154
 342  153
 340  153
 339  152
 337  152
 336  151
 332  151
 331  150
 325  150
 324  149
