 329  115
 328  116
 323  116
 322  117
 320  117
 319  118
 316  118
 315  119
 313  119
 312  120
 310  120
 309  121
 307  121
 306  122
 305  122
 304  123
 302  123
 301  124
 300  124
 299  125
 296  125
 295  126
 294  126
 293  127
 292  127
 291  128
 290  128
 289  129
 288  129
 287  130
 286  130
 284  132
 283  132
 282  133
 281  133
 280  134
 279  134
 277  136
 276  136
 275  137
 274  137
 272  139
 271  139
 269  141
 268  141
 266  143
 265  143
 263  145
 262  145
 260  147
 259  147
 256  150
 255  150
 251  154
 250  154
 247  157
 246  157
 242  161
 241  161
 237  165
 236  165
 231  170
 230  170
 227  173
 226  173
 221  178
 220  178
 216  182
 215  182
 211  186
 210  186
 205  191
 204  191
 200  195
 199  195
 194  200
 193  200
 184  209
 183  209
 157  235
 157  236
 143  250
 143  251
 137  257
 137  258
 133  262
 133  263
 130  266
 130  269
 129  270
 129  272
 125  276
 124  276
 120  280
 120  282
 119  283
 119  284
 118  285
 117  285
 116  286
 116  288
 114  290
 114  291
 113  292
 113  303
 112  304
 111  304
 110  305
 110  322
 111  323
 118  323
 119  324
 119  338
 115  342
 109  342
 108  343
 108  354
 109  355
 109  356
 115  362
 115  363
 117  365
 117  366
 120  369
 120  370
 122  372
 122  374
 123  375
 123  376
 124  377
 124  379
 125  380
 125  382
 126  383
 126  385
 127  386
 127  388
 128  389
 128  390
 129  391
 129  395
 130  396
 130  398
 131  399
 131  401
 132  402
 132  405
 133  406
 133  410
 134  411
 134  413
 135  414
 135  416
 136  417
 136  422
 137  423
 137  424
 138  425
 138  427
 139  428
 139  433
 140  434
 140  436
 141  437
 141  438
 142  439
 142  442
 143  443
 143  447
 144  448
 144  450
 145  451
 145  453
 146  454
 146  458
 147  459
 147  461
 148  462
 148  465
 149  466
 149  470
 150  471
 150  474
 151  475
 151  476
 152  477
 152  481
 153  482
 153  486
 154  487
 154  489
 155  490
 155  493
 156  494
 156  499
 157  500
 157  502
 158  503
 158  505
 159  506
 159  511
 160  512
 160  515
 161  516
 161  517
 162  518
 162  519
 163  520
 163  521
 164  522
 165  522
 167  524
 169  524
 170  525
 172  525
 173  526
 175  526
 176  527
 178  527
 179  528
 181  528
 182  529
 184  529
 187  532
 188  532
 190  534
 190  552
 189  553
 189  554
 188  555
 188  559
 189  560
 189  562
 190  563
 190  564
 193  567
 194  567
 196  569
 200  569
 202  567
 202  565
 207  560
 208  560
 209  559
 227  559
 230  562
 230  564
 232  566
 232  568
 233  569
 233  570
 234  570
 234  555
 235  554
 235  553
 237  551
 238  551
 239  550
 260  550
 261  551
 262  551
 263  552
 264  552
 265  553
 266  553
 268  555
 269  555
 272  558
 274  558
 275  557
 275  555
 273  553
 273  552
 272  551
 272  550
 270  548
 270  547
 268  545
 268  544
 265  541
 265  540
 263  538
 263  537
 262  536
 262  535
 259  532
 259  530
 258  529
 258  508
 259  507
 259  505
 264  500
 265  500
 266  499
 268  499
 269  498
 276  498
 277  497
 278  497
 279  496
 278  495
 278  494
 276  492
 276  491
 275  490
 275  489
 273  487
 273  486
 272  485
 272  484
 271  483
 271  482
 270  481
 270  480
 269  479
 269  458
 270  457
 270  455
 271  454
 271  453
 272  452
 272  451
 273  450
 273  449
 279  443
 280  443
 282  441
 282  439
 281  438
 281  437
 279  435
 279  420
 280  419
 280  417
 281  416
 281  415
 282  414
 282  412
 287  407
 287  406
 286  405
 286  403
 285  402
 285  401
 282  398
 282  397
 279  394
 279  376
 278  375
 278  373
 276  371
 276  370
 275  369
 275  368
 272  365
 272  364
 262  354
 261  354
 260  353
 260  339
 261  338
 262  338
 263  337
 268  337
 269  336
 274  336
 274  332
 277  329
 279  329
 280  328
 285  328
 286  327
 292  327
 293  326
 294  326
 303  317
 303  316
 313  306
 313  305
 316  302
 316  301
 317  300
 317  299
 318  298
 318  296
 319  295
 319  290
 320  289
 320  287
 321  286
 321  285
 322  284
 322  281
 323  280
 323  279
 324  278
 324  277
 325  276
 325  274
 326  273
 326  268
 327  267
 327  265
 328  264
 328  261
 329  260
 329  256
 330  255
 330  253
 331  252
 331  251
 332  250
 332  247
 333  246
 333  243
 334  242
 334  239
 335  238
 335  228
 336  227
 336  224
 337  223
 337  221
 338  220
 338  219
 339  218
 339  214
 340  213
 340  210
 341  209
 341  206
 342  205
 342  199
 343  198
 343  196
 344  195
 344  194
 345  193
 345  192
 346  191
 346  189
 347  188
 347  187
 348  186
 348  185
 349  184
 349  182
 350  181
 350  179
 351  178
 351  177
 352  176
 352  175
 353  174
 353  173
 354  172
 354  171
 356  169
 356  168
 357  167
 357  166
 358  165
 358  164
 359  163
 359  161
 360  160
 360  159
 361  158
 361  157
 362  156
 362  154
 363  153
 363  152
 365  150
 365  148
 366  147
 366  146
 367  145
 367  144
 368  143
 368  142
 369  141
 369  138
 370  137
 370  135
 371  134
 371  133
 372  132
 372  129
 373  128
 372  127
 372  126
 368  122
 367  122
 366  121
 365  121
 364  120
 362  120
 361  119
 359  119
 358  118
 355  118
 354  117
 351  117
 350  116
 345  116
 344  115
