 341  110
 340  111
 334  111
 333  112
 331  112
 330  113
 327  113
 326  114
 323  114
 322  115
 320  115
 319  116
 316  116
 315  117
 314  117
 313  118
 310  118
 309  119
 308  119
 307  120
 305  120
 304  121
 303  121
 302  122
 300  122
 299  123
 298  123
 297  124
 296  124
 295  125
 294  125
 293  126
 292  126
 291  127
 290  127
 289  128
 288  128
 287  129
 286  129
 285  130
 284  130
 282  132
 281  132
 280  133
 279  133
 278  134
 277  134
 275  136
 274  136
 272  138
 271  138
 269  140
 268  140
 266  142
 265  142
 263  144
 262  144
 260  146
 259  146
 257  148
 256  148
 254  150
 253  150
 249  154
 248  154
 245  157
 244  157
 239  162
 238  162
 235  165
 234  165
 228  171
 227  171
 222  176
 221  176
 212  185
 211  185
 208  188
 207  188
 201  194
 200  194
 191  203
 190  203
 186  207
 185  207
 178  214
 177  214
 171  220
 170  220
 139  251
 139  252
 133  258
 133  259
 129  263
 129  264
 121  272
 121  273
 117  277
 117  310
 118  311
 118  325
 117  326
 113  326
 112  327
 112  334
 113  335
 113  336
 115  338
 115  339
 116  340
 116  342
 117  343
 117  344
 126  353
 126  355
 127  356
 127  357
 129  359
 129  360
 130  361
 130  363
 132  365
 132  366
 133  367
 133  369
 136  372
 136  374
 137  375
 137  376
 138  377
 138  378
 139  379
 139  382
 140  383
 140  384
 142  386
 142  388
 143  389
 143  391
 144  392
 144  393
 146  395
 146  398
 147  399
 147  401
 148  402
 148  403
 149  404
 149  405
 150  406
 150  409
 152  411
 152  413
 153  414
 153  416
 154  417
 154  418
 155  419
 155  420
 156  421
 156  424
 157  425
 157  426
 158  427
 158  428
 159  429
 159  431
 160  432
 160  435
 162  437
 162  439
 163  440
 163  443
 164  444
 164  445
 165  446
 165  447
 166  448
 166  451
 167  452
 167  454
 169  456
 169  458
 170  459
 170  461
 171  462
 171  465
 172  466
 172  472
 173  473
 173  479
 174  480
 174  482
 175  483
 175  485
 176  486
 176  488
 177  489
 177  490
 181  494
 182  494
 183  495
 185  495
 186  496
 190  496
 191  497
 192  497
 193  498
 195  498
 196  499
 197  499
 199  501
 200  501
 205  506
 205  524
 206  525
 206  528
 215  537
 216  537
 223  530
 224  530
 225  529
 242  529
 243  530
 244  530
 249  535
 250  535
 250  531
 251  530
 251  529
 252  528
 252  526
 253  525
 254  525
 255  524
 256  524
 257  523
 277  523
 278  524
 279  524
 280  525
 282  525
 283  526
 284  526
 285  527
 286  527
 288  529
 289  529
 300  540
 300  541
 304  545
 304  546
 307  549
 307  550
 310  553
 310  554
 311  555
 311  556
 313  558
 313  560
 314  561
 314  562
 317  565
 317  566
 318  567
 318  568
 319  569
 319  570
 320  571
 320  572
 323  575
 322  574
 322  572
 319  569
 319  567
 318  566
 318  565
 316  563
 316  561
 315  560
 315  559
 312  556
 312  555
 309  552
 309  551
 306  548
 306  547
 302  543
 302  542
 299  539
 299  538
 292  531
 292  530
 289  527
 289  526
 285  522
 285  521
 282  518
 282  517
 279  514
 279  513
 278  512
 278  511
 276  509
 276  507
 275  506
 275  504
 274  503
 274  502
 273  501
 273  483
 274  482
 274  481
 275  480
 275  478
 276  477
 276  475
 280  471
 281  471
 283  469
 284  469
 286  467
 287  467
 288  466
 288  465
 287  464
 287  463
 286  462
 286  460
 285  459
 285  458
 284  457
 284  456
 283  455
 283  454
 282  453
 282  436
 283  435
 283  433
 284  432
 284  431
 285  430
 285  429
 286  428
 286  426
 289  423
 289  422
 295  416
 295  411
 293  409
 293  408
 292  407
 292  406
 290  404
 290  403
 289  402
 289  384
 290  383
 290  381
 292  379
 292  377
 293  376
 293  375
 295  373
 295  372
 293  370
 293  368
 292  367
 292  365
 290  363
 290  362
 289  361
 289  360
 286  357
 286  356
 279  349
 279  348
 278  347
 278  346
 277  345
 277  344
 276  343
 276  340
 272  336
 272  322
 273  321
 273  316
 274  315
 281  315
 282  314
 286  314
 287  313
 294  313
 295  312
 300  312
 301  311
 303  311
 305  309
 306  309
 313  302
 313  301
 316  298
 316  297
 318  295
 318  294
 319  293
 319  292
 321  290
 321  289
 322  288
 322  287
 323  286
 323  283
 324  282
 324  281
 325  280
 325  278
 326  277
 326  273
 327  272
 327  271
 328  270
 328  269
 329  268
 329  265
 330  264
 330  262
 332  260
 332  257
 333  256
 333  253
 334  252
 334  250
 335  249
 335  247
 336  246
 336  242
 337  241
 337  239
 338  238
 338  236
 339  235
 339  228
 340  227
 340  224
 341  223
 341  221
 342  220
 342  213
 343  212
 343  207
 344  206
 344  205
 345  204
 345  202
 346  201
 346  196
 347  195
 347  193
 348  192
 348  191
 349  190
 349  187
 350  186
 350  183
 351  182
 351  181
 352  180
 352  177
 353  176
 353  172
 354  171
 354  169
 355  168
 355  167
 356  166
 356  162
 357  161
 357  159
 358  158
 358  157
 359  156
 359  153
 360  152
 360  150
 361  149
 361  148
 362  147
 362  145
 363  144
 363  141
 364  140
 364  138
 365  137
 365  136
 366  135
 366  130
 367  129
 367  123
 368  122
 368  117
 363  112
 361  112
 360  111
 357  111
 356  110
