 285  141
 284  142
 277  142
 276  143
 272  143
 271  144
 267  144
 266  145
 265  145
 264  146
 261  146
 260  147
 259  147
 258  148
 255  148
 254  149
 253  149
 252  150
 250  150
 249  151
 248  151
 247  152
 246  152
 245  153
 244  153
 243  154
 242  154
 241  155
 240  155
 238  157
 237  157
 236  158
 235  158
 233  160
 232  160
 230  162
 229  162
 227  164
 226  164
 224  166
 223  166
 220  169
 219  169
 212  176
 211  176
 193  194
 193  195
 189  199
 189  200
 186  203
 186  204
 181  209
 181  210
 178  213
 178  214
 175  217
 175  218
 168  225
 167  225
 166  226
 157  226
 156  227
 156  228
 155  229
 155  230
 154  231
 154  232
 152  234
 152  235
 149  238
 149  239
 148  240
 148  241
 146  243
 146  244
 144  246
 144  247
 142  249
 142  250
 141  251
 141  252
 139  254
 139  256
 138  257
 138  258
 136  260
 136  262
 135  263
 135  264
 134  265
 134  266
 131  269
 131  286
 130  287
 130  288
 128  290
 128  291
 127  292
 127  293
 125  295
 125  296
 124  297
 119  297
 117  299
 117  328
 119  330
 120  330
 121  331
 121  358
 124  361
 124  362
 125  363
 126  363
 128  365
 128  366
 134  372
 134  373
 137  376
 137  377
 138  378
 138  379
 145  386
 145  387
 150  392
 150  393
 152  395
 152  396
 154  398
 154  399
 155  400
 155  401
 158  404
 158  405
 161  408
 161  409
 164  412
 164  413
 168  417
 168  418
 172  422
 172  423
 176  427
 176  428
 181  433
 181  434
 185  438
 185  439
 188  442
 189  442
 192  445
 192  446
 198  452
 198  453
 204  459
 204  460
 211  467
 212  467
 216  471
 217  471
 219  473
 220  473
 222  475
 223  475
 224  476
 225  476
 226  477
 227  477
 231  481
 231  484
 232  485
 232  503
 231  504
 231  511
 232  512
 232  513
 238  519
 240  519
 241  520
 242  520
 243  521
 244  520
 245  520
 246  519
 247  519
 251  515
 265  515
 268  518
 270  518
 271  517
 272  517
 275  514
 275  513
 277  511
 277  510
 280  507
 281  507
 282  506
 296  506
 297  507
 298  507
 290  499
 290  498
 284  492
 284  475
 285  474
 285  473
 286  472
 286  471
 287  470
 287  469
 288  468
 288  465
 287  464
 287  462
 284  459
 284  458
 281  455
 281  454
 280  453
 280  450
 279  449
 279  448
 278  447
 278  431
 279  430
 279  425
 280  424
 280  419
 281  418
 281  414
 282  413
 282  412
 283  411
 283  409
 284  408
 284  401
 285  400
 285  399
 286  398
 286  396
 287  395
 287  391
 288  390
 288  387
 289  386
 289  384
 290  383
 290  379
 291  378
 291  371
 290  370
 290  368
 289  367
 289  366
 288  365
 288  364
 287  363
 287  361
 286  360
 286  358
 285  357
 285  356
 284  355
 284  352
 283  351
 283  350
 278  345
 277  345
 276  344
 275  344
 274  343
 273  343
 272  342
 269  342
 267  340
 267  326
 268  325
 269  325
 270  324
 271  324
 272  323
 273  323
 275  321
 276  321
 278  319
 279  319
 281  317
 282  317
 294  305
 294  304
 297  301
 297  300
 298  299
 298  298
 299  297
 299  296
 300  295
 300  293
 301  292
 301  291
 302  290
 302  288
 303  287
 303  286
 304  285
 304  283
 305  282
 305  281
 306  280
 306  279
 307  278
 307  276
 308  275
 308  273
 309  272
 309  202
 310  201
 310  191
 311  190
 311  182
 312  181
 312  171
 311  170
 311  160
 310  159
 310  155
 309  154
 309  153
 308  152
 308  151
 307  150
 307  149
 303  145
 302  145
 301  144
 300  144
 299  143
 298  143
 297  142
 293  142
 292  141
