 329  104
 328  105
 323  105
 322  106
 318  106
 317  107
 314  107
 313  108
 311  108
 310  109
 307  109
 306  110
 305  110
 304  111
 301  111
 300  112
 299  112
 298  113
 296  113
 295  114
 293  114
 292  115
 291  115
 290  116
 289  116
 287  118
 286  118
 285  119
 284  119
 283  120
 282  120
 281  121
 280  121
 279  122
 277  122
 275  124
 274  124
 273  125
 272  125
 270  127
 269  127
 267  129
 266  129
 264  131
 263  131
 262  132
 261  132
 259  134
 258  134
 257  135
 256  135
 254  137
 253  137
 251  139
 250  139
 248  141
 247  141
 246  142
 245  142
 243  144
 242  144
 239  147
 238  147
 236  149
 235  149
 231  153
 230  153
 227  156
 226  156
 224  158
 223  158
 220  161
 219  161
 215  165
 214  165
 211  168
 210  168
 207  171
 206  171
 204  173
 203  173
 201  175
 200  175
 197  178
 196  178
 194  180
 193  180
 189  184
 188  184
 183  189
 182  189
 176  195
 175  195
 167  203
 166  203
 139  230
 139  231
 132  238
 132  239
 128  243
 128  244
 124  248
 124  249
 121  252
 121  253
 118  256
 118  257
 115  260
 115  261
 114  262
 114  263
 112  265
 112  266
 111  267
 111  268
 110  269
 110  270
 108  272
 108  273
 107  274
 107  275
 106  276
 106  277
 105  278
 105  281
 104  282
 104  283
 101  286
 101  306
 102  307
 107  307
 108  308
 108  324
 107  325
 103  325
 102  326
 102  331
 103  332
 103  333
 104  334
 104  335
 105  336
 105  338
 107  340
 107  341
 108  342
 108  343
 109  344
 109  345
 111  347
 111  348
 112  349
 112  350
 114  352
 114  353
 115  354
 115  355
 117  357
 117  358
 118  359
 118  360
 121  363
 121  364
 122  365
 122  366
 123  367
 123  368
 124  369
 124  372
 125  373
 125  377
 126  378
 126  379
 127  380
 127  382
 128  383
 128  387
 129  388
 129  389
 130  390
 130  391
 131  392
 131  395
 132  396
 132  399
 133  400
 133  401
 134  402
 134  405
 135  406
 135  408
 136  409
 136  411
 137  412
 137  413
 138  414
 138  417
 139  418
 139  419
 140  420
 140  421
 141  422
 141  425
 142  426
 142  428
 143  429
 143  430
 144  431
 144  433
 145  434
 145  437
 146  438
 146  440
 147  441
 147  442
 148  443
 148  448
 149  449
 149  450
 150  451
 150  452
 151  453
 151  456
 152  457
 152  459
 153  460
 153  461
 154  462
 154  463
 155  464
 155  466
 156  467
 156  468
 157  469
 157  470
 158  471
 158  476
 159  477
 159  479
 160  480
 160  483
 161  484
 161  487
 162  488
 162  490
 163  491
 163  492
 164  493
 164  495
 165  496
 165  497
 166  498
 167  498
 168  499
 169  499
 171  501
 172  501
 173  502
 174  502
 175  503
 176  503
 177  504
 178  504
 180  506
 181  506
 185  510
 185  526
 184  527
 184  529
 183  530
 183  534
 184  535
 184  536
 185  537
 185  538
 187  540
 187  541
 188  542
 189  542
 191  544
 195  544
 200  539
 201  539
 202  538
 222  538
 225  541
 225  542
 227  544
 227  541
 228  540
 228  538
 232  534
 233  534
 234  533
 257  533
 258  534
 259  534
 260  535
 262  535
 264  537
 265  537
 266  538
 267  538
 269  540
 270  540
 272  542
 273  542
 279  548
 280  548
 286  554
 286  555
 287  555
 288  556
 288  557
 291  560
 291  561
 292  562
 292  563
 295  566
 295  568
 296  569
 296  570
 298  572
 298  573
 299  574
 299  576
 300  577
 300  578
 302  580
 302  581
 304  583
 304  582
 305  581
 305  579
 304  578
 304  576
 303  575
 303  574
 301  572
 301  570
 300  569
 300  568
 297  565
 297  564
 295  562
 295  561
 293  559
 293  558
 291  556
 291  555
 287  551
 287  550
 271  534
 271  533
 267  529
 267  528
 264  525
 264  524
 262  522
 262  521
 261  520
 261  519
 260  518
 260  517
 259  516
 259  515
 258  514
 258  494
 259  493
 259  492
 261  490
 261  489
 263  487
 263  486
 265  484
 266  484
 268  482
 269  482
 270  481
 271  481
 273  479
 274  479
 274  478
 275  477
 275  475
 274  474
 274  472
 272  470
 272  453
 273  452
 273  451
 274  450
 274  447
 275  446
 275  445
 276  444
 276  443
 277  442
 277  441
 281  437
 282  437
 287  432
 287  430
 284  427
 284  426
 282  424
 282  423
 281  422
 281  406
 282  405
 282  403
 283  402
 283  401
 284  400
 284  399
 287  396
 287  395
 288  394
 288  393
 287  392
 287  391
 285  389
 285  388
 280  383
 280  382
 279  381
 279  379
 278  378
 278  367
 277  366
 277  365
 276  364
 276  363
 274  361
 274  360
 273  359
 273  358
 272  357
 272  356
 271  355
 271  354
 270  353
 270  352
 268  350
 268  349
 267  348
 267  347
 264  344
 264  343
 259  338
 258  338
 256  336
 254  336
 253  335
 252  335
 251  334
 250  334
 249  333
 247  333
 245  331
 245  330
 243  328
 243  314
 244  313
 269  313
 270  312
 280  312
 281  311
 287  311
 288  310
 292  310
 293  309
 294  309
 296  307
 297  307
 304  300
 304  299
 307  296
 307  294
 309  292
 309  291
 310  290
 310  289
 311  288
 311  287
 312  286
 312  285
 313  284
 313  283
 314  282
 314  279
 315  278
 315  275
 316  274
 316  273
 317  272
 317  270
 318  269
 318  267
 320  265
 320  264
 321  263
 321  260
 322  259
 322  258
 323  257
 323  255
 324  254
 324  250
 325  249
 325  246
 326  245
 326  244
 327  243
 327  240
 328  239
 328  237
 330  235
 330  233
 331  232
 331  230
 332  229
 332  228
 333  227
 333  226
 334  225
 334  223
 335  222
 335  218
 336  217
 336  215
 337  214
 337  213
 338  212
 338  211
 339  210
 339  209
 340  208
 340  207
 341  206
 341  203
 342  202
 342  201
 343  200
 343  199
 344  198
 344  196
 345  195
 345  193
 347  191
 347  189
 348  188
 348  186
 349  185
 349  184
 350  183
 350  182
 351  181
 351  179
 352  178
 352  177
 354  175
 354  172
 355  171
 355  169
 356  168
 356  167
 357  166
 357  164
 358  163
 358  161
 359  160
 359  159
 360  158
 360  157
 361  156
 361  154
 362  153
 362  151
 363  150
 363  149
 364  148
 364  145
 365  144
 365  143
 366  142
 366  141
 367  140
 367  139
 368  138
 368  137
 369  136
 369  135
 371  133
 371  132
 372  131
 372  130
 373  129
 373  128
 374  127
 374  126
 375  125
 375  124
 377  122
 377  121
 378  120
 378  119
 379  118
 378  117
 378  115
 376  113
 375  113
 374  112
 373  112
 372  111
 371  111
 370  110
 369  110
 368  109
 366  109
 365  108
 363  108
 362  107
 360  107
 359  106
 355  106
 354  105
 350  105
 349  104
