 340   62
 339   63
 335   63
 334   64
 328   64
 327   65
 324   65
 323   66
 319   66
 318   67
 315   67
 314   68
 312   68
 311   69
 308   69
 307   70
 305   70
 304   71
 301   71
 300   72
 299   72
 298   73
 295   73
 294   74
 293   74
 292   75
 289   75
 288   76
 287   76
 286   77
 284   77
 283   78
 281   78
 280   79
 278   79
 277   80
 275   80
 274   81
 273   81
 272   82
 270   82
 269   83
 268   83
 267   84
 265   84
 264   85
 263   85
 262   86
 260   86
 259   87
 258   87
 257   88
 256   88
 255   89
 253   89
 252   90
 251   90
 250   91
 249   91
 248   92
 247   92
 246   93
 244   93
 243   94
 242   94
 241   95
 240   95
 239   96
 238   96
 237   97
 236   97
 235   98
 233   98
 232   99
 231   99
 230  100
 229  100
 228  101
 227  101
 226  102
 225  102
 224  103
 223  103
 222  104
 221  104
 220  105
 219  105
 218  106
 217  106
 216  107
 215  107
 214  108
 213  108
 212  109
 211  109
 210  110
 209  110
 208  111
 207  111
 205  113
 204  113
 203  114
 202  114
 201  115
 200  115
 198  117
 197  117
 196  118
 195  118
 193  120
 192  120
 191  121
 190  121
 188  123
 187  123
 186  124
 185  124
 183  126
 182  126
 180  128
 179  128
 178  129
 177  129
 175  131
 174  131
 172  133
 171  133
 169  135
 168  135
 166  137
 165  137
 162  140
 161  140
 158  143
 157  143
 154  146
 153  146
 149  150
 148  150
 145  153
 144  153
 140  157
 139  157
 131  165
 130  165
 121  174
 120  174
 110  184
 110  185
 101  194
 101  195
  97  199
  97  200
  93  204
  93  205
  90  208
  90  209
  87  212
  87  213
  84  216
  84  217
  82  219
  82  220
  79  223
  79  225
  77  227
  77  228
  76  229
  76  230
  73  233
  73  235
  72  236
  72  237
  70  239
  70  240
  69  241
  69  243
  67  245
  67  246
  66  247
  66  262
  67  263
  79  263
  80  264
 111  264
 112  265
 126  265
 127  266
 127  280
 126  281
 107  281
 106  280
  79  280
  78  281
  75  281
  74  282
  71  282
  68  285
  68  286
  67  287
  67  289
  66  290
  66  296
  65  297
  65  308
  64  309
  64  316
  63  317
  59  317
  58  318
  58  331
  59  332
  59  334
  60  335
  60  336
  61  337
  61  338
  62  339
  62  344
  63  345
  63  348
  64  349
  64  350
  65  351
  65  353
  66  354
  66  355
  67  356
  67  357
  69  359
  69  361
  70  362
  70  364
  71  365
  71  366
  72  367
  72  368
  73  369
  73  371
  74  372
  74  373
  75  374
  75  375
  76  376
  76  379
  78  381
  78  382
  79  383
  79  386
  80  387
  80  388
  81  389
  81  390
  82  391
  82  394
  83  395
  83  398
  84  399
  84  401
  85  402
  85  406
  86  407
  86  412
  87  413
  87  415
  88  416
  88  418
  89  419
  89  430
  90  431
  90  435
  91  436
  91  439
  92  440
  92  458
  93  459
  93  469
  94  470
  94  473
  95  474
  95  482
  96  483
  96  489
  97  490
  97  493
  98  494
  98  495
  99  496
  99  499
 100  500
 100  501
 101  502
 101  503
 103  505
 103  506
 107  510
 108  510
 109  511
 112  511
 113  512
 118  512
 119  513
 121  513
 124  516
 124  517
 127  520
 127  521
 128  522
 128  523
 129  524
 129  531
 130  532
 130  534
 131  535
 131  537
 132  538
 132  540
 133  541
 133  544
 134  545
 134  546
 135  547
 135  548
 136  549
 136  552
 137  553
 137  554
 138  555
 138  556
 139  557
 139  559
 142  562
 142  563
 149  570
 150  570
 151  571
 152  571
 153  572
 154  572
 155  573
 179  573
 180  574
 181  574
 183  576
 184  576
 191  583
 192  583
 194  585
 195  585
 196  586
 199  586
 200  585
 201  585
 204  582
 205  582
 206  581
 223  581
 224  582
 225  582
 233  590
 233  591
 237  595
 237  596
 240  599
 240  600
 242  602
 242  603
 243  604
 243  605
 244  606
 244  607
 246  609
 246  610
 247  611
 247  613
 250  616
 250  617
 257  624
 258  624
 259  625
 260  625
 261  626
 264  626
 265  625
 266  625
 267  624
 268  624
 272  620
 272  619
 273  618
 273  617
 274  616
 274  614
 275  613
 274  612
 274  611
 273  610
 273  609
 272  608
 272  606
 270  604
 270  603
 269  602
 269  601
 265  597
 265  596
 256  587
 256  586
 252  582
 252  581
 248  577
 248  576
 245  573
 245  572
 243  570
 243  569
 242  568
 242  567
 241  566
 241  565
 240  564
 240  563
 239  562
 239  542
 242  539
 242  538
 243  537
 244  537
 246  535
 247  535
 248  534
 249  534
 255  528
 255  527
 256  526
 256  524
 257  523
 256  522
 256  517
 255  516
 255  513
 254  512
 254  511
 253  510
 253  509
 252  508
 252  505
 251  504
 251  503
 250  502
 250  500
 249  499
 249  479
 250  478
 250  477
 254  473
 256  473
 257  472
 258  472
 259  471
 260  471
 263  468
 263  467
 265  465
 265  463
 264  462
 264  461
 263  460
 263  459
 262  458
 262  456
 259  453
 259  452
 257  450
 257  449
 256  448
 256  431
 257  430
 259  430
 260  429
 262  429
 263  428
 264  428
 265  427
 265  426
 266  425
 266  421
 265  420
 265  419
 263  417
 263  416
 262  415
 262  414
 258  410
 258  409
 255  406
 255  405
 251  401
 251  400
 250  399
 250  398
 249  397
 249  394
 248  393
 248  373
 247  372
 247  371
 246  370
 246  369
 245  368
 245  367
 242  364
 242  363
 239  360
 239  359
 236  356
 236  355
 232  351
 232  350
 225  343
 225  342
 218  335
 218  334
 217  333
 216  333
 215  332
 215  331
 207  323
 206  323
 203  320
 202  320
 201  319
 201  318
 200  317
 200  303
 201  302
 222  302
 223  303
 238  303
 239  302
 251  302
 252  301
 261  301
 263  299
 264  299
 267  296
 267  295
 269  293
 270  293
 271  292
 272  292
 273  291
 273  290
 275  288
 275  287
 276  286
 276  285
 279  282
 279  281
 280  280
 280  277
 283  274
 284  274
 292  266
 292  264
 293  263
 294  263
 296  261
 296  260
 299  257
 299  256
 300  255
 300  254
 302  252
 302  250
 303  249
 303  247
 304  246
 304  245
 306  243
 306  242
 313  235
 313  234
 319  228
 319  227
 322  224
 322  223
 323  222
 323  220
 325  218
 325  217
 326  216
 326  214
 329  211
 329  210
 336  203
 336  202
 341  197
 341  196
 343  194
 343  193
 344  192
 344  191
 345  190
 345  189
 346  188
 346  186
 347  185
 347  184
 348  183
 348  182
 350  180
 350  179
 359  170
 359  169
 365  163
 365  162
 366  161
 366  160
 369  157
 369  156
 371  154
 372  154
 375  151
 376  151
 380  147
 381  147
 387  141
 387  140
 409  118
 409  117
 412  114
 412  113
 414  111
 414  110
 416  108
 416  107
 418  105
 418  104
 419  103
 419  101
 420  100
 420   97
 421   96
 421   94
 422   93
 422   90
 423   89
 423   87
 422   86
 422   83
 420   81
 420   80
 419   79
 419   78
 418   78
 415   75
 414   75
 412   73
 411   73
 410   72
 409   72
 408   71
 407   71
 406   70
 404   70
 403   69
 401   69
 400   68
 397   68
 396   67
 394   67
 393   66
 389   66
 388   65
 385   65
 384   64
 379   64
 378   63
 374   63
 373   62
